3420329	10319904	-1	1256448	974	0	0	974
3429331	-1	-1	0	0	0	0	0
3438328	8185136	-1	1220608	1193	0	0	1193
3447331	-1	-1	0	0	0	0	0
3456329	9000424	-1	1368064	1216	0	0	1216
3465328	-1	-1	0	0	0	0	0
3474345	12364512	-1	1241088	803	0	0	803
3483330	-1	-1	0	0	0	0	0
3492330	7610448	-1	1085440	1141	0	0	1141
3501330	-1	-1	0	0	0	0	0
3510334	7390912	-1	1086464	1176	0	0	1176
3519330	-1	-1	0	0	0	0	0
3528333	8640632	-1	986112	913	0	0	913
3537331	-1	-1	0	0	0	0	0
3546329	8736272	-1	1282048	1174	0	0	1174
3555329	-1	-1	0	0	0	0	0
3564333	5852688	-1	1362944	1863	0	0	1863
3573330	-1	-1	0	0	0	0	0
3582328	7534096	-1	1090560	1158	0	0	1158
3591332	-1	-1	0	0	0	0	0
3600329	7331728	-1	1352704	1476	0	0	1476
3609334	-1	-1	0	0	0	0	0
3618328	11518176	-1	1815552	1261	0	0	1261
3627332	-1	-1	0	0	0	0	0
3636329	8043680	-1	1666048	1657	0	0	1657
3645328	-1	-1	0	0	0	0	0
3654329	5787008	-1	1455432	2012	0	0	2012
3663334	-1	-1	0	0	0	0	0
3672328	12367440	-1	1992704	1289	0	0	1289
3681328	-1	-1	0	0	0	0	0
3690329	15704704	-1	1988608	1013	0	0	1013
3699342	-1	-1	0	0	0	0	0
3708333	13102032	-1	2076672	1268	0	0	1268
3717334	-1	-1	0	0	0	0	0
3726329	15921552	-1	1974272	992	0	0	992
3735328	-1	-1	0	0	0	0	0
3744333	18657592	-1	2159616	926	0	0	926
3753331	-1	-1	0	0	0	0	0
3762329	15487448	-1	1804288	932	0	0	932
3771332	-1	-1	0	0	0	0	0
3780335	12749352	-1	1627136	1021	0	0	1021
3789337	-1	-1	0	0	0	0	0
3798331	12584096	-1	1305600	830	0	0	830
3807329	-1	-1	0	0	0	0	0
3816331	14948176	-1	1375232	736	0	0	736
3825328	-1	-1	0	0	0	0	0
3834329	17557224	-1	1746944	796	0	0	796
3843333	-1	-1	0	0	0	0	0
3852329	11191304	-1	1379328	986	0	0	986
3861331	-1	-1	0	0	0	0	0
3870330	10618544	-1	1120256	844	0	0	844
3879330	-1	-1	0	0	0	0	0
3888330	14838336	-1	1179648	636	0	0	636
3897329	-1	-1	0	0	0	0	0
3906332	11881984	-1	1018880	686	0	0	686
3915328	-1	-1	0	0	0	0	0
3924329	9411352	-1	1122304	954	0	0	954
3933330	-1	-1	0	0	0	0	0
3942328	11182880	-1	1217536	871	0	0	871
3951329	-1	-1	0	0	0	0	0
3960330	10791216	-1	1232896	914	0	0	914
3969330	-1	-1	0	0	0	0	0
3978330	14501768	-1	1388544	766	0	0	766
3987329	-1	-1	0	0	0	0	0
3996329	10216208	-1	1209344	947	0	0	947
4005329	-1	-1	0	0	0	0	0
4014330	13138800	-1	1106944	674	0	0	674
4023329	-1	-1	0	0	0	0	0
4032329	6207824	-1	987044	1272	0	0	1272
4041330	-1	-1	0	0	0	0	0
4050330	12312064	-1	1309696	851	0	0	851
4059330	-1	-1	0	0	0	0	0
4068332	11479192	-1	1584128	1104	0	0	1104
4077330	-1	-1	0	0	0	0	0
4086329	13314920	-1	1168384	702	0	0	702
4095330	-1	-1	0	0	0	0	0
4104334	8435328	-1	1277952	1212	0	0	1212
4113330	-1	-1	0	0	0	0	0
4122330	13352552	-1	1348608	808	0	0	808
4131330	-1	-1	0	0	0	0	0
4140330	9833456	-1	1318912	1073	0	0	1073
4149329	-1	-1	0	0	0	0	0
4158330	12975880	-1	1274880	786	0	0	786
4167330	-1	-1	0	0	0	0	0
4176329	13906312	-1	1275904	734	0	0	734
4185329	-1	-1	0	0	0	0	0
4194328	12797104	-1	1132544	708	0	0	708
4203329	-1	-1	0	0	0	0	0
4212328	9280560	-1	1196032	1031	0	0	1031
4221328	-1	-1	0	0	0	0	0
4230329	12644176	-1	1163264	736	0	0	736
4239329	-1	-1	0	0	0	0	0
4248330	12578616	-1	1174528	747	0	0	747
4257330	-1	-1	0	0	0	0	0
4266330	11932952	-1	1411072	946	0	0	946
4275328	-1	-1	0	0	0	0	0
4284328	12350464	-1	2125824	1377	0	0	1377
4293329	-1	-1	0	0	0	0	0
4302328	14701616	-1	1369088	745	0	0	745
4311329	-1	-1	0	0	0	0	0
4320331	16530808	-1	1729536	837	0	0	837
4329329	-1	-1	0	0	0	0	0
4338328	15851920	-1	1616896	816	0	0	816
4347329	-1	-1	0	0	0	0	0
4356331	11062304	-1	1460224	1056	0	0	1056
4365328	-1	-1	0	0	0	0	0
4374329	12791608	-1	1170432	732	0	0	732
4383333	-1	-1	0	0	0	0	0
4392336	10954352	-1	1295352	946	0	0	946
4401344	-1	-1	0	0	0	0	0
4410329	10312624	-1	1454080	1128	0	0	1128
4419334	-1	-1	0	0	0	0	0
4428336	10626656	-1	1470464	1107	0	0	1107
4437334	-1	-1	0	0	0	0	0
4446329	12949256	-1	1393664	861	0	0	861
4455330	-1	-1	0	0	0	0	0
4464331	16139936	-1	1557504	772	0	0	772
4473337	-1	-1	0	0	0	0	0
4482328	15246224	-1	1440768	756	0	0	756
4491332	-1	-1	0	0	0	0	0
4500329	9506008	-1	1422336	1197	0	0	1197
4509332	-1	-1	0	0	0	0	0
4518328	14223120	-1	1354752	762	0	0	762
4527329	-1	-1	0	0	0	0	0
4536329	12117560	-1	1128448	745	0	0	745
4545340	-1	-1	0	0	0	0	0
4554328	14397720	-1	1313792	730	0	0	730
4563329	-1	-1	0	0	0	0	0
4572329	9017720	-1	1274880	1131	0	0	1131
4581329	-1	-1	0	0	0	0	0
4590330	13503552	-1	1200128	711	0	0	711
4599329	-1	-1	0	0	0	0	0
4608328	12343656	-1	1135616	736	0	0	736
4617329	-1	-1	0	0	0	0	0
4626330	15779152	-1	1522688	772	0	0	772
4635328	-1	-1	0	0	0	0	0
4644329	11144408	-1	1526784	1096	0	0	1096
4653330	-1	-1	0	0	0	0	0
4662330	15340304	-1	1595392	832	0	0	832
4671329	-1	-1	0	0	0	0	0
4680329	13934264	-1	1269760	729	0	0	729
4689330	-1	-1	0	0	0	0	0
4698329	12293976	-1	1052672	685	0	0	685
4707329	-1	-1	0	0	0	0	0
4716329	8864088	-1	1215488	1097	0	0	1097
4725328	-1	-1	0	0	0	0	0
4734336	13486152	-1	1239040	735	0	0	735
4743330	-1	-1	0	0	0	0	0
4752329	10919792	-1	1295360	949	0	0	949
4761330	-1	-1	0	0	0	0	0
4770332	10062936	-1	1288056	1024	0	0	1024
4779333	-1	-1	0	0	0	0	0
4788330	11907592	-1	1378304	926	0	0	926
4797331	-1	-1	0	0	0	0	0
4806332	13894776	-1	1394688	803	0	0	803
4815330	-1	-1	0	0	0	0	0
4824330	14943832	-1	1806336	967	0	0	967
4833329	-1	-1	0	0	0	0	0
4842328	12015616	-1	1197056	797	0	0	797
4851332	-1	-1	0	0	0	0	0
4860328	11287512	-1	1351680	958	0	0	958
4869329	-1	-1	0	0	0	0	0
4878328	12065736	-1	1167360	774	0	0	774
4887329	-1	-1	0	0	0	0	0
4896329	10252144	-1	1080320	843	0	0	843
4905328	-1	-1	0	0	0	0	0
4914329	12385800	-1	1620992	1047	0	0	1047
4923329	-1	-1	0	0	0	0	0
4932337	11552048	-1	1960960	1358	0	0	1358
4941328	-1	-1	0	0	0	0	0
4950333	12968608	-1	1609728	993	0	0	993
4959331	-1	-1	0	0	0	0	0
4968332	11702856	-1	1351680	924	0	0	924
4977331	-1	-1	0	0	0	0	0
4986330	12513624	-1	1476608	944	0	0	944
4995330	-1	-1	0	0	0	0	0
5004335	8623880	-1	1288192	1195	0	0	1195
5013330	-1	-1	0	0	0	0	0
5022329	12853864	-1	1267712	789	0	0	789
5031332	-1	-1	0	0	0	0	0
5040329	7135552	-1	1604608	1799	0	0	1799
5049332	-1	-1	0	0	0	0	0
5058328	11851832	-1	1210368	817	0	0	817
5067330	-1	-1	0	0	0	0	0
5076331	4631728	-1	1261568	2179	0	0	2179
5085334	-1	-1	0	0	0	0	0
5094330	11174840	-1	1588224	1137	0	0	1137
5103329	-1	-1	0	0	0	0	0
5112330	8487208	-1	1530880	1443	0	0	1443
5121328	-1	-1	0	0	0	0	0
5130331	11573232	-1	1384448	957	0	0	957
5139328	-1	-1	0	0	0	0	0
5148328	9656488	-1	1512448	1253	0	0	1253
5157329	-1	-1	0	0	0	0	0
5166330	14993736	-1	1744896	931	0	0	931
5175334	-1	-1	0	0	0	0	0
5184332	12586384	-1	1662976	1057	0	0	1057
5193330	-1	-1	0	0	0	0	0
5202328	14580608	-1	1556480	854	0	0	854
5211329	-1	-1	0	0	0	0	0
5220333	13532032	-1	1637376	968	0	0	968
5229332	-1	-1	0	0	0	0	0
5238333	10137168	-1	1211392	956	0	0	-1
5247330	-1	-1	0	0	0	0	-1
5256331	10281320	-1	1592320	1239	0	0	-1
5265331	-1	-1	0	0	0	0	-1
5274331	14239712	-1	1400832	787	0	0	-1
5283330	-1	-1	0	0	0	0	-1
5292331	11944152	-1	2027520	1358	0	0	-1
5301330	-1	-1	0	0	0	0	-1
5310330	-1	-1	0	0	0	0	-1
5330834	16807032	-1	3010560	1433	0	0	4931
5339836	-1	-1	0	0	0	0	0
5348842	-1	-1	0	0	0	0	0
5357841	-1	-1	0	0	0	0	0
5366844	-1	-1	0	0	0	0	0
5375838	-1	-1	0	0	0	0	0
5384830	-1	-1	0	0	0	0	0
5393837	9214608	-1	1697792	1474	0	0	1529
5402834	-1	-1	0	0	0	0	0
5411832	12316184	-1	1342464	872	0	0	872
5420834	-1	-1	0	0	0	0	0
5429831	12591024	-1	1233920	784	0	0	784
5438842	-1	-1	0	0	0	0	0
5447832	13062128	-1	1364992	836	0	0	836
5456833	-1	-1	0	0	0	0	0
5465838	11679816	-1	1779712	1219	0	0	1219
5474830	-1	-1	0	0	0	0	0
5483832	15904288	-1	1324032	666	0	0	666
5492833	-1	-1	0	0	0	0	0
5501832	14446432	-1	1473536	816	0	0	816
5510834	-1	-1	0	0	0	0	0
5519831	14979400	-1	1692672	904	0	0	904
5528833	-1	-1	0	0	0	0	0
5537833	13632256	-1	1704032	1000	0	0	1000
5546831	-1	-1	0	0	0	0	0
5555833	8522816	-1	1556480	1461	0	0	1461
5564831	-1	-1	0	0	0	0	0
5573831	11832144	-1	1807360	1222	0	0	1222
5582831	-1	-1	0	0	0	0	0
5591831	14213016	-1	1360896	766	0	0	766
5600830	-1	-1	0	0	0	0	0
5609832	8318896	-1	1208320	1162	0	0	1162
5618833	-1	-1	0	0	0	0	0
5627830	9631288	-1	1733632	1440	0	0	1440
5636831	-1	-1	0	0	0	0	0
5645831	13752872	-1	1744896	1015	0	0	1015
5654830	-1	-1	0	0	0	0	0
5663833	11507648	-1	1698816	1181	0	0	1181
5672831	-1	-1	0	0	0	0	0
5681831	15288720	-1	1729536	905	0	0	905
5690831	-1	-1	0	0	0	0	0
5699841	12933232	-1	1857536	1149	0	0	1149
5708832	-1	-1	0	0	0	0	0
5717831	14165136	-1	1549312	875	0	0	875
5726842	-1	-1	0	0	0	0	0
5735836	15584560	-1	1776640	912	0	0	912
5744830	-1	-1	0	0	0	0	0
5753837	11858224	-1	1384448	934	0	0	934
5762831	-1	-1	0	0	0	0	0
5771831	8339792	-1	1213440	1164	0	0	1164
5780834	-1	-1	0	0	0	0	0
5789831	9523784	-1	1259520	1058	0	0	1058
5798833	-1	-1	0	0	0	0	0
5807836	14816320	-1	1287168	695	0	0	695
5816833	-1	-1	0	0	0	0	0
5825834	13030432	-1	1320960	811	0	0	811
5834833	-1	-1	0	0	0	0	0
5843831	10123056	-1	1728512	1366	0	0	1366
5852832	-1	-1	0	0	0	0	0
5861836	10819312	-1	1357824	1004	0	0	1004
5870833	-1	-1	0	0	0	0	0
5879831	12249360	-1	1298432	848	0	0	848
5888833	-1	-1	0	0	0	0	0
5897832	14743840	-1	1712128	929	0	0	929
5906832	-1	-1	0	0	0	0	0
5915831	7305368	-1	1447376	1585	0	0	1585
5924830	-1	-1	0	0	0	0	0
5933831	12874016	-1	2148352	1335	0	0	1335
5942832	-1	-1	0	0	0	0	0
5951830	15928552	-1	2685952	1349	0	0	1349
5960832	-1	-1	0	0	0	0	0
5969832	11003080	-1	1074176	781	0	0	781
5978832	-1	-1	0	0	0	0	0
5987832	8260080	-1	1118208	1083	0	0	1083
5996832	-1	-1	0	0	0	0	0
6005832	13782936	-1	1052672	611	0	0	621
6014831	-1	-1	0	0	0	0	0
6023830	14662880	-1	1125376	614	0	0	614
6032831	-1	-1	0	0	0	0	0
6041830	14926104	-1	1100800	590	0	0	590
6050832	-1	-1	0	0	0	0	0
6059832	11889920	-1	1162240	782	0	0	782
6068832	-1	-1	0	0	0	0	0
6077832	9342168	-1	1630208	1396	0	0	1396
6086831	-1	-1	0	0	0	0	0
6095833	11529480	-1	1361920	945	0	0	945
6104830	-1	-1	0	0	0	0	0
6113831	12054296	-1	1505280	999	0	0	999
6122831	-1	-1	0	0	0	0	0
6131831	11343840	-1	1673216	1180	0	0	1180
6140831	-1	-1	0	0	0	0	0
6149831	13017424	-1	1187840	730	0	0	730
6158836	-1	-1	0	0	0	0	0
6167840	11232120	-1	1127424	803	0	0	803
6176846	-1	-1	0	0	0	0	0
6185833	10736488	-1	1062912	792	0	0	792
6194833	-1	-1	0	0	0	0	0
6203831	9811352	-1	1160192	946	0	0	946
6212833	-1	-1	0	0	0	0	0
6221830	10311544	-1	1180672	916	0	0	916
6230833	-1	-1	0	0	0	0	0
6239832	8761000	-1	1150976	1051	0	0	1051
6248832	-1	-1	0	0	0	0	0
6257830	10673696	-1	1360896	1020	0	0	1020
6266830	-1	-1	0	0	0	0	0
6275831	9782880	-1	1402620	1147	0	0	1147
6284830	-1	-1	0	0	0	0	0
6293832	8809520	-1	1373184	1247	0	0	1247
6302831	-1	-1	0	0	0	0	0
6311830	12142824	-1	1199104	790	0	0	790
6320831	-1	-1	0	0	0	0	0
6329831	14662584	-1	1229824	671	0	0	671
6338831	-1	-1	0	0	0	0	0
6347830	14980352	-1	1267712	677	0	0	677
6356832	-1	-1	0	0	0	0	0
6365832	10154664	-1	1218560	960	0	0	960
6374831	-1	-1	0	0	0	0	0
6383832	12565096	-1	1276928	813	0	0	813
6392832	-1	-1	0	0	0	0	0
6401831	11907440	-1	1217536	818	0	0	818
6410832	-1	-1	0	0	0	0	0
6419833	12483048	-1	1146880	735	0	0	735
6428833	-1	-1	0	0	0	0	0
6437831	9724960	-1	1227776	1010	0	0	1010
6446831	-1	-1	0	0	0	0	0
6455831	13410696	-1	1113088	664	0	0	664
6464832	-1	-1	0	0	0	0	0
6473837	12000664	-1	1090560	727	0	0	727
6482840	-1	-1	0	0	0	0	0
6491834	9442808	-1	1252352	1061	0	0	1061
6500830	-1	-1	0	0	0	0	0
6509834	6445144	-1	1484800	1843	0	0	1843
6518837	-1	-1	0	0	0	0	0
6527832	15436368	-1	1267712	657	0	0	657
6536835	-1	-1	0	0	0	0	0
6545831	14119152	-1	1500160	850	0	0	850
6554834	-1	-1	0	0	0	0	0
6563836	8377264	-1	1481728	1415	0	0	1415
6572831	-1	-1	0	0	0	0	0
6581833	6939976	-1	1254400	1446	0	0	1446
6590830	-1	-1	0	0	0	0	0
6599834	13690328	-1	1389568	812	0	0	812
6608830	-1	-1	0	0	0	0	0
6617830	9190672	-1	1300480	1132	0	0	1132
6626832	-1	-1	0	0	0	0	0
6635833	12458424	-1	1085440	697	0	0	697
6644830	-1	-1	0	0	0	0	0
6653830	6962608	-1	1234992	1419	0	0	1419
6662834	-1	-1	0	0	0	0	0
6671830	13009384	-1	1089536	670	0	0	670
6680830	-1	-1	0	0	0	0	0
6689831	14000416	-1	1142784	653	0	0	653
6698830	-1	-1	0	0	0	0	0
6707830	10424296	-1	1028096	789	0	0	789
6716832	-1	-1	0	0	0	0	0
6725832	9148168	-1	1087488	951	0	0	951
6734831	-1	-1	0	0	0	0	0
6743832	14994024	-1	1557504	831	0	0	831
6752831	-1	-1	0	0	0	0	0
6761831	14070688	-1	1208320	687	0	0	687
6770832	-1	-1	0	0	0	0	0
6779831	14830960	-1	1281024	691	0	0	691
6788831	-1	-1	0	0	0	0	0
6797830	9870896	-1	1198080	971	0	0	971
6806831	-1	-1	0	0	0	0	0
6815831	15240416	-1	1419264	745	0	0	745
6824830	-1	-1	0	0	0	0	0
6833831	14563552	-1	1327104	729	0	0	729
6842831	-1	-1	0	0	0	0	0
6851830	13512200	-1	1503232	890	0	0	890
6860830	-1	-1	0	0	0	0	0
6869831	9998112	-1	1111040	889	0	0	889
6878831	-1	-1	0	0	0	0	0
6887830	13349496	-1	1184768	710	0	0	710
6896831	-1	-1	0	0	0	0	0
6905831	11260168	-1	1127424	801	0	0	801
6914830	-1	-1	0	0	0	0	0
6923831	12649408	-1	1290240	816	0	0	816
6932831	-1	-1	0	0	0	0	0
6941831	8829152	-1	1191936	1080	0	0	1080
6950830	-1	-1	0	0	0	0	0
6959831	12198960	-1	1122304	736	0	0	736
6968831	-1	-1	0	0	0	0	0
6977830	13575312	-1	1366016	805	0	0	805
6986830	-1	-1	0	0	0	0	0
6995831	13084600	-1	1185792	725	0	0	725
7004831	-1	-1	0	0	0	0	0
7013833	7454496	-1	1010084	1084	0	0	1084
7022832	-1	-1	0	0	0	0	0
7031830	6751040	-1	1127424	1336	0	0	1336
7040832	-1	-1	0	0	0	0	0
7049831	7551128	-1	1110016	1176	0	0	1176
7058838	-1	-1	0	0	0	0	0
7067831	8384832	-1	1291264	1232	0	0	1232
7076837	-1	-1	0	0	0	0	0
7085832	5949392	-1	1314816	1768	0	0	1768
7094830	-1	-1	0	0	0	0	0
7103832	8921680	-1	1214464	1089	0	0	1089
7112832	-1	-1	0	0	0	0	0
7121832	6883064	-1	1103872	1283	0	0	1283
7130830	-1	-1	0	0	0	0	0
7139832	7425208	-1	1378304	1485	0	0	1485
7148830	-1	-1	0	0	0	0	0
7157831	7468984	-1	1184768	1269	0	0	1269
7166832	-1	-1	0	0	0	0	0
7175832	8368968	-1	1162240	1111	0	0	1111
7184830	-1	-1	0	0	0	0	0
7193830	8046368	-1	1131520	1125	0	0	1125
7202832	-1	-1	0	0	0	0	0
7211830	6222048	-1	1448960	1863	0	0	1863
7220830	-1	-1	0	0	0	0	0
7229833	6904296	-1	1290240	1495	0	0	1495
7238831	-1	-1	0	0	0	0	0
7247830	7408104	-1	1267712	1369	0	0	1369
7256831	-1	-1	0	0	0	0	0
7265831	7816088	-1	1128448	1155	0	0	1155
7274830	-1	-1	0	0	0	0	0
7283830	8756720	-1	1254400	1146	0	0	1146
7292831	-1	-1	0	0	0	0	0
7301830	6312264	-1	1065984	1351	0	0	1351
7310830	-1	-1	0	0	0	0	0
7319831	7764656	-1	1097728	1131	0	0	1131
7328831	-1	-1	0	0	0	0	0
7337832	9934816	-1	1325056	1067	0	0	1067
7346833	-1	-1	0	0	0	0	0
7355844	6493656	-1	1331200	1640	0	0	1640
7364831	-1	-1	0	0	0	0	0
7373834	5286240	-1	1298432	1965	0	0	1965
7382831	-1	-1	0	0	0	0	0
7391832	6277528	-1	1226472	1563	0	0	1563
7400833	-1	-1	0	0	0	0	0
7409836	15433352	-1	1346560	698	0	0	698
7418833	-1	-1	0	0	0	0	0
7427832	12103496	-1	1343488	888	0	0	888
7436831	-1	-1	0	0	0	0	0
7445833	11108784	-1	1364992	983	0	0	983
7454830	-1	-1	0	0	0	0	0
7463831	13209272	-1	1563648	947	0	0	947
7472831	-1	-1	0	0	0	0	0
7481831	15967456	-1	1413120	708	0	0	708
7490831	-1	-1	0	0	0	0	0
7499833	16644960	-1	1502208	722	0	0	722
7508831	-1	-1	0	0	0	0	0
7517830	12104600	-1	1723392	1139	0	0	1139
7526831	-1	-1	0	0	0	0	0
7535831	11801472	-1	1453056	985	0	0	985
7544831	-1	-1	0	0	0	0	0
7553835	11110096	-1	1173504	845	0	0	845
7562831	-1	-1	0	0	0	0	0
7571830	14583560	-1	1327104	728	0	0	728
7580830	-1	-1	0	0	0	0	0
7589831	13741096	-1	1389568	809	0	0	809
7598831	-1	-1	0	0	0	0	0
7607832	10051680	-1	1311744	1044	0	0	1044
7616831	-1	-1	0	0	0	0	0
7625831	14961944	-1	1260544	674	0	0	674
7634830	-1	-1	0	0	0	0	0
7643832	14900408	-1	1182720	635	0	0	635
7652831	-1	-1	0	0	0	0	0
7661831	9962464	-1	1065984	856	0	0	856
7670831	-1	-1	0	0	0	0	0
7679831	15714112	-1	1993728	1015	0	0	1015
7688831	-1	-1	0	0	0	0	0
7697830	17893056	-1	1359872	608	0	0	608
7706831	-1	-1	0	0	0	0	0
7715831	15344152	-1	1858560	969	0	0	969
7724830	-1	-1	0	0	0	0	0
7733836	13701752	-1	1448960	846	0	0	846
7742831	-1	-1	0	0	0	0	0
7751832	8476288	-1	1160192	1095	0	0	1095
7760831	-1	-1	0	0	0	0	0
7769832	13357240	-1	1247232	747	0	0	747
7778835	-1	-1	0	0	0	0	0
7787830	19887496	-1	2766848	1113	0	0	1113
7796831	-1	-1	0	0	0	0	0
7805831	18594536	-1	2635776	1134	0	0	1134
7814830	-1	-1	0	0	0	0	0
7823835	8866240	-1	1077248	972	0	0	-1
7832831	-1	-1	0	0	0	0	-1
7841830	9665336	-1	1618944	1340	0	0	-1
7850831	-1	-1	0	0	0	0	-1
7859831	15212008	-1	1302528	685	0	0	-1
7868832	-1	-1	0	0	0	0	-1
7877831	7184456	-1	1285120	1431	0	0	-1
7886832	-1	-1	0	0	0	0	-1
7895831	-1	-1	0	0	0	0	-1
7920506	22591552	-1	2821120	999	0	0	5095
7929506	-1	-1	0	0	0	0	0
7938505	-1	-1	0	0	0	0	0
7947505	-1	-1	0	0	0	0	0
7956504	-1	-1	0	0	0	0	0
7965505	-1	-1	0	0	0	0	0
7974505	-1	-1	0	0	0	0	0
7983505	10581072	-1	1723392	1303	0	0	1428
7992505	-1	-1	0	0	0	0	0
8001505	13889848	-1	1323008	762	0	0	762
8010505	-1	-1	0	0	0	0	0
8019504	13931752	-1	1332224	765	0	0	765
8028506	-1	-1	0	0	0	0	0
8037505	14552032	-1	1293312	711	0	0	711
8046505	-1	-1	0	0	0	0	0
8055505	11964848	-1	1516544	1014	0	0	1014
8064506	-1	-1	0	0	0	0	0
8073505	14392976	-1	1228800	683	0	0	683
8082505	-1	-1	0	0	0	0	0
8091505	13212904	-1	1075200	651	0	0	651
8100507	-1	-1	0	0	0	0	0
8109504	18589536	-1	1993728	858	0	0	858
8118506	-1	-1	0	0	0	0	0
8127507	10822080	-1	1309472	968	0	0	968
8136516	-1	-1	0	0	0	0	0
8145505	9728000	-1	1206272	992	0	0	992
8154511	-1	-1	0	0	0	0	0
8163517	14276600	-1	1415168	793	0	0	793
8172505	-1	-1	0	0	0	0	0
8181508	12865528	-1	1482752	922	0	0	922
8190515	-1	-1	0	0	0	0	0
8199505	9747336	-1	1225728	1006	0	0	1006
8208506	-1	-1	0	0	0	0	0
8217511	13277736	-1	1339392	807	0	0	807
8226505	-1	-1	0	0	0	0	0
8235508	12616168	-1	1594368	1011	0	0	1011
8244505	-1	-1	0	0	0	0	0
8253505	16361120	-1	1464320	716	0	0	716
8262509	-1	-1	0	0	0	0	0
8271505	10269224	-1	1169408	911	0	0	911
8280505	-1	-1	0	0	0	0	0
8289505	11816960	-1	1181696	800	0	0	800
8298506	-1	-1	0	0	0	0	0
8307506	16833760	-1	1609728	765	0	0	765
8316505	-1	-1	0	0	0	0	0
8325504	14524824	-1	1280000	705	0	0	705
8334506	-1	-1	0	0	0	0	0
8343506	10254840	-1	1415168	1104	0	0	1104
8352505	-1	-1	0	0	0	0	0
8361505	18761704	-1	1995776	851	0	0	851
8370506	-1	-1	0	0	0	0	0
8379504	10373528	-1	1412096	1089	0	0	1089
8388504	-1	-1	0	0	0	0	0
8397506	6975848	-1	1468416	1684	0	0	1684
8406506	-1	-1	0	0	0	0	0
8415512	11180168	-1	1348608	965	0	0	965
8424505	-1	-1	0	0	0	0	0
8433511	12895544	-1	1347584	836	0	0	836
8442511	-1	-1	0	0	0	0	0
8451506	13700592	-1	1385472	809	0	0	809
8460506	-1	-1	0	0	0	0	0
8469511	12865352	-1	1448960	901	0	0	901
8478510	-1	-1	0	0	0	0	0
8487506	9582008	-1	1192960	996	0	0	996
8496506	-1	-1	0	0	0	0	0
8505505	9097064	-1	1236064	1087	0	0	1087
8514510	-1	-1	0	0	0	0	0
8523514	11519344	-1	1120256	778	0	0	778
8532505	-1	-1	0	0	0	0	0
8541506	14269936	-1	1437696	806	0	0	806
8550507	-1	-1	0	0	0	0	0
8559507	8461056	-1	1223680	1157	0	0	1157
8568507	-1	-1	0	0	0	0	0
8577510	14985056	-1	1217536	650	0	0	650
8586504	-1	-1	0	0	0	0	0
8595507	18015040	-1	1504256	668	0	0	668
8604506	-1	-1	0	0	0	0	0
8613505	14388368	-1	1336320	743	0	0	743
8622505	-1	-1	0	0	0	0	0
8631505	11179784	-1	1172480	839	0	0	839
8640505	-1	-1	0	0	0	0	0
8649505	17443928	-1	1988608	912	0	0	912
8658504	-1	-1	0	0	0	0	0
8667505	16160496	-1	1702912	843	0	0	843
8676504	-1	-1	0	0	0	0	0
8685505	13666704	-1	1395712	817	0	0	817
8694507	-1	-1	0	0	0	0	0
8703506	13953008	-1	1986560	1139	0	0	1139
8712504	-1	-1	0	0	0	0	0
8721507	14955592	-1	1254400	671	0	0	671
8730508	-1	-1	0	0	0	0	0
8739505	11526992	-1	1054720	732	0	0	732
8748505	-1	-1	0	0	0	0	0
8757505	12526448	-1	1210368	773	0	0	773
8766504	-1	-1	0	0	0	0	0
8775505	10122536	-1	1014784	802	0	0	802
8784505	-1	-1	0	0	0	0	0
8793505	15293504	-1	1177600	616	0	0	616
8802504	-1	-1	0	0	0	0	0
8811505	12611216	-1	1098752	697	0	0	697
8820505	-1	-1	0	0	0	0	0
8829504	10441192	-1	1036288	794	0	0	794
8838504	-1	-1	0	0	0	0	0
8847505	9348632	-1	1001472	857	0	0	857
8856504	-1	-1	0	0	0	0	0
8865504	13937272	-1	1142856	656	0	0	656
8874505	-1	-1	0	0	0	0	0
8883505	9319336	-1	1269760	1090	0	0	1090
8892506	-1	-1	0	0	0	0	0
8901505	13385624	-1	1280000	765	0	0	765
8910505	-1	-1	0	0	0	0	0
8919504	10013496	-1	1086464	868	0	0	868
8928505	-1	-1	0	0	0	0	0
8937505	11896096	-1	963584	648	0	0	648
8946505	-1	-1	0	0	0	0	0
8955504	11715808	-1	1058816	723	0	0	723
8964505	-1	-1	0	0	0	0	0
8973505	10851184	-1	1036288	764	0	0	764
8982506	-1	-1	0	0	0	0	0
8991506	10291752	-1	1069056	831	0	0	831
9000505	-1	-1	0	0	0	0	0
9009506	13596528	-1	1143808	673	0	0	673
9018506	-1	-1	0	0	0	0	0
9027506	14743624	-1	1527808	829	0	0	829
9036505	-1	-1	0	0	0	0	0
9045504	14126360	-1	1345536	762	0	0	762
9054505	-1	-1	0	0	0	0	0
9063506	11001408	-1	1335296	971	0	0	971
9072504	-1	-1	0	0	0	0	0
9081505	16559544	-1	1448960	700	0	0	700
9090505	-1	-1	0	0	0	0	0
9099505	13682496	-1	1281024	749	0	0	749
9108504	-1	-1	0	0	0	0	0
9117505	16472632	-1	1332224	647	0	0	647
9126504	-1	-1	0	0	0	0	0
9135505	10265280	-1	1455104	1134	0	0	1134
9144504	-1	-1	0	0	0	0	0
9153506	14693424	-1	1441792	785	0	0	785
9162505	-1	-1	0	0	0	0	0
9171505	15029088	-1	1476608	786	0	0	786
9180506	-1	-1	0	0	0	0	0
9189504	14321840	-1	1294336	723	0	0	723
9198505	-1	-1	0	0	0	0	0
9207506	10209368	-1	1280000	1003	0	0	1003
9216504	-1	-1	0	0	0	0	0
9225504	13880576	-1	1271808	733	0	0	733
9234505	-1	-1	0	0	0	0	0
9242506	10064320	-1	1332264	1059	0	0	1059
9252505	-1	-1	0	0	0	0	0
9260505	14604032	-1	1436672	787	0	0	787
9269505	-1	-1	0	0	0	0	0
9278504	10770960	-1	1163264	864	0	0	864
9287506	-1	-1	0	0	0	0	0
9296505	14924568	-1	1434624	769	0	0	769
9305506	-1	-1	0	0	0	0	0
9314506	14546544	-1	1556480	856	0	0	856
9323505	-1	-1	0	0	0	0	0
9332505	14228208	-1	1588224	893	0	0	893
9341504	-1	-1	0	0	0	0	0
9350512	11297104	-1	1266688	897	0	0	897
9359508	-1	-1	0	0	0	0	0
9368504	16334944	-1	1363968	668	0	0	668
9377508	-1	-1	0	0	0	0	0
9386505	15897232	-1	1371136	690	0	0	690
9395504	-1	-1	0	0	0	0	0
9404504	15091576	-1	1554432	824	0	0	824
9413505	-1	-1	0	0	0	0	0
9422505	13767848	-1	1600512	930	0	0	930
9431504	-1	-1	0	0	0	0	0
9440505	13783752	-1	1731584	1005	0	0	1005
9449506	-1	-1	0	0	0	0	0
9458504	15038400	-1	1430528	761	0	0	761
9467504	-1	-1	0	0	0	0	0
9476505	15614416	-1	1579008	809	0	0	809
9485505	-1	-1	0	0	0	0	0
9494505	12288000	-1	1956864	1274	0	0	1274
9503505	-1	-1	0	0	0	0	0
9512505	14770112	-1	1480704	802	0	0	802
9521504	-1	-1	0	0	0	0	0
9530504	16770792	-1	1731584	826	0	0	826
9539505	-1	-1	0	0	0	0	0
9548504	11725480	-1	1440768	983	0	0	983
9557504	-1	-1	0	0	0	0	0
9566505	13483360	-1	1651712	980	0	0	980
9575506	-1	-1	0	0	0	0	0
9584504	15289688	-1	1530880	801	0	0	801
9593504	-1	-1	0	0	0	0	0
9602505	14597784	-1	1443356	791	0	0	791
9611505	-1	-1	0	0	0	0	0
9620505	11183728	-1	1462272	1046	0	0	1046
9629505	-1	-1	0	0	0	0	0
9638508	13105360	-1	1461248	892	0	0	892
9647507	-1	-1	0	0	0	0	0
9656512	16876224	-1	1474560	699	0	0	699
9665515	-1	-1	0	0	0	0	0
9674508	18566864	-1	1515520	653	0	0	653
9683505	-1	-1	0	0	0	0	0
9692504	12853624	-1	1733632	1079	0	0	1079
9701507	-1	-1	0	0	0	0	0
9710509	12002432	-1	1441792	961	0	0	961
9719506	-1	-1	0	0	0	0	0
9728504	14680496	-1	1385472	755	0	0	755
9737505	-1	-1	0	0	0	0	0
9746505	14053184	-1	1475584	840	0	0	840
9755506	-1	-1	0	0	0	0	0
9764504	15982632	-1	1590272	796	0	0	796
9773507	-1	-1	0	0	0	0	0
9782505	14277712	-1	1818624	1019	0	0	1019
9791504	-1	-1	0	0	0	0	0
9800506	18006296	-1	1602560	712	0	0	712
9809506	-1	-1	0	0	0	0	0
9818505	19343224	-1	1646592	681	0	0	681
9827504	-1	-1	0	0	0	0	0
9836505	18738784	-1	1735680	741	0	0	741
9845504	-1	-1	0	0	0	0	0
9854504	13745896	-1	1419264	826	0	0	826
9863505	-1	-1	0	0	0	0	0
9872505	14348656	-1	1451008	809	0	0	809
9881504	-1	-1	0	0	0	0	0
9890505	17539768	-1	1414144	645	0	0	645
9899504	-1	-1	0	0	0	0	0
9908507	15050200	-1	1629184	866	0	0	866
9917507	-1	-1	0	0	0	0	0
9926505	13830648	-1	1730560	1001	0	0	1001
9935505	-1	-1	0	0	0	0	0
9944507	18458320	-1	1795072	778	0	0	778
9953505	-1	-1	0	0	0	0	0
9962506	16551640	-1	1516544	733	0	0	733
9971505	-1	-1	0	0	0	0	0
9980506	8608144	-1	1447244	1345	0	0	1345
9989505	-1	-1	0	0	0	0	0
9998504	11634624	-1	1321984	909	0	0	909
10007504	-1	-1	0	0	0	0	0
10016505	14998936	-1	1297408	692	0	0	692
10025505	-1	-1	0	0	0	0	0
10034505	13388904	-1	1693696	1012	0	0	1012
10043505	-1	-1	0	0	0	0	0
10052508	8881232	-1	2309120	2080	0	0	2080
10061504	-1	-1	0	0	0	0	0
10070504	21328184	-1	2562048	961	0	0	961
10079506	-1	-1	0	0	0	0	0
10088504	18172144	-1	2112512	930	0	0	930
10097508	-1	-1	0	0	0	0	0
10106507	15712400	-1	2180096	1110	0	0	1110
10115506	-1	-1	0	0	0	0	0
10124506	13159168	-1	2644992	1608	0	0	1608
10133506	-1	-1	0	0	0	0	0
10142505	15534320	-1	1722368	887	0	0	887
10151505	-1	-1	0	0	0	0	0
10160505	13048816	-1	1510400	926	0	0	926
10169506	-1	-1	0	0	0	0	0
10178504	11199192	-1	1327104	948	0	0	948
10187506	-1	-1	0	0	0	0	0
10196505	10274072	-1	1389568	1082	0	0	1082
10205504	-1	-1	0	0	0	0	0
10214506	11832888	-1	1424384	963	0	0	963
10223506	-1	-1	0	0	0	0	0
10232506	14768240	-1	1469440	796	0	0	796
10241504	-1	-1	0	0	0	0	0
10250506	11953048	-1	1278976	856	0	0	856
10259504	-1	-1	0	0	0	0	0
10268505	9546952	-1	1255424	1052	0	0	1052
10277505	-1	-1	0	0	0	0	0
10286505	15323168	-1	1331200	695	0	0	695
10295504	-1	-1	0	0	0	0	0
10304504	15789320	-1	1332224	675	0	0	675
10313506	-1	-1	0	0	0	0	0
10322510	9829000	-1	1438720	1171	0	0	1171
10331507	-1	-1	0	0	0	0	0
10340508	9326624	-1	1262592	1083	0	0	1083
10349512	-1	-1	0	0	0	0	0
10358506	8101896	-1	1104896	1091	0	0	-1
10367511	-1	-1	0	0	0	0	-1
10376506	7516640	-1	1755136	1868	0	0	-1
10385507	-1	-1	0	0	0	0	-1
10394506	10750152	-1	1488896	1108	0	0	-1
10403506	-1	-1	0	0	0	0	-1
10412506	10184480	-1	1690624	1328	0	0	-1
10421515	-1	-1	0	0	0	0	-1
10430506	-1	-1	0	0	0	0	-1
10439506	-1	-1	0	0	0	0	-1
10454101	20147272	-1	2697216	1071	0	0	5365
10463100	-1	-1	0	0	0	0	0
10472100	-1	-1	0	0	0	0	0
10481100	-1	-1	0	0	0	0	0
10490100	-1	-1	0	0	0	0	0
10499100	-1	-1	0	0	0	0	0
10508100	-1	-1	0	0	0	0	0
10517101	9896696	-1	2140160	1730	0	0	1730
10526101	-1	-1	0	0	0	0	0
10535100	10722112	-1	1423360	1062	0	0	1062
10544100	-1	-1	0	0	0	0	0
10553101	10991056	-1	1536000	1118	0	0	1118
10562100	-1	-1	0	0	0	0	0
10571101	13184328	-1	1295360	786	0	0	786
10580101	-1	-1	0	0	0	0	0
10589100	10517120	-1	1593344	1212	0	0	1212
10598100	-1	-1	0	0	0	0	0
10607101	16100560	-1	2384896	1185	0	0	1185
10616101	-1	-1	0	0	0	0	0
10625101	14106104	-1	1712128	971	0	0	971
10634100	-1	-1	0	0	0	0	0
10643105	11800808	-1	1339392	908	0	0	908
10652104	-1	-1	0	0	0	0	0
10661105	10475064	-1	992512	758	0	0	758
10670105	-1	-1	0	0	0	0	0
10679100	5209936	-1	1075200	1651	0	0	1651
10688101	-1	-1	0	0	0	0	0
10697105	8660328	-1	1192960	1102	0	0	1102
10706104	-1	-1	0	0	0	0	0
10715103	7971448	-1	1295360	1300	0	0	1300
10724100	-1	-1	0	0	0	0	0
10733101	11205512	-1	1446912	1033	0	0	1033
10742100	-1	-1	0	0	0	0	0
10751101	5267456	-1	1316864	2000	0	0	2000
10760102	-1	-1	0	0	0	0	0
10769100	8547048	-1	1355776	1269	0	0	1269
10778100	-1	-1	0	0	0	0	0
10787100	8626920	-1	1482752	1375	0	0	1375
10796102	-1	-1	0	0	0	0	0
10805100	8197032	-1	1668096	1628	0	0	1628
10814100	-1	-1	0	0	0	0	0
10823101	8179680	-1	1359872	1330	0	0	1330
10832100	-1	-1	0	0	0	0	0
10841101	8774472	-1	1203200	1097	0	0	1097
10850100	-1	-1	0	0	0	0	0
10859100	9701896	-1	1236992	1020	0	0	1020
10868100	-1	-1	0	0	0	0	0
10877102	6603984	-1	1503232	1821	0	0	1821
10886105	-1	-1	0	0	0	0	0
10895100	8100320	-1	1266688	1251	0	0	1251
10904101	-1	-1	0	0	0	0	0
10913101	9163800	-1	1235968	1079	0	0	1079
10922101	-1	-1	0	0	0	0	0
10931100	8367192	-1	1222656	1169	0	0	1169
10940107	-1	-1	0	0	0	0	0
10949101	7919120	-1	1426432	1441	0	0	1441
10958100	-1	-1	0	0	0	0	0
10967100	9513888	-1	1569792	1320	0	0	1320
10976101	-1	-1	0	0	0	0	0
10985101	5210768	-1	1462272	2245	0	0	2245
10994100	-1	-1	0	0	0	0	0
11003101	12769648	-1	1642496	1029	0	0	1029
11012100	-1	-1	0	0	0	0	0
11021100	7445840	-1	1451008	1559	0	0	1559
11030100	-1	-1	0	0	0	0	0
11039101	7233928	-1	1530880	1693	0	0	1693
11048101	-1	-1	0	0	0	0	0
11057100	11167152	-1	1106944	793	0	0	793
11066100	-1	-1	0	0	0	0	0
11075100	10448976	-1	1024000	784	0	0	784
11084100	-1	-1	0	0	0	0	0
11093102	11315200	-1	1131520	800	0	0	800
11102100	-1	-1	0	0	0	0	0
11111100	8973320	-1	1164288	1038	0	0	1038
11120101	-1	-1	0	0	0	0	0
11129100	9851136	-1	972800	790	0	0	790
11138102	-1	-1	0	0	0	0	0
11147100	10182488	-1	1042432	819	0	0	819
11156101	-1	-1	0	0	0	0	0
11165100	10404664	-1	1035264	796	0	0	796
11174102	-1	-1	0	0	0	0	0
11183101	11510280	-1	1250304	869	0	0	869
11192101	-1	-1	0	0	0	0	0
11201100	15074272	-1	1249280	663	0	0	663
11210100	-1	-1	0	0	0	0	0
11219100	12763032	-1	1458176	914	0	0	914
11228100	-1	-1	0	0	0	0	0
11237100	16397256	-1	1266688	618	0	0	618
11246102	-1	-1	0	0	0	0	0
11255100	11034984	-1	1073152	778	0	0	778
11264100	-1	-1	0	0	0	0	0
11273101	14344448	-1	1303552	727	0	0	727
11282100	-1	-1	0	0	0	0	0
11291100	10770792	-1	1210368	899	0	0	899
11300101	-1	-1	0	0	0	0	0
11309100	9618808	-1	1014784	844	0	0	844
11318101	-1	-1	0	0	0	0	0
11327101	7565904	-1	1027072	1086	0	0	1086
11336101	-1	-1	0	0	0	0	0
11345102	8509232	-1	933888	878	0	0	878
11354100	-1	-1	0	0	0	0	0
11363101	11831496	-1	968704	655	0	0	655
11372100	-1	-1	0	0	0	0	0
11381100	9612832	-1	1330176	1107	0	0	1107
11390100	-1	-1	0	0	0	0	0
11399101	9535760	-1	1118068	938	0	0	938
11408101	-1	-1	0	0	0	0	0
11417101	6256200	-1	956416	1223	0	0	1223
11426101	-1	-1	0	0	0	0	0
11435100	13180720	-1	1285120	780	0	0	780
11444100	-1	-1	0	0	0	0	0
11453100	15517456	-1	1778688	917	0	0	917
11462100	-1	-1	0	0	0	0	0
11471099	12050960	-1	1301504	864	0	0	864
11480101	-1	-1	0	0	0	0	0
11489100	10506040	-1	1506304	1147	0	0	1147
11498100	-1	-1	0	0	0	0	0
11507100	12924328	-1	1071104	663	0	0	663
11516100	-1	-1	0	0	0	0	0
11525101	11477624	-1	1065984	743	0	0	743
11534100	-1	-1	0	0	0	0	0
11543107	12764528	-1	1220608	765	0	0	765
11552105	-1	-1	0	0	0	0	0
11561101	7289136	-1	1240064	1361	0	0	1361
11570100	-1	-1	0	0	0	0	0
11579100	14633104	-1	1651712	903	0	0	903
11588101	-1	-1	0	0	0	0	0
11597101	13224344	-1	1641472	993	0	0	993
11606101	-1	-1	0	0	0	0	0
11615100	11638864	-1	1569792	1079	0	0	1079
11624102	-1	-1	0	0	0	0	0
11633101	9434464	-1	1166336	989	0	0	989
11642100	-1	-1	0	0	0	0	0
11651100	10083072	-1	1299456	1031	0	0	1031
11660101	-1	-1	0	0	0	0	0
11669104	12293408	-1	1163264	757	0	0	757
11678100	-1	-1	0	0	0	0	0
11687100	12997472	-1	1406976	866	0	0	866
11696100	-1	-1	0	0	0	0	0
11705100	7438712	-1	889856	957	0	0	957
11714101	-1	-1	0	0	0	0	0
11723102	11670952	-1	1016832	697	0	0	697
11732100	-1	-1	0	0	0	0	0
11741100	13171008	-1	1183744	719	0	0	719
11750100	-1	-1	0	0	0	0	0
11759100	14529920	-1	1572864	866	0	0	866
11768102	-1	-1	0	0	0	0	0
11777101	5440000	-1	1253920	1844	0	0	1844
11786102	-1	-1	0	0	0	0	0
11795101	12208640	-1	1024000	671	0	0	671
11804100	-1	-1	0	0	0	0	0
11813102	10006400	-1	1129472	903	0	0	903
11822100	-1	-1	0	0	0	0	0
11831101	12808488	-1	1159168	724	0	0	724
11840100	-1	-1	0	0	0	0	0
11849100	11237472	-1	1084416	772	0	0	772
11858101	-1	-1	0	0	0	0	0
11867100	9264016	-1	1061888	917	0	0	917
11876101	-1	-1	0	0	0	0	0
11885100	10850728	-1	1287168	949	0	0	949
11894100	-1	-1	0	0	0	0	0
11903101	13104832	-1	1133568	692	0	0	692
11912100	-1	-1	0	0	0	0	0
11921100	6550272	-1	1209344	1477	0	0	1477
11930101	-1	-1	0	0	0	0	0
11939100	15052296	-1	1527808	812	0	0	812
11948100	-1	-1	0	0	0	0	0
11957100	12960272	-1	957440	591	0	0	591
11966101	-1	-1	0	0	0	0	0
11975100	13420488	-1	1298432	774	0	0	774
11984100	-1	-1	0	0	0	0	0
11993101	12225224	-1	1595392	1044	0	0	1044
12002100	-1	-1	0	0	0	0	0
12011100	15775136	-1	1459200	740	0	0	740
12020100	-1	-1	0	0	0	0	0
12029100	10708936	-1	1145856	856	0	0	856
12038100	-1	-1	0	0	0	0	0
12047100	10881912	-1	1275904	938	0	0	938
12056101	-1	-1	0	0	0	0	0
12065100	9331904	-1	1123328	963	0	0	963
12074100	-1	-1	0	0	0	0	0
12083101	13675904	-1	1241088	726	0	0	726
12092100	-1	-1	0	0	0	0	0
12101101	2170784	-1	1326080	4887	0	0	4887
12110101	-1	-1	0	0	0	0	0
12119102	8919136	-1	1557504	1397	0	0	1397
12128101	-1	-1	0	0	0	0	0
12137102	12237728	-1	1626088	1063	0	0	1063
12146102	-1	-1	0	0	0	0	0
12155101	7709424	-1	1341440	1392	0	0	1392
12164101	-1	-1	0	0	0	0	0
12173100	12025896	-1	1198080	797	0	0	797
12182100	-1	-1	0	0	0	0	0
12191102	14520264	-1	1412096	778	0	0	778
12200100	-1	-1	0	0	0	0	0
12209100	14081072	-1	1258496	715	0	0	715
12218101	-1	-1	0	0	0	0	0
12227100	10833184	-1	1281024	946	0	0	946
12236101	-1	-1	0	0	0	0	0
12245100	15362776	-1	1417216	738	0	0	738
12254100	-1	-1	0	0	0	0	0
12263100	13776464	-1	1298432	754	0	0	754
12272100	-1	-1	0	0	0	0	0
12281100	10250376	-1	1264640	987	0	0	987
12290102	-1	-1	0	0	0	0	0
12299100	11094352	-1	1389568	1002	0	0	1002
12308100	-1	-1	0	0	0	0	0
12317100	16797896	-1	2202624	1049	0	0	1049
12326101	-1	-1	0	0	0	0	0
12335100	15564136	-1	2391040	1229	0	0	1229
12344101	-1	-1	0	0	0	0	0
12353101	17804344	-1	1822720	819	0	0	819
12362100	-1	-1	0	0	0	0	0
12371100	8631944	-1	1165312	1080	0	0	1080
12380101	-1	-1	0	0	0	0	0
12389112	13562688	-1	1225728	723	0	0	723
12398100	-1	-1	0	0	0	0	0
12407101	11992312	-1	1266688	845	0	0	845
12416101	-1	-1	0	0	0	0	0
12425100	12740216	-1	1500160	942	0	0	942
12434106	-1	-1	0	0	0	0	0
12443101	11755424	-1	1243136	846	0	0	846
12452107	-1	-1	0	0	0	0	0
12461101	13489664	-1	1069056	634	0	0	634
12470103	-1	-1	0	0	0	0	0
12479100	12504752	-1	1152000	737	0	0	737
12488103	-1	-1	0	0	0	0	0
12497101	14903984	-1	1175552	631	0	0	631
12506102	-1	-1	0	0	0	0	0
12515100	5936048	-1	1041776	1404	0	0	1404
12524102	-1	-1	0	0	0	0	0
12533101	8991632	-1	1082368	963	0	0	963
12542102	-1	-1	0	0	0	0	0
12551100	6492528	-1	1001472	1234	0	0	1234
12560100	-1	-1	0	0	0	0	0
12569102	8756392	-1	1080320	987	0	0	987
12578100	-1	-1	0	0	0	0	0
12587107	8121608	-1	1890304	1862	0	0	1862
12596103	-1	-1	0	0	0	0	0
12605102	12108872	-1	1557504	1029	0	0	1029
12614100	-1	-1	0	0	0	0	0
12623100	6857576	-1	1362944	1590	0	0	1590
12632100	-1	-1	0	0	0	0	0
12641100	7993080	-1	905216	906	0	0	906
12650100	-1	-1	0	0	0	0	0
12659100	8334096	-1	1381376	1326	0	0	1326
12668100	-1	-1	0	0	0	0	0
12677101	9395344	-1	1455104	1239	0	0	1239
12686100	-1	-1	0	0	0	0	0
12695101	9056992	-1	1275904	1127	0	0	1127
12704100	-1	-1	0	0	0	0	0
12713100	8485760	-1	1301504	1227	0	0	1227
12722100	-1	-1	0	0	0	0	0
12731100	7590512	-1	1460224	1539	0	0	1539
12740103	-1	-1	0	0	0	0	0
12749100	11007072	-1	1513472	1100	0	0	1100
12758100	-1	-1	0	0	0	0	0
12767101	6517600	-1	1223680	1502	0	0	1502
12776100	-1	-1	0	0	0	0	0
12785103	10137008	-1	1537024	1213	0	0	1213
12794101	-1	-1	0	0	0	0	0
12803101	7296392	-1	1192960	1308	0	0	1308
12812100	-1	-1	0	0	0	0	0
12821100	5246472	-1	1375232	2097	0	0	2097
12830102	-1	-1	0	0	0	0	0
12839100	10220368	-1	1599488	1252	0	0	1252
12848100	-1	-1	0	0	0	0	0
12857101	9176224	-1	1269760	1107	0	0	1107
12866101	-1	-1	0	0	0	0	0
12875100	7133640	-1	1319724	1480	0	0	1480
12884100	-1	-1	0	0	0	0	0
12893102	8516704	-1	1289216	1211	0	0	1211
12902100	-1	-1	0	0	0	0	0
12911102	15213712	-1	1277952	672	0	0	672
12920101	-1	-1	0	0	0	0	0
12929100	15889536	-1	1217536	613	0	0	613
12938103	-1	-1	0	0	0	0	0
12947101	11345920	-1	1418240	1000	0	0	1000
12956100	-1	-1	0	0	0	0	0
12965107	14465496	-1	1544192	854	0	0	854
12974100	-1	-1	0	0	0	0	0
12983101	11623672	-1	1460224	1005	0	0	1005
12992100	-1	-1	0	0	0	0	0
13001102	9067632	-1	1908736	1684	0	0	1684
13010101	-1	-1	0	0	0	0	0
13019102	10724224	-1	1309696	977	0	0	977
13028101	-1	-1	0	0	0	0	0
13037100	8169432	-1	370688	363	0	0	-1
13046102	-1	-1	0	0	0	0	-1
13055101	15206400	-1	2433024	1280	0	0	-1
13064100	-1	-1	0	0	0	0	-1
13073102	15395472	-1	1722368	895	0	0	-1
13082100	-1	-1	0	0	0	0	-1
13091101	10659776	-1	1287168	966	0	0	-1
13114837	17159600	-1	3828736	1785	0	0	22081
13123837	-1	-1	0	0	0	0	0
13132836	-1	-1	0	0	0	0	0
13141836	-1	-1	0	0	0	0	0
13150836	-1	-1	0	0	0	0	0
13159835	-1	-1	0	0	0	0	0
13168836	-1	-1	0	0	0	0	0
13177836	12025296	-1	1664000	1107	0	0	1107
13186836	-1	-1	0	0	0	0	0
13195837	16705256	-1	1597440	765	0	0	765
13204836	-1	-1	0	0	0	0	0
13213835	11921944	-1	1584128	1063	0	0	1063
13222836	-1	-1	0	0	0	0	0
13231836	15047720	-1	1591296	846	0	0	846
13240836	-1	-1	0	0	0	0	0
13249836	11540248	-1	1422336	986	0	0	986
13258836	-1	-1	0	0	0	0	0
13267836	13034040	-1	1386496	851	0	0	851
13276835	-1	-1	0	0	0	0	0
13285836	14435840	-1	1517568	841	0	0	841
13294836	-1	-1	0	0	0	0	0
13303836	13025504	-1	1175552	722	0	0	722
13312835	-1	-1	0	0	0	0	0
13321836	11964072	-1	1266696	847	0	0	847
13330836	-1	-1	0	0	0	0	0
13339836	9282720	-1	1228800	1059	0	0	1059
13348836	-1	-1	0	0	0	0	0
13357836	14192512	-1	1392640	785	0	0	785
13366836	-1	-1	0	0	0	0	0
13375836	18318224	-1	3132416	1368	0	0	1368
13384837	-1	-1	0	0	0	0	0
13393837	9891448	-1	1227776	993	0	0	993
13402836	-1	-1	0	0	0	0	0
13411836	15361520	-1	1292288	673	0	0	673
13420836	-1	-1	0	0	0	0	0
13429836	15415432	-1	1352704	702	0	0	702
13438836	-1	-1	0	0	0	0	0
13447837	14242912	-1	1253376	704	0	0	704
13456836	-1	-1	0	0	0	0	0
13465836	10904528	-1	1436672	1054	0	0	1054
13474836	-1	-1	0	0	0	0	0
13483836	12718656	-1	1360896	856	0	0	856
13492836	-1	-1	0	0	0	0	0
13501836	17096000	-1	2188288	1024	0	0	1024
13510836	-1	-1	0	0	0	0	0
13519836	13032264	-1	1317888	809	0	0	809
13528836	-1	-1	0	0	0	0	0
13537836	11805104	-1	1401856	950	0	0	950
13546837	-1	-1	0	0	0	0	0
13555836	11539696	-1	1500160	1040	0	0	1040
13564837	-1	-1	0	0	0	0	0
13573836	16526472	-1	2138112	1035	0	0	1035
13582836	-1	-1	0	0	0	0	0
13591836	13158192	-1	2430976	1478	0	0	1478
13600837	-1	-1	0	0	0	0	0
13609835	13706216	-1	2211840	1291	0	0	1291
13618836	-1	-1	0	0	0	0	0
13627836	15812192	-1	1387520	702	0	0	702
13636837	-1	-1	0	0	0	0	0
13645836	14139472	-1	1399808	792	0	0	792
13654836	-1	-1	0	0	0	0	0
13663836	11111176	-1	1368064	985	0	0	985
13672835	-1	-1	0	0	0	0	0
13681836	9352656	-1	1278976	1094	0	0	1094
13690836	-1	-1	0	0	0	0	0
13699835	6771560	-1	1208724	1428	0	0	1428
13708836	-1	-1	0	0	0	0	0
13717836	10711176	-1	1175552	878	0	0	878
13726837	-1	-1	0	0	0	0	0
13735836	13952000	-1	1451008	832	0	0	832
13744836	-1	-1	0	0	0	0	0
13753836	9828896	-1	1340416	1091	0	0	1091
13762835	-1	-1	0	0	0	0	0
13771837	12546232	-1	1616896	1031	0	0	1031
13780836	-1	-1	0	0	0	0	0
13789836	15096688	-1	1453056	770	0	0	770
13798837	-1	-1	0	0	0	0	0
13807836	17690984	-1	1552384	702	0	0	702
13816835	-1	-1	0	0	0	0	0
13825836	9925672	-1	1301504	1049	0	0	1049
13834836	-1	-1	0	0	0	0	0
13843836	16865192	-1	1471488	698	0	0	698
13852836	-1	-1	0	0	0	0	0
13861836	18123480	-1	1579008	697	0	0	697
13870837	-1	-1	0	0	0	0	0
13879836	14272896	-1	1273856	714	0	0	714
13888845	-1	-1	0	0	0	0	0
13897848	14789032	-1	2022400	1094	0	0	1094
13906838	-1	-1	0	0	0	0	0
13915841	16667464	-1	1806336	867	0	0	867
13924844	-1	-1	0	0	0	0	0
13933841	18131768	-1	1731584	764	0	0	764
13942841	-1	-1	0	0	0	0	0
13951837	16337392	-1	1435648	703	0	0	703
13960839	-1	-1	0	0	0	0	0
13969839	14821744	-1	2312192	1248	0	0	1248
13978838	-1	-1	0	0	0	0	0
13987836	14508720	-1	1806336	996	0	0	996
13996836	-1	-1	0	0	0	0	0
14005837	14010960	-1	1577984	901	0	0	901
14014838	-1	-1	0	0	0	0	0
14023837	14720488	-1	1440768	783	0	0	783
14032835	-1	-1	0	0	0	0	0
14041836	7822992	-1	1519616	1554	0	0	1554
14050836	-1	-1	0	0	0	0	0
14059836	13964648	-1	1806676	1035	0	0	1035
14068836	-1	-1	0	0	0	0	0
14077836	9655456	-1	1763328	1461	0	0	1461
14086836	-1	-1	0	0	0	0	0
14095837	15577448	-1	2017280	1036	0	0	1036
14104836	-1	-1	0	0	0	0	0
14113836	11818896	-1	1922048	1301	0	0	1301
14122837	-1	-1	0	0	0	0	0
14131837	13810032	-1	1835008	1063	0	0	1063
14140838	-1	-1	0	0	0	0	0
14149837	15788456	-1	2443264	1238	0	0	1238
14158837	-1	-1	0	0	0	0	0
14167840	17832176	-1	2975744	1335	0	0	1335
14176852	-1	-1	0	0	0	0	0
14185836	13311024	-1	1752064	1053	0	0	1053
14194840	-1	-1	0	0	0	0	0
14203848	15559048	-1	1660928	854	0	0	854
14212839	-1	-1	0	0	0	0	0
14221838	12996816	-1	1229824	757	0	0	757
14230841	-1	-1	0	0	0	0	0
14239844	10247848	-1	1337344	1044	0	0	1044
14248839	-1	-1	0	0	0	0	0
14257845	9867040	-1	1158144	939	0	0	939
14266837	-1	-1	0	0	0	0	0
14275836	13075848	-1	1623040	993	0	0	993
14284842	-1	-1	0	0	0	0	0
14293843	19099584	-1	1728512	724	0	0	724
14302843	-1	-1	0	0	0	0	0
14311839	13505504	-1	1652736	979	0	0	979
14320836	-1	-1	0	0	0	0	0
14329837	14087400	-1	1827840	1038	0	0	1038
14338840	-1	-1	0	0	0	0	0
14347843	13128960	-1	1606656	979	0	0	979
14356839	-1	-1	0	0	0	0	0
14365839	13656792	-1	1348608	790	0	0	790
14374846	-1	-1	0	0	0	0	0
14383842	11783144	-1	1266688	860	0	0	860
14392836	-1	-1	0	0	0	0	0
14401837	9514928	-1	1148928	966	0	0	966
14410836	-1	-1	0	0	0	0	0
14419836	14199464	-1	1224704	690	0	0	690
14428837	-1	-1	0	0	0	0	0
14437838	8251296	-1	1388280	1346	0	0	1346
14446839	-1	-1	0	0	0	0	0
14455837	12811280	-1	1090560	681	0	0	681
14464838	-1	-1	0	0	0	0	0
14473838	11378336	-1	1159168	815	0	0	815
14482837	-1	-1	0	0	0	0	0
14491838	14030712	-1	1129472	644	0	0	644
14500836	-1	-1	0	0	0	0	0
14509837	9465144	-1	1103872	933	0	0	933
14518836	-1	-1	0	0	0	0	0
14527836	14841352	-1	1142784	616	0	0	616
14536836	-1	-1	0	0	0	0	0
14545836	8888576	-1	1254400	1129	0	0	1129
14554836	-1	-1	0	0	0	0	0
14563837	12934736	-1	1474560	912	0	0	912
14572836	-1	-1	0	0	0	0	0
14581836	9562776	-1	1200128	1004	0	0	1004
14590836	-1	-1	0	0	0	0	0
14599837	13578032	-1	1169408	689	0	0	689
14608836	-1	-1	0	0	0	0	0
14617836	11705416	-1	1337344	914	0	0	914
14626836	-1	-1	0	0	0	0	0
14635835	14595088	-1	1211392	664	0	0	664
14644836	-1	-1	0	0	0	0	0
14653837	8935336	-1	1193984	1069	0	0	1069
14662838	-1	-1	0	0	0	0	0
14671839	11053000	-1	1186816	859	0	0	859
14680836	-1	-1	0	0	0	0	0
14689837	9549640	-1	1058816	887	0	0	887
14698836	-1	-1	0	0	0	0	0
14707842	11515080	-1	1273856	885	0	0	885
14716837	-1	-1	0	0	0	0	0
14725839	9724856	-1	1188864	978	0	0	978
14734836	-1	-1	0	0	0	0	0
14743837	12598808	-1	1162240	738	0	0	738
14752836	-1	-1	0	0	0	0	0
14761837	14742696	-1	1039360	564	0	0	564
14770837	-1	-1	0	0	0	0	0
14779836	8230712	-1	1088512	1058	0	0	1058
14788838	-1	-1	0	0	0	0	0
14797837	11631896	-1	1126840	775	0	0	775
14806837	-1	-1	0	0	0	0	0
14815838	7743408	-1	1148928	1187	0	0	1187
14824836	-1	-1	0	0	0	0	0
14833838	12608936	-1	1186816	753	0	0	753
14842835	-1	-1	0	0	0	0	0
14851836	12999040	-1	1329152	818	0	0	818
14860839	-1	-1	0	0	0	0	0
14869836	12351312	-1	1298432	841	0	0	841
14878836	-1	-1	0	0	0	0	0
14887836	13571824	-1	1363968	804	0	0	804
14896836	-1	-1	0	0	0	0	0
14905836	10942848	-1	1295360	947	0	0	947
14914836	-1	-1	0	0	0	0	0
14923836	9446976	-1	1256448	1064	0	0	1064
14932837	-1	-1	0	0	0	0	0
14941836	10928912	-1	1193984	874	0	0	874
14950837	-1	-1	0	0	0	0	0
14959836	10576624	-1	1053696	797	0	0	797
14968836	-1	-1	0	0	0	0	0
14977837	12120816	-1	1039360	686	0	0	686
14986836	-1	-1	0	0	0	0	0
14995836	12783928	-1	1069056	669	0	0	669
15004836	-1	-1	0	0	0	0	0
15013837	11005976	-1	1217536	885	0	0	885
15022842	-1	-1	0	0	0	0	0
15031836	9216000	-1	1207296	1048	0	0	1048
15040839	-1	-1	0	0	0	0	0
15049836	13998984	-1	1105920	632	0	0	632
15058838	-1	-1	0	0	0	0	0
15067837	10083696	-1	1288192	1022	0	0	1022
15076838	-1	-1	0	0	0	0	0
15085838	7794152	-1	1324032	1359	0	0	1359
15094836	-1	-1	0	0	0	0	0
15103836	11716248	-1	1280000	874	0	0	874
15112836	-1	-1	0	0	0	0	0
15121836	9436080	-1	1328128	1126	0	0	1126
15130837	-1	-1	0	0	0	0	0
15139836	11128880	-1	1676288	1205	0	0	1205
15148836	-1	-1	0	0	0	0	0
15157836	10614504	-1	1269760	957	0	0	957
15166836	-1	-1	0	0	0	0	0
15175836	5521960	-1	1068500	1548	0	0	1548
15184836	-1	-1	0	0	0	0	0
15193838	12995728	-1	1814528	1117	0	0	1117
15202837	-1	-1	0	0	0	0	0
15211836	11338928	-1	1394688	984	0	0	984
15220838	-1	-1	0	0	0	0	0
15229836	8469824	-1	1155072	1091	0	0	1091
15238836	-1	-1	0	0	0	0	0
15247838	8850344	-1	1335296	1207	0	0	1207
15256836	-1	-1	0	0	0	0	0
15265838	9310976	-1	1380352	1186	0	0	1186
15274836	-1	-1	0	0	0	0	0
15283838	8765376	-1	1361920	1243	0	0	1243
15292836	-1	-1	0	0	0	0	0
15301837	12226152	-1	1315840	861	0	0	861
15310838	-1	-1	0	0	0	0	0
15319836	2797440	-1	1201152	3435	0	0	3435
15328838	-1	-1	0	0	0	0	0
15337838	3926768	-1	1283072	2614	0	0	2614
15346837	-1	-1	0	0	0	0	0
15355837	2903560	-1	1198080	3301	0	0	3301
15364837	-1	-1	0	0	0	0	0
15373837	3813408	-1	1858560	3899	0	0	3899
15382841	-1	-1	0	0	0	0	0
15391843	10989704	-1	1902592	1385	0	0	1385
15400838	-1	-1	0	0	0	0	0
15409838	15102832	-1	1653760	876	0	0	876
15418837	-1	-1	0	0	0	0	0
15427838	9057104	-1	1575936	1392	0	0	1392
15436843	-1	-1	0	0	0	0	0
15445836	11614368	-1	1536000	1058	0	0	1058
15454837	-1	-1	0	0	0	0	0
15463837	14001536	-1	1564672	894	0	0	894
15472837	-1	-1	0	0	0	0	0
15481836	11170312	-1	1739776	1246	0	0	1246
15490838	-1	-1	0	0	0	0	0
15499836	16979008	-1	1636352	771	0	0	771
15508836	-1	-1	0	0	0	0	0
15517836	12187432	-1	1364992	896	0	0	896
15526836	-1	-1	0	0	0	0	0
15535836	5694704	-1	1315476	1848	0	0	1848
15544837	-1	-1	0	0	0	0	0
15553837	6678832	-1	1048576	1256	0	0	1256
15562836	-1	-1	0	0	0	0	0
15571836	10473664	-1	1170432	894	0	0	894
15580836	-1	-1	0	0	0	0	0
15589836	11639560	-1	1102848	758	0	0	758
15598836	-1	-1	0	0	0	0	0
15607838	10384696	-1	955392	736	0	0	736
15616837	-1	-1	0	0	0	0	0
15625836	9962184	-1	1037312	833	0	0	833
15634836	-1	-1	0	0	0	0	0
15643837	12590216	-1	1002496	637	0	0	637
15652837	-1	-1	0	0	0	0	0
15661838	14994800	-1	1072128	572	0	0	572
15670837	-1	-1	0	0	0	0	0
15679837	12883784	-1	1771520	1100	0	0	1100
15688836	-1	-1	0	0	0	0	0
15697836	6462432	-1	493568	611	0	0	-1
15706836	-1	-1	0	0	0	0	-1
15715836	13936640	-1	2787328	1600	0	0	-1
15724836	-1	-1	0	0	0	0	-1
15733836	14012344	-1	1318912	753	0	0	-1
15742836	-1	-1	0	0	0	0	-1
15751836	14780944	-1	1199104	649	0	0	-1
15760836	-1	-1	0	0	0	0	-1
15788473	20646768	-1	2598912	1007	0	0	22979
15797471	-1	-1	0	0	0	0	0
15806471	-1	-1	0	0	0	0	0
15815471	-1	-1	0	0	0	0	0
15824480	-1	-1	0	0	0	0	0
15833472	-1	-1	0	0	0	0	0
15842471	-1	-1	0	0	0	0	0
15851470	8345552	-1	1113088	1067	0	0	1067
15860472	-1	-1	0	0	0	0	0
15869473	11933392	-1	1188864	797	0	0	797
15878467	-1	-1	0	0	0	0	0
15887468	10553992	-1	1153024	874	0	0	874
15896469	-1	-1	0	0	0	0	0
15905467	15379408	-1	1724416	897	0	0	897
15914469	-1	-1	0	0	0	0	0
15923470	9371272	-1	1830912	1563	0	0	1563
15932468	-1	-1	0	0	0	0	0
15941473	12134016	-1	1412096	931	0	0	931
15950468	-1	-1	0	0	0	0	0
15959472	14539200	-1	1630208	897	0	0	897
15968479	-1	-1	0	0	0	0	0
15977469	12712640	-1	1471488	926	0	0	926
15986472	-1	-1	0	0	0	0	0
15995473	12609376	-1	1396488	886	0	0	886
16004470	-1	-1	0	0	0	0	0
16013473	9029408	-1	1523712	1350	0	0	1350
16022468	-1	-1	0	0	0	0	0
16031472	9650960	-1	1266688	1050	0	0	1050
16040469	-1	-1	0	0	0	0	0
16049471	11980688	-1	1337344	893	0	0	893
16058471	-1	-1	0	0	0	0	0
16067472	12104696	-1	1859584	1229	0	0	1229
16076470	-1	-1	0	0	0	0	0
16085468	9446248	-1	1596416	1352	0	0	1352
16094469	-1	-1	0	0	0	0	0
16103470	10009240	-1	1421312	1136	0	0	1136
16112468	-1	-1	0	0	0	0	0
16121473	9974120	-1	1421312	1140	0	0	1140
16130471	-1	-1	0	0	0	0	0
16139467	12159848	-1	1311744	863	0	0	863
16148470	-1	-1	0	0	0	0	0
16157467	8216312	-1	1384448	1348	0	0	1348
16166470	-1	-1	0	0	0	0	0
16175469	12146464	-1	1449984	955	0	0	955
16184473	-1	-1	0	0	0	0	0
16193468	14003576	-1	1542144	881	0	0	881
16202469	-1	-1	0	0	0	0	0
16211469	9584488	-1	1325056	1106	0	0	1106
16220469	-1	-1	0	0	0	0	0
16229469	12126872	-1	1464320	966	0	0	966
16238467	-1	-1	0	0	0	0	0
16247471	10129528	-1	1525760	1205	0	0	1205
16256468	-1	-1	0	0	0	0	0
16265469	11283648	-1	1323008	938	0	0	938
16274468	-1	-1	0	0	0	0	0
16283470	16817280	-1	1709056	813	0	0	813
16292469	-1	-1	0	0	0	0	0
16301469	11643384	-1	1775616	1220	0	0	1220
16310468	-1	-1	0	0	0	0	0
16319468	19168536	-1	1579008	659	0	0	659
16328467	-1	-1	0	0	0	0	0
16337469	11948080	-1	1439744	964	0	0	964
16346468	-1	-1	0	0	0	0	0
16355468	16713112	-1	2392064	1145	0	0	1145
16364468	-1	-1	0	0	0	0	0
16373468	7255480	-1	1495536	1649	0	0	1649
16382467	-1	-1	0	0	0	0	0
16391469	7743120	-1	1483776	1533	0	0	1533
16400469	-1	-1	0	0	0	0	0
16409467	9609448	-1	1416192	1179	0	0	1179
16418467	-1	-1	0	0	0	0	0
16427467	9292200	-1	1280000	1102	0	0	1102
16436468	-1	-1	0	0	0	0	0
16445467	9988912	-1	1690624	1354	0	0	1354
16454468	-1	-1	0	0	0	0	0
16463468	12515328	-1	1550336	991	0	0	991
16472467	-1	-1	0	0	0	0	0
16481468	14189016	-1	1482752	836	0	0	836
16490469	-1	-1	0	0	0	0	0
16499467	16088104	-1	1948672	969	0	0	969
16508467	-1	-1	0	0	0	0	0
16517469	7351792	-1	1541120	1677	0	0	1677
16526468	-1	-1	0	0	0	0	0
16535469	11454616	-1	1323008	924	0	0	924
16544470	-1	-1	0	0	0	0	0
16553468	11522304	-1	1278976	888	0	0	888
16562467	-1	-1	0	0	0	0	0
16571472	10959920	-1	1305600	953	0	0	953
16580468	-1	-1	0	0	0	0	0
16588468	8609696	-1	1688576	1569	0	0	1569
16598469	-1	-1	0	0	0	0	0
16606469	11740448	-1	1690624	1152	0	0	1152
16615472	-1	-1	0	0	0	0	0
16624467	11022248	-1	1435648	1042	0	0	1042
16633469	-1	-1	0	0	0	0	0
16642474	11852992	-1	1409024	951	0	0	951
16651467	-1	-1	0	0	0	0	0
16660468	10120264	-1	1666048	1317	0	0	1317
16669468	-1	-1	0	0	0	0	0
16678470	8005680	-1	1319936	1319	0	0	1319
16687468	-1	-1	0	0	0	0	0
16696467	6912168	-1	1310720	1517	0	0	1517
16705468	-1	-1	0	0	0	0	0
16714470	14030440	-1	1422336	811	0	0	811
16723467	-1	-1	0	0	0	0	0
16732468	8110392	-1	1309828	1292	0	0	1292
16741469	-1	-1	0	0	0	0	0
16750467	9506104	-1	1266688	1066	0	0	1066
16759467	-1	-1	0	0	0	0	0
16768467	13870432	-1	1395712	805	0	0	805
16777467	-1	-1	0	0	0	0	0
16786481	13792240	-1	1389568	806	0	0	806
16795468	-1	-1	0	0	0	0	0
16804467	9820272	-1	1389568	1132	0	0	1132
16813467	-1	-1	0	0	0	0	0
16822468	18348560	-1	2477056	1080	0	0	1080
16831469	-1	-1	0	0	0	0	0
16840468	6878656	-1	1716224	1996	0	0	1996
16849468	-1	-1	0	0	0	0	0
16858468	13107200	-1	1564672	955	0	0	955
16867467	-1	-1	0	0	0	0	0
16876470	10014016	-1	1452032	1160	0	0	1160
16885468	-1	-1	0	0	0	0	0
16894468	15927424	-1	1857536	933	0	0	933
16903468	-1	-1	0	0	0	0	0
16912469	16232528	-1	1316864	649	0	0	649
16921468	-1	-1	0	0	0	0	0
16930468	13130976	-1	1244160	758	0	0	758
16939468	-1	-1	0	0	0	0	0
16948468	10362832	-1	1187840	917	0	0	917
16957469	-1	-1	0	0	0	0	0
16966468	14203960	-1	1294336	729	0	0	729
16975468	-1	-1	0	0	0	0	0
16984467	14114208	-1	1254400	711	0	0	711
16993467	-1	-1	0	0	0	0	0
17002469	16901664	-1	1337344	633	0	0	633
17011468	-1	-1	0	0	0	0	0
17020469	11235416	-1	1459200	1039	0	0	1039
17029469	-1	-1	0	0	0	0	0
17038468	12232032	-1	1230848	805	0	0	805
17047467	-1	-1	0	0	0	0	0
17056468	16738984	-1	1883136	900	0	0	900
17065469	-1	-1	0	0	0	0	0
17074467	16217008	-1	1789952	883	0	0	883
17083469	-1	-1	0	0	0	0	0
17092468	10539672	-1	1953792	1483	0	0	1483
17101468	-1	-1	0	0	0	0	0
17110467	6496496	-1	1474704	1816	0	0	1816
17119469	-1	-1	0	0	0	0	0
17128469	15045096	-1	1748992	930	0	0	930
17137468	-1	-1	0	0	0	0	0
17146469	14014712	-1	1998848	1141	0	0	1141
17155469	-1	-1	0	0	0	0	0
17164469	11160912	-1	1455104	1043	0	0	1043
17173469	-1	-1	0	0	0	0	0
17182468	16466024	-1	1644544	799	0	0	799
17191469	-1	-1	0	0	0	0	0
17200469	13793608	-1	1510400	876	0	0	876
17209479	-1	-1	0	0	0	0	0
17218471	14014688	-1	1284096	733	0	0	733
17227473	-1	-1	0	0	0	0	0
17236468	10576416	-1	1376256	1041	0	0	1041
17245468	-1	-1	0	0	0	0	0
17254470	13480656	-1	1145856	680	0	0	680
17263474	-1	-1	0	0	0	0	0
17272469	12470696	-1	1083392	695	0	0	695
17281468	-1	-1	0	0	0	0	0
17290470	11939168	-1	1086464	728	0	0	728
17299467	-1	-1	0	0	0	0	0
17308478	9281496	-1	1142784	985	0	0	985
17317468	-1	-1	0	0	0	0	0
17326478	12310320	-1	1129472	734	0	0	734
17335468	-1	-1	0	0	0	0	0
17344476	9739704	-1	1011712	831	0	0	831
17353467	-1	-1	0	0	0	0	0
17362469	10667280	-1	1112064	834	0	0	834
17371470	-1	-1	0	0	0	0	0
17380472	8891544	-1	989184	890	0	0	890
17389473	-1	-1	0	0	0	0	0
17398469	11089560	-1	1065984	769	0	0	769
17407470	-1	-1	0	0	0	0	0
17416469	10184648	-1	989184	777	0	0	777
17425469	-1	-1	0	0	0	0	0
17434468	12735344	-1	932864	586	0	0	586
17443469	-1	-1	0	0	0	0	0
17452468	12504024	-1	1511424	967	0	0	967
17461468	-1	-1	0	0	0	0	0
17470472	16794880	-1	2216924	1056	0	0	1056
17479472	-1	-1	0	0	0	0	0
17488470	9568456	-1	1174528	982	0	0	982
17497473	-1	-1	0	0	0	0	0
17506470	9348128	-1	1159168	992	0	0	992
17515470	-1	-1	0	0	0	0	0
17524470	7702000	-1	1142784	1187	0	0	1187
17533470	-1	-1	0	0	0	0	0
17542470	10054928	-1	1265664	1007	0	0	1007
17551478	-1	-1	0	0	0	0	0
17560468	13162176	-1	1225728	745	0	0	745
17569472	-1	-1	0	0	0	0	0
17578468	8038808	-1	1128448	1123	0	0	1123
17587469	-1	-1	0	0	0	0	0
17596470	5946944	-1	1120256	1507	0	0	1507
