148690	15078288	-1	6042624	3206	0	0	3261
157648	18377304	-1	774144	337	0	0	466
164648	-1	-1	0	0	0	0	0
168647	16825488	-1	1053696	501	0	0	531
177646	-1	-1	0	0	0	0	0
186646	17242840	-1	534528	248	0	0	248
195646	-1	-1	0	0	0	0	0
204647	15621688	-1	1405952	720	0	0	720
212647	19041608	-1	711680	299	0	0	299
215647	-1	-1	0	0	0	0	0
224646	-1	-1	0	0	0	0	0
233648	17082368	-1	1577984	739	0	0	739
242647	-1	-1	0	0	0	0	0
251647	10692920	-1	1112064	832	0	0	832
256646	-1	-1	0	0	0	0	0
263647	19059856	-1	1305600	548	0	0	548
272646	-1	-1	0	0	0	0	0
281728	16695392	-1	1427456	684	0	0	684
287645	-1	-1	0	0	0	0	0
296646	-1	-1	0	0	0	0	0
305647	7133360	-1	1028096	1153	0	0	1262
311647	8722224	-1	1010688	927	0	0	1054
321644	-1	-1	0	0	0	0	0
329644	14943944	-1	1126400	603	0	0	603
337648	-1	-1	0	0	0	0	0
346648	14077904	-1	2150400	1222	0	0	1222
354647	-1	-1	0	0	0	0	0
362647	-1	-1	0	0	0	0	0
367647	-1	-1	0	0	0	0	0
375647	17186888	-1	1093516	509	0	0	522
380647	-1	-1	0	0	0	0	0
389648	8998336	-1	1074176	955	0	0	955
396647	-1	-1	0	0	0	0	0
403647	12822264	-1	663552	414	0	0	542
408647	-1	-1	0	0	0	0	0
416646	19159800	-1	869376	363	0	0	429
423677	-1	-1	0	0	0	0	0
430680	13988600	-1	1082368	619	0	0	619
439678	-1	-1	0	0	0	0	0
448678	17630904	-1	1346560	611	0	0	645
457683	-1	-1	0	0	0	0	0
465678	21172896	-1	1235968	467	0	0	467
469644	-1	-1	0	0	0	0	0
477649	11844208	-1	833536	563	0	0	645
484644	-1	-1	0	0	0	0	0
493648	20349360	-1	1355776	533	0	0	533
499647	-1	-1	0	0	0	0	0
507648	13468040	-1	1414144	840	0	0	840
515647	-1	-1	0	0	0	0	0
523644	13695504	-1	886784	518	0	0	538
532644	-1	-1	0	0	0	0	0
541648	13796424	-1	1184768	687	0	0	687
545643	-1	-1	0	0	0	0	0
553647	14237432	-1	332800	187	0	0	373
562647	21071176	-1	510976	194	0	0	194
571647	22758760	-1	1615872	568	0	0	673
580647	-1	-1	0	0	0	0	0
588647	-1	-1	0	0	0	0	0
594646	-1	-1	0	0	0	0	0
603646	14436864	-1	1685504	934	0	0	934
612646	-1	-1	0	0	0	0	0
617646	11419928	-1	909312	637	0	0	637
626646	-1	-1	0	0	0	0	0
631683	21087224	-1	1955840	742	0	0	742
640683	-1	-1	0	0	0	0	0
649644	16772592	-1	1635328	780	0	0	780
655643	-1	-1	0	0	0	0	0
662648	-1	-1	0	0	0	0	0
672648	15701336	-1	1625088	828	0	0	1003
675647	-1	-1	0	0	0	0	0
683647	-1	-1	0	0	0	0	0
692644	16720080	-1	2445312	1170	0	0	1234
696644	-1	-1	0	0	0	0	0
706679	10571192	-1	400384	303	0	0	303
713679	-1	-1	0	0	0	0	0
722645	12516648	-1	980992	627	0	0	627
728645	-1	-1	0	0	0	0	0
736647	17162712	-1	1031908	481	0	0	525
739647	-1	-1	0	0	0	0	0
748676	8071968	-1	550912	546	0	0	546
757644	-1	-1	0	0	0	0	0
765643	13801512	-1	667648	387	0	0	514
772648	-1	-1	0	0	0	0	0
781644	14819016	-1	785408	424	0	0	502
788644	-1	-1	0	0	0	0	0
797674	21441304	-1	1050624	392	0	0	430
802677	-1	-1	0	0	0	0	0
811677	17309912	-1	1129472	522	0	0	522
820688	-1	-1	0	0	0	0	0
829648	17414608	-1	674816	310	0	0	444
838686	-1	-1	0	0	0	0	0
847683	18541224	-1	695296	300	0	0	318
856678	-1	-1	0	0	0	0	0
866646	19337928	-1	1153024	477	0	0	477
869682	-1	-1	0	0	0	0	0
878649	13010824	-1	276480	170	0	0	170
887647	18477008	-1	840704	364	0	0	436
891646	-1	-1	0	0	0	0	0
900646	18507000	-1	821248	355	0	0	498
904646	-1	-1	0	0	0	0	0
913646	-1	-1	0	0	0	0	0
921646	12572664	-1	814080	518	0	0	732
930647	13313896	-1	897024	539	0	0	539
933647	-1	-1	0	0	0	0	0
942645	-1	-1	0	0	0	0	0
951645	19760256	-1	773120	313	0	0	435
958644	-1	-1	0	0	0	0	0
966644	15081680	-1	735232	390	0	0	457
971644	-1	-1	0	0	0	0	0
980646	-1	-1	0	0	0	0	0
985645	-1	-1	0	0	0	0	0
994647	22662768	-1	2195456	775	0	0	775
1003647	-1	-1	0	0	0	0	0
1012646	-1	-1	0	0	0	0	0
1021646	11372184	-1	578560	407	0	0	552
1030646	15860552	-1	620544	313	0	0	438
1039645	-1	-1	0	0	0	0	0
1047645	18683168	-1	990208	424	0	0	565
1056645	-1	-1	0	0	0	0	0
1065647	12931328	-1	1430528	885	0	0	885
1074646	-1	-1	0	0	0	0	0
1081644	22962056	-1	1923072	670	0	0	670
1085648	-1	-1	0	0	0	0	0
1092681	-1	-1	0	0	0	0	0
1099648	19443160	-1	1635656	673	0	0	695
1103648	-1	-1	0	0	0	0	0
1111647	-1	-1	0	0	0	0	0
1120646	9997016	-1	1032192	826	0	0	970
1127646	-1	-1	0	0	0	0	0
1135648	19119760	-1	1281024	536	0	0	536
1140648	-1	-1	0	0	0	0	0
1149647	15301608	-1	1375232	719	0	0	719
1156647	-1	-1	0	0	0	0	0
1164644	17649680	-1	2327552	1055	0	0	1055
1170677	-1	-1	0	0	0	0	0
1179677	18477512	-1	1870848	810	0	0	810
1185647	-1	-1	0	0	0	0	0
1194647	18692296	-1	1948672	834	0	0	834
1204647	-1	-1	0	0	0	0	0
1209643	20672120	-1	1377280	533	0	0	533
1218646	-1	-1	0	0	0	0	0
1227646	21341264	-1	2182144	818	0	0	818
1237645	-1	-1	0	0	0	0	0
1242645	-1	-1	0	0	0	0	0
1251645	13086696	-1	1568768	959	0	0	959
1260646	-1	-1	0	0	0	0	0
1269646	17788912	-1	920576	414	0	0	443
1275645	16735352	-1	926720	443	0	0	443
1283644	-1	-1	0	0	0	0	0
1292648	15796528	-1	991232	502	0	0	502
1301648	-1	-1	0	0	0	0	0
1309647	15653024	-1	635904	325	0	0	429
1317647	11669176	-1	405504	278	0	0	278
1322647	-1	-1	0	0	0	0	0
1331646	15673248	-1	2619392	1337	0	0	1453
1334645	-1	-1	0	0	0	0	0
1343645	-1	-1	0	0	0	0	0
1352645	18832320	-1	1661952	706	0	0	706
1360645	-1	-1	0	0	0	0	0
1366644	-1	-1	0	0	0	0	0
1373645	-1	-1	0	0	0	0	0
1379646	18701472	-1	2131968	912	0	0	912
1388645	15463552	-1	172032	89	0	0	95
1393647	21658968	-1	912384	337	0	0	337
1402647	-1	-1	0	0	0	0	0
1410647	16616400	-1	2928640	1410	0	0	1410
1417647	-1	-1	0	0	0	0	0
1426643	-1	-1	0	0	0	0	0
1435648	-1	-1	0	0	0	0	0
1444649	10144136	-1	1489920	1175	0	0	1175
1450648	-1	-1	0	0	0	0	0
1456648	-1	-1	0	0	0	0	0
1461648	-1	-1	0	0	0	0	0
1470648	14917288	-1	3540992	1899	0	0	1990
1479647	-1	-1	0	0	0	0	0
1488644	16359904	-1	2781184	1360	0	0	1360
1497644	-1	-1	0	0	0	0	0
1506648	18088144	-1	2141184	947	0	0	947
1515647	-1	-1	0	0	0	0	0
1755512	8198088	-1	2756608	2690	0	0	23313
1763511	19294312	-1	2199552	912	0	0	912
1772510	-1	-1	0	0	0	0	0
1782510	17429784	-1	1126400	517	0	0	517
1790509	-1	-1	0	0	0	0	0
1799509	14086776	-1	1996800	1134	0	0	1134
1808509	-1	-1	0	0	0	0	0
1816511	18334480	-1	1636352	714	0	0	714
1825510	-1	-1	0	0	0	0	0
1835510	-1	-1	0	0	0	0	0
1844516	10090016	-1	947200	751	0	0	790
1849512	17331584	-1	580608	268	0	0	268
1857511	-1	-1	0	0	0	0	0
1864511	-1	-1	0	0	0	0	0
1868511	-1	-1	0	0	0	0	0
1875511	18710120	-1	947200	405	0	0	405
1884506	-1	-1	0	0	0	0	0
1891510	9484592	-1	578560	488	0	0	488
1900509	-1	-1	0	0	0	0	0
1909509	21294736	-1	976896	367	0	0	530
1918509	-1	-1	0	0	0	0	0
1927511	20361616	-1	880640	346	0	0	347
1936512	-1	-1	0	0	0	0	0
1945510	16710672	-1	680960	326	0	0	345
1954509	-1	-1	0	0	0	0	0
1961508	19109936	-1	1378304	577	0	0	577
1967512	-1	-1	0	0	0	0	0
1976511	20538136	-1	1989632	775	0	0	775
1985510	19456000	-1	700416	288	0	0	340
1989507	-1	-1	0	0	0	0	0
1996507	-1	-1	0	0	0	0	0
2005512	23365232	-1	1857536	636	0	0	654
2014512	-1	-1	0	0	0	0	0
2021507	-1	-1	0	0	0	0	0
2028512	-1	-1	0	0	0	0	0
2036509	21754152	-1	1740332	640	0	0	640
2045508	-1	-1	0	0	0	0	0
2053511	10567408	-1	1198080	907	0	0	907
2060508	20749080	-1	1065984	411	0	0	419
2064508	-1	-1	0	0	0	0	0
2071509	-1	-1	0	0	0	0	0
2079509	-1	-1	0	0	0	0	0
2089510	15264080	-1	1507328	790	0	0	790
2092510	-1	-1	0	0	0	0	0
2102511	21903976	-1	2039808	745	0	0	745
2104507	-1	-1	0	0	0	0	0
2113511	-1	-1	0	0	0	0	0
2122510	-1	-1	0	0	0	0	0
2128510	-1	-1	0	0	0	0	0
2135512	19258520	-1	2558976	1063	0	0	1063
2144511	-1	-1	0	0	0	0	0
2149511	-1	-1	0	0	0	0	0
2155510	-1	-1	0	0	0	0	0
2164507	21235456	-1	1842176	694	0	0	796
2172507	-1	-1	0	0	0	0	0
2179506	16727480	-1	997376	477	0	0	477
2185506	-1	-1	0	0	0	0	0
2192506	26034264	-1	1864704	573	0	0	573
2199506	-1	-1	0	0	0	0	0
2207511	14661928	-1	1543168	842	0	0	842
2217510	-1	-1	0	0	0	0	0
2227507	27121856	-1	2454528	724	0	0	724
2235507	-1	-1	0	0	0	0	0
2242506	-1	-1	0	0	0	0	0
2245506	-1	-1	0	0	0	0	0
2253509	25546216	-1	3100672	971	0	0	971
2262508	-1	-1	0	0	0	0	0
2271510	20673632	-1	710656	275	0	0	275
2279509	-1	-1	0	0	0	0	0
2286511	27681760	-1	1889280	546	0	0	546
2295510	-1	-1	0	0	0	0	0
2305507	6801904	-1	656384	772	0	0	772
2314507	-1	-1	0	0	0	0	0
2320509	17242208	-1	678912	315	0	0	315
2327508	-1	-1	0	0	0	0	0
2335508	-1	-1	0	0	0	0	0
2337508	-1	-1	0	0	0	0	0
2345510	15344864	-1	1557504	812	0	0	812
2353511	-1	-1	0	0	0	0	0
2362509	-1	-1	0	0	0	0	0
2366509	-1	-1	0	0	0	0	0
2375506	22935096	-1	1874944	654	0	0	748
2384508	-1	-1	0	0	0	0	0
2393508	-1	-1	0	0	0	0	0
2399514	19559752	-1	555008	227	0	0	286
2404510	9048008	-1	1199992	1061	0	0	1061
2413510	-1	-1	0	0	0	0	0
2418507	9559144	-1	902144	755	0	0	755
2427512	-1	-1	0	0	0	0	0
2436512	13802744	-1	1828864	1060	0	0	1060
2445511	-1	-1	0	0	0	0	0
2454508	13797056	-1	1310720	760	0	0	760
2464508	-1	-1	0	0	0	0	0
2473507	-1	-1	0	0	0	0	0
2475508	-1	-1	0	0	0	0	0
2484508	13444048	-1	1381376	822	0	0	822
2488508	-1	-1	0	0	0	0	0
2495510	13181368	-1	1601536	972	0	0	972
2505509	-1	-1	0	0	0	0	0
2514509	-1	-1	0	0	0	0	0
2521509	-1	-1	0	0	0	0	0
2529516	12993800	-1	2252800	1387	0	0	1387
2538510	-1	-1	0	0	0	0	0
2547511	11396472	-1	1387520	974	0	0	974
2556511	-1	-1	0	0	0	0	0
2565510	10364048	-1	1133568	875	0	0	875
2571510	-1	-1	0	0	0	0	0
2580510	-1	-1	0	0	0	0	0
2587510	-1	-1	0	0	0	0	0
2597510	15011736	-1	1478656	788	0	0	934
2604507	-1	-1	0	0	0	0	0
2614509	11274648	-1	1355776	962	0	0	962
2623509	-1	-1	0	0	0	0	0
2629510	9803544	-1	1046528	854	0	0	854
2638510	-1	-1	0	0	0	0	0
2647507	13338808	-1	1273856	764	0	0	764
2655506	-1	-1	0	0	0	0	0
2664509	9033056	-1	1396736	1237	0	0	1237
2674509	-1	-1	0	0	0	0	0
2683509	10641872	-1	1410048	1060	0	0	1060
2692508	-1	-1	0	0	0	0	0
2700507	11803320	-1	1271808	862	0	0	862
2708510	-1	-1	0	0	0	0	0
2717507	12841208	-1	1176576	733	0	0	733
2724507	-1	-1	0	0	0	0	0
2733508	-1	-1	0	0	0	0	0
2736507	-1	-1	0	0	0	0	0
2745507	8454088	-1	1156096	1094	0	0	1094
2748506	-1	-1	0	0	0	0	0
2757511	9694136	-1	1477144	1219	0	0	1219
2766512	-1	-1	0	0	0	0	0
2774511	-1	-1	0	0	0	0	0
2781511	-1	-1	0	0	0	0	0
2789508	11650848	-1	1441792	990	0	0	990
2798507	20984312	-1	873472	333	0	0	333
2802507	-1	-1	0	0	0	0	0
2809507	-1	-1	0	0	0	0	0
2818509	20353320	-1	1727488	679	0	0	679
2827509	-1	-1	0	0	0	0	0
2832508	-1	-1	0	0	0	0	0
2841507	24189776	-1	1218560	403	0	0	439
2846509	27539064	-1	161792	47	0	0	102
2853509	-1	-1	0	0	0	0	0
2862508	-1	-1	0	0	0	0	0
2865509	-1	-1	0	0	0	0	0
2874508	12071608	-1	1599488	1060	0	0	1060
2878509	-1	-1	0	0	0	0	0
2887510	14926832	-1	1248256	669	0	0	669
2890510	-1	-1	0	0	0	0	0
2899509	18494256	-1	1444864	625	0	0	625
2908509	-1	-1	0	0	0	0	0
2917506	17501848	-1	1074176	491	0	0	491
2925508	-1	-1	0	0	0	0	0
2934508	-1	-1	0	0	0	0	0
2941508	-1	-1	0	0	0	0	0
2947507	17775096	-1	2119680	954	0	0	954
2956506	-1	-1	0	0	0	0	0
2965508	15298968	-1	577536	302	0	0	325
2974508	-1	-1	0	0	0	0	0
2983507	14444288	-1	1570816	870	0	0	870
2991508	-1	-1	0	0	0	0	0
3000508	20697760	-1	1021952	395	0	0	395
3005507	-1	-1	0	0	0	0	0
3011507	17707320	-1	863232	390	0	0	390
3019507	24182952	-1	1197056	396	0	0	396
3024507	-1	-1	0	0	0	0	0
3032511	-1	-1	0	0	0	0	0
3041511	-1	-1	0	0	0	0	0
3043511	-1	-1	0	0	0	0	0
3052510	27065016	-1	2293760	678	0	0	786
3061509	-1	-1	0	0	0	0	0
3064508	-1	-1	0	0	0	0	0
3071510	21113400	-1	1280000	485	0	0	594
3075510	-1	-1	0	0	0	0	0
3084511	-1	-1	0	0	0	0	0
3094507	19404600	-1	1256448	518	0	0	518
3104507	-1	-1	0	0	0	0	0
3113507	12441384	-1	1121280	721	0	0	721
3122528	-1	-1	0	0	0	0	0
3130508	8047664	-1	762516	758	0	0	758
3138507	-1	-1	0	0	0	0	0
3145507	-1	-1	0	0	0	0	5295
3154519	7597504	-1	1544192	1626	0	0	6039
3163508	-1	-1	0	0	0	0	0
3172508	10616000	-1	1358848	1024	0	0	1024
3176508	-1	-1	0	0	0	0	0
3185508	-1	-1	0	0	0	0	0
3190508	9026024	-1	997376	884	0	0	884
3199507	-1	-1	0	0	0	0	0
3208510	12139952	-1	1259520	830	0	0	830
3217510	-1	-1	0	0	0	0	0
3222509	-1	-1	0	0	0	0	0
3228510	-1	-1	40960	244	0	0	247
3233508	18261848	-1	2280448	999	0	0	999
3242508	-1	-1	0	0	0	0	0
3251507	-1	-1	0	0	0	0	0
3256507	-1	-1	0	0	0	0	0
3265509	10824000	-1	1385472	1024	0	0	1139
3268509	-1	-1	0	0	0	0	0
3277509	9421248	-1	1075200	913	0	0	913
3286508	-1	-1	0	0	0	0	0
3289508	-1	-1	0	0	0	0	0
3296508	13077376	-1	1526784	934	0	0	1041
3299508	-1	-1	0	0	0	0	0
3308508	-1	-1	0	0	0	0	0
3317508	12587472	-1	1334272	848	0	0	848
3323507	-1	-1	0	0	0	0	0
3332507	-1	-1	0	0	0	0	0
3339507	-1	-1	0	0	0	0	0
3347508	12306392	-1	2055168	1336	0	0	1349
3356508	-1	-1	0	0	0	0	0
3361509	14705072	-1	1560576	849	0	0	849
3370510	-1	-1	0	0	0	0	0
3377510	8972768	-1	1506304	1343	0	0	1343
3382509	-1	-1	0	0	0	0	0
3391509	10233376	-1	790528	618	0	0	618
3399511	-1	-1	0	0	0	0	0
3408511	15987296	-1	2476032	1239	0	0	1239
3415509	-1	-1	0	0	0	0	0
3421508	16117320	-1	1980416	983	0	0	983
3430511	-1	-1	0	0	0	0	0
3438511	-1	-1	0	0	0	0	0
3447510	-1	-1	0	0	0	0	0
3454510	13621016	-1	2014208	1183	0	0	1183
3458509	-1	-1	0	0	0	0	0
3464510	16261848	-1	2181120	1073	0	0	1073
3474510	11714400	-1	742400	507	0	0	628
3479507	8464704	-1	794624	751	0	0	751
3488507	-1	-1	0	0	0	0	0
3497507	8750952	-1	1205444	1102	0	0	1102
3506512	-1	-1	0	0	0	0	0
3515511	9447096	-1	1857536	1573	0	0	1573
3524511	-1	-1	0	0	0	0	0
3533511	20734128	-1	1420288	548	0	0	548
3543510	-1	-1	0	0	0	0	0
3551511	19235544	-1	1195008	497	0	0	497
3560510	-1	-1	0	0	0	0	0
3563509	-1	-1	0	0	0	0	0
3571509	21204512	-1	1513472	571	0	0	571
3574509	-1	-1	0	0	0	0	0
3583509	14944000	-1	1434624	768	0	0	768
3585508	-1	-1	0	0	0	0	0
3594508	-1	-1	0	0	0	0	0
3603513	19569776	-1	1717248	702	0	0	702
3611510	-1	-1	0	0	0	0	0
3619507	20637536	-1	1475584	572	0	0	572
3627512	-1	-1	0	0	0	0	0
3637512	-1	-1	0	0	0	0	0
3640511	-1	-1	0	0	0	0	0
3649510	15111792	-1	1800192	953	0	0	994
3655510	-1	-1	0	0	0	0	0
3664511	13956160	-1	912384	523	0	0	523
3673510	-1	-1	0	0	0	0	0
3680507	18840560	-1	1853440	787	0	0	787
3686508	-1	-1	0	0	0	0	0
3692507	-1	-1	0	0	0	0	0
3699506	-1	-1	0	0	0	0	0
3708509	24623488	-1	3185664	1035	0	0	1035
3717508	-1	-1	0	0	0	0	0
3726508	19065616	-1	1193984	501	0	0	501
3731508	-1	-1	0	0	0	0	0
3740510	15821040	-1	834560	422	0	0	430
3749511	-1	-1	0	0	0	0	0
3759507	11025064	-1	992256	720	0	0	720
3768510	-1	-1	0	0	0	0	0
3777510	16447344	-1	797696	388	0	0	424
3786510	-1	-1	0	0	0	0	0
3793509	-1	-1	0	0	0	0	0
3797509	-1	-1	0	0	0	0	0
3804509	20214992	-1	2226176	881	0	0	881
3813509	-1	-1	0	0	0	0	0
3822508	-1	-1	0	0	0	0	0
3831511	24880944	-1	1838080	591	0	0	619
3834510	-1	-1	0	0	0	0	0
3843519	-1	-1	0	0	0	0	0
3850510	-1	-1	0	0	0	0	0
3855510	-1	-1	0	0	0	0	0
3864507	16680488	-1	1722260	826	0	0	826
3873511	4159856	-1	700416	1347	0	0	1398
3877507	9429840	-1	694272	589	0	0	589
3886508	-1	-1	0	0	0	0	0
3895507	-1	-1	0	0	0	0	0
3899507	-1	-1	0	0	0	0	0
3908511	8174864	-1	2442240	2390	0	0	2390
3915511	-1	-1	0	0	0	0	0
3924511	13005576	-1	1939456	1193	0	0	1193
3933510	-1	-1	0	0	0	0	0
3942510	10800856	-1	1089536	807	0	0	807
3950510	-1	-1	0	0	0	0	0
3958511	14684592	-1	1725440	940	0	0	940
3965511	-1	-1	0	0	0	0	0
3974510	13671840	-1	1765376	1033	0	0	1033
3981511	-1	-1	0	0	0	0	0
3987510	-1	-1	0	0	0	0	0
3991509	-1	-1	0	0	0	0	0
4000510	11833696	-1	1667072	1127	0	0	1127
4006507	13356096	-1	1395712	836	0	0	836
4010509	-1	-1	16384	40	0	0	40
4019509	-1	-1	0	0	0	0	0
4028510	6480240	-1	705536	871	0	0	871
4037512	-1	-1	0	0	0	0	0
4046510	13386528	-1	1678336	1003	0	0	1003
4053509	-1	-1	0	0	0	0	0
4060509	-1	-1	0	0	0	0	0
4068507	-1	-1	0	0	0	0	55
4073510	9843184	-1	946176	769	0	0	769
4081510	10430864	-1	1245184	955	0	0	955
4084510	-1	-1	0	0	0	0	0
4093509	-1	-1	0	0	0	0	0
4096510	-1	-1	0	0	0	0	0
4105509	11938296	-1	1520640	1019	0	0	1084
4109509	-1	-1	0	0	0	0	0
4118510	-1	-1	0	0	0	0	0
4125508	11923088	-1	1488896	999	0	0	999
4134507	-1	-1	0	0	0	0	0
4143506	-1	-1	0	0	0	0	0
4152508	17686136	-1	2531328	1145	0	0	1145
4154509	-1	-1	0	0	0	0	0
4162509	-1	-1	0	0	0	0	0
4171508	-1	-1	0	0	0	0	0
4173508	-1	-1	0	0	0	0	0
4182508	19303464	-1	3838976	1591	0	0	1591
4191507	-1	-1	0	0	0	0	0
4200507	17922400	-1	2385920	1065	0	0	1065
4209506	-1	-1	0	0	0	0	0
4474983	11062488	-1	2754560	1992	0	0	4709
4482985	22176320	-1	2195456	792	0	0	792
4491984	-1	-1	0	0	0	0	0
4501983	16304592	-1	1261568	619	0	0	619
4508982	-1	-1	0	0	0	0	0
4517982	14505944	-1	1289216	711	0	0	711
4526982	-1	-1	0	0	0	0	0
4535989	15676776	-1	2451456	1251	0	0	1251
4544985	-1	-1	0	0	0	0	0
4554986	-1	-1	0	0	0	0	0
4563986	14916920	-1	1551360	832	0	0	919
4567983	21437936	-1	1993728	744	0	0	744
4577983	-1	-1	0	0	0	0	0
4586983	-1	-1	0	0	0	0	0
4595984	20613520	-1	2450432	951	0	0	951
4599984	-1	-1	0	0	0	0	0
4609983	-1	-1	0	0	0	0	0
4618982	15968688	-1	1574912	789	0	0	789
4627982	-1	-1	0	0	0	0	0
4636982	-1	-1	0	0	0	0	0
4644982	-1	-1	0	0	0	0	0
4652984	23346128	-1	2235392	766	0	0	924
4661983	-1	-1	0	0	0	0	0
4670985	13849632	-1	1348608	779	0	0	779
4676984	-1	-1	0	0	0	0	0
4685981	22662968	-1	1977344	698	0	0	698
4694986	-1	-1	0	0	0	0	0
4703986	10076776	-1	837632	665	0	0	665
4713986	22704552	-1	658432	232	0	0	232
4715981	-1	-1	0	0	0	0	0
4724985	-1	-1	0	0	0	0	0
4730981	19564424	-1	1039360	425	0	0	425
4739982	-1	-1	0	0	0	0	0
4746981	22790880	-1	954368	335	0	0	335
4755986	-1	-1	0	0	0	0	0
4763983	4224064	-1	773532	1465	0	0	1465
4768982	-1	-1	0	0	0	0	0
4775984	6634840	-1	903168	1089	0	0	1089
4782984	-1	-1	0	0	0	0	0
4791983	11433040	-1	1047552	733	0	0	733
4800984	-1	-1	0	0	0	0	0
4809983	13947928	-1	1260544	723	0	0	723
4814982	-1	-1	0	0	0	0	0
4823982	-1	-1	0	0	0	0	0
4832982	4863096	-1	172032	283	0	0	303
4837984	13061896	-1	2125824	1302	0	0	1302
4844983	-1	-1	0	0	0	0	0
4853983	13449208	-1	1191936	709	0	0	709
4862983	-1	-1	0	0	0	0	0
4870984	14185016	-1	937984	529	0	0	529
4879984	-1	-1	0	0	0	0	0
4888984	14027568	-1	1164288	664	0	0	664
4897984	-1	-1	0	0	0	0	0
4905983	-1	-1	0	0	0	0	0
4912983	17763608	-1	1911808	861	0	0	861
4916980	-1	-1	0	0	0	0	0
4925981	-1	-1	0	0	0	0	0
4934981	15010024	-1	592896	316	0	0	318
4943981	-1	-1	0	0	0	0	0
4950980	13193968	-1	1058816	642	0	0	642
4959981	-1	-1	0	0	0	0	0
4968982	16548536	-1	1956864	946	0	0	946
4972982	-1	-1	0	0	0	0	0
4981981	14398424	-1	1240064	689	0	0	689
4988981	-1	-1	0	0	0	0	0
4997981	-1	-1	0	0	0	0	0
5000981	-1	-1	0	0	0	0	0
5009981	14345528	-1	1542144	860	0	0	860
5018981	-1	-1	0	0	0	0	0
5026981	9022376	-1	1157120	1026	0	0	1026
5035981	-1	-1	0	0	0	0	0
5044981	9635856	-1	1947648	1617	0	0	1617
5053981	-1	-1	0	0	0	0	0
5061981	12333936	-1	1649664	1070	0	0	1070
5070981	-1	-1	0	0	0	0	0
5077982	13168328	-1	2029568	1233	0	0	1233
5086981	-1	-1	0	0	0	0	0
5090981	-1	-1	0	0	0	0	0
5097981	17933264	-1	865280	386	0	0	444
5102981	10686520	-1	1096704	821	0	0	821
5111981	-1	-1	0	0	0	0	0
5120981	-1	-1	0	0	0	0	0
5129981	6920512	-1	1859888	2150	0	0	2150
5130982	-1	-1	0	0	0	0	0
5139981	-1	-1	0	0	0	0	0
5147981	7637144	-1	1494016	1565	0	0	1565
5155981	-1	-1	0	0	0	0	0
5164981	9041096	-1	774144	685	0	0	685
5172981	-1	-1	0	0	0	0	0
5181980	10658912	-1	937984	704	0	0	704
5183980	-1	-1	0	0	0	0	0
5192982	9566392	-1	1261568	1055	0	0	1055
5199982	-1	-1	0	0	0	0	0
5208982	-1	-1	0	0	0	0	0
5212983	-1	-1	0	0	0	0	0
5220981	8829704	-1	1290240	1169	0	0	1169
5228981	-1	-1	0	0	0	0	0
5234981	10505296	-1	1915904	1459	0	0	1459
5240981	-1	-1	0	0	0	0	0
5248981	8517568	-1	991232	931	0	0	931
5257981	-1	-1	0	0	0	0	0
5266982	13069160	-1	1970176	1206	0	0	1206
5274981	-1	-1	0	0	0	0	0
5283981	-1	-1	0	0	0	0	0
5289981	-1	-1	0	0	0	0	0
5296981	11021256	-1	2022400	1468	0	0	1468
5305981	-1	-1	0	0	0	0	0
5314981	10488408	-1	972800	742	0	0	742
5322981	-1	-1	0	0	0	0	0
5329981	7487528	-1	761856	814	0	0	814
5338981	12306704	-1	1010688	657	0	0	657
5342981	-1	-1	0	0	0	0	0
5351981	-1	-1	0	0	0	0	0
5358981	10470368	-1	1058816	809	0	0	809
5368981	-1	-1	0	0	0	0	0
5377980	12596304	-1	1464320	930	0	0	930
5382981	-1	-1	0	0	0	0	0
5391981	-1	-1	0	0	0	0	0
5394981	-1	-1	0	0	0	0	0
5403981	6535304	-1	2048000	2507	0	0	2507
5412981	-1	-1	0	0	0	0	0
5421981	6655448	-1	1552384	1866	0	0	1866
5430981	-1	-1	0	0	0	0	0
5438982	7876920	-1	998400	1014	0	0	1014
5444981	-1	-1	0	0	0	0	0
5453980	-1	-1	0	0	0	0	0
5458980	-1	-1	0	0	0	0	0
5465981	12073728	-1	1990656	1319	0	0	1319
5473981	-1	-1	0	0	0	0	0
5482981	-1	-1	0	0	0	0	0
5484981	-1	-1	0	0	0	0	0
5493981	9673216	-1	1968500	1628	0	0	1738
5501981	-1	-1	0	0	0	0	0
5510981	8019536	-1	1333248	1330	0	0	1330
5518981	-1	-1	0	0	0	0	0
5525982	12940368	-1	619520	383	0	0	507
5531987	17101672	-1	1000448	468	0	0	468
5536981	-1	-1	52224	250	0	0	250
5543980	-1	-1	0	0	0	0	0
5550981	18592712	-1	1155072	497	0	0	497
5555981	-1	-1	0	0	0	0	0
5564981	-1	-1	0	0	0	0	0
5567981	-1	-1	0	0	0	0	0
5574982	19640232	-1	1760256	717	0	0	740
5578981	-1	-1	0	0	0	0	0
5585981	-1	-1	0	0	0	0	0
5594981	19223728	-1	3188736	1327	0	0	1327
5595980	-1	-1	0	0	0	0	0
5604981	-1	-1	0	0	0	0	0
5613981	-1	-1	0	0	0	0	0
5616983	-1	-1	0	0	0	0	0
5625983	15358104	-1	2069504	1078	0	0	1151
5632981	-1	-1	0	0	0	0	0
5639980	16994928	-1	1253376	590	0	0	590
5646981	-1	-1	0	0	0	0	0
5656981	-1	-1	0	0	0	0	0
5662981	-1	-1	0	0	0	0	0
5671982	4381544	-1	1414144	2582	0	0	2582
5679981	-1	-1	0	0	0	0	0
5686981	6527344	-1	1272832	1560	0	0	1560
5694981	-1	-1	0	0	0	0	0
5703981	12392856	-1	1875968	1211	0	0	1211
5705981	-1	-1	0	0	0	0	0
5714982	10795392	-1	636928	472	0	0	472
5723981	-1	-1	0	0	0	0	0
5730981	16185272	-1	750592	371	0	0	371
5739981	-1	-1	0	0	0	0	0
5748981	-1	-1	0	0	0	0	0
5753981	-1	-1	0	0	0	0	0
5759981	14571608	-1	1029120	565	0	0	565
5763981	-1	-1	0	0	0	0	0
5770981	13158576	-1	944128	574	0	0	574
5780981	16652040	-1	1017856	489	0	0	489
5783981	-1	-1	0	0	0	0	0
5792981	-1	-1	0	0	0	0	0
5801981	-1	-1	0	0	0	0	0
5810981	18466496	-1	1507328	653	0	0	682
5812981	-1	-1	0	0	0	0	0
5821982	-1	-1	0	0	0	0	0
5829981	17635080	-1	1053696	478	0	0	478
5838981	-1	-1	0	0	0	0	0
5847981	4368672	-1	754688	1382	0	0	1382
5853981	-1	-1	0	0	0	0	0
5862981	10841464	-1	1505608	1111	0	0	1111
5871981	-1	-1	0	0	0	0	0
5880981	13382968	-1	1351680	808	0	0	808
5889981	-1	-1	0	0	0	0	0
5896980	10799976	-1	1051648	779	0	0	779
5900981	-1	-1	0	0	0	0	0
5909981	15321112	-1	1210368	632	0	0	632
5917981	12928872	-1	237568	147	0	0	150
5922981	20625424	-1	871424	338	0	0	338
5932981	-1	-1	0	0	0	0	0
5941981	13952000	-1	1339392	768	0	0	768
5948981	-1	-1	0	0	0	0	0
5957981	15297216	-1	1715200	897	0	0	897
5963981	-1	-1	0	0	0	0	0
5971980	-1	-1	0	0	0	0	0
5975981	-1	-1	0	0	0	0	0
5984982	15689232	-1	1549312	790	0	0	790
5991981	-1	-1	0	0	0	0	0
5999981	10630008	-1	1500160	1129	0	0	1129
6004981	-1	-1	0	0	0	0	0
6013981	-1	-1	0	0	0	0	0
6018981	-1	-1	0	0	0	0	0
6027982	17603224	-1	1788928	813	0	0	897
6030981	-1	-1	0	0	0	0	0
6039981	-1	-1	0	0	0	0	0
6044981	-1	-1	0	0	0	0	0
6050983	14936392	-1	2292736	1228	0	0	1228
6059981	-1	-1	0	0	0	0	0
6068982	-1	-1	0	0	0	0	0
6070982	-1	-1	0	0	0	0	0
6079981	15455576	-1	1738752	900	0	0	943
6086981	-1	-1	0	0	0	0	0
6095981	20908448	-1	1873920	717	0	0	717
6102981	-1	-1	0	0	0	0	0
6112981	15281600	-1	823296	431	0	0	431
6118981	-1	-1	0	0	0	0	0
6125980	12279312	-1	2171904	1415	0	0	1415
6131981	-1	-1	0	0	0	0	0
6139981	-1	-1	0	0	0	0	0
6147984	-1	-1	0	0	0	0	0
6154981	14179632	-1	1903616	1074	0	0	1089
6163982	-1	-1	0	0	0	0	0
6172981	11936912	-1	678912	455	0	0	455
6177981	-1	-1	0	0	0	0	0
6187982	6386456	-1	1267712	1588	0	0	1588
6196981	-1	-1	0	0	0	0	0
6205982	14549336	-1	1396736	768	0	0	768
6213983	-1	-1	0	0	0	0	0
6219981	17015920	-1	1516544	713	0	0	713
6228981	-1	-1	0	0	0	0	0
6237981	6800112	-1	986016	1160	0	0	1160
6244981	-1	-1	0	0	0	0	0
6250982	5896680	-1	1086464	1474	0	0	1474
6259980	-1	-1	0	0	0	0	0
6268982	6536448	-1	1014784	1242	0	0	1242
6271982	-1	-1	0	0	0	0	0
6280981	9928984	-1	1299456	1047	0	0	1047
6288981	-1	-1	0	0	0	0	0
6296983	-1	-1	0	0	0	0	0
6301982	-1	-1	0	0	0	0	0
6310982	9913632	-1	2317312	1870	0	0	1870
6318981	-1	-1	0	0	0	0	0
6327981	7531456	-1	1249280	1327	0	0	1327
6336981	-1	-1	0	0	0	0	0
6344982	7721768	-1	958464	993	0	0	993
6353981	-1	-1	0	0	0	0	0
6362982	8154480	-1	1335296	1310	0	0	1310
6371982	-1	-1	0	0	0	0	0
6377981	6178784	-1	773120	1001	0	0	1001
6386982	-1	-1	0	0	0	0	0
6394981	8608832	-1	1036288	963	0	0	963
6403981	-1	-1	0	0	0	0	0
6412981	5929672	-1	509952	688	0	0	688
6419982	-1	-1	0	0	0	0	201
6424982	9228336	-1	1148928	996	0	0	996
6433981	-1	-1	0	0	0	0	0
6442981	8061200	-1	1199104	1190	0	0	1190
6446981	-1	-1	0	0	0	0	0
6455981	7257528	-1	1089536	1201	0	0	1201
6464982	-1	-1	0	0	0	0	0
6474982	-1	-1	0	0	0	0	0
6476981	-1	-1	0	0	0	0	0
6485981	8384576	-1	1159168	1106	0	0	1204
6494981	-1	-1	0	0	0	0	0
6503981	6144000	-1	949248	1236	0	0	1236
6512981	-1	-1	0	0	0	0	0
6521981	-1	-1	0	0	0	0	0
6522982	-1	-1	0	0	0	0	0
6531981	11195952	-1	1747968	1249	0	0	1249
6540980	9491424	-1	516096	435	0	0	451
6545981	12000784	-1	984064	656	0	0	656
6554981	-1	-1	0	0	0	0	0
6561981	8605792	-1	1682432	1564	0	0	1564
6566982	-1	-1	0	0	0	0	0
6572981	-1	-1	0	0	0	0	0
6581980	7280704	-1	1546240	1699	0	0	1699
6585981	-1	-1	0	0	0	0	0
6593981	6472952	-1	1254944	1551	0	0	1551
6595981	-1	-1	0	0	0	0	0
6604981	-1	-1	0	0	0	0	0
6613982	10452296	-1	2571264	1968	0	0	1968
6621981	-1	-1	0	0	0	0	0
6628981	-1	-1	0	0	0	0	0
6636981	19528936	-1	2638848	1081	0	0	1081
6639981	-1	-1	0	0	0	0	0
6648981	-1	-1	0	0	0	0	0
6657982	-1	-1	0	0	0	0	0
6663980	-1	-1	0	0	0	0	0
6669980	13091800	-1	2960384	1809	0	0	1809
6674981	-1	-1	0	0	0	0	0
6683981	-1	-1	0	0	0	0	0
6692982	16374840	-1	1829888	894	0	0	928
6694982	-1	-1	0	0	0	0	0
6703981	-1	-1	0	0	0	0	0
6711985	12188096	-1	1249280	820	0	0	820
6721981	15525072	-1	1480704	763	0	0	763
6723981	-1	-1	0	0	0	0	0
6732982	-1	-1	0	0	0	0	0
6741981	13896768	-1	1344512	774	0	0	774
6751980	-1	-1	0	0	0	0	0
6759981	13459120	-1	1182720	703	0	0	703
6768981	16573136	-1	1435648	693	0	0	693
6771981	-1	-1	0	0	0	0	0
6780981	-1	-1	0	0	0	0	0
6789981	-1	-1	0	0	0	0	0
6797981	-1	-1	0	0	0	0	0
6803985	12342616	-1	2082816	1350	0	0	1350
6812982	-1	-1	0	0	0	0	0
6821981	-1	-1	0	0	0	0	0
6827981	-1	-1	0	0	0	0	0
6836982	16529688	-1	1510400	731	0	0	755
6839981	-1	-1	0	0	0	0	0
6848981	17283416	-1	1456128	674	0	0	674
6857981	-1	-1	0	0	0	0	0
6862981	-1	-1	0	0	0	0	0
6871981	-1	-1	0	0	0	0	0
6878981	19104064	-1	2459648	1030	0	0	1030
6887980	-1	-1	0	0	0	0	0
6892981	16867120	-1	2466816	1170	0	0	1170
6901981	-1	-1	0	0	0	0	0
6910982	16076656	-1	2785280	1386	0	0	1386
6919981	-1	-1	0	0	0	0	0
6928981	8604520	-1	2114560	1966	0	0	1966
6937981	-1	-1	0	0	0	0	0
7221192	3206896	-1	1926144	4805	0	0	33205
7229190	5429344	-1	2143232	3158	0	0	3158
7239190	-1	-1	0	0	0	0	0
7248189	5753968	-1	1053696	1465	0	0	1465
7256189	-1	-1	0	0	0	0	0
7265189	6830584	-1	2676736	3135	0	0	3135
7274189	-1	-1	0	0	0	0	0
7283188	9184744	-1	1241088	1081	0	0	1081
7292188	-1	-1	0	0	0	0	0
7301188	12068080	-1	1798144	1192	0	0	1192
7311189	-1	-1	0	0	0	0	0
7315189	-1	-1	0	0	0	0	0
7322189	-1	-1	0	0	0	0	0
7331189	11512928	-1	2030592	1411	0	0	1411
7340188	-1	-1	0	0	0	0	0
7348188	12830432	-1	1538048	959	0	0	959
7355189	-1	-1	0	0	0	0	0
7365189	-1	-1	0	0	0	0	0
7373187	-1	-1	0	0	0	0	0
7381188	9475344	-1	1814528	1532	0	0	1532
7391190	5511256	-1	753664	1094	0	0	1094
7392189	-1	-1	0	0	0	0	0
7401189	-1	-1	0	0	0	0	0
7409189	5411384	-1	998400	1476	0	0	1476
7414189	-1	-1	0	0	0	0	0
7423188	8107448	-1	883712	872	0	0	872
7432189	-1	-1	0	0	0	0	0
7441189	11850024	-1	1967104	1328	0	0	1328
7450188	-1	-1	0	0	0	0	0
7457189	-1	-1	0	0	0	0	0
7466187	12221312	-1	1782784	1167	0	0	1167
7470188	16223376	-1	413696	204	0	0	204
7479190	-1	-1	0	0	0	0	0
7486188	8750016	-1	1156096	1057	0	0	1057
7492189	-1	-1	0	0	0	0	0
7500188	9985152	-1	1352988	1084	0	0	1084
7509189	-1	-1	0	0	0	0	0
7514188	7885888	-1	1767424	1793	0	0	1793
7523187	19393304	-1	712704	294	0	0	305
7528188	17557392	-1	827392	377	0	0	377
7537189	-1	-1	0	0	0	0	0
7546189	-1	-1	0	0	0	0	0
7555187	-1	-1	0	0	0	0	40
7560188	17584392	-1	1965056	894	0	0	894
7570188	-1	-1	0	0	0	0	0
7578188	10976272	-1	1118208	815	0	0	815
7587189	-1	-1	0	0	0	0	0
7596188	23683208	-1	2010112	679	0	0	679
7605188	-1	-1	0	0	0	0	0
7614188	17060040	-1	1757184	824	0	0	824
7623188	-1	-1	0	0	0	0	0
7632188	15793976	-1	2604032	1319	0	0	1319
7641187	-1	-1	0	0	0	0	0
7650187	9790880	-1	2232320	1824	0	0	1824
7657188	-1	-1	0	0	0	0	0
7667188	-1	-1	0	0	0	0	0
7668188	-1	-1	0	0	0	0	0
7677188	8169880	-1	2269184	2222	0	0	2222
7686187	-1	-1	0	0	0	0	0
7695187	-1	-1	0	0	0	0	0
7704188	9131080	-1	1403904	1230	0	0	1291
7706188	-1	-1	0	0	0	0	0
7715188	-1	-1	0	0	0	0	0
7724187	9835352	-1	1219584	992	0	0	992
7733187	-1	-1	0	0	0	0	0
7742188	12950656	-1	1490944	921	0	0	921
7746188	-1	-1	0	0	0	0	0
7753188	-1	-1	0	0	0	0	0
7760188	-1	-1	0	0	0	0	0
7767188	10843704	-1	1687552	1245	0	0	1245
7776188	-1	-1	0	0	0	0	0
7785187	18170736	-1	1655808	729	0	0	729
7795188	-1	-1	0	0	0	0	0
7802189	11005856	-1	1806336	1313	0	0	1313
7811188	-1	-1	0	0	0	0	0
7820187	-1	-1	0	0	0	0	0
7829187	-1	-1	0	0	0	0	0
7835188	14167008	-1	2532352	1430	0	0	1430
7843188	-1	-1	0	0	0	0	0
7850188	16139720	-1	1894400	939	0	0	939
7859188	-1	-1	0	0	0	0	0
7869188	11651776	-1	1334128	916	0	0	916
7878188	-1	-1	0	0	0	0	0
7886188	11699280	-1	1434624	981	0	0	981
7895188	-1	-1	0	0	0	0	0
7905189	15009216	-1	1084416	578	0	0	578
7914188	-1	-1	0	0	0	0	0
7924188	16321464	-1	801792	393	0	0	415
7933188	-1	-1	0	0	0	0	0
7941188	13730504	-1	789504	460	0	0	460
7947188	-1	-1	0	0	0	0	0
7953189	-1	-1	0	0	0	0	0
7961188	-1	-1	0	0	0	0	0
7967188	15137392	-1	2001920	1058	0	0	1058
7974188	-1	-1	0	0	0	0	0
7980188	-1	-1	0	0	0	0	0
7986189	-1	-1	0	0	0	0	0
7995189	16990208	-1	1061888	500	0	0	570
8001188	-1	-1	0	0	0	0	0
8010188	11639600	-1	753664	518	0	0	518
8019189	-1	-1	0	0	0	0	0
8029189	14682400	-1	618496	337	0	0	337
8038189	14826664	-1	1423360	768	0	0	768
8041189	-1	-1	0	0	0	0	0
8050187	-1	-1	0	0	0	0	0
8059188	-1	-1	0	0	0	0	0
8068188	17238616	-1	2292736	1064	0	0	1064
8072189	-1	-1	0	0	0	0	0
8081189	-1	-1	0	0	0	0	0
8090189	-1	-1	0	0	0	0	0
8093187	-1	-1	0	0	0	0	0
8102188	14758104	-1	724992	393	0	0	428
8105188	-1	-1	0	0	0	0	0
8114188	9849800	-1	1143808	929	0	0	929
8123189	-1	-1	0	0	0	0	0
8132190	18321400	-1	1229824	537	0	0	537
8141188	-1	-1	0	0	0	0	0
8148187	9593416	-1	862208	719	0	0	719
8158188	-1	-1	0	0	0	0	0
8167189	17774160	-1	733184	330	0	0	446
8176189	-1	-1	0	0	0	0	0
8182188	17219920	-1	949248	441	0	0	441
8190188	-1	-1	0	0	0	0	0
8199188	9945272	-1	673792	542	0	0	542
8202188	-1	-1	0	0	0	0	0
8210188	16134240	-1	992256	492	0	0	492
8219189	-1	-1	0	0	0	0	0
8228188	11403232	-1	1124644	789	0	0	789
8237188	-1	-1	0	0	0	0	0
8242188	11053176	-1	1127424	816	0	0	827
8250188	-1	-1	0	0	0	0	0
8259188	-1	-1	0	0	0	0	0
8263189	-1	-1	0	0	0	0	0
8272188	10301968	-1	1659904	1289	0	0	1289
8281188	-1	-1	0	0	0	0	0
8289188	-1	-1	0	0	0	0	0
8292188	-1	-1	0	0	0	0	0
8301189	17287056	-1	1921024	889	0	0	967
8309189	-1	-1	0	0	0	0	0
8318199	14729536	-1	939008	510	0	0	510
8323188	-1	-1	0	0	0	0	0
8332188	13050280	-1	657408	403	0	0	403
8341188	13496816	-1	1383424	820	0	0	820
8344188	-1	-1	0	0	0	0	0
8352188	-1	-1	0	0	0	0	0
8361189	16031472	-1	977920	488	0	0	488
8365189	-1	-1	0	0	0	0	0
8372189	14484184	-1	975872	539	0	0	539
8377188	-1	-1	0	0	0	0	0
8386188	-1	-1	0	0	0	0	0
8392189	17875368	-1	1742848	780	0	0	780
8397188	-1	-1	0	0	0	0	0
8402188	-1	-1	0	0	0	0	0
8411188	16469040	-1	1189888	578	0	0	578
8420187	-1	-1	0	0	0	0	0
8425188	-1	-1	0	0	0	0	0
8434188	14326248	-1	1504256	840	0	0	840
8436190	-1	-1	0	0	0	0	0
8444193	-1	-1	24576	74	0	0	76
8449188	20308616	-1	1213440	478	0	0	478
8454189	-1	-1	0	0	0	0	0
8463187	-1	-1	0	0	0	0	0
8472189	18531904	-1	2279424	984	0	0	984
8474188	-1	-1	0	0	0	0	0
8482188	-1	-1	0	0	0	0	0
8491188	-1	-1	0	0	0	0	0
8501188	17310880	-1	1300480	601	0	0	647
8503187	-1	-1	0	0	0	0	0
8512188	-1	-1	0	0	0	0	0
8521188	13228712	-1	1382400	836	0	0	836
8528188	-1	-1	0	0	0	0	0
8534188	18133376	-1	2409472	1063	0	0	1063
8539187	-1	-1	0	0	0	0	0
8548188	-1	-1	0	0	0	0	0
8557188	-1	-1	0	0	0	0	0
8565188	14569664	-1	2170880	1192	0	0	1192
8575188	19369224	-1	1142784	472	0	0	472
8580188	-1	-1	0	0	0	0	0
8589188	-1	-1	0	0	0	0	0
8598189	9991480	-1	1431280	1146	0	0	1146
8607188	-1	-1	0	0	0	0	0
8616188	9663072	-1	1419264	1175	0	0	1175
8620188	-1	-1	0	0	0	0	0
8627187	7512112	-1	1154048	1229	0	0	1229
8635188	-1	-1	0	0	0	0	0
8643187	7894312	-1	733184	743	0	0	743
8652188	-1	-1	0	0	0	0	0
8661188	-1	-1	0	0	0	0	0
8670188	11302048	-1	1748992	1238	0	0	1238
8674189	-1	-1	35840	206	0	0	206
8683188	-1	-1	0	0	0	0	0
8692188	9022120	-1	845824	750	0	0	750
8702188	-1	-1	0	0	0	0	0
8711188	7522376	-1	885760	942	0	0	942
8717188	-1	-1	0	0	0	0	0
8726187	9304632	-1	873472	751	0	0	751
8732188	-1	-1	0	0	0	0	0
8741188	9186240	-1	671744	585	0	0	585
8749188	-1	-1	0	0	0	0	0
8757189	12568072	-1	1470464	936	0	0	936
8764188	-1	-1	0	0	0	0	0
8773188	10363376	-1	1612800	1245	0	0	1245
8779187	-1	-1	0	0	0	0	0
8788188	12523984	-1	1521664	972	0	0	972
8796188	-1	-1	0	0	0	0	0
8805188	-1	-1	0	0	0	0	0
8808187	-1	-1	0	0	0	0	0
8816188	10265840	-1	1627136	1268	0	0	1268
8823188	10108768	-1	1301504	1030	0	0	1068
8827188	-1	-1	0	0	0	0	0
8836188	-1	-1	0	0	0	0	0
8843188	12550744	-1	2323456	1481	0	0	1481
8852187	-1	-1	0	0	0	0	0
8861188	11608984	-1	1356800	935	0	0	935
8871188	-1	-1	0	0	0	0	0
8877188	-1	-1	0	0	0	0	0
8885189	13404480	-1	2040832	1218	0	0	1264
8888189	-1	-1	0	0	0	0	0
8896188	-1	-1	0	0	0	0	0
8899188	-1	-1	0	0	0	0	0
8908187	-1	-1	0	0	0	0	0
8914188	11060464	-1	1342464	971	0	0	1040
8920187	-1	-1	0	0	0	0	0
8925188	10029600	-1	1330176	1061	0	0	1061
8932188	-1	-1	0	0	0	0	0
8939187	9909552	-1	1282048	1035	0	0	1035
8948187	-1	-1	0	0	0	0	0
8957188	10385880	-1	1159324	893	0	0	893
8966188	-1	-1	0	0	0	0	0
8972188	-1	-1	0	0	0	0	0
8977189	-1	-1	0	0	0	0	0
8986193	10447432	-1	1830912	1402	0	0	1402
8995187	-1	-1	0	0	0	0	0
9004188	11191464	-1	1520640	1087	0	0	1087
9011188	-1	-1	0	0	0	0	0
9020188	6994064	-1	1369088	1566	0	0	1566
9029188	-1	-1	0	0	0	0	0
9038188	9115040	-1	970752	852	0	0	852
9047188	-1	-1	0	0	0	0	0
9056188	-1	-1	0	0	0	0	0
9059188	-1	-1	0	0	0	0	0
9068188	10080496	-1	1213440	963	0	0	978
9077188	-1	-1	0	0	0	0	0
9086191	10488168	-1	1071104	817	0	0	817
9096188	-1	-1	0	0	0	0	0
9104190	8576936	-1	730112	681	0	0	681
9112188	-1	-1	0	0	0	0	0
9121188	6543944	-1	1110016	1357	0	0	1357
9130188	-1	-1	0	0	0	0	0
9139188	7214544	-1	952320	1056	0	0	1056
9148188	-1	-1	0	0	0	0	0
9157188	-1	-1	0	0	0	0	0
9161188	-1	-1	0	0	0	0	0
9167188	8065320	-1	1369088	1358	0	0	1358
9176188	-1	-1	0	0	0	0	0
9185188	-1	-1	0	0	0	0	0
9187188	-1	-1	0	0	0	0	0
9196188	11870040	-1	1744896	1176	0	0	1209
9205191	-1	-1	0	0	0	0	0
9214190	-1	-1	0	0	0	0	0
9223190	9821088	-1	2160640	1760	0	0	1760
9225190	-1	-1	0	0	0	0	0
9234190	-1	-1	0	0	0	0	0
9244189	12716904	-1	1821696	1146	0	0	1146
9248187	-1	-1	0	0	0	0	0
9257189	-1	-1	0	0	0	0	0
9262192	-1	-1	0	0	0	0	0
9270192	9813712	-1	1927168	1571	0	0	1571
9276188	11283320	-1	598016	424	0	0	435
9281192	6485688	-1	782336	965	0	0	965
9290191	-1	-1	0	0	0	0	0
9299188	11286752	-1	1523712	1080	0	0	1080
9305187	-1	-1	0	0	0	0	0
9314192	11000688	-1	2598912	1890	0	0	1890
9323188	-1	-1	0	0	0	0	0
9330188	12113232	-1	1315800	869	0	0	869
9339193	-1	-1	0	0	0	0	0
9345192	6147896	-1	1616896	2104	0	0	2104
9352191	-1	-1	0	0	0	0	0
9359190	11245880	-1	1270784	904	0	0	904
9364191	-1	-1	0	0	0	0	0
9370193	6669920	-1	1103872	1324	0	0	1324
9374193	-1	-1	0	0	0	0	0
9383192	-1	-1	0	0	0	0	0
9392192	-1	-1	0	0	0	0	0
9399193	13126392	-1	2380800	1451	0	0	1469
9403192	-1	-1	0	0	0	0	0
9411192	-1	-1	0	0	0	0	0
9420189	9808176	-1	994304	811	0	0	894
9425189	25314624	-1	1544192	488	0	0	488
9433188	-1	-1	0	0	0	0	0
9442188	12856272	-1	1783808	1110	0	0	1110
9450188	-1	-1	0	0	0	0	0
9459192	-1	-1	0	0	0	0	0
9461192	-1	-1	0	0	0	0	0
9470189	8073864	-1	1819648	1803	0	0	1803
9476189	-1	-1	0	0	0	0	0
9486190	10118256	-1	957440	757	0	0	757
9493191	-1	-1	0	0	0	0	0
9503190	10940792	-1	1854464	1356	0	0	1356
9511190	-1	-1	0	0	0	0	0
9517192	9157768	-1	825344	721	0	0	721
9526191	-1	-1	0	0	0	0	0
9536191	-1	-1	0	0	0	0	0
9544190	-1	-1	0	0	0	0	0
9550189	12265048	-1	1914880	1249	0	0	1249
9558189	-1	-1	0	0	0	0	0
9563189	-1	-1	0	0	0	0	0
9572189	12195160	-1	2286592	1500	0	0	1500
9574190	-1	-1	0	0	0	0	0
9583190	-1	-1	0	0	0	0	0
9592193	12689680	-1	2296832	1448	0	0	1448
9601192	-1	-1	0	0	0	0	0
9610190	15095912	-1	2868224	1520	0	0	1520
9619189	-1	-1	0	0	0	0	0
9628190	12205368	-1	2117632	1388	0	0	1388
9637189	-1	-1	0	0	0	0	0
9890534	15181208	-1	2869248	1512	0	0	27945
9898532	16354584	-1	2277376	1114	0	0	1114
9908530	-1	-1	0	0	0	0	0
9917532	9666912	-1	1114112	922	0	0	922
9925532	-1	-1	0	0	0	0	0
9934534	17042056	-1	2068480	971	0	0	1046
9943534	-1	-1	0	0	0	0	0
9952533	14647656	-1	1010688	552	0	0	552
9960532	-1	-1	0	0	0	0	0
9970533	-1	-1	0	0	0	0	0
9980529	20985744	-1	1933312	737	0	0	737
9984529	-1	-1	0	0	0	0	0
9992528	-1	-1	0	0	0	0	0
10001533	18364184	-1	693248	302	0	0	340
10010532	-1	-1	0	0	0	0	0
10018532	17713520	-1	1350656	610	0	0	610
10027532	-1	-1	0	0	0	0	0
10036532	17428752	-1	1827840	839	0	0	839
10046532	-1	-1	0	0	0	0	0
10052531	-1	-1	0	0	0	0	0
10057531	-1	-1	0	0	0	0	0
10066533	13748888	-1	1276928	743	0	0	851
10071532	-1	-1	0	0	0	0	0
10077529	15693112	-1	2279424	1162	0	0	1162
10086529	-1	-1	0	0	0	0	0
10095529	-1	-1	0	0	0	0	0
10105530	17797320	-1	1392640	626	0	0	642
10110530	18511792	-1	356352	154	0	0	154
10119534	2371368	-1	270336	912	0	0	940
10123529	16550808	-1	914432	442	0	0	442
10132528	-1	-1	0	0	0	0	0
10138532	19554464	-1	1016832	416	0	0	416
10147533	-1	-1	0	0	0	0	0
10153532	12417560	-1	1275904	822	0	0	822
10162531	-1	-1	0	0	0	0	0
10166531	-1	-1	0	0	0	0	0
10173531	-1	-1	0	0	0	0	0
10182533	8191888	-1	2297824	2244	0	0	2244
10191532	-1	-1	0	0	0	0	0
10200529	16230304	-1	1081344	533	0	0	533
10206530	-1	-1	0	0	0	0	0
10215529	17708712	-1	1711104	773	0	0	773
10224529	-1	-1	0	0	0	0	0
10234533	12605848	-1	1076224	683	0	0	683
10243532	-1	-1	0	0	0	0	0
10251532	-1	-1	0	0	0	0	0
10255528	-1	-1	0	0	0	0	0
10264528	19063384	-1	1522688	639	0	0	768
10267530	-1	-1	0	0	0	0	0
10276532	25171784	-1	1903616	605	0	0	605
10285535	21411208	-1	1683456	629	0	0	629
10287532	-1	-1	0	0	0	0	0
10296532	-1	-1	0	0	0	0	0
10305531	-1	-1	0	0	0	0	0
10314532	17032032	-1	2476032	1163	0	0	1286
10317529	-1	-1	0	0	0	0	0
10326532	-1	-1	0	0	0	0	0
10335529	24169056	-1	1398784	463	0	0	463
10344529	-1	-1	0	0	0	0	0
10353529	28331896	-1	1961984	554	0	0	554
10361528	-1	-1	0	0	0	0	0
10369532	23450200	-1	2004992	684	0	0	684
10378531	-1	-1	0	0	0	0	0
10385531	17958360	-1	1378304	614	0	0	614
10391531	-1	-1	0	0	0	0	0
10397528	16151192	-1	1136640	563	0	0	563
10406528	-1	-1	0	0	0	0	0
10412529	22343016	-1	1731584	620	0	0	620
10420530	-1	-1	0	0	0	0	0
10429531	20610920	-1	1128448	438	0	0	438
10437531	-1	-1	0	0	0	0	0
10445533	17567496	-1	972800	443	0	0	443
10453532	-1	-1	0	0	0	0	0
10462528	20140016	-1	1273856	506	0	0	506
10470531	-1	-1	0	0	0	0	0
10476532	16468456	-1	1397760	679	0	0	679
10486532	-1	-1	0	0	0	0	0
10495529	13030680	-1	1778688	1092	0	0	1092
10504528	-1	-1	0	0	0	0	0
10509528	-1	-1	0	0	0	0	0
10516528	-1	-1	0	0	0	0	0
10522530	21326424	-1	2567168	963	0	0	963
10530530	-1	-1	0	0	0	0	0
10538532	17470888	-1	880096	403	0	0	403
10547531	-1	-1	0	0	0	0	0
10556530	11724032	-1	1458176	995	0	0	995
10565529	-1	-1	0	0	0	0	0
10574528	12167136	-1	1855488	1220	0	0	1220
10584530	25148008	-1	1260544	401	0	0	401
10588530	-1	-1	0	0	0	0	0
10595529	-1	-1	0	0	0	0	0
10603531	12657440	-1	1613824	1020	0	0	1020
10612531	-1	-1	0	0	0	0	0
10616531	-1	-1	0	0	0	0	0
10625532	-1	-1	0	0	0	0	0
10633530	14319672	-1	3366912	1881	0	0	1881
10643529	-1	-1	0	0	0	0	0
10650529	-1	-1	0	0	0	0	0
10657529	-1	-1	0	0	0	0	0
10665530	22419032	-1	2054144	733	0	0	847
10675530	-1	-1	0	0	0	0	0
10684530	20089424	-1	1027072	409	0	0	427
10693529	-1	-1	0	0	0	0	0
10701529	-1	-1	0	0	0	0	0
10708529	-1	-1	0	0	0	0	0
10717531	16714240	-1	1606656	769	0	0	813
10726531	-1	-1	0	0	0	0	0
10730531	-1	-1	0	0	0	0	0
10738530	19618168	-1	2167808	884	0	0	998
10741530	-1	-1	0	0	0	0	0
10750530	-1	-1	0	0	0	0	0
10758531	22861392	-1	983040	344	0	0	344
10768531	-1	-1	0	0	0	0	0
10778531	21813856	-1	946176	347	0	0	347
10786530	-1	-1	0	0	0	0	0
10793530	25534640	-1	900096	282	0	0	323
10802529	-1	-1	0	0	0	0	0
10811529	19877128	-1	1147904	462	0	0	462
10820529	-1	-1	0	0	0	0	0
10828529	24517488	-1	858112	280	0	0	319
10837528	20205672	-1	1093632	433	0	0	433
10841528	-1	-1	0	0	0	0	0
10850528	-1	-1	0	0	0	0	0
10857529	-1	-1	0	0	0	0	0
10862529	-1	-1	0	0	0	0	0
10871530	8106080	-1	2511872	2479	0	0	2479
10881529	-1	-1	0	0	0	0	0
10890528	15318608	-1	1089536	569	0	0	569
10896528	-1	-1	0	0	0	0	0
10905528	13529136	-1	1111080	657	0	0	657
10914528	-1	-1	0	0	0	0	0
