17348788	18010264	-1	1519616	675	0	0	675
17351795	-1	-1	0	0	0	0	0
17356786	4912904	-1	1314816	2141	0	0	2141
17360786	6124648	-1	1944576	2540	0	0	2540
17362797	-1	-1	0	0	0	0	0
17365795	4488768	-1	327680	584	0	0	676
17369793	5721264	-1	1382400	1933	0	0	1933
17370798	-1	-1	0	0	0	0	0
17374790	8293336	-1	2095104	2021	0	0	2021
17376795	15196624	-1	666752	351	0	0	425
17377793	10248920	-1	882688	689	0	0	689
17380789	14889736	-1	2306048	1239	0	0	1239
17381788	-1	-1	0	0	0	0	0
17383789	-1	-1	0	0	0	0	0
17385791	-1	-1	0	0	0	0	0
17386798	7660048	-1	368640	385	0	0	461
17388786	7550776	-1	1881088	1993	0	0	1993
17389790	9097112	-1	1214464	1068	0	0	1068
17390787	11676992	-1	264192	181	0	0	181
17391788	12302752	-1	1281024	833	0	0	833
17392790	18665320	-1	1105920	474	0	0	474
17394790	-1	-1	90112	143	0	0	155
17396786	15440464	-1	1793024	929	0	0	929
17398787	12617368	-1	1529856	970	0	0	970
17399792	-1	-1	0	0	0	0	0
17400800	-1	-1	0	0	0	0	0
17402789	15576936	-1	2628608	1350	0	0	1350
17403801	-1	-1	0	0	0	0	0
17405799	-1	-1	0	0	0	0	0
17406789	7858704	-1	458752	467	0	0	620
17407786	7599160	-1	1010688	1064	0	0	1064
17409792	6969808	-1	1728512	1984	0	0	1984
17410788	6007464	-1	822272	1095	0	0	1095
17412794	16017992	-1	3988480	1992	0	0	1992
17418786	-1	-1	8192	3474	0	0	3474
17420787	13634792	-1	3011584	1767	0	0	1767
17421795	13990312	-1	1232896	705	0	0	739
17422787	8183768	-1	1017856	995	0	0	995
17424789	-1	-1	8192	101	0	0	309
17426786	6611488	-1	1777664	2151	0	0	2151
17428790	13440520	-1	1659904	988	0	0	988
17431793	32637968	-1	257024	63	0	0	63
17433793	-1	-1	0	0	0	0	0
17434794	-1	-1	0	0	0	0	0
17436793	14625392	-1	2691072	1472	0	0	1472
17437787	21323296	-1	181248	68	0	0	68
17438786	-1	-1	0	0	0	0	0
17440787	-1	-1	0	0	0	0	1603
17441789	-1	-1	0	0	0	0	1002
17443791	1708824	-1	978944	4583	0	0	4583
17444787	14319872	-1	1818624	1016	0	0	1016
17446788	15093984	-1	3762176	1994	0	0	1994
17447788	13768992	-1	1666048	968	0	0	968
17448791	17618680	-1	920576	418	0	0	418
17450787	12094624	-1	704512	466	0	0	477
17452796	17855008	-1	720896	323	0	0	323
17453794	-1	-1	0	0	0	0	104
17455787	12498400	-1	1510744	967	0	0	967
17457793	10426184	-1	903168	693	0	0	693
17459789	-1	-1	0	0	0	0	0
17462792	-1	-1	0	0	0	0	0
17466789	6014280	-1	783360	1042	0	0	1042
17469792	-1	-1	0	0	0	0	89
17471792	9406648	-1	1054720	897	0	0	897
17474789	-1	-1	0	0	0	0	0
17475800	-1	-1	0	0	0	0	0
17477791	8771232	-1	434176	396	0	0	396
17479790	14466720	-1	1699840	940	0	0	940
17481792	-1	-1	0	0	0	0	0
17484787	-1	-1	0	0	0	0	0
17486788	10435672	-1	1638400	1256	0	0	1257
17487788	12762360	-1	1584128	993	0	0	993
17491787	11144072	-1	154624	111	0	0	111
17493798	9874056	-1	787456	638	0	0	638
17495787	8020256	-1	478208	477	0	0	528
17497794	9901352	-1	314368	254	0	0	254
17499787	-1	-1	0	0	0	0	0
17501787	11037640	-1	1048576	760	0	0	760
17503792	7815168	-1	488448	500	0	0	500
17505790	13326264	-1	598016	359	0	0	359
17506792	6453000	-1	459776	570	0	0	570
17507799	-1	-1	95232	39	0	0	39
17509788	7927744	-1	706560	713	0	0	713
17510796	19002064	-1	460800	194	0	0	194
17512793	9439176	-1	736256	624	0	0	624
17513799	-1	-1	0	0	0	0	0
17521031	13643512	-1	1896448	1112	0	0	1112
17522019	-1	-1	0	0	0	0	0
17524021	-1	-1	0	0	0	0	0
17526017	-1	-1	0	0	0	0	0
17528025	-1	-1	0	0	0	0	0
17530019	-1	-1	0	0	0	0	0
17532022	-1	-1	0	0	0	0	0
17535020	-1	-1	0	0	0	0	0
17539018	-1	-1	0	0	0	0	0
17541024	9794784	-1	675840	552	0	0	552
17543021	6539072	-1	368640	451	0	0	451
17545019	-1	-1	81920	119	0	0	119
17549019	11106208	-1	2189312	1577	0	0	1577
17551031	-1	-1	0	0	0	0	0
17554019	-1	-1	0	0	0	0	0
17555021	-1	-1	0	0	0	0	0
17557025	6552736	-1	772404	943	0	0	951
17558024	10930536	-1	474112	347	0	0	347
17560017	6844944	-1	447488	523	0	0	523
17562028	12011728	-1	1024000	682	0	0	682
17563029	11579304	-1	987136	682	0	0	682
17564018	-1	-1	0	0	0	0	0
17565020	-1	-1	73728	189	0	0	189
17568026	8532856	-1	769024	721	0	0	721
17572017	14272984	-1	2319360	1300	0	0	1300
17575021	-1	-1	0	0	0	0	0
17578019	-1	-1	0	0	0	0	0
17580020	-1	-1	0	0	0	0	0
17581031	-1	-1	0	0	0	0	0
17586018	15964272	-1	4517888	2264	0	0	2264
17588031	-1	-1	0	0	0	0	0
17590019	-1	-1	0	0	0	0	0
17592018	12324248	-1	1392640	904	0	0	916
17596023	14531264	-1	819200	451	0	0	451
17598017	12224536	-1	1282048	839	0	0	839
17599019	-1	-1	0	0	0	0	0
17600019	14131200	-1	565248	320	0	0	354
17602018	14352488	-1	1114112	621	0	0	621
17604026	11477968	-1	769024	536	0	0	536
17605017	-1	-1	0	0	0	0	0
17607021	10875208	-1	1016832	748	0	0	748
17608023	-1	-1	0	0	0	0	0
17611032	8611080	-1	883712	821	0	0	821
17612023	-1	-1	0	0	0	0	0
17616021	9973256	-1	1158144	929	0	0	929
17619019	6564544	-1	491520	599	0	0	599
17621018	-1	-1	0	0	0	0	0
17622027	-1	-1	0	0	0	0	0
17623020	-1	-1	0	0	0	0	3
17625031	4372952	-1	1075200	1967	0	0	2011
17627018	7278256	-1	1174528	1291	0	0	1291
17629030	2922336	-1	759808	2080	0	0	2080
17630023	-1	-1	40960	355	0	0	355
17635017	1906048	-1	1069056	4487	0	0	4487
17638025	3363336	-1	947200	2253	0	0	2253
17639022	4791776	-1	405504	677	0	0	677
17643018	-1	-1	122880	236	0	0	237
17645032	6544384	-1	1163264	1422	0	0	1422
17650022	-1	-1	0	0	0	0	0
17653026	5578840	-1	745472	1069	0	0	1069
17658028	-1	-1	0	0	0	0	0
17661026	-1	-1	0	0	0	0	0
17662018	6470880	-1	496640	614	0	0	620
17663022	17530128	-1	668336	305	0	0	305
17664019	11128072	-1	628736	452	0	0	499
17666018	7735304	-1	555008	574	0	0	574
17667023	-1	-1	0	0	0	0	0
17670018	-1	-1	0	0	0	0	0
17675018	8869344	-1	710656	641	0	0	676
17677018	11778544	-1	1183744	804	0	0	804
17681018	8345248	-1	613376	588	0	0	588
17682023	-1	-1	0	0	0	0	0
17684031	6532184	-1	499712	612	0	0	659
17685020	5059056	-1	648192	1025	0	0	1025
17687029	-1	-1	113664	194	0	0	194
17689030	-1	-1	0	0	0	0	0
17691019	7721768	-1	319488	331	0	0	437
17693017	10368448	-1	1487872	1148	0	0	1148
17694030	9144912	-1	609280	533	0	0	533
17695018	-1	-1	0	0	0	0	0
17697018	10658704	-1	1199104	900	0	0	900
17698020	-1	-1	0	0	0	0	0
17699030	-1	-1	0	0	0	0	0
17703018	9486912	-1	712704	601	0	0	601
17704028	-1	-1	0	0	0	0	0
17706024	11601016	-1	916480	632	0	0	632
17708021	8727064	-1	484352	444	0	0	444
17709017	-1	-1	0	0	0	0	0
17711026	12881064	-1	1189888	739	0	0	739
17713017	-1	-1	0	0	0	0	0
17715022	-1	-1	0	0	0	0	0
17716018	-1	-1	0	0	0	0	0
17717018	-1	-1	0	0	0	0	70
17719021	10190680	-1	1216512	955	0	0	955
17721030	-1	-1	0	0	0	0	0
17724018	-1	-1	0	0	0	0	0
17728024	12789280	-1	1985536	1242	0	0	1242
17729032	-1	-1	0	0	0	0	0
17732018	-1	-1	65536	119	0	0	144
17734025	12351672	-1	595968	386	0	0	386
17736021	7785112	-1	587776	604	0	0	604
17738020	-1	-1	107520	76	0	0	76
17741021	12459736	-1	1745920	1121	0	0	1121
17742018	14416000	-1	922624	512	0	0	512
17744023	11861720	-1	655360	442	0	0	490
17746018	12461560	-1	735232	472	0	0	472
17748031	-1	-1	65536	107	0	0	260
17752033	5117400	-1	1259520	1969	0	0	1969
17756023	5446472	-1	875520	1286	0	0	1286
17759025	10761312	-1	295936	220	0	0	220
17761023	-1	-1	0	0	0	0	0
17762025	-1	-1	0	0	0	0	0
17764029	11408712	-1	1083828	760	0	0	781
17765020	13143360	-1	967680	589	0	0	589
17766020	-1	-1	0	0	0	0	16
17768018	5926728	-1	1082368	1461	0	0	1461
17772031	-1	-1	0	0	0	0	0
17775029	-1	-1	0	0	0	0	0
17776018	7281776	-1	270336	297	0	0	303
17778026	10637488	-1	1438720	1082	0	0	1082
17780028	-1	-1	0	0	0	0	0
17782018	-1	-1	0	0	0	0	0
17786025	9786224	-1	1043456	853	0	0	953
17789030	-1	-1	0	0	0	0	0
17792018	8738136	-1	688128	630	0	0	636
17795021	5610960	-1	460800	657	0	0	657
17798021	13118048	-1	1238016	755	0	0	755
17799018	-1	-1	0	0	0	0	0
17800027	-1	-1	0	0	0	0	0
17804029	-1	-1	0	0	0	0	0
17806024	11435968	-1	2068480	1447	0	0	1447
17807029	-1	-1	0	0	0	0	0
17808019	-1	-1	0	0	0	0	0
17813021	-1	-1	0	0	0	0	0
17815018	14078824	-1	1920000	1091	0	0	1091
17816018	-1	-1	0	0	0	0	0
17819024	-1	-1	0	0	0	0	0
17822020	-1	-1	0	0	0	0	0
17823031	-1	-1	0	0	0	0	0
17827032	11956152	-1	1291264	864	0	0	864
17829029	9871688	-1	1077248	873	0	0	873
17830023	-1	-1	0	0	0	0	0
17831032	-1	-1	8192	240	0	0	268
17835024	10838712	-1	2688000	1984	0	0	1984
17838028	13610184	-1	753664	443	0	0	445
17840029	5917584	-1	1478656	1999	0	0	2001
17842032	3146344	-1	671744	1708	0	0	2003
17846024	-1	-1	16384	4233	0	0	4233
17848025	1250008	-1	286720	1835	0	0	2001
17851027	1037168	-1	393216	3033	0	0	3033
17854020	-1	-1	0	0	0	0	2993
17857030	-1	-1	0	0	0	0	3009
17861029	-1	-1	0	0	0	0	3999
17864025	-1	-1	0	0	0	0	2995
17867027	-1	-1	0	0	0	0	3001
17878026	2172992	-1	1490944	5489	0	0	10999
17883028	5764448	-1	3024896	4198	0	0	4198
17886021	7736888	-1	974848	1008	0	0	1008
17888023	7619440	-1	531456	558	0	0	558
17892021	15461960	-1	446464	231	0	0	231
17894023	-1	-1	0	0	0	0	0
17898018	10476448	-1	1292532	987	0	0	987
17900022	-1	-1	0	0	0	0	0
17903031	-1	-1	0	0	0	0	0
17908027	9740656	-1	1822720	1497	0	0	1583
17911032	-1	-1	0	0	0	0	0
17914020	8516520	-1	994304	934	0	0	934
17917019	3304840	-1	168960	409	0	0	409
17919021	4039888	-1	221184	438	0	0	448
17923026	8044752	-1	1678336	1669	0	0	1669
17924031	4534856	-1	253952	448	0	0	467
17926023	11530296	-1	537600	373	0	0	373
17928020	-1	-1	0	0	0	0	0
17930032	6901232	-1	963584	1117	0	0	1117
17934019	4589440	-1	490496	855	0	0	855
17937021	-1	-1	99328	93	0	0	93
17939020	2299712	-1	411648	1432	0	0	1432
17940021	-1	-1	32768	915	0	0	915
17941020	-1	-1	40960	730	0	0	730
17942018	1881808	-1	376832	1602	0	0	1602
17944028	670176	-1	155648	1858	0	0	1858
17949030	555336	-1	342016	4927	0	0	4927
17951018	-1	-1	81920	2040	0	0	2040
17952020	-1	-1	98304	912	0	0	1002
17953020	1139760	-1	163840	1150	0	0	1150
17955018	1695456	-1	425984	2010	0	0	2010
17956020	3375520	-1	434176	1029	0	0	1029
17960017	4284296	-1	2073600	3872	0	0	3872
17961028	-1	-1	113664	94	0	0	94
17966021	7979080	-1	1534976	1539	0	0	1539
17969022	-1	-1	40960	127	0	0	156
17972027	8667360	-1	560128	517	0	0	517
17973020	-1	-1	0	0	0	0	91
17976031	6136912	-1	886784	1156	0	0	1156
17979028	-1	-1	0	0	0	0	0
17982028	6383376	-1	798720	1001	0	0	1001
17983020	-1	-1	0	0	0	0	341
17985018	2289760	-1	632832	2211	0	0	2211
17988024	-1	-1	65536	1793	0	0	1793
17990029	-1	-1	70656	2191	0	0	2191
17992021	-1	-1	40960	1763	0	0	1992
17994020	-1	-1	0	0	0	0	1998
17996018	914192	-1	472064	4131	0	0	4131
17998018	2643520	-1	745472	2256	0	0	2256
18002017	1547168	-1	753664	3897	0	0	3999
18004020	6911840	-1	1371136	1587	0	0	1587
18005018	-1	-1	0	0	0	0	0
18010019	9799776	-1	524288	428	0	0	-1
18014024	10947488	-1	451584	330	0	0	-1
18017019	7362576	-1	663552	721	0	0	-1
18019023	13331720	-1	2249728	1350	0	0	-1
18021026	-1	-1	0	0	0	0	-1
18023020	-1	-1	0	0	0	0	-1
18027022	-1	-1	0	0	0	0	-1
18029019	-1	-1	0	0	0	0	-1
18035019	-1	-1	0	0	0	0	-1
18045547	-1	-1	24576	2971	0	0	9463
18047545	1571296	-1	393216	2002	0	0	2002
18049542	1689944	-1	409600	1939	0	0	1939
18050546	2338248	-1	294912	1009	0	0	1009
18055541	1621400	-1	1015808	5012	0	0	5012
18060545	3906952	-1	190464	390	0	0	390
18062538	-1	-1	0	0	0	0	0
18067544	-1	-1	0	0	0	0	0
18070550	-1	-1	0	0	0	0	0
18073541	-1	-1	0	0	0	0	0
18075543	-1	-1	0	0	0	0	0
18080552	1354416	-1	783360	4627	0	0	4673
18083545	7184888	-1	1198080	1334	0	0	1334
18085546	-1	-1	0	0	0	0	150
18086541	5531288	-1	755712	1093	0	0	1093
18087540	8974072	-1	1163264	1037	0	0	1037
18089545	10349600	-1	1232896	953	0	0	953
18090544	-1	-1	0	0	0	0	0
18092546	6352976	-1	583680	735	0	0	812
18093545	11287448	-1	369664	262	0	0	262
18094541	-1	-1	0	0	0	0	0
18096545	9989400	-1	887808	711	0	0	711
18099539	9366552	-1	963584	823	0	0	823
18103543	-1	-1	48040	4	0	0	4
18104541	-1	-1	0	0	0	0	0
18106540	-1	-1	0	0	0	0	0
18107544	4223120	-1	306176	580	0	0	731
18108551	3773608	-1	365568	775	0	0	775
18109543	4752192	-1	352256	593	0	0	601
18112542	8355648	-1	888832	851	0	0	851
18114541	-1	-1	98304	292	0	0	310
18116549	9948792	-1	533504	429	0	0	429
18117550	-1	-1	0	0	0	0	103
18119541	7899432	-1	857088	868	0	0	868
18121543	4104808	-1	477184	930	0	0	930
18122539	16020808	-1	406528	203	0	0	203
18123545	8753384	-1	862208	788	0	0	788
18124545	-1	-1	0	0	0	0	0
18126543	-1	-1	0	0	0	0	0
18128539	-1	-1	0	0	0	0	0
18130540	7574488	-1	1557504	1645	0	0	1645
18131539	-1	-1	0	0	0	0	0
18132539	-1	-1	0	0	0	0	0
18134539	-1	-1	0	0	0	0	0
18136540	6126536	-1	628736	821	0	0	825
18137540	7994712	-1	871424	872	0	0	872
18139541	8499320	-1	906240	853	0	0	853
18140544	12120816	-1	148480	98	0	0	98
18142540	6689744	-1	291840	349	0	0	415
18144545	11315048	-1	482304	341	0	0	341
18145542	-1	-1	0	0	0	0	0
18147540	6960520	-1	1064960	1224	0	0	1224
18149543	4867712	-1	335872	552	0	0	563
18150544	9161552	-1	667648	583	0	0	583
18152538	-1	-1	122880	242	0	0	244
18154538	17145112	-1	876544	409	0	0	409
18155544	-1	-1	0	0	0	0	0
18156539	-1	-1	0	0	0	0	0
18158539	5098272	-1	450560	707	0	0	710
18159539	10439448	-1	1098752	842	0	0	842
18162540	8720520	-1	1182720	1085	0	0	1085
18163548	-1	-1	0	0	0	0	0
18166550	5079040	-1	253952	400	0	0	569
18168548	-1	-1	114688	451	0	0	1998
18169540	2430304	-1	756736	2491	0	0	2491
18173539	-1	-1	0	0	0	0	0
18177544	5376000	-1	516096	768	0	0	782
18181539	8226592	-1	1217536	1184	0	0	1184
18184548	-1	-1	0	0	0	0	0
18189542	7884952	-1	657408	667	0	0	667
18193538	3945312	-1	147456	299	0	0	303
18197542	10154664	-1	365568	288	0	0	288
18202540	5949744	-1	274432	369	0	0	531
18206545	8409760	-1	167144	159	0	0	159
18211543	-1	-1	0	0	0	0	0
18215549	6552536	-1	1260544	1539	0	0	1539
18217551	-1	-1	0	0	0	0	0
18222542	9189368	-1	2075648	1807	0	0	1807
18226547	-1	-1	0	0	0	0	0
18230543	-1	-1	0	0	0	0	0
18233552	-1	-1	0	0	0	0	0
18238546	8528656	-1	1712128	1606	0	0	1606
18241549	10658816	-1	2013184	1511	0	0	1511
18243546	-1	-1	0	0	0	0	0
18248539	-1	-1	0	0	0	0	0
18253544	-1	-1	0	0	0	0	0
18256542	11932328	-1	1597440	1071	0	0	1071
18257540	-1	-1	0	0	0	0	0
18261540	10180208	-1	1394688	1096	0	0	1096
18264545	-1	-1	102400	62	0	0	62
18268548	12488712	-1	860160	551	0	0	552
18272547	11525296	-1	835584	580	0	0	580
18276544	-1	-1	0	0	0	0	0
18279552	-1	-1	0	0	0	0	0
18283547	8587472	-1	311296	290	0	0	309
18287546	13827704	-1	1434624	830	0	0	850
18292554	8823184	-1	672768	610	0	0	610
18294541	-1	-1	0	0	0	0	0
18299541	10082464	-1	458752	364	0	0	364
18303539	13996928	-1	528384	302	0	0	302
18304548	-1	-1	0	0	0	0	0
18309543	-1	-1	0	0	0	0	0
18313538	-1	-1	0	0	0	0	2
18317547	11589968	-1	1802240	1244	0	0	1244
18322542	-1	-1	0	0	0	0	0
18327553	-1	-1	0	0	0	0	0
18330539	10660368	-1	1317888	989	0	0	1091
18333542	17557544	-1	1577984	719	0	0	719
18338539	-1	-1	0	0	0	0	0
18343541	-1	-1	0	0	0	0	0
18347540	8291176	-1	856064	826	0	0	826
18349540	-1	-1	0	0	0	0	0
18353551	8245896	-1	1410048	1368	0	0	1368
18354543	-1	-1	0	0	0	0	0
18359542	-1	-1	0	0	0	0	0
18364548	-1	-1	0	0	0	0	0
18365543	-1	-1	0	0	0	0	0
18370552	11828808	-1	1648640	1115	0	0	1115
18372540	-1	-1	0	0	0	0	0
18376547	-1	-1	0	0	0	0	0
18378550	6570664	-1	551936	672	0	0	724
18382551	11226072	-1	757760	540	0	0	540
18384539	6342192	-1	147456	186	0	0	188
18388546	3652952	-1	439724	963	0	0	963
18393549	-1	-1	0	0	0	0	0
18398549	6361440	-1	644096	810	0	0	810
18400542	-1	-1	0	0	0	0	0
18405553	8487448	-1	647168	610	0	0	610
18408539	-1	-1	0	0	0	0	0
18413552	6598120	-1	758784	920	0	0	920
18417543	-1	-1	0	0	0	0	0
18422550	10898024	-1	754688	554	0	0	630
18423540	10373200	-1	637952	492	0	0	492
18426547	-1	-1	0	0	0	0	0
18430550	-1	-1	0	0	0	0	0
18435552	8990496	-1	933888	831	0	0	831
18439553	-1	-1	0	0	0	0	0
18444552	-1	-1	0	0	0	0	0
18448539	-1	-1	49152	158	0	0	165
18452548	12452832	-1	1547264	994	0	0	998
18456546	-1	-1	0	0	0	0	0
18461546	8880704	-1	752640	678	0	0	678
18463546	-1	-1	0	0	0	0	0
18467538	-1	-1	0	0	0	0	0
18468539	-1	-1	0	0	0	0	0
18473549	8566664	-1	866304	809	0	0	809
18477544	10216856	-1	904192	708	0	0	708
18478538	-1	-1	0	0	0	0	0
18483542	-1	-1	0	0	0	0	139
18487543	8070640	-1	953344	945	0	0	945
18491549	-1	-1	0	0	0	0	71
18495551	9581008	-1	621568	519	0	0	519
18500552	-1	-1	16384	88	0	0	118
18504543	12266176	-1	863232	563	0	0	563
18509541	-1	-1	0	0	0	0	93
18513547	10452824	-1	766976	587	0	0	587
18518546	-1	-1	0	0	0	0	0
18521554	-1	-1	0	0	0	0	0
18524539	8030816	-1	867328	864	0	0	934
18528539	16405784	-1	771072	376	0	0	376
18529546	-1	-1	0	0	0	0	0
18534541	-1	-1	0	0	0	0	0
18535550	-1	-1	0	0	0	0	0
18540546	11373048	-1	1094656	770	0	0	836
18544545	-1	-1	0	0	0	0	0
18549539	9496648	-1	641024	540	0	0	540
18553543	-1	-1	0	0	0	0	0
18558546	9660104	-1	336896	279	0	0	386
18572659	14467888	-1	2443264	1351	0	0	1351
18577659	-1	-1	0	0	0	0	0
18582665	-1	-1	0	0	0	0	0
18585668	-1	-1	0	0	0	0	0
18588668	-1	-1	0	0	0	0	0
18590665	-1	-1	0	0	0	0	0
18593662	-1	-1	0	0	0	0	0
18595665	10525672	-1	669696	509	0	0	575
18598659	9222552	-1	540672	469	0	0	469
18602659	-1	-1	0	0	0	0	0
18603658	-1	-1	0	0	0	0	0
18606670	11736704	-1	1318912	899	0	0	899
18607661	-1	-1	0	0	0	0	0
18608659	8584064	-1	425984	397	0	0	400
18612666	11922288	-1	333824	224	0	0	224
18615660	-1	-1	0	0	0	0	74
18618659	11515976	-1	1099776	764	0	0	764
18623660	-1	-1	0	0	0	0	126
18626668	11781528	-1	1226752	833	0	0	833
18628660	11101728	-1	507904	366	0	0	370
18631663	18609888	-1	1044480	449	0	0	449
18633661	12503576	-1	386048	247	0	0	278
18635660	14156568	-1	585728	331	0	0	331
18640664	9028680	-1	740352	656	0	0	656
18641666	10453768	-1	388096	297	0	0	297
18644663	-1	-1	0	0	0	0	106
18646663	12461216	-1	1252352	804	0	0	804
18649669	-1	-1	0	0	0	0	0
18652659	-1	-1	0	0	0	0	0
18656665	4532560	-1	972800	1717	0	0	1717
18657659	-1	-1	0	0	0	0	0
18661664	7407480	-1	918528	992	0	0	992
18662669	-1	-1	0	0	0	0	0
18667664	7093880	-1	661504	746	0	0	1017
18670664	10233008	-1	1124352	879	0	0	879
18675666	-1	-1	0	0	0	0	0
18679668	-1	-1	0	0	0	0	0
18683670	11535520	-1	1593344	1105	0	0	1137
18684665	-1	-1	0	0	0	0	0
18686668	-1	-1	0	0	0	0	0
18690669	13165712	-1	1013760	616	0	0	616
18691659	14129320	-1	385024	218	0	0	219
18694660	12893608	-1	1013760	629	0	0	629
18697659	-1	-1	0	0	0	0	0
18701660	16508120	-1	1498112	726	0	0	726
18705663	-1	-1	0	0	0	0	0
18708666	-1	-1	0	0	0	0	0
18709660	10963984	-1	996352	727	0	0	776
18711668	20845184	-1	1081344	415	0	0	415
18712659	-1	-1	0	0	0	0	0
18714658	-1	-1	0	0	0	0	0
18715668	-1	-1	0	0	0	0	0
18720662	17435184	-1	1665060	764	0	0	764
18724663	-1	-1	0	0	0	0	0
18725672	-1	-1	0	0	0	0	0
18728659	8426056	-1	221184	210	0	0	220
18730668	15317920	-1	1118208	584	0	0	584
18732660	14083160	-1	570368	324	0	0	415
18735664	-1	-1	0	0	0	0	0
18737660	10375560	-1	724992	559	0	0	559
18738659	-1	-1	0	0	0	0	0
18739673	15872000	-1	412672	208	0	0	244
18743667	15018664	-1	371712	198	0	0	198
18747659	-1	-1	0	0	0	0	0
18752670	-1	-1	0	0	0	0	0
18755659	7424776	-1	307200	331	0	0	379
18759666	19861424	-1	608256	245	0	0	299
18761664	-1	-1	0	0	0	0	0
18765658	-1	-1	0	0	0	0	0
18766662	-1	-1	0	0	0	0	0
18771665	10882656	-1	1114112	819	0	0	947
18774667	-1	-1	0	0	0	0	0
18775667	-1	-1	0	0	0	0	0
18776665	5718616	-1	333824	467	0	0	480
18778661	17340336	-1	984064	454	0	0	454
18779664	10587992	-1	475136	359	0	0	391
18783661	10322864	-1	223232	173	0	0	173
18787672	6826664	-1	1233920	1446	0	0	1446
18789666	-1	-1	0	0	0	0	0
18793664	-1	-1	0	0	0	0	0
18798663	10650872	-1	856064	643	0	0	643
18801660	7077496	-1	890880	1007	0	0	1007
18804669	-1	-1	0	0	0	0	0
18809659	-1	-1	0	0	0	0	0
18812659	-1	-1	0	0	0	0	0
18817659	12646888	-1	1659904	1050	0	0	1061
18819659	-1	-1	0	0	0	0	0
18824667	6480240	-1	217088	268	0	0	311
18828670	11211408	-1	463872	331	0	0	331
18833663	10938048	-1	970752	710	0	0	710
18835666	-1	-1	0	0	0	0	0
18836665	-1	-1	0	0	0	0	0
18841667	9128232	-1	798720	700	0	0	700
18845672	9065040	-1	637952	563	0	0	563
18848660	-1	-1	0	0	0	0	0
18851668	-1	-1	0	0	0	0	0
18855659	10951936	-1	893952	653	0	0	653
18858668	-1	-1	0	0	0	0	30
18862673	13360848	-1	1855488	1111	0	0	1111
18867662	2925712	-1	204800	560	0	0	572
18871662	12470424	-1	1145720	735	0	0	735
18875662	-1	-1	0	0	0	0	0
18879662	-1	-1	0	0	0	0	0
18883662	12141576	-1	1570816	1035	0	0	1035
18884659	-1	-1	0	0	0	0	0
18885666	-1	-1	0	0	0	0	0
18886662	-1	-1	0	0	0	0	0
18888660	10037952	-1	1119232	892	0	0	957
18891659	19011176	-1	815104	343	0	0	416
18894660	-1	-1	0	0	0	0	0
18897672	-1	-1	0	0	0	0	0
18900666	10048520	-1	1235968	984	0	0	984
18901660	-1	-1	0	0	0	0	0
18902674	-1	-1	0	0	0	0	0
18906664	-1	-1	0	0	0	0	0
18910660	10494968	-1	1306624	996	0	0	1058
18911670	-1	-1	0	0	0	0	0
18915660	9665384	-1	671744	556	0	0	559
18919672	13153352	-1	817152	497	0	0	497
18923662	-1	-1	0	0	0	0	123
18927668	9419440	-1	1422336	1208	0	0	1208
18931659	-1	-1	0	0	0	0	0
18935670	11722768	-1	775168	529	0	0	529
18938669	-1	-1	0	0	0	0	0
18943668	8084448	-1	461824	457	0	0	457
18947659	-1	-1	0	0	0	0	107
18949665	8311376	-1	570368	549	0	0	549
18951659	9387120	-1	442368	377	0	0	377
18953663	8643976	-1	156672	145	0	0	145
18956662	-1	-1	0	0	0	0	171
18960676	3541296	-1	493568	1115	0	0	1115
18962664	-1	-1	24576	117	0	0	134
18964665	8788032	-1	1298432	1182	0	0	1182
18965660	7569568	-1	772096	816	0	0	816
18967660	13563064	-1	615424	363	0	0	363
18971673	-1	-1	0	0	0	0	0
18976661	13756376	-1	2187264	1272	0	0	1272
18980660	-1	-1	0	0	0	0	0
18985665	-1	-1	0	0	0	0	0
18990661	3715024	-1	1003520	2161	0	0	2838
18992664	-1	-1	73728	1573	0	0	2002
18995660	339360	-1	139264	3283	0	0	3283
18998666	2725360	-1	1227776	3604	0	0	3604
19002660	1480672	-1	580608	3137	0	0	3137
19006664	-1	-1	0	0	0	0	0
19008672	-1	-1	65536	346	0	0	370
19012659	3728504	-1	1781760	3823	0	0	3823
19016669	4941912	-1	340992	552	0	0	552
19020662	3441352	-1	1525380	3546	0	0	3546
19025662	-1	-1	0	0	0	0	51
19028661	2746808	-1	1045504	3045	0	0	3045
19031665	-1	-1	68608	61	0	0	61
19036665	7091184	-1	1358848	1533	0	0	1533
19040673	-1	-1	0	0	0	0	0
19045661	6428280	-1	567296	706	0	0	706
19048669	-1	-1	0	0	0	0	0
19053669	-1	-1	0	0	0	0	0
19055667	-1	-1	0	0	0	0	0
19060671	8894560	-1	1335296	1201	0	0	-1
19064661	-1	-1	0	0	0	0	-1
19067660	8314496	-1	1668096	1605	0	0	-1
19072664	-1	-1	0	0	0	0	-1
19076671	-1	-1	0	0	0	0	-1
19081662	8457480	-1	1370112	1296	0	0	-1
19084663	-1	-1	0	0	0	0	-1
19087664	-1	-1	0	0	0	0	-1
19094049	15032424	-1	1491968	794	0	0	-1
19097912	13936464	-1	2268160	1302	0	0	12568
19099911	-1	-1	0	0	0	0	0
19101912	-1	-1	0	0	0	0	0
19102907	-1	-1	0	0	0	0	0
19103912	-1	-1	0	0	0	0	0
19105904	-1	-1	0	0	0	0	0
19107904	-1	-1	0	0	0	0	0
19108907	-1	-1	0	0	0	0	0
19111915	-1	-1	0	0	0	0	0
19112904	-1	-1	0	0	0	0	0
19114914	-1	-1	0	0	0	0	0
19117908	-1	-1	0	0	0	0	0
19119909	8565032	-1	1199104	1120	0	0	1120
19120905	23981416	-1	1115136	372	0	0	372
19123904	-1	-1	81920	196	0	0	217
19127908	13609440	-1	1481728	871	0	0	871
19132908	8280720	-1	286720	277	0	0	297
19136903	15326968	-1	712704	372	0	0	372
19137904	11555528	-1	1009664	699	0	0	699
19138909	-1	-1	0	0	0	0	0
19140906	-1	-1	0	0	0	0	0
19144908	-1	-1	0	0	0	0	0
19145904	-1	-1	0	0	0	0	124
19148904	10713288	-1	1257472	939	0	0	939
19151910	-1	-1	0	0	0	0	0
19156905	-1	-1	0	0	0	0	0
19158915	7855704	-1	736472	750	0	0	815
19161911	15588016	-1	481280	247	0	0	247
19163903	-1	-1	0	0	0	0	7
19165912	10780160	-1	955392	709	0	0	709
19167904	-1	-1	0	0	0	0	0
19172910	14093424	-1	907264	515	0	0	515
19175909	-1	-1	0	0	0	0	0
19176905	-1	-1	0	0	0	0	0
19178915	13016384	-1	1409024	866	0	0	866
19180915	-1	-1	0	0	0	0	0
19185915	-1	-1	0	0	0	0	0
19190909	5957816	-1	434176	583	0	0	583
19193911	-1	-1	0	0	0	0	0
19198908	10736096	-1	864256	644	0	0	741
19202906	-1	-1	0	0	0	0	0
19206915	8574800	-1	802816	749	0	0	749
19211915	8056336	-1	790528	785	0	0	785
19214905	-1	-1	0	0	0	0	0
19218903	-1	-1	0	0	0	0	0
19221917	-1	-1	0	0	0	0	0
19223911	11392000	-1	1093632	768	0	0	768
19226904	-1	-1	0	0	0	0	0
19229911	-1	-1	0	0	0	0	0
19233905	5930352	-1	703488	949	0	0	949
19237912	6926384	-1	308224	356	0	0	420
19241903	9394496	-1	256000	218	0	0	218
19244916	8100880	-1	910336	899	0	0	899
19247906	-1	-1	0	0	0	0	0
19252915	-1	-1	0	0	0	0	0
19256909	-1	-1	0	0	0	0	0
19258913	11271520	-1	959488	681	0	0	890
19262903	6909080	-1	529408	613	0	0	613
19265908	-1	-1	0	0	0	0	0
19270903	-1	-1	0	0	0	0	0
19272907	6264472	-1	212992	272	0	0	292
19276903	13244552	-1	552960	334	0	0	334
19279909	7867008	-1	718848	731	0	0	731
19282913	-1	-1	0	0	0	0	0
19287904	8090360	-1	815104	806	0	0	844
19290907	12420128	-1	529408	341	0	0	341
19294903	-1	-1	0	0	0	0	0
19299903	9949456	-1	718848	578	0	0	578
19303908	-1	-1	0	0	0	0	0
19308915	9984000	-1	958464	768	0	0	768
19312907	5153656	-1	411648	639	0	0	639
19316908	13107200	-1	188416	115	0	0	115
19319917	-1	-1	0	0	0	0	0
19321908	-1	-1	0	0	0	0	0
19326909	9495064	-1	1134660	956	0	0	1003
19327913	-1	-1	0	0	0	0	0
19331904	5532256	-1	212992	308	0	0	309
19335905	12462952	-1	1240064	796	0	0	796
19339910	7221560	-1	586752	650	0	0	650
19343917	8099608	-1	269312	266	0	0	266
19346905	-1	-1	0	0	0	0	0
19351912	-1	-1	0	0	0	0	0
19353907	11061880	-1	1057792	765	0	0	765
19356904	-1	-1	0	0	0	0	0
19358914	-1	-1	0	0	0	0	0
19363910	-1	-1	0	0	0	0	0
19364914	-1	-1	0	0	0	0	120
19368914	9224704	-1	814080	706	0	0	706
19370912	-1	-1	0	0	0	0	0
19375913	12007792	-1	1491968	994	0	0	1050
19379903	-1	-1	0	0	0	0	0
19384912	5550104	-1	533504	769	0	0	769
19388904	8073792	-1	699392	693	0	0	693
19390904	18851472	-1	195584	83	0	0	83
19393912	-1	-1	0	0	0	0	0
19395911	-1	-1	0	0	0	0	0
19398911	13386040	-1	1504256	899	0	0	1071
19400918	-1	-1	0	0	0	0	0
19404911	-1	-1	0	0	0	0	0
19407908	-1	-1	0	0	0	0	0
19411905	7874064	-1	1191936	1211	0	0	1211
19414909	-1	-1	0	0	0	0	0
19417916	-1	-1	0	0	0	0	0
19421910	-1	-1	0	0	0	0	0
19425907	13584440	-1	2221056	1308	0	0	1308
19427905	-1	-1	0	0	0	0	0
19431914	-1	-1	0	0	0	0	0
19435916	10247112	-1	1475584	1152	0	0	1152
19440908	-1	-1	0	0	0	0	0
19444913	10718832	-1	951296	710	0	0	710
19449905	-1	-1	0	0	0	0	0
19452903	-1	-1	0	0	0	0	0
19456910	13036416	-1	1810432	1111	0	0	1141
19459918	-1	-1	0	0	0	0	0
19464904	12015968	-1	791552	527	0	0	527
19468904	11512104	-1	326656	227	0	0	227
19472903	-1	-1	32768	110	0	0	127
19476909	12885464	-1	2142208	1330	0	0	1330
19480903	-1	-1	0	0	0	0	0
19485916	10559808	-1	1758208	1332	0	0	1332
19488916	-1	-1	8192	143	0	0	189
19492915	13403144	-1	1280000	764	0	0	764
19495905	-1	-1	0	0	0	0	0
19500918	10620736	-1	1092608	823	0	0	823
19502910	-1	-1	0	0	0	0	0
19507909	11600872	-1	1573368	1085	0	0	1085
19511915	-1	-1	0	0	0	0	0
19516911	-1	-1	0	0	0	0	0
19521902	7424984	-1	1209344	1303	0	0	1303
19524909	25049920	-1	378880	121	0	0	121
19527914	-1	-1	0	0	0	0	0
19532903	10659144	-1	800768	601	0	0	601
19536903	-1	-1	0	0	0	0	0
19538908	-1	-1	0	0	0	0	0
19541906	-1	-1	0	0	0	0	185
19545917	9937456	-1	1311744	1056	0	0	1056
19550905	7471528	-1	573440	614	0	0	615
19554909	12397224	-1	1394688	900	0	0	900
19558905	11002392	-1	376832	274	0	0	275
19562906	14449776	-1	2080768	1152	0	0	1152
19567904	8443288	-1	344064	326	0	0	328
19571918	15960272	-1	1735680	870	0	0	870
19576910	-1	-1	0	0	0	0	0
19580916	-1	-1	0	0	0	0	0
19585905	12456216	-1	3033088	1948	0	0	1998
19586904	-1	-1	0	0	0	0	0
19588904	-1	-1	0	0	0	0	0
19589903	-1	-1	0	0	0	0	0
19591904	7964448	-1	358400	360	0	0	403
19593904	14473952	-1	698368	386	0	0	386
19596916	11498192	-1	641024	446	0	0	446
19598904	-1	-1	0	0	0	0	0
19601912	9433216	-1	622592	528	0	0	528
19602905	-1	-1	0	0	0	0	0
19606905	-1	-1	0	0	0	0	0
19609904	11126448	-1	1025024	737	0	0	737
19610904	-1	-1	0	0	0	0	0
19612904	8857216	-1	736256	665	0	0	665
19613904	-1	-1	0	0	0	0	59
19616903	13256648	-1	980992	592	0	0	592
19617907	-1	-1	0	0	0	0	0
19618911	-1	-1	0	0	0	0	0
19620903	8512792	-1	1114112	1047	0	0	1053
19622907	16800544	-1	619520	295	0	0	295
19624908	-1	-1	0	0	0	0	0
19625907	9859400	-1	278528	226	0	0	251
19626911	14148768	-1	1257472	711	0	0	711
19627916	-1	-1	0	0	0	0	0
19630906	10164768	-1	311296	245	0	0	249
19632903	15082920	-1	641024	340	0	0	340
19633904	-1	-1	0	0	0	0	0
19635904	-1	-1	0	0	0	0	0
19636904	11193216	-1	607232	434	0	0	492
19638908	16463536	-1	847872	412	0	0	412
19642904	-1	-1	0	0	0	0	0
19644904	-1	-1	0	0	0	0	0
19646904	8194112	-1	1072404	1047	0	0	1047
19647904	-1	-1	0	0	0	0	0
19648903	15421192	-1	967680	502	0	0	502
19650911	15473776	-1	139264	72	0	0	72
19654914	-1	-1	0	0	0	0	0
19657907	-1	-1	0	0	0	0	0
19659903	-1	-1	0	0	0	0	59
19663903	10998520	-1	1484800	1080	0	0	1080
19664903	-1	-1	0	0	0	0	0
19665903	-1	-1	0	0	0	0	0
19666904	9780248	-1	1078272	882	0	0	900
19669913	10513616	-1	649216	494	0	0	494
19672905	10469656	-1	851968	651	0	0	651
19675916	-1	-1	0	0	0	0	0
19679904	-1	-1	0	0	0	0	0
19684904	12784888	-1	1462272	915	0	0	915
19688906	10729736	-1	740352	552	0	0	552
19690903	-1	-1	0	0	0	0	0
19694912	-1	-1	0	0	0	0	0
19699907	8371288	-1	621568	594	0	0	594
19704908	-1	-1	0	0	0	0	0
19708909	11767512	-1	1064960	724	0	0	724
19711905	12294536	-1	963584	627	0	0	627
19715915	-1	-1	0	0	0	0	0
19719914	-1	-1	0	0	0	0	0
19724903	9210416	-1	1055744	917	0	0	917
19727912	-1	-1	0	0	0	0	0
19731904	-1	-1	0	0	0	0	0
19735909	12583000	-1	1135616	722	0	0	743
19738911	-1	-1	0	0	0	0	0
19742904	-1	-1	0	0	0	0	0
19743914	-1	-1	0	0	0	0	0
19748914	12026776	-1	1178624	784	0	0	784
19751911	-1	-1	0	0	0	0	0
19755906	-1	-1	49152	100	0	0	139
19759914	14162184	-1	959488	542	0	0	542
19764905	11174344	-1	303104	217	0	0	231
19768904	12538192	-1	898048	573	0	0	573
19773903	-1	-1	65536	145	0	0	151
19777905	13505064	-1	1119232	663	0	0	663
19781912	-1	-1	0	0	0	0	32
19785916	10696104	-1	918528	687	0	0	687
19790911	-1	-1	0	0	0	0	0
19794909	-1	-1	0	0	0	0	0
19798911	9622184	-1	3747840	3116	0	0	3116
19799903	4529896	-1	267264	472	0	0	472
19804910	-1	-1	0	0	0	0	0
19807913	-1	-1	0	0	0	0	0
19812918	11664472	-1	1529504	1049	0	0	1066
19815916	-1	-1	0	0	0	0	0
19818906	7972312	-1	1412096	1417	0	0	1512
19821916	-1	-1	0	0	0	0	0
19825907	-1	-1	0	0	0	0	0
19830917	11140312	-1	1694720	1217	0	0	1217
19831910	-1	-1	0	0	0	0	0
19836905	-1	-1	0	0	0	0	0
19837910	-1	-1	0	0	0	0	0
19842903	11503880	-1	1141760	794	0	0	794
19843904	-1	-1	0	0	0	0	112
19847911	8578008	-1	1024000	955	0	0	955
19848903	-1	-1	0	0	0	0	0
19853905	-1	-1	0	0	0	0	0
19857905	9945696	-1	1678336	1350	0	0	1399
19860911	-1	-1	108544	40	0	0	40
19865908	4762792	-1	204800	344	0	0	345
19869909	12654312	-1	778240	492	0	0	515
19872918	-1	-1	0	0	0	0	0
19877904	10005400	-1	807936	646	0	0	646
19881908	-1	-1	0	0	0	0	0
19885917	-1	-1	0	0	0	0	0
19887910	-1	-1	0	0	0	0	0
19892904	12621456	-1	1298432	823	0	0	869
19895916	-1	-1	0	0	0	0	0
19899908	-1	-1	0	0	0	0	0
19902908	-1	-1	0	0	0	0	0
19906914	11212432	-1	779264	556	0	0	755
19909908	-1	-1	122880	201	0	0	201
19913912	15344720	-1	771072	402	0	0	402
19917907	-1	-1	0	0	0	0	0
19919906	-1	-1	0	0	0	0	0
19923903	9151016	-1	1045504	914	0	0	914
19926915	-1	-1	0	0	0	0	0
19928908	-1	-1	0	0	0	0	0
19933914	6472136	-1	585728	724	0	0	760
19935906	-1	-1	0	0	0	0	0
19940908	-1	-1	0	0	0	0	0
19941911	8578008	-1	204800	191	0	0	193
19945914	10916688	-1	1247232	914	0	0	914
19947904	-1	-1	0	0	0	0	0
19952916	-1	-1	0	0	0	0	0
19955913	7409080	-1	397312	429	0	0	542
19959912	18830960	-1	724992	308	0	0	324
19963907	-1	-1	0	0	0	0	0
19968915	10677072	-1	875520	656	0	0	656
19971913	9699328	-1	303104	250	0	0	277
19975903	13179088	-1	901120	547	0	0	547
19980912	-1	-1	0	0	0	0	0
19982904	-1	-1	0	0	0	0	0
19987910	12612984	-1	2106368	1336	0	0	1460
19990912	12070008	-1	538624	357	0	0	357
19995912	9167752	-1	968344	845	0	0	845
19998906	-1	-1	0	0	0	0	0
20003913	15730592	-1	1651712	840	0	0	961
20006906	10773256	-1	713728	530	0	0	530
20011909	-1	-1	0	0	0	0	15
20015912	12009632	-1	1391616	927	0	0	927
20020906	-1	-1	0	0	0	0	0
20025911	7431216	-1	1120256	1206	0	0	1206
20030909	10596552	-1	1574912	1189	0	0	1189
20032917	-1	-1	0	0	0	0	0
20036908	8046576	-1	679936	676	0	0	676
20040909	8708616	-1	724992	666	0	0	666
20044906	-1	-1	0	0	0	0	0
20048913	-1	-1	0	0	0	0	0
20051908	-1	-1	0	0	0	0	0
20056907	11922928	-1	1521664	1021	0	0	1066
20059905	10188368	-1	303104	238	0	0	238
20063913	11804112	-1	886784	601	0	0	601
20068910	-1	-1	0	0	0	0	0
20073906	7350136	-1	1162240	1265	0	0	1265
20077910	-1	-1	0	0	0	0	0
20082904	12717328	-1	1122304	706	0	0	706
20087911	-1	-1	0	0	0	0	0
20091913	-1	-1	0	0	0	0	0
20093909	8618664	-1	827392	768	0	0	841
20097916	18220136	-1	132096	58	0	0	115
20101908	9956256	-1	907264	729	0	0	729
20104908	-1	-1	0	0	0	0	0
20109911	15299768	-1	1430528	748	0	0	748
20111917	-1	-1	0	0	0	0	0
20115909	-1	-1	0	0	0	0	0
20120906	11591336	-1	1201152	829	0	0	829
20124905	13315248	-1	1048576	630	0	0	630
20127906	-1	-1	0	0	0	0	0
20131909	12425744	-1	877568	565	0	0	565
20134906	-1	-1	0	0	0	0	0
20138908	-1	-1	0	0	0	0	0
20142914	-1	-1	0	0	0	0	0
20146915	10727208	-1	1273856	950	0	0	950
20147911	-1	-1	0	0	0	0	0
20151908	-1	-1	0	0	0	0	0
20156915	-1	-1	0	0	0	0	0
20158903	-1	-1	0	0	0	0	0
20163914	12465096	-1	1117184	717	0	0	738
20167915	3570208	-1	281600	631	0	0	664
20171906	8164784	-1	307200	301	0	0	301
20175906	4719512	-1	755712	1281	0	0	1281
20176915	-1	-1	0	0	0	0	0
20180906	-1	-1	0	0	0	0	0
20185915	4953304	-1	292864	473	0	0	-1
20190911	8558008	-1	1316864	1231	0	0	-1
20192918	-1	-1	0	0	0	0	-1
20196911	-1	-1	0	0	0	0	-1
20201915	11009480	-1	476160	346	0	0	-1
20202904	10768520	-1	333824	248	0	0	-1
20206912	-1	-1	0	0	0	0	-1
20211917	-1	-1	0	0	0	0	-1
20213912	-1	-1	0	0	0	0	-1
20217917	10669160	-1	502784	377	0	0	-1
20220916	-1	-1	0	0	0	0	-1
20227588	424456	-1	245760	4632	0	0	7441
20232591	486304	-1	311296	5121	0	0	5121
20234586	-1	-1	65536	1271	0	0	1995
20237591	3905200	-1	1928192	3950	0	0	3950
20242595	6714304	-1	2019328	2406	0	0	2406
20245590	3121088	-1	463872	1189	0	0	1189
20248600	7546960	-1	359424	381	0	0	381
20251595	-1	-1	0	0	0	0	0
20256594	2481984	-1	1042432	3360	0	0	3360
20259596	-1	-1	0	0	0	0	0
20264595	6964696	-1	714752	821	0	0	821
20268591	-1	-1	0	0	0	0	0
20270596	-1	-1	0	0	0	0	0
20275601	8574752	-1	1651712	1541	0	0	1541
20276593	-1	-1	0	0	0	0	0
20280592	6986816	-1	1317888	1509	0	0	1509
20282595	-1	-1	0	0	0	0	0
20286591	-1	-1	0	0	0	0	0
20291587	9978656	-1	1075200	862	0	0	862
20295599	8347744	-1	548864	526	0	0	552
20299598	-1	-1	0	0	0	0	0
20302595	-1	-1	0	0	0	0	0
20306601	-1	-1	0	0	0	0	0
20311587	12805664	-1	1538280	961	0	0	1082
20312591	-1	-1	0	0	0	0	0
20316597	-1	-1	0	0	0	0	0
20321597	-1	-1	0	0	0	0	0
20325598	11643256	-1	1571840	1080	0	0	1080
20326595	-1	-1	0	0	0	0	0
20331590	-1	-1	0	0	0	0	0
20335601	-1	-1	0	0	0	0	0
20337589	-1	-1	0	0	0	0	0
20342589	12371592	-1	1439744	931	0	0	961
20345602	-1	-1	0	0	0	0	92
20349598	6131400	-1	996352	1300	0	0	1300
20353599	-1	-1	0	0	0	0	0
20358600	9888568	-1	1044480	845	0	0	845
20363596	12735160	-1	729088	458	0	0	481
20367593	10256328	-1	803840	627	0	0	627
20372588	-1	-1	0	0	0	0	0
20377589	-1	-1	0	0	0	0	0
20381597	10300432	-1	1570816	1220	0	0	1288
20384591	-1	-1	0	0	0	0	0
20388588	-1	-1	0	0	0	0	0
20392596	11949232	-1	595968	399	0	0	399
20397589	10456456	-1	803840	615	0	0	615
20400593	-1	-1	0	0	0	0	0
20405594	-1	-1	0	0	0	0	0
20410592	-1	-1	0	0	0	0	0
20412597	6494560	-1	450560	555	0	0	556
20416594	10874080	-1	1145856	843	0	0	843
20421596	-1	-1	0	0	0	0	0
20423587	-1	-1	0	0	0	0	0
20427592	10621176	-1	420864	317	0	0	434
20431587	8571960	-1	577536	539	0	0	539
20433594	7234992	-1	193536	214	0	0	295
20437595	7437104	-1	272384	293	0	0	293
20442594	9061176	-1	854016	754	0	0	754
20445593	-1	-1	0	0	0	0	0
20449594	-1	-1	0	0	0	0	0
20454586	9677440	-1	673792	557	0	0	557
20455594	-1	-1	0	0	0	0	0
20460595	-1	-1	0	0	0	0	0
20464590	8434728	-1	996352	945	0	0	945
20466591	-1	-1	0	0	0	0	0
