13872	7923344	-1	2083840	2104	0	0	2104
22872	-1	-1	0	0	0	0	0
31871	-1	-1	0	0	0	0	0
40872	-1	-1	0	0	0	0	0
49872	9019760	-1	323584	287	0	0	335
58871	-1	-1	0	0	0	0	0
67872	13908536	-1	558080	321	0	0	332
76871	-1	-1	0	0	0	0	0
85870	15929656	-1	1184768	595	0	0	595
94870	-1	-1	0	0	0	0	0
103871	17391848	-1	689152	317	0	0	337
112871	-1	-1	0	0	0	0	0
121872	21711040	-1	993280	366	0	0	458
130872	-1	-1	0	0	0	0	0
139871	16161392	-1	743424	368	0	0	465
148871	-1	-1	0	0	0	0	0
157874	18325232	-1	966656	422	0	0	461
166871	-1	-1	0	0	0	0	0
175872	19575072	-1	841728	344	0	0	452
184872	-1	-1	0	0	0	0	0
193872	12684384	-1	589824	372	0	0	372
202871	-1	-1	0	0	0	0	0
211870	13390248	-1	503808	301	0	0	354
220871	-1	-1	0	0	0	0	0
229872	12039760	-1	496640	330	0	0	370
238871	-1	-1	0	0	0	0	0
247871	12011864	-1	534528	356	0	0	370
256873	-1	-1	0	0	0	0	0
265871	14927648	-1	755712	405	0	0	405
274871	-1	-1	0	0	0	0	0
283870	14053944	-1	586752	334	0	0	374
292871	-1	-1	0	0	0	0	0
301872	18191056	-1	773120	340	0	0	484
310872	-1	-1	0	0	0	0	0
319872	12194544	-1	766732	503	0	0	503
328871	-1	-1	0	0	0	0	0
337873	21793808	-1	1155072	424	0	0	466
346871	-1	-1	0	0	0	0	0
355871	20193856	-1	1264640	501	0	0	501
364871	-1	-1	0	0	0	0	0
373871	17656048	-1	1065984	483	0	0	483
382872	-1	-1	0	0	0	0	0
391872	23399600	-1	1120256	383	0	0	460
400870	-1	-1	0	0	0	0	0
409873	14975632	-1	653312	349	0	0	465
418871	-1	-1	0	0	0	0	0
427871	21114592	-1	936960	355	0	0	474
436871	-1	-1	0	0	0	0	0
445871	19790576	-1	999424	404	0	0	483
454871	-1	-1	0	0	0	0	0
463871	18609192	-1	1156096	497	0	0	497
472871	-1	-1	0	0	0	0	0
481870	16429768	-1	735232	358	0	0	385
490870	-1	-1	0	0	0	0	0
499871	17198672	-1	778240	362	0	0	365
508871	-1	-1	0	0	0	0	0
517871	12762736	-1	591872	371	0	0	411
526872	-1	-1	0	0	0	0	0
535871	18694568	-1	911360	390	0	0	511
544871	-1	-1	0	0	0	0	0
553871	15107328	-1	727040	385	0	0	385
562871	-1	-1	0	0	0	0	0
571870	12718800	-1	952320	599	0	0	625
580872	-1	-1	0	0	0	0	0
589871	18683168	-1	990208	424	0	0	493
598871	-1	-1	0	0	0	0	0
607872	17034768	-1	911360	428	0	0	506
616872	-1	-1	0	0	0	0	0
625872	15635592	-1	791552	405	0	0	497
634871	-1	-1	0	0	0	0	0
643873	17990584	-1	1158144	515	0	0	515
652871	-1	-1	0	0	0	0	0
661870	18360720	-1	989184	431	0	0	501
670871	-1	-1	0	0	0	0	0
679871	16411936	-1	730331	356	0	0	403
688871	-1	-1	0	0	0	0	0
697871	6763392	-1	693248	820	0	0	820
706871	-1	-1	0	0	0	0	0
715872	8998784	-1	445440	396	0	0	505
724872	-1	-1	0	0	0	0	0
733872	13493792	-1	750592	445	0	0	475
742873	-1	-1	0	0	0	0	0
751873	14527864	-1	833536	459	0	0	498
760871	-1	-1	0	0	0	0	0
769871	15564800	-1	972800	500	0	0	513
778871	-1	-1	0	0	0	0	0
787872	11790352	-1	630784	428	0	0	482
796871	-1	-1	0	0	0	0	0
805871	10835144	-1	633856	468	0	0	486
814871	-1	-1	0	0	0	0	0
823872	11893568	-1	802816	540	0	0	540
832872	-1	-1	0	0	0	0	0
841870	9901800	-1	539648	436	0	0	495
850871	-1	-1	0	0	0	0	0
859873	9727048	-1	655360	539	0	0	539
868871	-1	-1	0	0	0	0	0
877871	14436352	-1	994304	551	0	0	551
886871	-1	-1	0	0	0	0	0
895871	14175872	-1	861184	486	0	0	498
904873	-1	-1	0	0	0	0	0
913871	11204304	-1	624640	446	0	0	446
922872	-1	-1	0	0	0	0	0
931871	19091984	-1	1436672	602	0	0	602
940871	-1	-1	0	0	0	0	0
949871	12156928	-1	759808	500	0	0	606
958872	-1	-1	0	0	0	0	0
967870	12018408	-1	707584	471	0	0	521
976871	-1	-1	0	0	0	0	0
985872	18269008	-1	1319936	578	0	0	615
994872	-1	-1	0	0	0	0	0
1003870	19510056	-1	1616896	663	0	0	663
1012871	-1	-1	0	0	0	0	0
1021871	13052728	-1	637952	391	0	0	541
1030871	-1	-1	0	0	0	0	0
1039871	10314280	-1	497664	386	0	0	437
1048873	-1	-1	0	0	0	0	0
1057872	5994952	-1	661693	883	0	0	883
1066871	-1	-1	0	0	0	0	0
1075870	12324768	-1	858112	557	0	0	557
1084872	-1	-1	0	0	0	0	0
1093872	11957992	-1	630784	422	0	0	497
1102871	-1	-1	0	0	0	0	0
1111872	11454512	-1	492544	344	0	0	406
1120871	-1	-1	0	0	0	0	0
1129872	15136208	-1	857088	453	0	0	531
1138871	-1	-1	0	0	0	0	0
1147870	18677760	-1	1517568	650	0	0	650
1156871	-1	-1	0	0	0	0	0
1165871	11402376	-1	738304	518	0	0	555
1174872	-1	-1	0	0	0	0	0
1183870	14722520	-1	653312	355	0	0	405
1192872	-1	-1	0	0	0	0	0
1201872	16975544	-1	969728	457	0	0	508
1210872	-1	-1	0	0	0	0	0
1219871	25610264	-1	1597440	499	0	0	524
1228872	-1	-1	0	0	0	0	0
1237872	18116920	-1	1413120	624	0	0	624
1246872	-1	-1	0	0	0	0	0
1255870	18267816	-1	1082368	474	0	0	545
1264870	-1	-1	0	0	0	0	0
1273871	9118368	-1	514048	451	0	0	451
1282871	-1	-1	0	0	0	0	0
1291871	10306600	-1	633856	492	0	0	554
1300871	-1	-1	0	0	0	0	0
1309870	12338816	-1	621568	403	0	0	425
1318874	-1	-1	0	0	0	0	0
1327871	8167248	-1	337920	331	0	0	446
1336871	-1	-1	0	0	0	0	0
1345871	9892680	-1	422912	342	0	0	427
1354872	-1	-1	0	0	0	0	0
1363871	9779200	-1	391168	320	0	0	427
1372871	-1	-1	0	0	0	0	0
1381872	14243160	-1	667648	375	0	0	443
1390872	-1	-1	0	0	0	0	0
1399871	24625424	-1	2040832	663	0	0	663
1408873	-1	-1	0	0	0	0	0
1417872	26563248	-1	1899272	572	0	0	572
1426872	-1	-1	0	0	0	0	0
1435871	5161232	-1	769024	1192	0	0	1192
1444872	-1	-1	0	0	0	0	0
1453870	12435840	-1	732160	471	0	0	471
1462872	-1	-1	0	0	0	0	0
1471872	14099296	-1	701440	398	0	0	426
1480872	-1	-1	0	0	0	0	0
1489871	16673528	-1	1002496	481	0	0	545
1498871	-1	-1	0	0	0	0	0
1507871	14723456	-1	680960	370	0	0	434
1516871	-1	-1	0	0	0	0	0
1525870	17096344	-1	737280	345	0	0	451
1534872	-1	-1	0	0	0	0	0
1543871	10706096	-1	388096	290	0	0	458
1552872	-1	-1	0	0	0	0	0
1561870	16566048	-1	745472	360	0	0	418
1570871	-1	-1	0	0	0	0	0
1579870	14345528	-1	771072	430	0	0	430
1588871	-1	-1	0	0	0	0	0
1597871	17482632	-1	749568	343	0	0	438
1606870	-1	-1	0	0	0	0	0
1615871	13278664	-1	713728	430	0	0	433
1624870	-1	-1	0	0	0	0	0
1633871	16494704	-1	610304	296	0	0	441
1642870	-1	-1	0	0	0	0	0
1651870	19033040	-1	875520	368	0	0	448
1660871	-1	-1	0	0	0	0	0
1669870	16361856	-1	756736	370	0	0	440
1678872	-1	-1	0	0	0	0	0
1687871	18778928	-1	859136	366	0	0	452
1696871	-1	-1	0	0	0	0	0
1705872	11688584	-1	479232	328	0	0	450
1714871	-1	-1	0	0	0	0	0
1723871	14145192	-1	569344	322	0	0	488
1732871	-1	-1	0	0	0	0	0
1741871	12577392	-1	578560	368	0	0	462
1750871	-1	-1	0	0	0	0	0
1759871	16000752	-1	684032	342	0	0	475
1768871	-1	-1	0	0	0	0	0
1777871	8570096	-1	278528	260	0	0	464
1786871	-1	-1	0	0	0	0	0
1795871	7535240	-1	414438	440	0	0	455
1804871	-1	-1	0	0	0	0	0
1813871	9981056	-1	325632	261	0	0	458
1822872	-1	-1	0	0	0	0	0
1831871	12162928	-1	398336	262	0	0	445
1840870	-1	-1	0	0	0	0	0
1849872	13573800	-1	524288	309	0	0	448
1858871	-1	-1	0	0	0	0	0
1867871	19092096	-1	866304	363	0	0	457
1876872	-1	-1	0	0	0	0	0
1885870	14972848	-1	836608	447	0	0	556
1894871	-1	-1	0	0	0	0	0
1903872	16837784	-1	721920	343	0	0	451
1912871	-1	-1	0	0	0	0	0
1921871	16698272	-1	816128	391	0	0	450
1930872	-1	-1	0	0	0	0	0
1939871	12868408	-1	397312	247	0	0	454
1948870	-1	-1	0	0	0	0	0
1957871	15267992	-1	658432	345	0	0	482
1966871	-1	-1	0	0	0	0	0
1975873	18455272	-1	812032	352	0	0	456
1984871	-1	-1	0	0	0	0	0
1993872	15370008	-1	589824	307	0	0	482
2002871	-1	-1	0	0	0	0	0
2011871	15755640	-1	693248	352	0	0	509
2020872	-1	-1	0	0	0	0	0
2029871	17438656	-1	728064	334	0	0	473
2038871	-1	-1	0	0	0	0	0
2047871	15951648	-1	717824	360	0	0	476
2056870	-1	-1	0	0	0	0	0
2065870	14026864	-1	743424	424	0	0	474
2074872	-1	-1	0	0	0	0	0
2083872	18527704	-1	991232	428	0	0	479
2092871	-1	-1	0	0	0	0	0
2101872	16743520	-1	667648	319	0	0	503
2110872	-1	-1	0	0	0	0	0
2119870	20679040	-1	1010688	391	0	0	496
2128871	-1	-1	0	0	0	0	0
2137872	12772640	-1	836608	524	0	0	597
2146870	-1	-1	0	0	0	0	0
2155872	15220832	-1	639275	336	0	0	512
2164870	-1	-1	0	0	0	0	0
2173872	5770720	-1	585728	812	0	0	915
2182870	-1	-1	0	0	0	0	0
2191874	11902496	-1	505856	340	0	0	480
2200871	-1	-1	0	0	0	0	0
2209870	14043432	-1	749568	427	0	0	481
2218872	-1	-1	0	0	0	0	0
2227873	20398080	-1	1529856	600	0	0	600
2236871	-1	-1	0	0	0	0	0
2245871	23033488	-1	1131520	393	0	0	428
2254872	-1	-1	0	0	0	0	0
2263871	17756960	-1	794624	358	0	0	473
2272872	-1	-1	0	0	0	0	0
2281871	15966368	-1	1017856	510	0	0	640
2290872	-1	-1	0	0	0	0	0
2299871	16537600	-1	992256	480	0	0	646
2308872	-1	-1	0	0	0	0	0
2317873	15884992	-1	782336	394	0	0	505
2326871	-1	-1	0	0	0	0	0
2335872	17044648	-1	1056768	496	0	0	640
2344871	-1	-1	0	0	0	0	0
2353871	25274920	-1	1592320	504	0	0	645
2362872	-1	-1	0	0	0	0	0
2371870	16109528	-1	781312	388	0	0	483
2380870	-1	-1	0	0	0	0	0
2389872	13900712	-1	498688	287	0	0	507
2398871	-1	-1	0	0	0	0	0
2407873	10528776	-1	812032	617	0	0	673
2416872	-1	-1	0	0	0	0	0
2425871	18533384	-1	935936	404	0	0	520
2434870	-1	-1	0	0	0	0	0
2443873	15820424	-1	804864	407	0	0	644
2452871	-1	-1	0	0	0	0	0
2461872	14636672	-1	660480	361	0	0	499
2470871	-1	-1	0	0	0	0	0
2479871	10216784	-1	563200	441	0	0	522
2488871	-1	-1	0	0	0	0	0
2497871	14791752	-1	656384	355	0	0	534
2506870	-1	-1	0	0	0	0	0
2515872	13515424	-1	501760	297	0	0	513
2524871	-1	-1	0	0	0	0	0
2533872	6099120	-1	569505	747	0	0	747
2542870	-1	-1	0	0	0	0	0
2551872	9208936	-1	500736	435	0	0	646
2560871	-1	-1	0	0	0	0	0
2569870	12547064	-1	917504	585	0	0	681
2578872	-1	-1	0	0	0	0	0
2587871	10438192	-1	485376	372	0	0	505
2596870	-1	-1	0	0	0	0	0
2605870	9553280	-1	402432	337	0	0	496
2614871	-1	-1	0	0	0	0	0
2623871	8816816	-1	520192	472	0	0	525
2632871	-1	-1	0	0	0	0	0
2641872	8846752	-1	594944	538	0	0	538
2650871	-1	-1	0	0	0	0	0
2659871	11876344	-1	590848	398	0	0	508
2668870	-1	-1	0	0	0	0	0
2677872	12361704	-1	601088	389	0	0	515
2686870	-1	-1	0	0	0	0	0
2695871	12767528	-1	654336	410	0	0	500
2704870	-1	-1	0	0	0	0	0
2713871	11036168	-1	564224	409	0	0	508
2722871	-1	-1	0	0	0	0	0
2731871	12490048	-1	696320	446	0	0	510
2740870	-1	-1	0	0	0	0	0
2749872	13355760	-1	781312	468	0	0	525
2758870	-1	-1	0	0	0	0	0
2767871	13320752	-1	779264	468	0	0	542
2776871	-1	-1	0	0	0	0	0
2785872	16677808	-1	988160	474	0	0	525
2794872	-1	-1	0	0	0	0	0
2803870	9393784	-1	872448	743	0	0	827
2812870	-1	-1	0	0	0	0	0
2821870	14022072	-1	960512	548	0	0	548
2830871	-1	-1	0	0	0	0	0
2839870	11723792	-1	819200	559	0	0	737
2848871	-1	-1	0	0	0	0	0
2857871	8402048	-1	614400	585	0	0	585
2866870	-1	-1	0	0	0	0	0
2875871	11667392	-1	625664	429	0	0	657
2884871	-1	-1	0	0	0	0	0
2893871	7276184	-1	408376	449	0	0	595
2902871	-1	-1	0	0	0	0	0
2911871	8054960	-1	541696	538	0	0	701
2920871	-1	-1	0	0	0	0	0
2929871	12575824	-1	581632	370	0	0	523
2938872	-1	-1	0	0	0	0	0
2947871	11316064	-1	500736	354	0	0	519
2956871	-1	-1	0	0	0	0	0
2965871	14621880	-1	798720	437	0	0	507
2974872	-1	-1	0	0	0	0	0
2983870	13607824	-1	918528	540	0	0	635
2992871	-1	-1	0	0	0	0	0
3001871	14534544	-1	1368064	753	0	0	753
3010874	-1	-1	0	0	0	0	0
3019871	13250592	-1	1021952	617	0	0	639
3028871	-1	-1	0	0	0	0	0
3037871	12969544	-1	984064	607	0	0	607
3046871	-1	-1	0	0	0	0	0
3055871	12315488	-1	917504	596	0	0	648
3064872	-1	-1	0	0	0	0	0
3073872	10844648	-1	711680	525	0	0	576
3082875	-1	-1	0	0	0	0	0
3091870	14406200	-1	1208320	671	0	0	699
3100871	-1	-1	0	0	0	0	0
3109871	13541424	-1	1239040	732	0	0	732
3118872	-1	-1	0	0	0	0	0
3127871	14837072	-1	1129472	609	0	0	682
3136871	-1	-1	0	0	0	0	0
3145871	16620824	-1	1581056	761	0	0	761
3154871	-1	-1	0	0	0	0	0
3163872	18175712	-1	2015232	887	0	0	887
3172871	-1	-1	0	0	0	0	0
3181872	16959656	-1	1960960	925	0	0	925
3190871	-1	-1	0	0	0	0	0
3199870	15531080	-1	1603584	826	0	0	826
3208872	-1	-1	0	0	0	0	0
3217870	12281336	-1	944128	615	0	0	674
3226871	-1	-1	0	0	0	0	0
3235871	12766368	-1	874496	548	0	0	589
3244871	-1	-1	0	0	0	0	0
3253872	15529504	-1	856064	441	0	0	584
3262872	-1	-1	0	0	0	0	0
3271871	5138704	-1	583885	909	0	0	909
3280871	-1	-1	0	0	0	0	0
3289871	12098952	-1	688128	455	0	0	555
3298870	-1	-1	0	0	0	0	0
3307871	13939168	-1	782336	449	0	0	587
3316871	-1	-1	0	0	0	0	0
3325871	14719416	-1	805888	438	0	0	532
3334871	-1	-1	0	0	0	0	0
3343871	13003504	-1	642048	395	0	0	541
3352871	-1	-1	0	0	0	0	0
3361870	15714848	-1	793600	404	0	0	558
3370871	-1	-1	0	0	0	0	0
3379871	17113800	-1	960512	449	0	0	612
3388872	-1	-1	0	0	0	0	0
3397870	13561872	-1	708608	418	0	0	580
3406871	-1	-1	0	0	0	0	0
3415872	15801728	-1	805888	408	0	0	554
3424871	-1	-1	0	0	0	0	0
3433871	10173936	-1	788480	620	0	0	620
3442871	-1	-1	0	0	0	0	0
3451873	17301680	-1	791552	366	0	0	583
3460871	-1	-1	0	0	0	0	0
3469870	12786024	-1	644096	403	0	0	588
3478873	-1	-1	0	0	0	0	0
3487871	11177872	-1	448512	321	0	0	613
3496871	-1	-1	0	0	0	0	0
3505871	9842784	-1	488448	397	0	0	716
3514871	-1	-1	0	0	0	0	0
3523871	12502448	-1	596992	382	0	0	562
3532872	-1	-1	0	0	0	0	0
3541871	13922368	-1	706560	406	0	0	577
3550871	-1	-1	0	0	0	0	0
3559871	15685160	-1	827392	422	0	0	598
3568870	-1	-1	0	0	0	0	0
3577871	15198072	-1	852992	449	0	0	726
3586873	-1	-1	0	0	0	0	0
3595870	12464472	-1	687104	441	0	0	723
3604872	-1	-1	0	0	0	0	0
3613871	8119664	-1	459776	453	0	0	587
3622871	-1	-1	0	0	0	0	0
3631873	14708656	-1	685791	373	0	0	587
3640871	-1	-1	0	0	0	0	0
3649871	8448000	-1	675840	640	0	0	794
3658872	-1	-1	0	0	0	0	0
3667871	10509376	-1	729088	555	0	0	747
3676871	-1	-1	0	0	0	0	0
3685870	15070032	-1	951296	505	0	0	562
3694872	-1	-1	0	0	0	0	0
3703870	10787816	-1	655360	486	0	0	620
3712870	-1	-1	0	0	0	0	0
3721871	11107800	-1	491520	354	0	0	593
3730870	-1	-1	0	0	0	0	0
3739870	12149152	-1	537600	354	0	0	573
3748871	-1	-1	0	0	0	0	0
3757871	13754736	-1	648192	377	0	0	677
3766871	-1	-1	0	0	0	0	0
3775871	16262336	-1	821248	404	0	0	580
3784871	-1	-1	0	0	0	0	0
3793871	13704952	-1	906240	529	0	0	772
3802872	-1	-1	0	0	0	0	0
3811872	14892632	-1	726016	390	0	0	580
3820872	-1	-1	0	0	0	0	0
3829871	11603888	-1	686080	473	0	0	586
3838871	-1	-1	0	0	0	0	0
3847871	11855256	-1	603136	407	0	0	617
3856872	-1	-1	0	0	0	0	0
3865872	15500128	-1	736256	380	0	0	610
3874872	-1	-1	0	0	0	0	0
3883871	11605336	-1	557056	384	0	0	598
3892872	-1	-1	0	0	0	0	0
3901871	14978600	-1	829440	443	0	0	622
3910871	-1	-1	0	0	0	0	0
3919873	14261000	-1	632832	355	0	0	641
3928871	-1	-1	0	0	0	0	0
3937872	7517512	-1	627712	668	0	0	794
3946872	-1	-1	0	0	0	0	0
3955871	11031696	-1	759808	551	0	0	788
3964871	-1	-1	0	0	0	0	0
3973873	12228920	-1	635904	416	0	0	753
3982871	-1	-1	0	0	0	0	0
3991871	12275992	-1	523264	341	0	0	617
4000871	-1	-1	0	0	0	0	0
4009872	6141056	-1	545786	711	0	0	711
4018870	-1	-1	0	0	0	0	0
4027873	9632352	-1	766976	637	0	0	787
4036871	-1	-1	0	0	0	0	0
4045872	11481704	-1	911360	635	0	0	787
4054873	-1	-1	0	0	0	0	0
4063872	6424040	-1	487424	607	0	0	607
4072873	-1	-1	0	0	0	0	0
4081872	7777424	-1	480256	494	0	0	599
4090871	-1	-1	0	0	0	0	0
4099872	7164480	-1	521216	582	0	0	613
4108871	-1	-1	0	0	0	0	0
4117873	5411816	-1	522240	772	0	0	815
4126872	-1	-1	0	0	0	0	0
4135872	10273576	-1	940032	732	0	0	810
4144872	-1	-1	0	0	0	0	0
4153870	4228696	-1	489472	926	0	0	943
4162873	-1	-1	0	0	0	0	0
4171873	4096000	-1	460800	900	0	0	900
4180871	-1	-1	0	0	0	0	0
4189871	7916136	-1	675840	683	0	0	684
4198871	-1	-1	0	0	0	0	0
4207872	8052936	-1	652288	648	0	0	828
4216872	-1	-1	0	0	0	0	0
4225872	8681072	-1	581632	536	0	0	601
4234870	-1	-1	0	0	0	0	0
4243871	6317560	-1	559104	708	0	0	796
4252871	-1	-1	0	0	0	0	0
4261873	7437152	-1	615424	662	0	0	730
4270871	-1	-1	0	0	0	0	0
4279872	6881280	-1	430080	500	0	0	611
4288872	-1	-1	0	0	0	0	0
4297872	8399920	-1	620544	591	0	0	638
4306874	-1	-1	0	0	0	0	0
4315873	9895144	-1	719872	582	0	0	837
4324871	-1	-1	0	0	0	0	0
4333872	9152000	-1	585728	512	0	0	615
4342872	-1	-1	0	0	0	0	0
4351870	7357144	-1	577536	628	0	0	803
4360874	-1	-1	0	0	0	0	0
4369871	6691768	-1	568800	680	0	0	933
4378873	-1	-1	0	0	0	0	0
4387870	4953528	-1	529408	855	0	0	1017
4396872	-1	-1	0	0	0	0	0
4405871	10301048	-1	475136	369	0	0	626
4414872	-1	-1	0	0	0	0	0
4423871	10002632	-1	463872	371	0	0	613
4432871	-1	-1	0	0	0	0	0
4441871	9736776	-1	425984	350	0	0	626
4450871	-1	-1	0	0	0	0	0
4459872	13374288	-1	687104	411	0	0	625
4468872	-1	-1	0	0	0	0	0
4477871	18590824	-1	1138688	490	0	0	647
4486872	-1	-1	0	0	0	0	0
4495872	15554688	-1	787456	405	0	0	630
4504871	-1	-1	0	0	0	0	0
4513872	12873144	-1	608256	378	0	0	622
4522871	-1	-1	0	0	0	0	0
4531870	6426480	-1	465920	580	0	0	754
4540872	-1	-1	0	0	0	0	0
4549870	9317616	-1	457728	393	0	0	697
4558871	-1	-1	0	0	0	0	0
4567872	17349952	-1	956416	441	0	0	570
4576873	-1	-1	0	0	0	0	0
4585872	10071944	-1	905216	719	0	0	842
4594871	-1	-1	0	0	0	0	0
4603872	16986632	-1	923648	435	0	0	696
4612872	-1	-1	0	0	0	0	0
4621874	12977232	-1	674816	416	0	0	641
4630871	-1	-1	0	0	0	0	0
4639873	17034440	-1	992256	466	0	0	795
4648872	-1	-1	0	0	0	0	0
4657871	11533472	-1	876544	608	0	0	870
4666873	-1	-1	0	0	0	0	0
4675871	12260040	-1	898048	586	0	0	675
4684873	-1	-1	0	0	0	0	0
4693871	21108976	-1	1409024	534	0	0	623
4702870	-1	-1	0	0	0	0	0
4711871	17618048	-1	1374208	624	0	0	682
4720871	-1	-1	0	0	0	0	0
4729871	18857056	-1	1499136	636	0	0	685
4738873	-1	-1	0	0	0	0	0
4747870	10839776	-1	1353617	999	0	0	999
4756870	-1	-1	0	0	0	0	0
4765871	9843464	-1	1080320	878	0	0	878
4774871	-1	-1	0	0	0	0	0
4783871	21593040	-1	1489920	552	0	0	667
4792871	-1	-1	0	0	0	0	0
4801872	17738584	-1	1408000	635	0	0	664
4810871	-1	-1	0	0	0	0	0
4819871	19250008	-1	1650688	686	0	0	846
4828872	-1	-1	0	0	0	0	0
4837871	17568152	-1	926720	422	0	0	650
4846871	-1	-1	0	0	0	0	0
4855874	14110624	-1	737280	418	0	0	658
4864871	-1	-1	0	0	0	0	0
4873872	16128000	-1	838656	416	0	0	679
4882873	-1	-1	0	0	0	0	0
4891873	13860864	-1	866304	500	0	0	650
4900871	-1	-1	0	0	0	0	0
4909872	11740688	-1	680960	464	0	0	798
4918871	-1	-1	0	0	0	0	0
4927872	12921400	-1	626688	388	0	0	644
4936871	-1	-1	0	0	0	0	0
4945874	16710440	-1	1100800	527	0	0	683
4954873	-1	-1	0	0	0	0	0
4963872	17384288	-1	1032192	475	0	0	699
4972872	-1	-1	0	0	0	0	0
4981871	20833824	-1	1778688	683	0	0	706
4990871	-1	-1	0	0	0	0	0
4999872	19559888	-1	1349632	552	0	0	681
5008876	-1	-1	0	0	0	0	0
5017872	10896152	-1	561152	412	0	0	710
5026874	-1	-1	0	0	0	0	0
5035873	13722112	-1	680960	397	0	0	681
5044872	-1	-1	0	0	0	0	0
5053874	11331928	-1	576512	407	0	0	684
5062872	-1	-1	0	0	0	0	0
5071871	11253864	-1	568320	404	0	0	679
5080871	-1	-1	0	0	0	0	0
5089871	15475928	-1	820224	424	0	0	695
5098871	-1	-1	0	0	0	0	0
5107871	12667512	-1	728382	460	0	0	730
5116871	-1	-1	0	0	0	0	0
5125874	6161888	-1	705536	916	0	0	1017
5134873	-1	-1	0	0	0	0	0
5143874	15635784	-1	834560	427	0	0	669
5152872	-1	-1	0	0	0	0	0
5161871	8134976	-1	438272	431	0	0	682
5170871	-1	-1	0	0	0	0	0
5179871	12610840	-1	640000	406	0	0	678
5188872	-1	-1	0	0	0	0	0
5197873	8949976	-1	628736	562	0	0	685
5206870	-1	-1	0	0	0	0	0
5215872	11287688	-1	548864	389	0	0	664
5224871	-1	-1	0	0	0	0	0
5233872	17608784	-1	898048	408	0	0	719
5242873	-1	-1	0	0	0	0	0
5251873	14932504	-1	769024	412	0	0	707
5260872	-1	-1	0	0	0	0	0
5269871	9914184	-1	654336	528	0	0	708
5278874	-1	-1	0	0	0	0	0
5287871	13575312	-1	772096	455	0	0	694
5296872	-1	-1	0	0	0	0	0
5305873	9326912	-1	462848	397	0	0	678
5314870	-1	-1	0	0	0	0	0
5323871	15899064	-1	940032	473	0	0	709
5332873	-1	-1	0	0	0	0	0
5341871	21084016	-1	1143808	434	0	0	758
5350872	-1	-1	0	0	0	0	0
5359871	12601520	-1	637952	405	0	0	737
5368871	-1	-1	0	0	0	0	0
5377871	9871880	-1	487424	395	0	0	711
5386871	-1	-1	0	0	0	0	0
5395871	14076944	-1	737280	419	0	0	698
5404871	-1	-1	0	0	0	0	0
5413874	12618616	-1	703488	446	0	0	702
5422871	-1	-1	0	0	0	0	0
5431877	12304784	-1	750592	488	0	0	683
5440872	-1	-1	0	0	0	0	0
5449871	11318632	-1	1034240	731	0	0	924
5458872	-1	-1	0	0	0	0	0
5467873	13947960	-1	662528	380	0	0	710
5476871	-1	-1	0	0	0	0	0
5485872	10958136	-1	847886	619	0	0	719
5494872	-1	-1	0	0	0	0	0
5503871	10079288	-1	1252352	994	0	0	1002
5512872	-1	-1	0	0	0	0	0
5521871	23646312	-1	1797120	608	0	0	801
5530873	-1	-1	0	0	0	0	0
5539872	21626272	-1	1448960	536	0	0	730
5548872	-1	-1	0	0	0	0	0
5557874	21114112	-1	1261568	478	0	0	723
5566873	-1	-1	0	0	0	0	0
5575871	15115560	-1	1171456	620	0	0	799
5584873	-1	-1	0	0	0	0	0
5593871	15366464	-1	912384	475	0	0	721
5602875	-1	-1	0	0	0	0	0
5611871	12237640	-1	746496	488	0	0	709
5620871	-1	-1	0	0	0	0	0
5629872	16458472	-1	1357824	660	0	0	764
5638871	-1	-1	0	0	0	0	0
5647872	24546848	-1	1724416	562	0	0	826
5656873	-1	-1	0	0	0	0	0
5665872	21277024	-1	1571840	591	0	0	812
5674871	-1	-1	0	0	0	0	0
5683872	15945824	-1	857088	430	0	0	725
5692872	-1	-1	0	0	0	0	0
5701872	20436112	-1	1430528	560	0	0	753
5710872	-1	-1	0	0	0	0	0
5719872	17260152	-1	1210368	561	0	0	697
5728874	-1	-1	0	0	0	0	0
5737872	21780800	-1	1843200	677	0	0	761
5746875	-1	-1	0	0	0	0	0
5755872	18312832	-1	1691648	739	0	0	990
5764874	-1	-1	0	0	0	0	0
5773872	9314760	-1	917504	788	0	0	894
5782873	-1	-1	0	0	0	0	0
5791872	18506840	-1	1392640	602	0	0	765
5800874	-1	-1	0	0	0	0	0
5809872	18561488	-1	1798144	775	0	0	855
5818874	-1	-1	0	0	0	0	0
5827872	15831288	-1	821248	415	0	0	752
5836874	-1	-1	0	0	0	0	0
5845872	14710000	-1	831115	452	0	0	732
5854872	-1	-1	0	0	0	0	0
5863872	6597096	-1	1397760	1695	0	0	1695
5872874	-1	-1	0	0	0	0	0
5881872	7885648	-1	711680	722	0	0	844
5890873	-1	-1	0	0	0	0	0
5899875	13686808	-1	976896	571	0	0	775
5908872	-1	-1	0	0	0	0	0
5917872	11013016	-1	1123328	816	0	0	849
5926874	-1	-1	0	0	0	0	0
5935874	7570288	-1	423936	448	0	0	730
5944872	-1	-1	0	0	0	0	0
5953876	4270016	-1	326656	612	0	0	792
5962874	-1	-1	0	0	0	0	0
5971872	6028072	-1	399360	530	0	0	592
5980873	-1	-1	0	0	0	0	0
5989872	8953144	-1	710656	635	0	0	836
5998872	-1	-1	0	0	0	0	0
6007874	5432456	-1	449536	662	0	0	1129
6016871	-1	-1	0	0	0	0	0
6025873	3043248	-1	704512	1852	0	0	2531
6034874	-1	-1	0	0	0	0	0
6043878	9258800	-1	719872	622	0	0	901
6052873	-1	-1	0	0	0	0	0
6061876	4857960	-1	695296	1145	0	0	1599
6070883	-1	-1	0	0	0	0	0
6079874	4620936	-1	640000	1108	0	0	1553
6088873	-1	-1	0	0	0	0	0
6097873	7216992	-1	773120	857	0	0	1378
6106880	-1	-1	0	0	0	0	0
6115878	6000512	-1	588800	785	0	0	1214
6124881	-1	-1	0	0	0	0	0
6133880	9175880	-1	1346560	1174	0	0	1773
6142874	-1	-1	0	0	0	0	0
6151882	6701840	-1	879616	1050	0	0	1521
6160876	-1	-1	0	0	0	0	0
6169879	5439064	-1	833536	1226	0	0	1696
6178871	-1	-1	0	0	0	0	0
6187872	5363664	-1	1349632	2013	0	0	2278
6196879	-1	-1	0	0	0	0	0
6205875	7207448	-1	1169408	1298	0	0	1452
6214873	-1	-1	0	0	0	0	0
6223883	7282344	-1	988578	1086	0	0	1086
6232872	-1	-1	0	0	0	0	0
6241872	14937600	-1	1195008	640	0	0	925
6250872	-1	-1	0	0	0	0	0
6259873	8048880	-1	1439744	1431	0	0	1852
6268872	-1	-1	0	0	0	0	0
6277872	12534744	-1	1560576	996	0	0	1643
6286872	-1	-1	0	0	0	0	0
6295872	9557336	-1	1748992	1464	0	0	2008
6304881	-1	-1	0	0	0	0	0
6313873	20275528	-1	1573888	621	0	0	1069
6322873	-1	-1	0	0	0	0	0
6331872	14856448	-1	1125376	606	0	0	1058
6340873	-1	-1	0	0	0	0	0
6349877	10887432	-1	1054720	775	0	0	1167
6358873	-1	-1	0	0	0	0	0
6367871	12057240	-1	1070080	710	0	0	1107
6376872	-1	-1	0	0	0	0	0
6385871	13343768	-1	1397760	838	0	0	1213
6394874	-1	-1	0	0	0	0	0
6403877	15941552	-1	1217536	611	0	0	1044
6412874	-1	-1	0	0	0	0	0
6421877	8743560	-1	990208	906	0	0	1543
6430875	-1	-1	0	0	0	0	0
6439880	11064408	-1	1305600	944	0	0	1584
6448874	-1	-1	0	0	0	0	0
6457873	4182624	-1	346112	662	0	0	1232
6466873	-1	-1	0	0	0	0	0
6475871	4971088	-1	346112	557	0	0	941
6484877	-1	-1	0	0	0	0	0
6493879	3903480	-1	301056	617	0	0	1009
6502873	-1	-1	0	0	0	0	0
6511871	5972840	-1	518144	694	0	0	1174
6520872	-1	-1	0	0	0	0	0
6529874	6796232	-1	533504	628	0	0	1050
6538875	-1	-1	0	0	0	0	0
6547873	7920224	-1	626688	633	0	0	1002
6556872	-1	-1	0	0	0	0	0
6565870	13016736	-1	795648	489	0	0	781
6574871	-1	-1	0	0	0	0	0
6583872	14894408	-1	880632	473	0	0	803
6592872	-1	-1	0	0	0	0	0
6601882	4841248	-1	871424	1440	0	0	1440
6610871	-1	-1	0	0	0	0	0
6619880	6076280	-1	849920	1119	0	0	1119
6628873	-1	-1	0	0	0	0	0
6637873	6504064	-1	726016	893	0	0	1004
6646872	-1	-1	0	0	0	0	0
6726816	2930312	-1	465920	1272	0	0	2724
6735817	4601352	-1	354304	616	0	0	616
6744816	-1	-1	0	0	0	0	0
6753829	5973576	-1	529408	709	0	0	709
6762815	-1	-1	0	0	0	0	0
6771816	5661136	-1	435200	615	0	0	615
6780816	-1	-1	0	0	0	0	0
6789819	8595392	-1	850944	792	0	0	792
6798818	-1	-1	0	0	0	0	0
6807815	9725768	-1	837632	689	0	0	689
6816817	-1	-1	0	0	0	0	0
6825816	12378488	-1	1050624	679	0	0	679
6834816	-1	-1	0	0	0	0	0
6843815	18176808	-1	2169856	955	0	0	955
6852815	-1	-1	0	0	0	0	0
6861816	8179848	-1	689152	674	0	0	674
6870923	-1	-1	0	0	0	0	0
6879816	10629288	-1	964608	726	0	0	726
6888816	-1	-1	0	0	0	0	0
6897817	9303032	-1	643072	553	0	0	553
6906815	-1	-1	0	0	0	0	0
6915816	7035672	-1	442368	503	0	0	503
6924816	-1	-1	0	0	0	0	0
6933846	13728808	-1	683008	398	0	0	398
6942816	-1	-1	0	0	0	0	0
6951817	14108448	-1	1047552	594	0	0	594
6960816	-1	-1	0	0	0	0	0
6969815	17885248	-1	988160	442	0	0	442
6978816	-1	-1	0	0	0	0	0
6987836	15463888	-1	1600512	828	0	0	828
6996821	-1	-1	0	0	0	0	0
7005816	13997872	-1	1410286	806	0	0	806
7014815	-1	-1	0	0	0	0	0
7023816	4332112	-1	648192	1197	0	0	1197
7032815	-1	-1	0	0	0	0	0
7041815	7264600	-1	818176	901	0	0	901
7050816	-1	-1	0	0	0	0	0
7059816	10022784	-1	992256	792	0	0	792
7068815	-1	-1	0	0	0	0	0
7077816	9338640	-1	808960	693	0	0	693
7086815	-1	-1	0	0	0	0	0
7095815	7319544	-1	661504	723	0	0	723
7104815	-1	-1	0	0	0	0	0
7113831	12916848	-1	1167360	723	0	0	723
7122816	-1	-1	0	0	0	0	0
7131817	10995832	-1	1590272	1157	0	0	1157
7140816	-1	-1	0	0	0	0	0
7149818	17556680	-1	1073152	489	0	0	489
7158817	-1	-1	0	0	0	0	0
7167819	13219640	-1	842752	510	0	0	510
7176817	-1	-1	0	0	0	0	0
7185836	14787440	-1	1375232	744	0	0	744
7194815	-1	-1	0	0	0	0	0
7203818	19799080	-1	1935360	782	0	0	782
7212816	-1	-1	0	0	0	0	0
7221877	7581360	-1	826368	872	0	0	872
7230816	-1	-1	0	0	0	0	0
7239847	10186472	-1	925696	727	0	0	727
7248816	-1	-1	0	0	0	0	0
7257815	4882920	-1	495616	812	0	0	812
7266816	-1	-1	0	0	0	0	0
7275815	5880688	-1	617472	840	0	0	840
7284817	-1	-1	0	0	0	0	0
7293817	7066544	-1	668672	757	0	0	757
7302818	-1	-1	0	0	0	0	0
7311883	7373824	-1	738304	801	0	0	801
7320817	-1	-1	0	0	0	0	0
7329816	10244424	-1	1185792	926	0	0	926
7338816	-1	-1	0	0	0	0	0
7347822	10285512	-1	925696	720	0	0	720
7356816	-1	-1	0	0	0	0	0
7365816	7233792	-1	548864	607	0	0	607
7374816	-1	-1	0	0	0	0	0
7383843	3643784	-1	628097	1379	0	0	1379
7392817	-1	-1	0	0	0	0	0
7401815	3334704	-1	318464	764	0	0	764
7410816	-1	-1	0	0	0	0	0
7419818	3864488	-1	444416	920	0	0	920
7428816	-1	-1	0	0	0	0	0
7437816	5821672	-1	601088	826	0	0	826
7446815	-1	-1	0	0	0	0	0
7455817	6364112	-1	680960	856	0	0	856
7464815	-1	-1	0	0	0	0	0
7473815	5319072	-1	523264	787	0	0	787
7482815	-1	-1	0	0	0	0	0
7491816	6375728	-1	521216	654	0	0	654
7500816	-1	-1	0	0	0	0	0
7509816	6698096	-1	560128	669	0	0	669
7518817	-1	-1	0	0	0	0	0
7527816	8192000	-1	754688	737	0	0	737
7536817	-1	-1	0	0	0	0	0
7545816	6404208	-1	535552	669	0	0	669
7554816	-1	-1	0	0	0	0	0
7563817	5624520	-1	529408	753	0	0	753
7572815	-1	-1	0	0	0	0	0
7581816	4396568	-1	381952	695	0	0	695
7590816	-1	-1	0	0	0	0	0
7599815	4677976	-1	432128	739	0	0	739
7608821	-1	-1	0	0	0	0	0
7617833	8128248	-1	783360	771	0	0	771
7626818	-1	-1	0	0	0	0	0
7635827	12417456	-1	1227776	791	0	0	791
7644817	-1	-1	0	0	0	0	0
7653819	12741840	-1	2285568	1435	0	0	1435
7662815	-1	-1	0	0	0	0	0
7671815	15973984	-1	1954816	979	0	0	979
7680816	-1	-1	0	0	0	0	0
7689821	15240536	-1	1828864	960	0	0	960
7698818	-1	-1	0	0	0	0	0
7707821	3298728	-1	338944	822	0	0	822
7716818	-1	-1	0	0	0	0	0
7725816	9522680	-1	937984	788	0	0	788
7734816	-1	-1	0	0	0	0	0
7743815	8427832	-1	695296	660	0	0	660
7752816	-1	-1	0	0	0	0	0
7761817	3360688	-1	550313	1310	0	0	1310
7770817	-1	-1	0	0	0	0	0
7779819	6895248	-1	566272	657	0	0	657
7788817	-1	-1	0	0	0	0	0
7797820	8403192	-1	774144	737	0	0	737
7806816	-1	-1	0	0	0	0	0
7815870	7990040	-1	648192	649	0	0	649
7824819	-1	-1	0	0	0	0	0
7833819	8252768	-1	695296	674	0	0	674
7842817	-1	-1	0	0	0	0	0
7851818	5793440	-1	643072	888	0	0	888
7860817	-1	-1	0	0	0	0	0
7869838	5616048	-1	495616	706	0	0	706
7878817	-1	-1	0	0	0	0	0
7887816	7040272	-1	832512	946	0	0	946
7896817	-1	-1	0	0	0	0	0
7905816	10275224	-1	1045504	814	0	0	814
7914816	-1	-1	0	0	0	0	0
7923815	4520584	-1	370688	656	0	0	656
7932815	-1	-1	0	0	0	0	0
7941815	9976288	-1	910336	730	0	0	730
7950815	-1	-1	0	0	0	0	0
7959816	9078392	-1	650240	573	0	0	573
7968816	-1	-1	0	0	0	0	0
7977817	11666096	-1	1114112	764	0	0	764
7986816	-1	-1	0	0	0	0	0
7995816	7350200	-1	965632	1051	0	0	1051
8004821	-1	-1	0	0	0	0	0
8013832	4525368	-1	679936	1202	0	0	1202
8022815	-1	-1	0	0	0	0	0
8031816	7850304	-1	917504	935	0	0	935
8040815	-1	-1	0	0	0	0	0
8049817	8913520	-1	822272	738	0	0	738
8058818	-1	-1	0	0	0	0	0
8067837	6930984	-1	771072	890	0	0	890
8076816	-1	-1	0	0	0	0	0
8085816	11253368	-1	813056	578	0	0	578
8094816	-1	-1	0	0	0	0	0
8103827	8112464	-1	835584	824	0	0	824
8112820	-1	-1	0	0	0	0	0
8121815	8818952	-1	600791	545	0	0	545
8130816	-1	-1	0	0	0	0	0
8139816	6227320	-1	727040	934	0	0	934
8148819	-1	-1	0	0	0	0	0
8157816	11524336	-1	509952	354	0	0	354
8166821	-1	-1	0	0	0	0	0
8175816	16161208	-1	965632	478	0	0	478
8184816	-1	-1	0	0	0	0	0
8193818	14828728	-1	1132544	611	0	0	611
8202817	-1	-1	0	0	0	0	0
8211816	7663088	-1	637952	666	0	0	691
8220820	-1	-1	0	0	0	0	0
8229817	14795032	-1	858112	464	0	0	464
8238817	-1	-1	0	0	0	0	0
8247815	11647048	-1	976896	671	0	0	671
8256816	-1	-1	0	0	0	0	0
8265816	13839512	-1	685056	396	0	0	396
8274818	-1	-1	0	0	0	0	0
8283818	18372560	-1	870400	379	0	0	379
8292816	-1	-1	0	0	0	0	0
8301817	10445624	-1	650240	498	0	0	498
8310905	-1	-1	0	0	0	0	0
8319817	14572184	-1	1153024	633	0	0	633
8328815	-1	-1	0	0	0	0	0
8337816	13646792	-1	1424384	835	0	0	835
8346817	-1	-1	0	0	0	0	0
8355816	17109336	-1	1231872	576	0	0	576
8364816	-1	-1	0	0	0	0	0
8373815	13647000	-1	1470464	862	0	0	862
8382815	-1	-1	0	0	0	0	0
8391816	18328000	-1	2345984	1024	0	0	1024
8400816	-1	-1	0	0	0	0	0
8409821	15801424	-1	2249728	1139	0	0	1139
8418816	-1	-1	0	0	0	0	0
8427816	13147936	-1	1784832	1086	0	0	1086
8436819	-1	-1	0	0	0	0	0
8445817	13104376	-1	1898496	1159	0	0	1159
8454818	-1	-1	0	0	0	0	0
8463816	16920144	-1	2197504	1039	0	0	1039
8472815	-1	-1	0	0	0	0	0
8481816	12759040	-1	1275904	800	0	0	800
8490815	-1	-1	0	0	0	0	0
8499816	13554504	-1	1753614	1035	0	0	1035
8508824	-1	-1	0	0	0	0	0
8517821	16150312	-1	1273856	631	0	0	631
8526819	-1	-1	0	0	0	0	0
8535821	12304552	-1	1522688	990	0	0	990
8544819	-1	-1	0	0	0	0	0
8553832	16729984	-1	1534976	734	0	0	734
8562816	-1	-1	0	0	0	0	0
8571820	10464688	-1	1037312	793	0	0	793
8580824	-1	-1	0	0	0	0	0
8589817	14349048	-1	1126400	628	0	0	628
8598817	-1	-1	0	0	0	0	0
8607816	12743112	-1	845824	531	0	0	531
8616816	-1	-1	0	0	0	0	0
8625816	13334424	-1	1141760	685	0	0	685
8634815	-1	-1	0	0	0	0	0
8643816	11843232	-1	1172480	792	0	0	792
8652817	-1	-1	0	0	0	0	0
8661819	9762840	-1	1183744	970	0	0	970
8670818	-1	-1	0	0	0	0	0
8679817	12967104	-1	1554432	959	0	0	959
8688817	-1	-1	0	0	0	0	0
8697818	10504576	-1	1097728	836	0	0	836
8706821	-1	-1	0	0	0	0	0
8715817	10260232	-1	1168384	911	0	0	911
8724817	-1	-1	0	0	0	0	0
8733821	10225472	-1	1261568	987	0	0	987
8742816	-1	-1	0	0	0	0	0
8751816	9810400	-1	1104896	901	0	0	901
8760818	-1	-1	0	0	0	0	0
8769816	8955168	-1	949248	848	0	0	848
8778817	-1	-1	0	0	0	0	0
8787818	6093904	-1	529408	695	0	0	695
8796816	-1	-1	0	0	0	0	0
8805829	10164624	-1	1208320	951	0	0	951
8814817	-1	-1	0	0	0	0	0
8823816	10733280	-1	1063936	793	0	0	793
8832817	-1	-1	0	0	0	0	0
8841816	15299768	-1	2340864	1224	0	0	1224
8850816	-1	-1	0	0	0	0	0
8859820	13932344	-1	2255298	1295	0	0	1295
8868816	-1	-1	0	0	0	0	0
8877817	6870912	-1	1113088	1296	0	0	1296
8886818	-1	-1	0	0	0	0	0
8895816	15915456	-1	1078272	542	0	0	542
8904818	-1	-1	0	0	0	0	0
8913817	9883400	-1	1298432	1051	0	0	1051
8922817	-1	-1	0	0	0	0	0
8931822	11758936	-1	1411072	960	0	0	960
8940819	-1	-1	0	0	0	0	0
8949822	12581808	-1	1490944	948	0	0	948
8958817	-1	-1	0	0	0	0	0
8967818	11304960	-1	1766400	1250	0	0	1250
8976816	-1	-1	0	0	0	0	0
8985824	13789944	-1	2928640	1699	0	0	1699
8994835	-1	-1	0	0	0	0	0
9003817	15605264	-1	2093056	1073	0	0	1073
9012819	-1	-1	0	0	0	0	0
9021816	14812928	-1	1486848	803	0	0	803
9030816	-1	-1	0	0	0	0	0
9039816	16791480	-1	2025472	965	0	0	965
9048822	-1	-1	0	0	0	0	0
9057824	16849200	-1	1520640	722	0	0	722
9066821	-1	-1	0	0	0	0	0
9075817	13517264	-1	1491968	883	0	0	883
9084854	-1	-1	0	0	0	0	0
9093817	10994240	-1	1048576	763	0	0	790
9102816	-1	-1	0	0	0	0	0
9111821	8664328	-1	601088	555	0	0	555
9120819	-1	-1	0	0	0	0	0
9129823	6592880	-1	721920	876	0	0	876
9138825	-1	-1	0	0	0	0	0
9147851	8378672	-1	1195008	1141	0	0	1141
9156816	-1	-1	0	0	0	0	0
9165821	7178856	-1	761856	849	0	0	849
9174816	-1	-1	0	0	0	0	0
9183816	6945016	-1	821248	946	0	0	946
9192824	-1	-1	0	0	0	0	0
9201822	10682032	-1	1045504	783	0	0	783
9210821	-1	-1	0	0	0	0	0
9219817	14994592	-1	1392623	743	0	0	743
9228819	-1	-1	0	0	0	0	0
9237817	6697752	-1	780288	932	0	0	932
9246823	-1	-1	0	0	0	0	0
9255817	11065184	-1	1325056	958	0	0	958
9264815	-1	-1	0	0	0	0	0
9273817	13269168	-1	1308672	789	0	0	789
9282816	-1	-1	0	0	0	0	0
9291815	18280920	-1	1115136	488	0	0	488
9300815	-1	-1	0	0	0	0	0
9309820	19560488	-1	1198080	490	0	0	490
9318816	-1	-1	0	0	0	0	0
9327817	13218008	-1	684032	414	0	0	414
9336823	-1	-1	0	0	0	0	0
9345816	15877160	-1	1379328	695	0	0	695
9354817	-1	-1	0	0	0	0	0
9363818	11607888	-1	1162240	801	0	0	801
9372816	-1	-1	0	0	0	0	0
9381818	9420800	-1	800768	680	0	0	680
9390822	-1	-1	0	0	0	0	0
9399818	9619392	-1	793600	660	0	0	660
9408834	-1	-1	0	0	0	0	0
9417820	9523632	-1	1398784	1175	0	0	1175
9426833	-1	-1	0	0	0	0	0
9435819	5591832	-1	775168	1109	0	0	1109
9444819	-1	-1	0	0	0	0	0
9453834	15938224	-1	2233344	1121	0	0	1121
9462816	-1	-1	0	0	0	0	0
9471818	13142176	-1	1000448	609	0	0	617
9480818	-1	-1	0	0	0	0	0
9489823	15650864	-1	1508352	771	0	0	780
9498821	-1	-1	0	0	0	0	0
9507821	18026720	-1	1708032	758	0	0	758
9516820	-1	-1	0	0	0	0	0
9525822	20205272	-1	1656832	656	0	0	656
9534821	-1	-1	0	0	0	0	0
9543818	19243816	-1	1068032	444	0	0	444
9552818	-1	-1	0	0	0	0	0
9561826	21329752	-1	2287616	858	0	0	858
9570818	-1	-1	0	0	0	0	0
9579817	10896432	-1	1984512	1457	0	0	1457
9588824	-1	-1	0	0	0	0	0
9597821	10489288	-1	1434410	1094	0	0	1110
9606818	-1	-1	0	0	0	0	0
9615818	13229448	-1	1928192	1166	0	0	1166
9624831	-1	-1	0	0	0	0	0
9633824	21165280	-1	2071552	783	0	0	783
9642826	-1	-1	0	0	0	0	0
9651827	16133952	-1	1387520	688	0	0	688
9660827	-1	-1	0	0	0	0	0
9669876	23347200	-1	2042880	700	0	0	700
9678822	-1	-1	0	0	0	0	0
9687823	17086168	-1	1196032	560	0	0	564
9696821	-1	-1	0	0	0	0	0
9705832	20292504	-1	1440768	568	0	0	568
9714817	-1	-1	0	0	0	0	0
9723819	21072096	-1	1330176	505	0	0	505
9732816	-1	-1	0	0	0	0	0
9741816	17700264	-1	2093056	946	0	0	946
9750816	-1	-1	0	0	0	0	0
9759820	23643304	-1	2154496	729	0	0	729
9768818	-1	-1	0	0	0	0	0
9777822	13740368	-1	1293312	753	0	0	753
9786821	-1	-1	0	0	0	0	0
9795815	17733272	-1	1130496	510	0	0	555
9804816	-1	-1	0	0	0	0	0
9813822	12053624	-1	1105920	734	0	0	734
9822818	-1	-1	0	0	0	0	0
9831823	15218680	-1	896000	471	0	0	497
9840816	-1	-1	0	0	0	0	0
9849821	14890168	-1	949248	510	0	0	510
9858824	-1	-1	0	0	0	0	0
9867840	9600272	-1	1144832	954	0	0	954
9876821	-1	-1	0	0	0	0	0
9885823	9637648	-1	1269760	1054	0	0	1054
9894817	-1	-1	0	0	0	0	0
9903855	13815320	-1	1222656	708	0	0	708
9912821	-1	-1	0	0	0	0	0
9921819	20167160	-1	1419264	563	0	0	563
9930816	-1	-1	0	0	0	0	0
9939818	18319664	-1	1085440	474	0	0	474
9948826	-1	-1	0	0	0	0	0
9957827	15052608	-1	984064	523	0	0	599
9966819	-1	-1	0	0	0	0	0
9975817	5833016	-1	963177	1321	0	0	1321
9984821	-1	-1	0	0	0	0	0
9993819	10276904	-1	1140736	888	0	0	888
10002817	-1	-1	0	0	0	0	0
10011830	8573408	-1	1058816	988	0	0	988
10020820	-1	-1	0	0	0	0	0
10029836	10225928	-1	1487872	1164	0	0	1164
10038822	-1	-1	0	0	0	0	0
10047822	16202912	-1	1924096	950	0	0	950
10056821	-1	-1	0	0	0	0	0
10065819	11083760	-1	1432576	1034	0	0	1034
10074824	-1	-1	0	0	0	0	0
10083817	13952824	-1	1622016	930	0	0	930
10092817	-1	-1	0	0	0	0	0
10101817	12807832	-1	1778688	1111	0	0	1111
10110819	-1	-1	0	0	0	0	0
10119817	14186912	-1	1851392	1044	0	0	1044
10128822	-1	-1	0	0	0	0	0
10137821	7991264	-1	856064	857	0	0	857
10146825	-1	-1	0	0	0	0	0
10155822	8835408	-1	787456	713	0	0	713
10164818	-1	-1	0	0	0	0	0
10173816	12643144	-1	820224	519	0	0	519
10182817	-1	-1	0	0	0	0	0
10191816	13639528	-1	1348608	791	0	0	791
10200818	-1	-1	0	0	0	0	0
10209820	8808688	-1	1184768	1076	0	0	1076
10218817	-1	-1	0	0	0	0	0
10227819	12607688	-1	1292288	820	0	0	820
10236818	-1	-1	0	0	0	0	0
10245820	7565416	-1	1001472	1059	0	0	1059
10254822	-1	-1	0	0	0	0	0
10263821	8589864	-1	862208	803	0	0	803
10272817	-1	-1	0	0	0	0	0
10281821	11772744	-1	1158144	787	0	0	787
10290824	-1	-1	0	0	0	0	0
10299858	11712688	-1	1219584	833	0	0	833
10308817	-1	-1	0	0	0	0	0
10317816	9847120	-1	1206272	980	0	0	980
10326832	-1	-1	0	0	0	0	0
10335836	6178352	-1	622469	806	0	0	806
10344827	-1	-1	0	0	0	0	0
10353824	7164648	-1	821248	917	0	0	917
10362835	-1	-1	0	0	0	0	0
10371818	10103216	-1	1380352	1093	0	0	1093
10380837	-1	-1	0	0	0	0	0
10389819	7736888	-1	626688	648	0	0	648
10398820	-1	-1	0	0	0	0	0
10407825	6768320	-1	593920	702	0	0	702
10416817	-1	-1	0	0	0	0	0
10425817	10869720	-1	980992	722	0	0	722
10434817	-1	-1	0	0	0	0	0
10443816	8024248	-1	587776	586	0	0	586
10452818	-1	-1	0	0	0	0	0
10461819	7018392	-1	618496	705	0	0	705
10470819	-1	-1	0	0	0	0	0
10479817	10000480	-1	951296	761	0	0	761
10488817	-1	-1	0	0	0	0	0
10497840	9821768	-1	931840	759	0	0	759
10506823	-1	-1	0	0	0	0	0
10515818	11254184	-1	1320960	939	0	0	939
10524818	-1	-1	0	0	0	0	0
10533818	10136608	-1	1179648	931	0	0	931
10542818	-1	-1	0	0	0	0	0
10551816	6170192	-1	603136	782	0	0	782
10560817	-1	-1	0	0	0	0	0
10569820	9891584	-1	893952	723	0	0	723
10578817	-1	-1	0	0	0	0	0
10587818	7892128	-1	592896	601	0	0	601
10596820	-1	-1	0	0	0	0	0
10605818	12146384	-1	1141760	752	0	0	752
10614817	-1	-1	0	0	0	0	0
10623817	11889632	-1	1191936	802	0	0	802
10632818	-1	-1	0	0	0	0	0
10641817	20956024	-1	1938432	740	0	0	740
10650816	-1	-1	0	0	0	0	0
10659820	19863048	-1	2192384	883	0	0	883
10668830	-1	-1	0	0	0	0	0
10677824	12452296	-1	1125376	723	0	0	723
10686819	-1	-1	0	0	0	0	0
10695823	9337736	-1	1168384	1001	0	0	1001
10704827	-1	-1	0	0	0	0	0
10713826	8209920	-1	1419290	1383	0	0	1383
10722819	-1	-1	0	0	0	0	0
10731818	17534560	-1	1560576	712	0	0	712
10740825	-1	-1	0	0	0	0	0
10749819	19097808	-1	1160192	486	0	0	516
10758818	-1	-1	0	0	0	0	0
10767825	10774368	-1	1140736	847	0	0	847
10776839	-1	-1	0	0	0	0	0
10785824	9406968	-1	800768	681	0	0	681
10794818	-1	-1	0	0	0	0	0
10803823	14532784	-1	1020928	562	0	0	562
10812826	-1	-1	0	0	0	0	0
10821818	16153808	-1	1221632	605	0	0	650
10830826	-1	-1	0	0	0	0	0
10839819	10754400	-1	1723392	1282	0	0	1282
10848837	-1	-1	0	0	0	0	0
10857818	11892824	-1	970752	653	0	0	653
10866824	-1	-1	0	0	0	0	0
10875820	12196400	-1	954368	626	0	0	626
10884826	-1	-1	0	0	0	0	0
10893818	14725800	-1	1218560	662	0	0	662
10902825	-1	-1	0	0	0	0	0
10911821	13234272	-1	1002496	606	0	0	606
10920824	-1	-1	0	0	0	0	0
10929824	10978160	-1	1283072	935	0	0	935
10938824	-1	-1	0	0	0	0	0
10947825	13522760	-1	1626112	962	0	0	962
10956827	-1	-1	0	0	0	0	0
10965822	10227120	-1	813056	636	0	0	669
10974821	-1	-1	0	0	0	0	0
10983818	14332056	-1	929792	519	0	0	519
10992819	-1	-1	0	0	0	0	0
11001818	15106048	-1	1416192	750	0	0	750
11010818	-1	-1	0	0	0	0	0
11019821	13774336	-1	1437696	835	0	0	835
11028819	-1	-1	0	0	0	0	0
11037819	14489600	-1	1159168	640	0	0	640
11046821	-1	-1	0	0	0	0	0
11055819	10404440	-1	890880	685	0	0	701
11064818	-1	-1	0	0	0	0	0
11073817	15006216	-1	1279280	682	0	0	682
11082818	-1	-1	0	0	0	0	0
11091817	6617736	-1	929792	1124	0	0	1124
11100818	-1	-1	0	0	0	0	0
11109823	14759144	-1	1785856	968	0	0	968
11118822	-1	-1	0	0	0	0	0
11127819	14112616	-1	1730560	981	0	0	981
11136820	-1	-1	0	0	0	0	0
11145820	10726944	-1	1945600	1451	0	0	1451
11154820	-1	-1	0	0	0	0	0
11163826	6041600	-1	785408	1040	0	0	1040
11172817	-1	-1	0	0	0	0	0
11181825	10219560	-1	1280000	1002	0	0	1002
11190817	-1	-1	0	0	0	0	0
11199820	10682776	-1	1945600	1457	0	0	1457
11208820	-1	-1	0	0	0	0	0
11217839	8802000	-1	2408448	2189	0	0	2189
11226844	-1	-1	0	0	0	0	0
11235827	7046000	-1	1145856	1301	0	0	1301
11244825	-1	-1	0	0	0	0	0
11253821	8333088	-1	967680	929	0	0	929
11262820	-1	-1	0	0	0	0	0
11271857	7355464	-1	999424	1087	0	0	1087
11280820	-1	-1	0	0	0	0	0
11289818	7579904	-1	925696	977	0	0	977
11298825	-1	-1	0	0	0	0	0
11307821	11090072	-1	1379328	995	0	0	995
11316821	-1	-1	0	0	0	0	0
11325821	9860208	-1	1761280	1429	0	0	1429
11334819	-1	-1	0	0	0	0	0
11343820	12780480	-1	2179072	1364	0	0	1364
11352819	-1	-1	0	0	0	0	0
11361821	12831480	-1	1982464	1236	0	0	1236
11370825	-1	-1	0	0	0	0	0
11379819	6145048	-1	1506304	1961	0	0	1961
11388821	-1	-1	0	0	0	0	0
11397819	5436224	-1	886784	1305	0	0	1305
11406831	-1	-1	0	0	0	0	0
11415823	6342720	-1	800768	1010	0	0	1010
11424819	-1	-1	0	0	0	0	0
11433817	8355840	-1	731136	700	0	0	700
11442818	-1	-1	0	0	0	0	0
11451818	5666992	-1	1247447	1761	0	0	1761
11460820	-1	-1	0	0	0	0	0
11469820	8621376	-1	781312	725	0	0	725
11478817	-1	-1	0	0	0	0	0
11487820	9195760	-1	1163264	1012	0	0	1012
11496818	-1	-1	0	0	0	0	0
11505826	11397568	-1	1048576	736	0	0	736
11514818	-1	-1	0	0	0	0	0
11523817	13480656	-1	1145856	680	0	0	680
11532817	-1	-1	0	0	0	0	0
11541817	12966624	-1	1095680	676	0	0	676
11550816	-1	-1	0	0	0	0	0
11559822	9880312	-1	689152	558	0	0	558
11568828	-1	-1	0	0	0	0	0
11577826	8645816	-1	760832	704	0	0	704
11586826	-1	-1	0	0	0	0	0
11595821	8962192	-1	786432	702	0	0	763
11604820	-1	-1	0	0	0	0	0
11613819	8875856	-1	637952	575	0	0	575
11622820	-1	-1	0	0	0	0	0
11631822	9737936	-1	690176	567	0	0	567
11640819	-1	-1	0	0	0	0	0
11649878	5637304	-1	612352	869	0	0	869
11658830	-1	-1	0	0	0	0	0
11667820	4202648	-1	544768	1037	0	0	1037
11676827	-1	-1	0	0	0	0	0
11685826	6299072	-1	603136	766	0	0	829
11694819	-1	-1	0	0	0	0	0
11703831	7458032	-1	645120	692	0	0	750
11712820	-1	-1	0	0	0	0	0
11721819	8553408	-1	654336	612	0	0	612
11730818	-1	-1	0	0	0	0	0
11739822	13667648	-1	1303552	763	0	0	763
11748819	-1	-1	0	0	0	0	0
11757816	11802328	-1	1405952	953	0	0	953
11766820	-1	-1	0	0	0	0	0
11775815	13268408	-1	1753088	1057	0	0	1057
11784818	-1	-1	0	0	0	0	0
11793820	11572240	-1	1283072	887	0	0	887
11802891	-1	-1	0	0	0	0	0
11811833	11209928	-1	1004690	717	0	0	724
11820817	-1	-1	0	0	0	0	0
11829817	2564696	-1	664576	2073	0	0	2073
11838852	-1	-1	0	0	0	0	0
11847819	6301536	-1	1075200	1365	0	0	1365
11856836	-1	-1	0	0	0	0	0
11865816	11045040	-1	1078272	781	0	0	781
11874938	-1	-1	0	0	0	0	0
11883873	10811000	-1	727040	538	0	0	576
11892817	-1	-1	0	0	0	0	0
11901816	9738744	-1	696320	572	0	0	606
11910821	-1	-1	0	0	0	0	0
11919815	8806400	-1	748544	680	0	0	680
11928817	-1	-1	0	0	0	0	0
11937816	7111888	-1	519168	584	0	0	609
11946817	-1	-1	0	0	0	0	0
11955819	7644928	-1	558080	584	0	0	584
11964816	-1	-1	0	0	0	0	0
11973815	11289472	-1	567296	402	0	0	465
11982818	-1	-1	0	0	0	0	0
11991818	18169432	-1	1240064	546	0	0	546
12000816	-1	-1	0	0	0	0	0
12009816	11593360	-1	743424	513	0	0	513
12018816	-1	-1	0	0	0	0	0
12027820	11436792	-1	804864	563	0	0	592
12036816	-1	-1	0	0	0	0	0
12045876	14200440	-1	992256	559	0	0	597
12054816	-1	-1	0	0	0	0	0
12063815	14064400	-1	980992	558	0	0	606
12072831	-1	-1	0	0	0	0	0
12081815	11089728	-1	1246208	899	0	0	899
12090815	-1	-1	0	0	0	0	0
12099817	10426184	-1	802816	616	0	0	637
12108819	-1	-1	0	0	0	0	0
12117830	3787208	-1	427008	902	0	0	925
12126816	-1	-1	0	0	0	0	0
12135830	7099192	-1	898048	1012	0	0	1060
12144816	-1	-1	0	0	0	0	0
12153816	7324200	-1	648192	708	0	0	708
12162816	-1	-1	0	0	0	0	0
12171816	6000672	-1	482304	643	0	0	643
12180816	-1	-1	0	0	0	0	0
12189816	3175240	-1	500894	1262	0	0	1262
12198826	-1	-1	0	0	0	0	0
12207818	5310272	-1	467968	705	0	0	705
12216816	-1	-1	0	0	0	0	0
12225815	3653880	-1	512000	1121	0	0	1121
12234816	-1	-1	0	0	0	0	0
12243874	4364768	-1	415744	762	0	0	762
12252815	-1	-1	0	0	0	0	0
12261822	6347440	-1	599040	755	0	0	755
12270822	-1	-1	0	0	0	0	0
12279816	2757176	-1	319488	927	0	0	927
12288818	-1	-1	0	0	0	0	0
12297819	1844088	-1	372736	1617	0	0	1617
12306839	-1	-1	0	0	0	0	0
12315815	4019864	-1	270336	538	0	0	538
12324816	-1	-1	0	0	0	0	0
12333815	7148632	-1	708608	793	0	0	793
12342816	-1	-1	0	0	0	0	0
12351815	7606280	-1	957440	1007	0	0	1007
12360816	-1	-1	0	0	0	0	0
12369872	4665272	-1	688128	1180	0	0	1180
12378819	-1	-1	0	0	0	0	0
12387820	6206848	-1	733184	945	0	0	945
12396816	-1	-1	0	0	0	0	0
12405818	5575880	-1	515072	739	0	0	739
12414816	-1	-1	0	0	0	0	0
12423816	6282584	-1	522240	665	0	0	665
12432816	-1	-1	0	0	0	0	0
12441816	9107648	-1	763904	671	0	0	671
12450815	-1	-1	0	0	0	0	0
12459816	6749448	-1	656384	778	0	0	778
12468816	-1	-1	0	0	0	0	0
12477816	8964448	-1	903168	806	0	0	806
12486820	-1	-1	0	0	0	0	0
12495816	5121080	-1	606208	947	0	0	947
12504816	-1	-1	0	0	0	0	0
12513816	8724888	-1	989184	907	0	0	907
12522816	-1	-1	0	0	0	0	0
12531831	6844488	-1	655360	766	0	0	766
12540816	-1	-1	0	0	0	0	0
12549817	6294672	-1	653072	830	0	0	830
12558816	-1	-1	0	0	0	0	0
12567821	4480416	-1	519168	927	0	0	927
12576817	-1	-1	0	0	0	0	0
12585816	5094400	-1	611328	960	0	0	960
12594816	-1	-1	0	0	0	0	0
12603816	8552656	-1	1019904	954	0	0	954
12612815	-1	-1	0	0	0	0	0
12621816	15391544	-1	936960	487	0	0	487
12630816	-1	-1	0	0	0	0	0
12639816	8991776	-1	805888	717	0	0	717
12648816	-1	-1	0	0	0	0	0
12657820	8896536	-1	659456	593	0	0	631
12666828	-1	-1	0	0	0	0	0
12675816	8305776	-1	598016	576	0	0	613
12684816	-1	-1	0	0	0	0	0
12693817	10515272	-1	977920	744	0	0	764
12702817	-1	-1	0	0	0	0	0
12711857	12725552	-1	1072128	674	0	0	694
12720823	-1	-1	0	0	0	0	0
12729828	7417952	-1	824320	889	0	0	889
12738818	-1	-1	0	0	0	0	0
12747816	8522768	-1	1583104	1486	0	0	1486
12756816	-1	-1	0	0	0	0	0
12765816	8667376	-1	802816	741	0	0	779
12774815	-1	-1	0	0	0	0	0
12783816	12391608	-1	918528	593	0	0	665
12792816	-1	-1	0	0	0	0	0
12801816	9494736	-1	828416	698	0	0	698
12810815	-1	-1	0	0	0	0	0
12819816	13913184	-1	1078272	620	0	0	667
12828816	-1	-1	0	0	0	0	0
12837817	13565400	-1	1000448	590	0	0	647
12846816	-1	-1	0	0	0	0	0
12855817	7620792	-1	560128	588	0	0	622
12864815	-1	-1	0	0	0	0	0
12873815	11657160	-1	671744	461	0	0	537
12882815	-1	-1	0	0	0	0	0
12891815	19000208	-1	1189888	501	0	0	539
12900821	-1	-1	0	0	0	0	0
12909816	13347904	-1	1127898	676	0	0	676
12918816	-1	-1	0	0	0	0	0
12927825	8509216	-1	1098752	1033	0	0	1033
12936815	-1	-1	0	0	0	0	0
12945817	14433520	-1	1780736	987	0	0	987
12954816	-1	-1	0	0	0	0	0
12963816	6044856	-1	1092608	1446	0	0	1446
12972817	-1	-1	0	0	0	0	0
12981817	8911296	-1	913408	820	0	0	820
12990816	-1	-1	0	0	0	0	0
12999818	6909584	-1	640000	741	0	0	749
13008815	-1	-1	0	0	0	0	0
13017828	4723104	-1	609280	1032	0	0	1032
13026816	-1	-1	0	0	0	0	0
13035817	3096232	-1	572416	1479	0	0	1479
13044816	-1	-1	0	0	0	0	0
13053815	8411080	-1	1100800	1047	0	0	1047
13062815	-1	-1	0	0	0	0	0
13071816	8033856	-1	780288	777	0	0	777
13080821	-1	-1	0	0	0	0	0
13089815	8648968	-1	794624	735	0	0	738
13098816	-1	-1	0	0	0	0	0
13107816	6879688	-1	531456	618	0	0	618
13116816	-1	-1	0	0	0	0	0
13125815	3822400	-1	486400	1018	0	0	1018
13134816	-1	-1	0	0	0	0	0
13143816	11223528	-1	1171456	835	0	0	835
13152816	-1	-1	0	0	0	0	0
13161816	8989312	-1	1177600	1048	0	0	1048
13170816	-1	-1	0	0	0	0	0
13179825	8030672	-1	917504	914	0	0	914
13188817	-1	-1	0	0	0	0	0
13197831	9458720	-1	1162240	983	0	0	990
13206839	-1	-1	0	0	0	0	0
13215816	11768104	-1	1240064	843	0	0	864
13224818	-1	-1	0	0	0	0	0
13233818	8406728	-1	801792	763	0	0	763
13242817	-1	-1	0	0	0	0	0
13251816	11681448	-1	1676288	1148	0	0	1148
13260817	-1	-1	0	0	0	0	0
13269816	8676384	-1	1045504	964	0	0	964
13278817	-1	-1	0	0	0	0	0
13287816	8437592	-1	1245600	1181	0	0	1181
13296816	-1	-1	0	0	0	0	0
13305816	11212096	-1	1520640	1085	0	0	1101
13314815	-1	-1	0	0	0	0	0
13323816	15939064	-1	1247232	626	0	0	637
13332816	-1	-1	0	0	0	0	0
13341818	25117384	-1	1805312	575	0	0	575
13350817	-1	-1	0	0	0	0	0
13359816	22257512	-1	1622016	583	0	0	586
13368816	-1	-1	0	0	0	0	0
13377816	6734184	-1	733184	871	0	0	871
13386816	-1	-1	0	0	0	0	0
13395815	9538200	-1	935936	785	0	0	803
13404820	-1	-1	0	0	0	0	0
13413816	8116048	-1	765952	755	0	0	766
13422815	-1	-1	0	0	0	0	0
13431816	9107936	-1	906240	796	0	0	799
13440815	-1	-1	0	0	0	0	0
13449816	7292072	-1	564224	619	0	0	659
13458817	-1	-1	0	0	0	0	0
13467817	6933840	-1	507904	586	0	0	586
13476816	-1	-1	0	0	0	0	0
13485815	5146048	-1	657408	1022	0	0	1156
13494832	-1	-1	0	0	0	0	0
13503818	6038976	-1	588800	780	0	0	818
13512846	-1	-1	0	0	0	0	0
13521816	14199464	-1	1224704	690	0	0	725
13530816	-1	-1	0	0	0	0	0
13539816	18580888	-1	1437696	619	0	0	660
13548816	-1	-1	0	0	0	0	0
13557817	15998144	-1	1655808	828	0	0	832
13566828	-1	-1	0	0	0	0	0
13575816	9747088	-1	1078272	885	0	0	885
13584816	-1	-1	0	0	0	0	0
13593816	10963312	-1	1012736	739	0	0	759
13602816	-1	-1	0	0	0	0	0
13611817	8018320	-1	850944	849	0	0	849
13620815	-1	-1	0	0	0	0	0
13629816	12412120	-1	1433600	924	0	0	924
13638816	-1	-1	0	0	0	0	0
13647817	6036208	-1	1003520	1330	0	0	1330
13656817	-1	-1	0	0	0	0	0
13665816	5793952	-1	1132717	1564	0	0	1564
13674816	-1	-1	0	0	0	0	0
13683815	14469680	-1	1385472	766	0	0	781
13692846	-1	-1	0	0	0	0	0
13701816	7623248	-1	782336	821	0	0	821
13710817	-1	-1	0	0	0	0	0
13719815	12308480	-1	1230848	800	0	0	800
13728817	-1	-1	0	0	0	0	0
13737816	8393912	-1	893952	852	0	0	852
13746816	-1	-1	0	0	0	0	0
13755816	9298392	-1	808960	696	0	0	714
13764816	-1	-1	0	0	0	0	0
13773816	11935472	-1	728064	488	0	0	544
13782816	-1	-1	0	0	0	0	0
13791816	12064584	-1	746496	495	0	0	535
13800815	-1	-1	0	0	0	0	0
13809815	13406624	-1	816128	487	0	0	537
13818816	-1	-1	0	0	0	0	0
13827816	5895424	-1	686080	931	0	0	931
13836816	-1	-1	0	0	0	0	0
13845815	9387912	-1	964608	822	0	0	822
13854820	-1	-1	0	0	0	0	0
13863816	9944928	-1	871424	701	0	0	732
13872816	-1	-1	0	0	0	0	0
13881815	5760488	-1	565248	785	0	0	785
13890816	-1	-1	0	0	0	0	0
13899815	7609216	-1	708608	745	0	0	745
13908832	-1	-1	0	0	0	0	0
13917817	5056656	-1	980992	1552	0	0	1552
13926821	-1	-1	0	0	0	0	0
13935836	8442264	-1	1036288	982	0	0	982
13944816	-1	-1	0	0	0	0	0
13953971	5685736	-1	717824	1010	0	0	1044
13962817	-1	-1	0	0	0	0	0
13971816	8251712	-1	707584	686	0	0	752
13980816	-1	-1	0	0	0	0	0
13989838	8409968	-1	948224	902	0	0	916
13998876	-1	-1	0	0	0	0	0
14007816	12899544	-1	1501184	931	0	0	931
14016816	-1	-1	0	0	0	0	0
14025816	11091272	-1	1534755	1107	0	0	1107
14034816	-1	-1	0	0	0	0	0
14043819	14449776	-1	1950720	1080	0	0	1080
14052817	-1	-1	0	0	0	0	0
14061817	15290304	-1	2190336	1146	0	0	1146
14070816	-1	-1	0	0	0	0	0
14079816	5050184	-1	1111040	1760	0	0	1760
14088819	-1	-1	0	0	0	0	0
14097816	9054768	-1	1085440	959	0	0	959
14106816	-1	-1	0	0	0	0	0
14115817	11657848	-1	1742848	1196	0	0	1196
14124817	-1	-1	0	0	0	0	0
14133815	10328392	-1	1405952	1089	0	0	1089
14142816	-1	-1	0	0	0	0	0
14151817	7190104	-1	749568	834	0	0	834
14160817	-1	-1	0	0	0	0	0
14169817	7613016	-1	632832	665	0	0	715
14178819	-1	-1	0	0	0	0	0
14187817	8667600	-1	914432	844	0	0	844
14196816	-1	-1	0	0	0	0	0
14205817	5435168	-1	567296	835	0	0	842
14214816	-1	-1	0	0	0	0	0
14223815	7039048	-1	950272	1080	0	0	1080
14232815	-1	-1	0	0	0	0	0
14241816	7002008	-1	831488	950	0	0	950
14250815	-1	-1	0	0	0	0	0
14259816	10339992	-1	714752	553	0	0	605
14268817	-1	-1	0	0	0	0	0
14277816	10041536	-1	1217536	970	0	0	1007
14286816	-1	-1	0	0	0	0	0
14295816	5708344	-1	717824	1006	0	0	1006
14304815	-1	-1	0	0	0	0	0
14313820	9110728	-1	974848	856	0	0	856
14322816	-1	-1	0	0	0	0	0
14331817	9270224	-1	1531904	1322	0	0	1322
14340816	-1	-1	0	0	0	0	0
14349816	12221072	-1	1869824	1224	0	0	1224
14358815	-1	-1	0	0	0	0	0
14367820	6864592	-1	1112064	1296	0	0	1296
14376815	-1	-1	0	0	0	0	0
14385831	7339592	-1	911027	993	0	0	993
14394820	-1	-1	0	0	0	0	0
14403818	4526400	-1	646144	1142	0	0	1142
14412818	-1	-1	0	0	0	0	0
14421816	14474008	-1	1342464	742	0	0	775
14430816	-1	-1	0	0	0	0	0
14439816	14311968	-1	1372160	767	0	0	767
14448816	-1	-1	0	0	0	0	0
14457816	9859144	-1	1053696	855	0	0	858
14466816	-1	-1	0	0	0	0	0
14475816	9652456	-1	1177600	976	0	0	992
14484818	-1	-1	0	0	0	0	0
14493817	11648936	-1	1390592	955	0	0	962
14502816	-1	-1	0	0	0	0	0
14511818	12807576	-1	1514496	946	0	0	979
14520816	-1	-1	0	0	0	0	0
14529835	8163272	-1	1745920	1711	0	0	1711
14538819	-1	-1	0	0	0	0	0
14547880	7862328	-1	1294336	1317	0	0	1317
14556820	-1	-1	0	0	0	0	0
14565820	6001184	-1	1107968	1477	0	0	1488
14574817	-1	-1	0	0	0	0	0
14583816	12823544	-1	1777664	1109	0	0	1109
14592818	-1	-1	0	0	0	0	0
14601816	15453336	-1	1462272	757	0	0	791
14610817	-1	-1	0	0	0	0	0
14619816	19897856	-1	1942528	781	0	0	781
14628816	-1	-1	0	0	0	0	0
14637815	13794576	-1	1500160	870	0	0	870
14646816	-1	-1	0	0	0	0	0
14655821	8192000	-1	818176	799	0	0	941
14664816	-1	-1	0	0	0	0	0
14673816	8942536	-1	573440	513	0	0	598
14682831	-1	-1	0	0	0	0	0
14691815	9866608	-1	669696	543	0	0	614
14700816	-1	-1	0	0	0	0	0
14709816	11966168	-1	837632	560	0	0	650
14718816	-1	-1	0	0	0	0	0
14727816	6639928	-1	740352	892	0	0	969
14736818	-1	-1	0	0	0	0	0
14745816	11833912	-1	1320960	893	0	0	1020
14754815	-1	-1	0	0	0	0	0
14763817	6626720	-1	1005605	1214	0	0	1214
14772815	-1	-1	0	0	0	0	0
14781816	8940352	-1	917504	821	0	0	902
14790816	-1	-1	0	0	0	0	0
14799820	13959328	-1	1432576	821	0	0	821
14808818	-1	-1	0	0	0	0	0
14817821	7039728	-1	1657856	1884	0	0	1884
14826816	-1	-1	0	0	0	0	0
14835817	11862704	-1	2127872	1435	0	0	1435
14844820	-1	-1	0	0	0	0	0
14853819	8007640	-1	2045952	2044	0	0	2044
14862816	-1	-1	0	0	0	0	0
14871848	14657552	-1	1738752	949	0	0	949
14880900	-1	-1	0	0	0	0	0
14889817	10745976	-1	1826816	1360	0	0	1360
14898816	-1	-1	0	0	0	0	0
14907817	8738136	-1	933888	855	0	0	865
14916834	-1	-1	0	0	0	0	0
14925816	16467168	-1	2027520	985	0	0	989
14934815	-1	-1	0	0	0	0	0
14943816	14206728	-1	1603584	903	0	0	927
14952818	-1	-1	0	0	0	0	0
14961817	10376032	-1	1405952	1084	0	0	1084
14970829	-1	-1	0	0	0	0	0
14979819	5803184	-1	1442816	1989	0	0	1989
14988818	-1	-1	0	0	0	0	0
14997817	8571904	-1	1640448	1531	0	0	1531
15006816	-1	-1	0	0	0	0	0
15015816	7704784	-1	1392640	1446	0	0	1462
15024821	-1	-1	0	0	0	0	0
15033816	10807760	-1	1091584	808	0	0	896
15042817	-1	-1	0	0	0	0	0
15051816	15832256	-1	1733632	876	0	0	923
15060816	-1	-1	0	0	0	0	0
15069818	20280600	-1	2499584	986	0	0	1053
15078815	-1	-1	0	0	0	0	0
15087817	15637832	-1	2017280	1032	0	0	1032
15096817	-1	-1	0	0	0	0	0
15105828	14565480	-1	1722368	946	0	0	1025
15114816	-1	-1	0	0	0	0	0
15123816	19315736	-1	1472825	610	0	0	684
15132815	-1	-1	0	0	0	0	0
15141816	7494232	-1	846848	904	0	0	904
15150815	-1	-1	0	0	0	0	0
15159816	19012072	-1	1644544	692	0	0	692
15168816	-1	-1	0	0	0	0	0
15177821	8952832	-1	879616	786	0	0	836
15186816	-1	-1	0	0	0	0	0
15195838	6021472	-1	616448	819	0	0	857
15204816	-1	-1	0	0	0	0	0
15213816	6006688	-1	526336	701	0	0	767
15222816	-1	-1	0	0	0	0	0
15231819	9288032	-1	841728	725	0	0	777
15240816	-1	-1	0	0	0	0	0
15249815	10967312	-1	1509376	1101	0	0	1101
15258818	-1	-1	0	0	0	0	0
15267815	7277360	-1	1686528	1854	0	0	1854
15276828	-1	-1	0	0	0	0	0
15285817	8551448	-1	1510400	1413	0	0	1413
15294819	-1	-1	0	0	0	0	0
15303818	8029880	-1	1724416	1718	0	0	1718
15312816	-1	-1	0	0	0	0	0
15321822	16921728	-1	2062336	975	0	0	975
15330818	-1	-1	0	0	0	0	0
15339816	12440960	-1	1124352	723	0	0	783
15348817	-1	-1	0	0	0	0	0
15357816	11036136	-1	1029120	746	0	0	783
15366816	-1	-1	0	0	0	0	0
15375816	8940560	-1	868352	777	0	0	829
15384816	-1	-1	0	0	0	0	0
15393816	8042080	-1	769024	765	0	0	818
15402831	-1	-1	0	0	0	0	0
15411815	12468464	-1	1167360	749	0	0	778
15420816	-1	-1	0	0	0	0	0
15429831	7515856	-1	1377280	1466	0	0	1504
15438818	-1	-1	0	0	0	0	0
15447880	7977520	-1	1561600	1566	0	0	1566
15456851	-1	-1	0	0	0	0	0
15465816	6577160	-1	1372160	1669	0	0	1669
15474816	-1	-1	0	0	0	0	0
15483817	11091512	-1	1300480	938	0	0	977
15492817	-1	-1	0	0	0	0	0
15501819	12596008	-1	1539862	978	0	0	1006
15510823	-1	-1	0	0	0	0	0
15519823	9642208	-1	2035712	1689	0	0	1744
15528816	-1	-1	0	0	0	0	0
15537816	12958928	-1	1789952	1105	0	0	1105
15546815	-1	-1	0	0	0	0	0
15555816	13816240	-1	1823744	1056	0	0	1056
15564816	-1	-1	0	0	0	0	0
15573816	24833608	-1	2467840	795	0	0	795
15582816	-1	-1	0	0	0	0	0
15591816	16934024	-1	2080768	983	0	0	983
15600816	-1	-1	0	0	0	0	0
15609816	24186464	-1	2098176	694	0	0	694
15618821	-1	-1	0	0	0	0	0
15627817	19013768	-1	2058240	866	0	0	866
15636816	-1	-1	0	0	0	0	0
15645816	17226520	-1	2344960	1089	0	0	1089
15654816	-1	-1	0	0	0	0	0
15663821	15900152	-1	1951744	982	0	0	986
15672817	-1	-1	0	0	0	0	0
15681835	6173680	-1	745472	966	0	0	1019
15690815	-1	-1	0	0	0	0	0
15699820	6864896	-1	1287168	1500	0	0	1500
15708816	-1	-1	0	0	0	0	0
15717817	4827640	-1	824320	1366	0	0	1366
15726882	-1	-1	0	0	0	0	0
15735817	1438432	-1	312320	1737	0	0	1737
15744819	-1	-1	0	0	0	0	0
15753816	4979208	-1	828416	1331	0	0	1406
15762817	-1	-1	0	0	0	0	0
15771817	4904240	-1	549888	897	0	0	995
15780815	-1	-1	0	0	0	0	0
15789816	3762248	-1	317440	675	0	0	753
15798815	-1	-1	0	0	0	0	0
15807816	6483456	-1	738304	911	0	0	1010
15816817	-1	-1	0	0	0	0	0
15825816	7853488	-1	950272	968	0	0	1034
15834815	-1	-1	0	0	0	0	0
15843828	8861104	-1	1003520	906	0	0	976
15852816	-1	-1	0	0	0	0	0
15861815	8302800	-1	971428	936	0	0	1065
15870818	-1	-1	0	0	0	0	0
15879817	5467472	-1	608256	890	0	0	890
15888816	-1	-1	0	0	0	0	0
15897816	4815392	-1	760832	1264	0	0	1264
15906818	-1	-1	0	0	0	0	0
15995306	10327152	-1	728064	564	0	0	2358
16004306	10411096	-1	514048	395	0	0	395
16013306	-1	-1	0	0	0	0	0
16022305	14268696	-1	759808	426	0	0	426
16031305	-1	-1	0	0	0	0	0
16040305	20087736	-1	1127424	449	0	0	449
16049305	-1	-1	0	0	0	0	0
16058305	14872384	-1	936960	504	0	0	504
16067307	-1	-1	0	0	0	0	0
16076306	12156576	-1	568320	374	0	0	374
16085306	-1	-1	0	0	0	0	0
16094306	13776616	-1	762880	443	0	0	443
16103305	-1	-1	0	0	0	0	0
16112305	11988752	-1	656384	438	0	0	438
16121305	-1	-1	0	0	0	0	0
16130306	10869720	-1	490496	361	0	0	361
16139305	-1	-1	0	0	0	0	0
16148306	12735744	-1	786432	494	0	0	494
16157307	-1	-1	0	0	0	0	0
16166305	14289240	-1	782336	438	0	0	438
16175305	-1	-1	0	0	0	0	0
16184307	5448720	-1	294912	433	0	0	433
16193305	-1	-1	0	0	0	0	0
16202305	13892512	-1	713728	411	0	0	411
16211306	-1	-1	0	0	0	0	0
16220306	10066328	-1	786432	625	0	0	625
16229306	-1	-1	0	0	0	0	0
16238307	16420568	-1	919552	448	0	0	448
16247306	-1	-1	0	0	0	0	0
16256305	15220496	-1	656384	345	0	0	381
16265305	-1	-1	0	0	0	0	0
16274307	7540192	-1	521216	553	0	0	553
16283306	-1	-1	0	0	0	0	0
16292305	6469840	-1	520822	644	0	0	644
16301306	-1	-1	0	0	0	0	0
16310305	8675720	-1	569344	525	0	0	525
16319306	-1	-1	0	0	0	0	0
16328331	11489776	-1	1009664	703	0	0	703
16337307	-1	-1	0	0	0	0	0
16346311	8225944	-1	744448	724	0	0	724
16355313	-1	-1	0	0	0	0	0
16364306	13750856	-1	818176	476	0	0	476
16373307	-1	-1	0	0	0	0	0
16382306	15960272	-1	1041408	522	0	0	522
16391305	-1	-1	0	0	0	0	0
16400306	12260440	-1	1138688	743	0	0	743
16409307	-1	-1	0	0	0	0	0
16418306	14555920	-1	1084416	596	0	0	596
16427305	-1	-1	0	0	0	0	0
16436305	14495544	-1	1139712	629	0	0	629
16445305	-1	-1	0	0	0	0	0
16454306	15556848	-1	1001472	515	0	0	515
16463306	-1	-1	0	0	0	0	0
16472307	14955736	-1	932864	499	0	0	499
16481305	-1	-1	0	0	0	0	0
16490306	11580416	-1	594944	411	0	0	411
16499305	-1	-1	0	0	0	0	0
16508305	10906312	-1	683008	501	0	0	501
16517305	-1	-1	0	0	0	0	0
16526305	10553472	-1	517120	392	0	0	392
16535305	-1	-1	0	0	0	0	0
16544306	10269808	-1	617472	481	0	0	481
16553305	-1	-1	0	0	0	0	0
16562306	11548448	-1	623616	432	0	0	432
16571305	-1	-1	0	0	0	0	0
16580307	12086272	-1	705536	467	0	0	467
16589307	-1	-1	0	0	0	0	0
16598305	14127640	-1	711680	403	0	0	403
16607305	-1	-1	0	0	0	0	0
16616309	13055144	-1	975872	598	0	0	598
16625307	-1	-1	0	0	0	0	0
16634306	8074456	-1	914432	906	0	0	906
16643306	-1	-1	0	0	0	0	0
16652306	10464104	-1	601686	460	0	0	460
16661306	-1	-1	0	0	0	0	0
16670306	3019704	-1	509952	1351	0	0	1351
16679306	-1	-1	0	0	0	0	0
16688321	6720216	-1	495616	590	0	0	590
16697305	-1	-1	0	0	0	0	0
16706305	5661256	-1	396288	560	0	0	560
16715308	-1	-1	0	0	0	0	0
16724306	8443048	-1	654336	620	0	0	620
16733305	-1	-1	0	0	0	0	0
16742306	9193640	-1	789504	687	0	0	687
16751305	-1	-1	0	0	0	0	0
16760306	11779416	-1	1102848	749	0	0	749
16769305	-1	-1	0	0	0	0	0
16778305	7845456	-1	834560	851	0	0	851
16787306	-1	-1	0	0	0	0	0
16796316	7418592	-1	746496	805	0	0	805
16805306	-1	-1	0	0	0	0	0
16814306	8348448	-1	601088	576	0	0	576
16823305	-1	-1	0	0	0	0	0
16832307	6767304	-1	466944	552	0	0	552
16841306	-1	-1	0	0	0	0	0
16850308	7619544	-1	790528	830	0	0	830
16859305	-1	-1	0	0	0	0	0
16868305	8054216	-1	658432	654	0	0	654
16877305	-1	-1	0	0	0	0	0
16886306	9474112	-1	718848	607	0	0	607
16895305	-1	-1	0	0	0	0	0
16904305	9191392	-1	621568	541	0	0	541
16913305	-1	-1	0	0	0	0	0
16922306	6603368	-1	706560	856	0	0	856
16931306	-1	-1	0	0	0	0	0
16940306	7310880	-1	628736	688	0	0	688
16949306	-1	-1	0	0	0	0	0
16958305	6930848	-1	647168	747	0	0	747
16967305	-1	-1	0	0	0	0	0
16976307	9048760	-1	789504	698	0	0	698
16985307	-1	-1	0	0	0	0	0
16994306	8930016	-1	743424	666	0	0	666
17003305	-1	-1	0	0	0	0	0
17012306	8417344	-1	650240	618	0	0	618
17021307	-1	-1	0	0	0	0	0
17030305	8856504	-1	855760	773	0	0	773
17039306	-1	-1	0	0	0	0	0
17048305	9599840	-1	963584	803	0	0	803
17057306	-1	-1	0	0	0	0	0
17066305	10431144	-1	782336	600	0	0	600
17075308	-1	-1	0	0	0	0	0
17084306	10870152	-1	635904	468	0	0	468
17093306	-1	-1	0	0	0	0	0
17102305	9773464	-1	632832	518	0	0	518
17111307	-1	-1	0	0	0	0	0
17120307	12190008	-1	636928	418	0	0	418
17129306	-1	-1	0	0	0	0	0
17138309	12625536	-1	708608	449	0	0	449
17147307	-1	-1	0	0	0	0	0
17156306	9860528	-1	871424	707	0	0	707
17165306	-1	-1	0	0	0	0	0
17174305	14978600	-1	829440	443	0	0	443
17183305	-1	-1	0	0	0	0	0
17192305	10111648	-1	463872	367	0	0	367
17201306	-1	-1	0	0	0	0	0
17210305	9557336	-1	953344	798	0	0	798
17219306	-1	-1	0	0	0	0	0
17228307	14503632	-1	1018880	562	0	0	562
17237306	-1	-1	0	0	0	0	0
17246307	12586608	-1	1143808	727	0	0	745
17255306	-1	-1	0	0	0	0	0
17264306	10861304	-1	724992	534	0	0	534
17273305	-1	-1	0	0	0	0	0
17282305	12037720	-1	1009664	671	0	0	671
17291305	-1	-1	0	0	0	0	0
17300305	8983792	-1	604160	538	0	0	538
17309306	-1	-1	0	0	0	0	0
17318305	7860640	-1	874496	890	0	0	890
17327306	-1	-1	0	0	0	0	0
17336305	14565936	-1	697344	383	0	0	383
17345306	-1	-1	0	0	0	0	0
17354305	16042176	-1	1393664	695	0	0	695
17363307	-1	-1	0	0	0	0	0
17372305	19673368	-1	961536	391	0	0	391
17381305	-1	-1	0	0	0	0	0
17390305	17176240	-1	1069221	498	0	0	498
17399305	-1	-1	0	0	0	0	0
17408306	8450792	-1	969728	918	0	0	918
17417305	-1	-1	0	0	0	0	0
17426308	15548080	-1	952320	490	0	0	490
17435305	-1	-1	0	0	0	0	0
17444306	10922664	-1	860160	630	0	0	630
17453306	-1	-1	0	0	0	0	0
17462308	13373552	-1	1223680	732	0	0	732
17471306	-1	-1	0	0	0	0	0
17480307	16248496	-1	1350656	665	0	0	665
17489307	-1	-1	0	0	0	0	0
17498306	17665432	-1	790528	358	0	0	358
17507305	-1	-1	0	0	0	0	0
17516315	16421320	-1	901120	439	0	0	439
17525307	-1	-1	0	0	0	0	0
17534315	7224384	-1	1016832	1126	0	0	1126
17543315	-1	-1	0	0	0	0	0
17552306	13123368	-1	997376	608	0	0	608
17561306	-1	-1	0	0	0	0	0
17570306	16634776	-1	1018880	490	0	0	490
17579307	-1	-1	0	0	0	0	0
17588306	17887272	-1	2168832	970	0	0	970
17597305	-1	-1	0	0	0	0	0
17606308	11436984	-1	736256	515	0	0	515
17615305	-1	-1	0	0	0	0	0
17624306	8571688	-1	762880	712	0	0	712
17633306	-1	-1	0	0	0	0	0
17642306	11551760	-1	570368	395	0	0	395
17651306	-1	-1	0	0	0	0	0
17660306	12108176	-1	620544	410	0	0	410
17669315	-1	-1	0	0	0	0	0
17678307	16094872	-1	1026048	510	0	0	510
17687307	-1	-1	0	0	0	0	0
17696310	14397352	-1	1261568	701	0	0	701
17705306	-1	-1	0	0	0	0	0
17714306	11258152	-1	985088	700	0	0	700
17723306	-1	-1	0	0	0	0	0
17732307	8016368	-1	654336	653	0	0	653
17741307	-1	-1	0	0	0	0	0
17750307	13136504	-1	1101824	671	0	0	671
17759305	-1	-1	0	0	0	0	0
17768305	6763792	-1	515739	610	0	0	610
17777306	-1	-1	0	0	0	0	0
17786306	6757360	-1	665600	788	0	0	788
17795306	-1	-1	0	0	0	0	0
17804305	5405224	-1	591872	876	0	0	876
17813308	-1	-1	0	0	0	0	0
17822306	9327176	-1	816128	700	0	0	700
17831308	-1	-1	0	0	0	0	0
17840307	9924920	-1	516096	416	0	0	416
17849306	-1	-1	0	0	0	0	0
17858306	11070272	-1	563200	407	0	0	407
17867306	-1	-1	0	0	0	0	0
17876308	12118448	-1	695296	459	0	0	459
17885306	-1	-1	0	0	0	0	0
17894305	12111616	-1	632832	418	0	0	418
17903305	-1	-1	0	0	0	0	0
17912305	12660360	-1	678912	429	0	0	429
17921305	-1	-1	0	0	0	0	0
17930306	11916888	-1	887808	596	0	0	596
17939308	-1	-1	0	0	0	0	0
17948306	12378096	-1	914432	591	0	0	591
17957307	-1	-1	0	0	0	0	0
17966307	13571488	-1	622592	367	0	0	401
17975306	-1	-1	0	0	0	0	0
17984307	15620336	-1	1152000	590	0	0	590
17993306	-1	-1	0	0	0	0	0
18002375	18499368	-1	1405952	608	0	0	608
18011306	-1	-1	0	0	0	0	0
18020306	11301528	-1	539648	382	0	0	400
18029308	-1	-1	0	0	0	0	0
18038307	12689992	-1	598016	377	0	0	399
18047307	-1	-1	0	0	0	0	0
18056307	12010152	-1	686080	457	0	0	514
18065306	-1	-1	0	0	0	0	0
18074305	13300392	-1	733184	441	0	0	441
18083308	-1	-1	0	0	0	0	0
18092305	10280896	-1	836608	651	0	0	651
18101305	-1	-1	0	0	0	0	0
18110307	14037544	-1	698368	398	0	0	410
18119308	-1	-1	0	0	0	0	0
18128315	13157176	-1	981854	597	0	0	613
18137310	-1	-1	0	0	0	0	0
18146307	4523568	-1	747520	1322	0	0	1322
18155306	-1	-1	0	0	0	0	0
18164306	11264000	-1	901120	640	0	0	640
18173308	-1	-1	0	0	0	0	0
18182305	13321944	-1	1029120	618	0	0	618
18191307	-1	-1	0	0	0	0	0
18200305	15515320	-1	1444864	745	0	0	745
18209309	-1	-1	0	0	0	0	0
18218306	13560880	-1	1401856	827	0	0	827
18227306	-1	-1	0	0	0	0	0
18236308	12556360	-1	910336	580	0	0	580
18245308	-1	-1	0	0	0	0	0
18254307	9541168	-1	1107968	929	0	0	929
18263307	-1	-1	0	0	0	0	0
18272306	16903600	-1	1565696	741	0	0	741
18281305	-1	-1	0	0	0	0	0
18290306	17195088	-1	1302528	606	0	0	606
18299305	-1	-1	0	0	0	0	0
18308306	15203304	-1	1068032	562	0	0	562
18317307	-1	-1	0	0	0	0	0
18326305	8165232	-1	936960	918	0	0	918
18335308	-1	-1	0	0	0	0	0
18344305	10236936	-1	856064	669	0	0	669
18353308	-1	-1	0	0	0	0	0
18362305	9856864	-1	915456	743	0	0	743
18371309	-1	-1	0	0	0	0	0
18380305	13031400	-1	915456	562	0	0	562
18389308	-1	-1	0	0	0	0	0
18398308	9836784	-1	630784	513	0	0	513
18407305	-1	-1	0	0	0	0	0
18416307	9852712	-1	814080	661	0	0	661
18425310	-1	-1	0	0	0	0	0
18434309	14608640	-1	1179648	646	0	0	646
18443308	-1	-1	0	0	0	0	0
18452318	13186800	-1	2035712	1235	0	0	1235
18461308	-1	-1	0	0	0	0	0
18470311	13433560	-1	1669120	994	0	0	994
18479308	-1	-1	0	0	0	0	0
18488307	16485496	-1	1164288	565	0	0	565
18497306	-1	-1	0	0	0	0	0
18506305	5317336	-1	1582571	2381	0	0	2381
18515308	-1	-1	0	0	0	0	0
18524307	11599600	-1	1035264	714	0	0	714
18533306	-1	-1	0	0	0	0	0
18542307	13314760	-1	1234944	742	0	0	742
18551305	-1	-1	0	0	0	0	0
18560306	13087424	-1	813056	497	0	0	497
18569309	-1	-1	0	0	0	0	0
18578309	11186424	-1	738304	528	0	0	528
18587314	-1	-1	0	0	0	0	0
18596307	10901040	-1	688128	505	0	0	508
18605307	-1	-1	0	0	0	0	0
18614308	10366752	-1	795648	614	0	0	614
18623305	-1	-1	0	0	0	0	0
18632305	12113288	-1	638976	422	0	0	422
18641309	-1	-1	0	0	0	0	0
18650306	8445360	-1	614400	582	0	0	582
18659309	-1	-1	0	0	0	0	0
18668308	9758120	-1	746496	612	0	0	612
18677309	-1	-1	0	0	0	0	0
18686308	8591040	-1	749568	698	0	0	698
18695312	-1	-1	0	0	0	0	0
18704309	12416160	-1	1240064	799	0	0	799
18713309	-1	-1	0	0	0	0	0
18722306	11660040	-1	836608	574	0	0	574
18731306	-1	-1	0	0	0	0	0
18740306	8708752	-1	586752	539	0	0	539
18749306	-1	-1	0	0	0	0	0
18758306	11494096	-1	837632	583	0	0	583
18767305	-1	-1	0	0	0	0	0
18776308	7299280	-1	569344	624	0	0	624
18785306	-1	-1	0	0	0	0	0
18794306	7420512	-1	748544	807	0	0	807
18803305	-1	-1	0	0	0	0	0
18812309	6700760	-1	699392	835	0	0	835
18821308	-1	-1	0	0	0	0	0
18830305	8346568	-1	608256	583	0	0	583
18839305	-1	-1	0	0	0	0	0
18848307	7437472	-1	635904	684	0	0	684
18857305	-1	-1	0	0	0	0	0
18866306	9748256	-1	879780	722	0	0	722
18875308	-1	-1	0	0	0	0	0
18884305	5214904	-1	534528	820	0	0	820
18893307	-1	-1	0	0	0	0	0
18902305	6171016	-1	584704	758	0	0	758
18911309	-1	-1	0	0	0	0	0
18920306	5830728	-1	700416	961	0	0	961
18929306	-1	-1	0	0	0	0	0
18938305	13382784	-1	726016	434	0	0	448
18947306	-1	-1	0	0	0	0	0
18956308	13114632	-1	722944	441	0	0	441
18965307	-1	-1	0	0	0	0	0
18974307	11141120	-1	557056	400	0	0	439
18983309	-1	-1	0	0	0	0	0
18992310	12080608	-1	715776	474	0	0	474
19001312	-1	-1	0	0	0	0	0
19010306	10244624	-1	567296	443	0	0	471
19019313	-1	-1	0	0	0	0	0
19028337	6251568	-1	758784	971	0	0	971
19037308	-1	-1	0	0	0	0	0
19046306	6895528	-1	495616	575	0	0	576
19055309	-1	-1	0	0	0	0	0
19064309	5017888	-1	440320	702	0	0	747
19073306	-1	-1	0	0	0	0	0
19082311	2931080	-1	439296	1199	0	0	1199
19091311	-1	-1	0	0	0	0	0
19100306	5145448	-1	750592	1167	0	0	1167
19109305	-1	-1	0	0	0	0	0
19118321	9597832	-1	566272	472	0	0	472
19127306	-1	-1	0	0	0	0	0
19136306	12875608	-1	762880	474	0	0	474
19145305	-1	-1	0	0	0	0	0
19154305	13699224	-1	1222656	714	0	0	714
19163305	-1	-1	0	0	0	0	0
19172306	13778112	-1	979968	569	0	0	569
19181306	-1	-1	0	0	0	0	0
19190305	20682048	-1	1153024	446	0	0	446
19199306	-1	-1	0	0	0	0	0
19208308	16341392	-1	1570816	769	0	0	769
19217306	-1	-1	0	0	0	0	0
19226306	18492352	-1	1176576	509	0	0	509
19235306	-1	-1	0	0	0	0	0
19244310	10618008	-1	1595356	1202	0	0	1202
19253307	-1	-1	0	0	0	0	0
19262308	16278408	-1	1894400	931	0	0	931
19271310	-1	-1	0	0	0	0	0
19280306	16035704	-1	1178624	588	0	0	588
19289308	-1	-1	0	0	0	0	0
19298308	14751880	-1	962560	522	0	0	522
19307312	-1	-1	0	0	0	0	0
19316306	11449720	-1	860160	601	0	0	601
19325311	-1	-1	0	0	0	0	0
19334314	8589536	-1	1239040	1154	0	0	1154
19343306	-1	-1	0	0	0	0	0
19352310	12387600	-1	1018880	658	0	0	709
19361311	-1	-1	0	0	0	0	0
19370309	14060712	-1	1189888	677	0	0	677
19379306	-1	-1	0	0	0	0	0
19388306	17153120	-1	982016	458	0	0	462
19397308	-1	-1	0	0	0	0	0
19406305	14185688	-1	773120	436	0	0	446
19415308	-1	-1	0	0	0	0	0
19424306	11384344	-1	690176	485	0	0	515
19433306	-1	-1	0	0	0	0	0
19442309	13451064	-1	817152	486	0	0	544
19451306	-1	-1	0	0	0	0	0
19460307	8621904	-1	739328	686	0	0	686
19469310	-1	-1	0	0	0	0	0
19478311	5170968	-1	571392	884	0	0	884
19487309	-1	-1	0	0	0	0	0
19496312	10026216	-1	828416	661	0	0	661
19505310	-1	-1	0	0	0	0	0
19514306	6851192	-1	858112	1002	0	0	1002
19523306	-1	-1	0	0	0	0	0
19532308	15952840	-1	909312	456	0	0	526
19541305	-1	-1	0	0	0	0	0
19550312	9117512	-1	746496	655	0	0	655
19559311	-1	-1	0	0	0	0	0
19568312	12212320	-1	1321984	866	0	0	866
19577306	-1	-1	0	0	0	0	0
19586307	10374784	-1	807936	623	0	0	623
19595305	-1	-1	0	0	0	0	0
19604311	15782344	-1	1323744	671	0	0	671
19613311	-1	-1	0	0	0	0	0
19622306	11991064	-1	1405952	938	0	0	938
19631306	-1	-1	0	0	0	0	0
19640307	15197176	-1	1075200	566	0	0	566
19649306	-1	-1	0	0	0	0	0
19658306	14745600	-1	884736	480	0	0	480
19667312	-1	-1	0	0	0	0	0
19676310	8175480	-1	506880	496	0	0	510
19685307	-1	-1	0	0	0	0	0
19694305	12389136	-1	752640	486	0	0	505
19703308	-1	-1	0	0	0	0	0
19712307	11313584	-1	671744	475	0	0	490
19721307	-1	-1	0	0	0	0	0
19730307	14520296	-1	1795072	989	0	0	989
19739306	-1	-1	0	0	0	0	0
19748308	19841376	-1	1845248	744	0	0	744
19757306	-1	-1	0	0	0	0	0
19766307	17348416	-1	1602560	739	0	0	739
19775308	-1	-1	0	0	0	0	0
19784310	8074880	-1	1270784	1259	0	0	1259
19793306	-1	-1	0	0	0	0	0
19802313	10203856	-1	867328	680	0	0	680
19811308	-1	-1	0	0	0	0	0
19820306	8584696	-1	805888	751	0	0	751
19829307	-1	-1	0	0	0	0	0
19838306	12982344	-1	1043456	643	0	0	643
19847313	-1	-1	0	0	0	0	0
19856312	16873072	-1	989184	469	0	0	514
19865306	-1	-1	0	0	0	0	0
19874306	11192056	-1	935936	669	0	0	669
19883305	-1	-1	0	0	0	0	0
19892305	14784216	-1	1097728	594	0	0	594
19901305	-1	-1	0	0	0	0	0
19910312	13322512	-1	811008	487	0	0	559
19919307	-1	-1	0	0	0	0	0
19928307	9439280	-1	627712	532	0	0	581
19937307	-1	-1	0	0	0	0	0
19946315	6438944	-1	793600	986	0	0	1046
19955309	-1	-1	0	0	0	0	0
19964307	7054696	-1	844800	958	0	0	975
19973312	-1	-1	0	0	0	0	0
19982310	10422600	-1	1523003	1169	0	0	1169
19991309	-1	-1	0	0	0	0	0
20000306	8978432	-1	982016	875	0	0	875
20009309	-1	-1	0	0	0	0	0
20018306	15731768	-1	2469888	1256	0	0	1256
20027305	-1	-1	0	0	0	0	0
20036306	10142480	-1	745472	588	0	0	597
20045306	-1	-1	0	0	0	0	0
20054308	13580096	-1	1329152	783	0	0	783
20063310	-1	-1	0	0	0	0	0
20072305	15324432	-1	1599488	835	0	0	835
20081306	-1	-1	0	0	0	0	0
20090305	11919168	-1	628736	422	0	0	462
20099305	-1	-1	0	0	0	0	0
20108305	13351384	-1	694272	416	0	0	437
20117307	-1	-1	0	0	0	0	0
20126314	10298992	-1	625664	486	0	0	530
20135305	-1	-1	0	0	0	0	0
20144313	12130464	-1	709632	468	0	0	513
20153306	-1	-1	0	0	0	0	0
20162305	10132752	-1	1015808	802	0	0	802
20171308	-1	-1	0	0	0	0	0
20180313	10192544	-1	714752	561	0	0	612
20189306	-1	-1	0	0	0	0	0
20198314	10146912	-1	558080	440	0	0	500
20207311	-1	-1	0	0	0	0	0
20216306	7187456	-1	520192	579	0	0	579
20225306	-1	-1	0	0	0	0	0
20234307	9443936	-1	710656	602	0	0	602
20243309	-1	-1	0	0	0	0	0
20252307	10112000	-1	889856	704	0	0	724
20261307	-1	-1	0	0	0	0	0
20270306	7133088	-1	627712	704	0	0	747
20279311	-1	-1	0	0	0	0	0
20288305	9706600	-1	754688	622	0	0	622
20297309	-1	-1	0	0	0	0	0
20306306	11261600	-1	601088	427	0	0	503
20315314	-1	-1	0	0	0	0	0
20324305	16061160	-1	815104	406	0	0	466
20333308	-1	-1	0	0	0	0	0
20342307	12251360	-1	686076	448	0	0	529
20351312	-1	-1	0	0	0	0	0
20360306	4628480	-1	578560	1000	0	0	1000
20369313	-1	-1	0	0	0	0	0
20378306	8692472	-1	1013760	933	0	0	933
20387306	-1	-1	0	0	0	0	0
20396306	7478216	-1	697344	746	0	0	746
20405314	-1	-1	0	0	0	0	0
20414315	6711984	-1	529408	631	0	0	633
20423306	-1	-1	0	0	0	0	0
20432308	12750904	-1	930816	584	0	0	584
20441313	-1	-1	0	0	0	0	0
20450313	9646816	-1	570368	473	0	0	530
20459306	-1	-1	0	0	0	0	0
20468305	8828544	-1	653312	592	0	0	627
20477306	-1	-1	0	0	0	0	0
20486312	7888592	-1	425984	432	0	0	498
20495313	-1	-1	0	0	0	0	0
20504311	8553680	-1	484352	453	0	0	501
20513305	-1	-1	0	0	0	0	0
20522305	7601896	-1	448512	472	0	0	534
20531306	-1	-1	0	0	0	0	0
20540306	7688680	-1	453632	472	0	0	491
20549306	-1	-1	0	0	0	0	0
20558306	13873256	-1	775168	447	0	0	447
20567306	-1	-1	0	0	0	0	0
20576312	5595288	-1	370688	530	0	0	585
20585310	-1	-1	0	0	0	0	0
20594306	9006112	-1	543744	483	0	0	483
20603305	-1	-1	0	0	0	0	0
20612307	10998368	-1	694272	505	0	0	581
20621306	-1	-1	0	0	0	0	0
20630312	10168280	-1	653312	514	0	0	570
20639308	-1	-1	0	0	0	0	0
20648306	16507088	-1	1235968	599	0	0	652
20657314	-1	-1	0	0	0	0	0
20666307	12740064	-1	952320	598	0	0	598
20675307	-1	-1	0	0	0	0	0
20684312	5936792	-1	630784	850	0	0	866
20693313	-1	-1	0	0	0	0	0
20702306	6960656	-1	700416	805	0	0	820
20711311	-1	-1	0	0	0	0	0
20720306	7704352	-1	814735	846	0	0	846
20729306	-1	-1	0	0	0	0	0
20738307	10608000	-1	678912	512	0	0	554
20747315	-1	-1	0	0	0	0	0
20756307	10039560	-1	589824	470	0	0	527
20765307	-1	-1	0	0	0	0	0
20774306	8661864	-1	868352	802	0	0	802
20783306	-1	-1	0	0	0	0	0
20792307	8482840	-1	896000	845	0	0	845
20801311	-1	-1	0	0	0	0	0
20810305	11557704	-1	745472	516	0	0	549
20819309	-1	-1	0	0	0	0	0
20828308	11665944	-1	1248256	856	0	0	856
20837308	-1	-1	0	0	0	0	0
20846314	9016696	-1	1007616	894	0	0	894
20855314	-1	-1	0	0	0	0	0
20864313	5977664	-1	588800	788	0	0	788
20873308	-1	-1	0	0	0	0	0
20882315	11130896	-1	802816	577	0	0	606
20891308	-1	-1	0	0	0	0	0
20900317	10724792	-1	832512	621	0	0	621
20909315	-1	-1	0	0	0	0	0
20918307	14145488	-1	912384	516	0	0	595
20927309	-1	-1	0	0	0	0	0
20936308	14319872	-1	909312	508	0	0	560
20945308	-1	-1	0	0	0	0	0
20954306	14565224	-1	992256	545	0	0	599
20963312	-1	-1	0	0	0	0	0
20972314	19438424	-1	1557504	641	0	0	641
20981307	-1	-1	0	0	0	0	0
20990306	14644384	-1	1896448	1036	0	0	1036
20999306	-1	-1	0	0	0	0	0
21008307	15090528	-1	1003520	532	0	0	537
21017306	-1	-1	0	0	0	0	0
21026312	10814880	-1	1232896	912	0	0	912
21035308	-1	-1	0	0	0	0	0
21044315	11944704	-1	1300480	871	0	0	871
21053307	-1	-1	0	0	0	0	0
21062317	13347312	-1	1161216	696	0	0	748
21071307	-1	-1	0	0	0	0	0
21080313	11188848	-1	1481124	1059	0	0	1059
21089306	-1	-1	0	0	0	0	0
21098314	20339240	-1	1479680	582	0	0	599
21107306	-1	-1	0	0	0	0	0
21116307	18432000	-1	1575936	684	0	0	706
21125309	-1	-1	0	0	0	0	0
21134312	14593240	-1	1510400	828	0	0	921
21143335	-1	-1	0	0	0	0	0
21152313	8726904	-1	902144	827	0	0	847
21161307	-1	-1	0	0	0	0	0
21170314	10984232	-1	1035264	754	0	0	754
21179315	-1	-1	0	0	0	0	0
21188319	12909664	-1	1137664	705	0	0	705
21197310	-1	-1	0	0	0	0	0
21206308	6841504	-1	472064	552	0	0	552
21215309	-1	-1	0	0	0	0	0
21224308	10279312	-1	736256	573	0	0	580
21233307	-1	-1	0	0	0	0	0
21242309	10688112	-1	1477632	1106	0	0	1106
21251308	-1	-1	0	0	0	0	0
21260307	12697600	-1	1206272	760	0	0	760
21269311	-1	-1	0	0	0	0	0
21278312	9592112	-1	1459200	1217	0	0	1217
21287335	-1	-1	0	0	0	0	0
21296307	9063280	-1	926720	818	0	0	818
21305314	-1	-1	0	0	0	0	0
21314310	8833488	-1	1043456	945	0	0	945
21323308	-1	-1	0	0	0	0	0
21332314	6858952	-1	616448	719	0	0	719
21341310	-1	-1	0	0	0	0	0
21350308	10497760	-1	1146880	874	0	0	874
21359309	-1	-1	0	0	0	0	0
21368307	13133368	-1	1336320	814	0	0	814
21377310	-1	-1	0	0	0	0	0
21386315	10999976	-1	1359872	989	0	0	989
21395311	-1	-1	0	0	0	0	0
21404308	11764008	-1	1632256	1110	0	0	1110
21413311	-1	-1	0	0	0	0	0
21422306	8550440	-1	1514496	1417	0	0	1417
21431306	-1	-1	0	0	0	0	0
21440308	9635352	-1	1011712	840	0	0	840
21449308	-1	-1	0	0	0	0	0
21458308	6725016	-1	980171	1166	0	0	1166
21467308	-1	-1	0	0	0	0	0
21476308	11314632	-1	886784	627	0	0	627
21485307	-1	-1	0	0	0	0	0
21494313	11744880	-1	1594368	1086	0	0	1086
21503307	-1	-1	0	0	0	0	0
21512307	10125048	-1	1104896	873	0	0	873
21521306	-1	-1	0	0	0	0	0
21530307	10163072	-1	1251328	985	0	0	985
21539312	-1	-1	0	0	0	0	0
21548307	14172976	-1	1424384	804	0	0	804
21557307	-1	-1	0	0	0	0	0
21566306	19792264	-1	1665024	673	0	0	673
21575319	-1	-1	0	0	0	0	0
21584306	11054168	-1	1463296	1059	0	0	1059
21593307	-1	-1	0	0	0	0	0
21602308	16409400	-1	1323008	645	0	0	682
21611313	-1	-1	0	0	0	0	0
21620309	8906736	-1	1161216	1043	0	0	1043
21629313	-1	-1	0	0	0	0	0
21638315	7740624	-1	825344	853	0	0	853
21647308	-1	-1	0	0	0	0	0
21656316	10014256	-1	1260544	1007	0	0	1007
21665308	-1	-1	0	0	0	0	0
21674309	12592224	-1	1462272	929	0	0	929
21683308	-1	-1	0	0	0	0	0
21692314	8539816	-1	955392	895	0	0	946
21701305	-1	-1	0	0	0	0	0
21710307	8476792	-1	518144	489	0	0	573
21719308	-1	-1	0	0	0	0	0
21728311	11182272	-1	1190912	852	0	0	884
21737314	-1	-1	0	0	0	0	0
21746312	11648688	-1	1352704	929	0	0	929
21755308	-1	-1	0	0	0	0	0
21764315	6390144	-1	1016832	1273	0	0	1273
21773306	-1	-1	0	0	0	0	0
21782305	23875304	-1	2372608	795	0	0	832
21791309	-1	-1	0	0	0	0	0
21800309	11015088	-1	894976	650	0	0	681
21809314	-1	-1	0	0	0	0	0
21818307	13878536	-1	1892685	1091	0	0	1091
21827308	-1	-1	0	0	0	0	0
21836308	14070624	-1	1968128	1119	0	0	1119
21845308	-1	-1	0	0	0	0	0
21854310	13622216	-1	1793024	1053	0	0	1053
21863316	-1	-1	0	0	0	0	0
21872306	13939328	-1	1214464	697	0	0	712
21881308	-1	-1	0	0	0	0	0
21890308	15464976	-1	999424	517	0	0	529
21899308	-1	-1	0	0	0	0	0
21908305	18359264	-1	1227776	535	0	0	566
21917308	-1	-1	0	0	0	0	0
21926308	6828736	-1	564224	661	0	0	733
21935308	-1	-1	0	0	0	0	0
21944308	8787784	-1	604160	550	0	0	610
21953315	-1	-1	0	0	0	0	0
21962306	7360480	-1	489472	532	0	0	626
21971306	-1	-1	0	0	0	0	0
21980308	18582144	-1	1584128	682	0	0	682
21989306	-1	-1	0	0	0	0	0
21998307	8075472	-1	709632	703	0	0	703
22007308	-1	-1	0	0	0	0	0
22016315	15843016	-1	2309120	1166	0	0	1166
22025311	-1	-1	0	0	0	0	0
22034309	8086848	-1	866304	857	0	0	891
22043306	-1	-1	0	0	0	0	0
22052308	8175056	-1	988160	967	0	0	967
22061315	-1	-1	0	0	0	0	0
22070313	10519136	-1	1832960	1394	0	0	1394
22079309	-1	-1	0	0	0	0	0
22088306	12181376	-1	1403904	922	0	0	922
22097311	-1	-1	0	0	0	0	0
22106307	12027496	-1	1111040	739	0	0	782
22115306	-1	-1	0	0	0	0	0
22124306	15445808	-1	1382400	716	0	0	759
22133305	-1	-1	0	0	0	0	0
22142309	9711048	-1	916480	755	0	0	806
22151305	-1	-1	0	0	0	0	0
22160307	4232384	-1	492544	931	0	0	931
22169308	-1	-1	0	0	0	0	0
22178309	3008176	-1	277504	738	0	0	738
22187307	-1	-1	0	0	0	0	0
22196307	3313832	-1	746026	1801	0	0	1801
22205320	-1	-1	0	0	0	0	0
22214308	5712400	-1	691200	968	0	0	968
22223308	-1	-1	0	0	0	0	0
22232306	15080232	-1	1421312	754	0	0	754
22241307	-1	-1	0	0	0	0	0
22250306	12340736	-1	1078272	699	0	0	699
22259308	-1	-1	0	0	0	0	0
22268311	13372368	-1	1559552	933	0	0	933
22277305	-1	-1	0	0	0	0	0
22286309	11754528	-1	1996800	1359	0	0	1359
22295310	-1	-1	0	0	0	0	0
22304306	15756640	-1	1774592	901	0	0	901
22313310	-1	-1	0	0	0	0	0
22322308	9709928	-1	1238016	1020	0	0	1020
22331308	-1	-1	0	0	0	0	0
22340305	15218968	-1	1270784	668	0	0	728
22349307	-1	-1	0	0	0	0	0
22358318	18760304	-1	1536000	655	0	0	655
22367307	-1	-1	0	0	0	0	0
22376306	12580880	-1	1473536	937	0	0	937
22385315	-1	-1	0	0	0	0	0
22394308	13763472	-1	1236992	719	0	0	810
22403306	-1	-1	0	0	0	0	0
22412307	13480872	-1	1440768	855	0	0	900
22421306	-1	-1	0	0	0	0	0
22430305	10393656	-1	1160192	893	0	0	893
22439308	-1	-1	0	0	0	0	0
22448311	7764488	-1	688128	709	0	0	709
22457306	-1	-1	0	0	0	0	0
22466306	9444496	-1	857088	726	0	0	726
22475320	-1	-1	0	0	0	0	0
22484317	5150248	-1	762880	1185	0	0	1336
22493309	-1	-1	0	0	0	0	0
22583973	6781904	-1	1137664	1342	0	0	2749
22592870	14370952	-1	1052672	586	0	0	586
22601871	-1	-1	0	0	0	0	0
22610871	6912000	-1	774144	896	0	0	896
22619871	-1	-1	0	0	0	0	0
22628870	8192000	-1	528384	516	0	0	516
22637915	-1	-1	0	0	0	0	0
22646870	6972264	-1	433152	497	0	0	497
22655905	-1	-1	0	0	0	0	0
22664882	13909808	-1	944128	543	0	0	543
22673871	-1	-1	0	0	0	0	0
22682871	17788792	-1	1154048	519	0	0	519
22691871	-1	-1	0	0	0	0	0
22700872	14217392	-1	920576	518	0	0	518
22709870	-1	-1	0	0	0	0	0
22718932	13956744	-1	847872	486	0	0	486
22727871	-1	-1	0	0	0	0	0
22736870	11737984	-1	928768	633	0	0	633
22745871	-1	-1	0	0	0	0	0
22754871	14598776	-1	896000	491	0	0	491
22763870	-1	-1	0	0	0	0	0
22772910	10657304	-1	849920	638	0	0	638
22781870	-1	-1	0	0	0	0	0
22790870	16536648	-1	998400	483	0	0	483
22799870	-1	-1	0	0	0	0	0
22808870	13940768	-1	794624	456	0	0	456
22817871	-1	-1	0	0	0	0	0
22826871	8431600	-1	756736	718	0	0	718
22835871	-1	-1	0	0	0	0	0
22844870	11198800	-1	747520	534	0	0	534
22853872	-1	-1	0	0	0	0	0
22862870	10047504	-1	815104	649	0	0	649
22871905	-1	-1	0	0	0	0	0
22880871	5479064	-1	691732	1010	0	0	1010
22889872	-1	-1	0	0	0	0	0
22898880	9594816	-1	917504	765	0	0	765
22907871	-1	-1	0	0	0	0	0
22916872	9283528	-1	862208	743	0	0	743
22925873	-1	-1	0	0	0	0	0
22934874	8855384	-1	1763328	1593	0	0	1593
22943922	-1	-1	0	0	0	0	0
22952871	8660816	-1	718848	664	0	0	664
22961871	-1	-1	0	0	0	0	0
22970870	9628712	-1	713728	593	0	0	593
22979871	-1	-1	0	0	0	0	0
22988871	12771968	-1	553984	347	0	0	347
22997871	-1	-1	0	0	0	0	0
23006870	10408656	-1	663552	510	0	0	510
23015870	-1	-1	0	0	0	0	0
23024871	12228288	-1	524288	343	0	0	343
23033870	-1	-1	0	0	0	0	0
23042871	15187824	-1	858112	452	0	0	452
23051872	-1	-1	0	0	0	0	0
23060871	12647040	-1	883712	559	0	0	559
23069873	-1	-1	0	0	0	0	0
23078871	10177432	-1	624640	491	0	0	491
23087872	-1	-1	0	0	0	0	0
23096872	14343616	-1	964608	538	0	0	538
23105872	-1	-1	0	0	0	0	0
23114871	9754752	-1	1003520	823	0	0	823
23123871	-1	-1	0	0	0	0	0
23132871	7798296	-1	527360	541	0	0	541
23141870	-1	-1	0	0	0	0	0
23150870	7265520	-1	457728	504	0	0	504
23159923	-1	-1	0	0	0	0	0
23168970	12160000	-1	875520	576	0	0	576
23177871	-1	-1	0	0	0	0	0
23186870	12856888	-1	694272	432	0	0	432
23195871	-1	-1	0	0	0	0	0
23204871	9995088	-1	720896	577	0	0	577
23213871	-1	-1	0	0	0	0	0
23222870	9969360	-1	631808	507	0	0	507
23231870	-1	-1	0	0	0	0	0
23240871	4809024	-1	477296	794	0	0	794
23249872	-1	-1	0	0	0	0	0
23258870	8120768	-1	350208	345	0	0	345
23267870	-1	-1	0	0	0	0	0
23276872	12795880	-1	993280	621	0	0	621
23285872	-1	-1	0	0	0	0	0
23294873	10611888	-1	1037312	782	0	0	782
23303872	-1	-1	0	0	0	0	0
23312870	12673680	-1	1329152	839	0	0	839
23321870	-1	-1	0	0	0	0	0
23330872	16010088	-1	964608	482	0	0	482
23339871	-1	-1	0	0	0	0	0
23348871	12852408	-1	816128	508	0	0	508
23357872	-1	-1	0	0	0	0	0
23366871	12970664	-1	544768	336	0	0	336
23375871	-1	-1	0	0	0	0	0
23385200	6819736	-1	839680	985	0	0	985
23393871	-1	-1	0	0	0	0	0
23402886	9221008	-1	706560	613	0	0	613
23411899	-1	-1	0	0	0	0	0
23420873	12145120	-1	783360	516	0	0	516
23429871	-1	-1	0	0	0	0	0
23438870	13223096	-1	1028096	622	0	0	622
23447871	-1	-1	0	0	0	0	0
23456871	13970856	-1	901120	516	0	0	516
23465872	-1	-1	0	0	0	0	0
23474871	17065672	-1	1461248	685	0	0	685
23483870	-1	-1	0	0	0	0	0
23492872	13833072	-1	683008	395	0	0	395
23501870	-1	-1	0	0	0	0	0
23510871	12530440	-1	1005568	642	0	0	642
23519870	-1	-1	0	0	0	0	0
23528871	11342768	-1	884736	624	0	0	624
23537871	-1	-1	0	0	0	0	0
23546870	11407552	-1	1220608	856	0	0	856
23555872	-1	-1	0	0	0	0	0
23564875	8981376	-1	524288	467	0	0	467
23573870	-1	-1	0	0	0	0	0
23582871	12898736	-1	811008	503	0	0	503
23591870	-1	-1	0	0	0	0	0
23600870	13729960	-1	672768	392	0	0	392
23609870	-1	-1	0	0	0	0	0
23618871	4179896	-1	565331	1082	0	0	1082
23627871	-1	-1	0	0	0	0	0
23636872	9512376	-1	686080	577	0	0	577
23645872	-1	-1	0	0	0	0	0
23654918	6782904	-1	793600	936	0	0	936
23663872	-1	-1	0	0	0	0	0
23672870	7788632	-1	1087488	1117	0	0	1117
23681870	-1	-1	0	0	0	0	0
23690870	9939736	-1	1228800	989	0	0	989
23699870	-1	-1	0	0	0	0	0
23708870	9588176	-1	1167360	974	0	0	974
23717870	-1	-1	0	0	0	0	0
23726871	9396072	-1	894976	762	0	0	762
23735871	-1	-1	0	0	0	0	0
23744870	11274704	-1	808960	574	0	0	574
23753870	-1	-1	0	0	0	0	0
23762871	8779472	-1	826368	753	0	0	753
23771872	-1	-1	0	0	0	0	0
23780870	9792424	-1	1108992	906	0	0	906
23789873	-1	-1	0	0	0	0	0
23798870	6528416	-1	1008640	1236	0	0	1236
23807871	-1	-1	0	0	0	0	0
23816870	10836256	-1	1070080	790	0	0	790
23825871	-1	-1	0	0	0	0	0
23834874	6995216	-1	1197056	1369	0	0	1369
23843871	-1	-1	0	0	0	0	0
23852872	6854656	-1	1170432	1366	0	0	1366
23861875	-1	-1	0	0	0	0	0
23870871	8484264	-1	1010688	953	0	0	953
23879872	-1	-1	0	0	0	0	0
23888870	6406656	-1	955392	1193	0	0	1193
23897872	-1	-1	0	0	0	0	0
23906870	5200944	-1	518144	797	0	0	797
23915871	-1	-1	0	0	0	0	0
23924870	10013504	-1	1075200	859	0	0	859
23933871	-1	-1	0	0	0	0	0
23942872	6161968	-1	702464	912	0	0	912
23951870	-1	-1	0	0	0	0	0
23960872	9567752	-1	783360	655	0	0	655
23969871	-1	-1	0	0	0	0	0
23978926	6911648	-1	836309	968	0	0	968
23987876	-1	-1	0	0	0	0	0
23996871	7946360	-1	662528	667	0	0	667
24005873	-1	-1	0	0	0	0	0
24014942	10395264	-1	719872	554	0	0	557
24023883	-1	-1	0	0	0	0	0
24032870	18665136	-1	1332224	571	0	0	571
24041887	-1	-1	0	0	0	0	0
24050874	13357600	-1	1649664	988	0	0	988
24059870	-1	-1	0	0	0	0	0
24068870	10507512	-1	613376	467	0	0	467
24077870	-1	-1	0	0	0	0	0
24086907	13399192	-1	845824	505	0	0	505
24095872	-1	-1	0	0	0	0	0
24104870	9442040	-1	796672	675	0	0	675
24113872	-1	-1	0	0	0	0	0
24122870	14373360	-1	1083392	603	0	0	603
24131871	-1	-1	0	0	0	0	0
24140871	12344496	-1	447488	290	0	0	310
24149871	-1	-1	0	0	0	0	0
24158870	12001720	-1	558080	372	0	0	372
24167870	-1	-1	0	0	0	0	0
24176872	8192000	-1	612352	598	0	0	598
24185872	-1	-1	0	0	0	0	0
24194874	11937368	-1	766976	514	0	0	514
24203870	-1	-1	0	0	0	0	0
24212871	11196456	-1	530432	379	0	0	379
24221871	-1	-1	0	0	0	0	0
24230870	7608120	-1	440320	463	0	0	495
24239871	-1	-1	0	0	0	0	0
24248872	11006048	-1	540672	393	0	0	393
24257885	-1	-1	0	0	0	0	0
24266871	7174160	-1	447488	499	0	0	499
24275870	-1	-1	0	0	0	0	0
24284873	6536808	-1	558080	683	0	0	683
24293893	-1	-1	0	0	0	0	0
24302871	9064920	-1	414720	366	0	0	489
24311876	-1	-1	0	0	0	0	0
24320975	4395432	-1	398336	725	0	0	758
24329872	-1	-1	0	0	0	0	0
24338873	11802456	-1	485376	329	0	0	384
24347874	-1	-1	0	0	0	0	0
24356875	4759336	-1	499730	840	0	0	840
24365871	-1	-1	0	0	0	0	0
24374874	15968336	-1	944128	473	0	0	481
24383930	-1	-1	0	0	0	0	0
24392871	18524624	-1	921600	398	0	0	398
24401871	-1	-1	0	0	0	0	0
24410881	16960560	-1	1445888	682	0	0	682
24419871	-1	-1	0	0	0	0	0
24428874	12497056	-1	826368	529	0	0	562
24437872	-1	-1	0	0	0	0	0
24446872	11544840	-1	1368064	948	0	0	948
24455871	-1	-1	0	0	0	0	0
24464882	9796680	-1	1606656	1312	0	0	1312
24473871	-1	-1	0	0	0	0	0
24482873	16159560	-1	1622016	803	0	0	803
24491871	-1	-1	0	0	0	0	0
24500872	18688000	-1	1270784	544	0	0	544
24509871	-1	-1	0	0	0	0	0
24518870	16762408	-1	1678336	801	0	0	801
24527871	-1	-1	0	0	0	0	0
24536870	19172768	-1	1802240	752	0	0	752
24545870	-1	-1	0	0	0	0	0
24554894	12699824	-1	1168384	736	0	0	736
24563870	-1	-1	0	0	0	0	0
24572872	16277608	-1	783360	385	0	0	400
24581871	-1	-1	0	0	0	0	0
24590871	14445344	-1	1251328	693	0	0	693
24599870	-1	-1	0	0	0	0	0
24608871	13043576	-1	839680	515	0	0	533
24617871	-1	-1	0	0	0	0	0
24626872	15782560	-1	779264	395	0	0	439
24635872	-1	-1	0	0	0	0	0
24644888	8011824	-1	683008	682	0	0	682
24653871	-1	-1	0	0	0	0	0
24662886	15812280	-1	2067456	1046	0	0	1046
24671875	-1	-1	0	0	0	0	0
24680872	8299792	-1	788480	760	0	0	760
24689871	-1	-1	0	0	0	0	0
24698871	14360592	-1	1046528	583	0	0	610
24707871	-1	-1	0	0	0	0	0
24716871	11491032	-1	1285559	895	0	0	895
24725877	-1	-1	0	0	0	0	0
24734880	7979840	-1	1193984	1197	0	0	1197
24743888	-1	-1	0	0	0	0	0
24752871	12141408	-1	1441792	950	0	0	950
24761874	-1	-1	0	0	0	0	0
24770872	10332904	-1	1309696	1014	0	0	1014
24779870	-1	-1	0	0	0	0	0
24788872	12843216	-1	1255424	782	0	0	782
24797872	-1	-1	0	0	0	0	0
24806874	9598312	-1	999424	833	0	0	833
24815871	-1	-1	0	0	0	0	0
24824870	15908392	-1	1986560	999	0	0	999
24833872	-1	-1	0	0	0	0	0
24842874	24299240	-1	1798144	592	0	0	592
24851871	-1	-1	0	0	0	0	0
24860870	18818688	-1	1345536	572	0	0	572
24869871	-1	-1	0	0	0	0	0
24878871	11610936	-1	1238016	853	0	0	853
24887871	-1	-1	0	0	0	0	0
24896872	13472520	-1	1246208	740	0	0	740
24905871	-1	-1	0	0	0	0	0
24914901	7697424	-1	876544	911	0	0	911
24923871	-1	-1	0	0	0	0	0
24932870	17314912	-1	952320	440	0	0	440
24941872	-1	-1	0	0	0	0	0
24950873	14577560	-1	710656	390	0	0	436
24959871	-1	-1	0	0	0	0	0
24968875	10263544	-1	558080	435	0	0	469
24977871	-1	-1	0	0	0	0	0
24986887	13452920	-1	916480	545	0	0	595
24995870	-1	-1	0	0	0	0	0
25004877	13042136	-1	903168	554	0	0	554
25013871	-1	-1	0	0	0	0	0
25022870	19031736	-1	1096704	461	0	0	461
25031871	-1	-1	0	0	0	0	0
25040870	13682616	-1	637952	373	0	0	373
25049871	-1	-1	0	0	0	0	0
25058870	13795952	-1	1353728	785	0	0	785
25067871	-1	-1	0	0	0	0	0
25076872	12383800	-1	1363766	881	0	0	881
25085870	-1	-1	0	0	0	0	0
25094873	6553600	-1	434176	530	0	0	530
25103872	-1	-1	0	0	0	0	0
25112873	19364496	-1	1137664	470	0	0	470
25121874	-1	-1	0	0	0	0	0
25130871	15440136	-1	887808	460	0	0	480
25139870	-1	-1	0	0	0	0	0
25148894	13249672	-1	2095104	1265	0	0	1265
25157871	-1	-1	0	0	0	0	0
25166877	11804552	-1	1137664	771	0	0	771
25175881	-1	-1	0	0	0	0	0
25184871	11207632	-1	1221632	872	0	0	872
25193894	-1	-1	0	0	0	0	0
25202872	10703000	-1	964608	721	0	0	721
25211872	-1	-1	0	0	0	0	0
25220907	5513128	-1	1053696	1529	0	0	1529
25229871	-1	-1	0	0	0	0	0
25238872	15399472	-1	848896	441	0	0	470
25247871	-1	-1	0	0	0	0	0
25256878	17189768	-1	917504	427	0	0	427
25265870	-1	-1	0	0	0	0	0
25274883	15410360	-1	1410048	732	0	0	732
25283877	-1	-1	0	0	0	0	0
25292870	12358272	-1	1260544	816	0	0	816
25301872	-1	-1	0	0	0	0	0
25310871	19229128	-1	1605632	668	0	0	668
25319875	-1	-1	0	0	0	0	0
25328877	11390680	-1	1104896	776	0	0	801
25337873	-1	-1	0	0	0	0	0
25346873	7181904	-1	793600	884	0	0	914
25355883	-1	-1	0	0	0	0	0
25364875	4355632	-1	575488	1057	0	0	1057
25373884	-1	-1	0	0	0	0	0
25382874	7380280	-1	707584	767	0	0	767
25391874	-1	-1	0	0	0	0	0
25400877	6508272	-1	617472	759	0	0	759
25409871	-1	-1	0	0	0	0	0
25418872	5528456	-1	618496	895	0	0	895
25427876	-1	-1	0	0	0	0	0
25436918	6314176	-1	550912	698	0	0	698
25445871	-1	-1	0	0	0	0	0
25454879	3338408	-1	513280	1230	0	0	1230
25463874	-1	-1	0	0	0	0	0
25472960	6435616	-1	491520	611	0	0	611
25481870	-1	-1	0	0	0	0	0
25490871	9191368	-1	668672	582	0	0	582
25499871	-1	-1	0	0	0	0	0
25508870	16993912	-1	1455104	685	0	0	685
25517870	-1	-1	0	0	0	0	0
25526878	14852304	-1	883712	476	0	0	476
25535910	-1	-1	0	0	0	0	0
25544874	6525536	-1	380928	467	0	0	467
25553879	-1	-1	0	0	0	0	0
25562871	10123584	-1	601088	475	0	0	551
25571884	-1	-1	0	0	0	0	0
25580899	11099392	-1	664576	479	0	0	479
25589874	-1	-1	0	0	0	0	0
25598885	9480312	-1	693248	585	0	0	585
25607879	-1	-1	0	0	0	0	0
25616878	10743608	-1	573440	427	0	0	450
25625871	-1	-1	0	0	0	0	0
25634897	3418312	-1	761856	1783	0	0	1783
25643873	-1	-1	0	0	0	0	0
25652872	8507080	-1	663552	624	0	0	668
25661877	-1	-1	0	0	0	0	0
25670874	10162480	-1	1040384	819	0	0	819
25679870	-1	-1	0	0	0	0	0
25688874	15865248	-1	1503232	758	0	0	766
25697871	-1	-1	0	0	0	0	0
25706871	20448248	-1	1978368	774	0	0	774
25715882	-1	-1	0	0	0	0	0
25724871	20496144	-1	1949696	761	0	0	761
25733892	-1	-1	0	0	0	0	0
25742872	16031656	-1	1118208	558	0	0	558
25751872	-1	-1	0	0	0	0	0
25760882	11656856	-1	926720	636	0	0	636
25769872	-1	-1	0	0	0	0	0
25778874	7972872	-1	968704	972	0	0	1009
25787873	-1	-1	0	0	0	0	0
25796878	3723640	-1	424960	913	0	0	913
25805878	-1	-1	0	0	0	0	0
25814872	6290288	-1	998583	1270	0	0	1270
25823875	-1	-1	0	0	0	0	0
25832871	7269720	-1	548864	604	0	0	604
25841871	-1	-1	0	0	0	0	0
25850877	10505912	-1	1153024	878	0	0	878
25859963	-1	-1	0	0	0	0	0
25868870	9896296	-1	891904	721	0	0	721
25877871	-1	-1	0	0	0	0	0
25886874	6965984	-1	640000	735	0	0	735
25895871	-1	-1	0	0	0	0	0
25904871	8771232	-1	759808	693	0	0	693
25913874	-1	-1	0	0	0	0	0
25922874	5148536	-1	623616	969	0	0	969
25931870	-1	-1	0	0	0	0	0
25940872	7099736	-1	665600	750	0	0	750
25949870	-1	-1	0	0	0	0	0
25958871	7200928	-1	587776	653	0	0	653
25967871	-1	-1	0	0	0	0	0
25976870	8924400	-1	673792	604	0	0	604
25985871	-1	-1	0	0	0	0	0
25994877	7227000	-1	705536	781	0	0	781
26003870	-1	-1	0	0	0	0	0
26012871	5528400	-1	590848	855	0	0	855
26021873	-1	-1	0	0	0	0	0
26030873	5413664	-1	542720	802	0	0	802
26039872	-1	-1	0	0	0	0	0
26048873	4127336	-1	472064	915	0	0	915
26057877	-1	-1	0	0	0	0	0
26066871	4410480	-1	581632	1055	0	0	1055
26075872	-1	-1	0	0	0	0	0
26084875	9848872	-1	1746944	1419	0	0	1419
26093875	-1	-1	0	0	0	0	0
26102959	11437056	-1	2656256	1858	0	0	1858
26111879	-1	-1	0	0	0	0	0
26120877	6221504	-1	1212416	1559	0	0	1559
26129872	-1	-1	0	0	0	0	0
26138871	13600168	-1	1921024	1130	0	0	1130
26147889	-1	-1	0	0	0	0	0
26156872	13836352	-1	1935360	1119	0	0	1119
26165870	-1	-1	0	0	0	0	0
26174888	11217872	-1	1712128	1221	0	0	1221
26183873	-1	-1	0	0	0	0	0
26192875	12084856	-1	2013639	1333	0	0	1333
26201871	-1	-1	0	0	0	0	0
26210875	11275008	-1	1835008	1302	0	0	1302
26219873	-1	-1	0	0	0	0	0
26228875	9776112	-1	2028544	1660	0	0	1660
26237870	-1	-1	0	0	0	0	0
26246872	9182808	-1	1452032	1265	0	0	1265
26255876	-1	-1	0	0	0	0	0
26264870	8138352	-1	2019328	1985	0	0	1985
26273887	-1	-1	0	0	0	0	0
26282914	11302888	-1	892928	632	0	0	632
26291871	-1	-1	0	0	0	0	0
26300943	12456328	-1	1704960	1095	0	0	1095
26309873	-1	-1	0	0	0	0	0
26318872	12403896	-1	1917952	1237	0	0	1237
26327879	-1	-1	0	0	0	0	0
26336881	13589784	-1	2335744	1375	0	0	1375
26345879	-1	-1	0	0	0	0	0
26354879	16200256	-1	2166784	1070	0	0	1070
26363871	-1	-1	0	0	0	0	0
26372871	10150960	-1	2101248	1656	0	0	1656
26381870	-1	-1	0	0	0	0	0
26390872	15777184	-1	2183168	1107	0	0	1107
26399871	-1	-1	0	0	0	0	0
26408871	12888048	-1	1770496	1099	0	0	1099
26417870	-1	-1	0	0	0	0	0
26426871	15715768	-1	1300480	662	0	0	662
26435870	-1	-1	0	0	0	0	0
26444871	13628168	-1	1848320	1085	0	0	1085
26453872	-1	-1	0	0	0	0	0
26462873	15083968	-1	1734656	920	0	0	920
26471871	-1	-1	0	0	0	0	0
26480871	14307152	-1	1777664	994	0	0	994
26489870	-1	-1	0	0	0	0	0
26498872	15427712	-1	2362368	1225	0	0	1225
26507871	-1	-1	0	0	0	0	0
26516871	13789864	-1	2275328	1320	0	0	1320
26525871	-1	-1	0	0	0	0	0
26534871	12448856	-1	2219008	1426	0	0	1426
26543874	-1	-1	0	0	0	0	0
26552872	12749136	-1	2165760	1359	0	0	1359
26561871	-1	-1	0	0	0	0	0
