22905	3055392	-1	6192128	16213	0	0	16968
27779	18252112	-1	1350656	592	0	0	592
36084	-1	-1	0	0	0	0	0
44954	-1	-1	0	0	0	0	0
52934	-1	-1	0	0	0	0	0
60935	25796384	-1	3766272	1168	0	0	1274
70933	-1	-1	0	0	0	0	0
79933	-1	-1	0	0	0	0	0
87933	-1	-1	0	0	0	0	0
90936	-1	-1	0	0	0	0	0
99938	-1	-1	0	0	0	0	0
107936	14264312	-1	2597888	1457	0	0	1581
116931	-1	-1	0	0	0	0	0
123931	13467544	-1	1063936	632	0	0	800
131947	-1	-1	0	0	0	0	0
137932	14227448	-1	1006592	566	0	0	791
142934	-1	-1	0	0	0	0	0
151936	15584440	-1	1137664	584	0	0	720
161936	-1	-1	0	0	0	0	0
170933	14158248	-1	1406976	795	0	0	854
178936	-1	-1	0	0	0	0	0
184945	13035072	-1	1295360	795	0	0	795
191933	-1	-1	0	0	0	0	0
200931	14905744	-1	1734656	931	0	0	931
205933	-1	-1	0	0	0	0	0
215931	8646808	-1	1615872	1495	0	0	1495
225935	-1	-1	0	0	0	0	0
233368	8788256	-1	748100	681	0	0	752
242933	-1	-1	0	0	0	0	0
250945	5822832	159512	1638400	2251	428032	21467	2251
257944	-1	953344	0	0	827392	6943	0
265952	-1	1250760	0	0	1250304	7997	0
274934	-1	1127888	0	0	1264640	8969	0
282932	-1	1180560	0	0	1186816	8042	0
292931	-1	867584	0	0	1074176	9905	0
296944	-1	1048968	0	0	522240	3982	0
304932	-1	467536	0	0	474112	8112	0
313934	-1	1696456	0	0	1896448	8943	0
321934	-1	1326336	0	0	1337344	8066	0
328934	-1	903464	0	0	786432	6963	0
337932	-1	982008	0	0	1106944	9017	0
342944	-1	1386856	0	0	848896	4896	0
349931	-1	868376	0	0	729088	6716	0
358935	-1	1222712	0	0	1436672	9399	0
362934	-1	1786416	0	0	881664	3948	0
368941	-1	1762856	0	0	1329152	6031	0
377937	-1	1787616	0	0	2006016	8977	0
387934	-1	1518584	0	0	1899520	10006	0
390932	-1	1940088	0	0	723968	2985	0
399937	-1	2348824	0	0	2647040	9015	0
408934	-1	2577232	0	0	2862080	8884	0
417941	-1	2026112	0	0	2306048	9105	0
425933	-1	2953088	0	0	2942976	7972	0
433934	-1	2206640	0	0	2214912	8030	0
439937	-1	2700144	0	0	2004992	5940	-1
447938	-1	-1	0	0	0	0	-1
455941	-1	982048	0	0	1395712	11369	-1
464950	-1	2185656	0	0	2451456	8972	-1
471936	-1	2730904	0	0	2382848	6980	-1
479944	-1	3038256	0	0	3031040	7981	-1
482934	-1	3003504	0	0	1020928	2719	-1
491935	-1	2940256	0	0	3417088	9297	-1
498966	-1	3059536	0	0	2683904	7017	-1
503932	-1	3623264	0	0	2254848	4978	-1
511933	-1	3753936	0	0	3742720	7976	-1
520931	-1	3187192	0	0	2102272	5276	-1
527932	-1	1496240	0	0	1900544	10161	-1
535936	-1	2984360	0	0	2977792	7982	-1
545933	-1	3015648	0	0	3755008	9961	-1
554933	-1	3084712	0	0	3461120	8976	-1
564934	-1	3038160	0	0	3807232	10025	-1
572935	-1	2979448	0	0	2984960	8014	-1
579935	-1	3005992	0	0	2614272	6957	-1
588937	-1	2899432	0	0	3252224	8973	-1
597936	-1	2776368	0	0	3139584	9046	-1
606935	-1	4190440	0	0	4709376	8990	-1
616936	-1	4024760	0	0	4306944	8560	-1
624933	-1	-1	0	0	0	0	-1
626933	-1	-1	0	0	0	0	-1
663794	-1	-1	0	0	0	0	-1
672543	-1	-1	0	0	0	0	-1
682544	-1	-1	0	0	0	0	-1
687543	-1	-1	0	0	0	0	-1
694543	-1	-1	0	0	0	0	-1
703543	-1	-1	0	0	0	0	-1
710545	-1	-1	0	0	0	0	-1
720543	-1	-1	0	0	0	0	-1
729544	-1	-1	0	0	0	0	-1
738543	-1	-1	0	0	0	0	-1
747544	-1	-1	0	0	0	0	-1
755543	-1	-1	0	0	0	0	-1
764556	-1	-1	0	0	0	0	-1
773543	-1	-1	0	0	0	0	-1
783543	-1	-1	0	0	0	0	-1
789543	-1	-1	0	0	0	0	-1
797543	-1	-1	0	0	0	0	-1
807543	-1	-1	0	0	0	0	-1
814544	-1	-1	0	0	0	0	-1
820543	-1	-1	0	0	0	0	-1
829543	-1	-1	0	0	0	0	-1
832544	-1	-1	0	0	0	0	-1
841544	-1	-1	0	0	0	0	-1
850553	-1	-1	0	0	0	0	-1
857545	-1	-1	0	0	0	0	-1
866543	-1	-1	0	0	0	0	-1
873543	-1	-1	0	0	0	0	-1
881542	-1	-1	0	0	0	0	-1
889569	-1	-1	0	0	0	0	-1
898544	-1	-1	0	0	0	0	-1
904543	-1	-1	0	0	0	0	-1
912543	-1	-1	0	0	0	0	-1
922544	-1	-1	0	0	0	0	-1
932543	-1	-1	0	0	0	0	-1
940545	-1	-1	0	0	0	0	-1
944549	-1	-1	0	0	0	0	-1
953544	-1	-1	0	0	0	0	-1
959543	-1	-1	0	0	0	0	-1
966543	-1	-1	0	0	0	0	-1
974543	-1	-1	0	0	0	0	-1
981546	-1	-1	0	0	0	0	-1
990543	-1	-1	0	0	0	0	-1
998543	-1	-1	0	0	0	0	-1
1008542	-1	-1	0	0	0	0	-1
1018543	-1	-1	0	0	0	0	-1
1026546	-1	-1	0	0	0	0	-1
1034550	-1	-1	0	0	0	0	-1
1042543	-1	-1	0	0	0	0	-1
1051543	-1	-1	0	0	0	0	-1
1058543	-1	-1	0	0	0	0	-1
1067545	-1	-1	0	0	0	0	-1
1077544	-1	-1	0	0	0	0	-1
1085543	-1	-1	0	0	0	0	-1
1094543	-1	-1	0	0	0	0	-1
1103543	-1	-1	0	0	0	0	-1
1113545	-1	-1	0	0	0	0	-1
1123543	-1	-1	0	0	0	0	-1
1130545	-1	-1	0	0	0	0	-1
1140542	-1	-1	0	0	0	0	-1
1149544	-1	-1	0	0	0	0	-1
1157545	-1	-1	0	0	0	0	-1
1163544	-1	-1	0	0	0	0	-1
1168547	-1	-1	0	0	0	0	-1
1178544	-1	-1	0	0	0	0	-1
1184543	-1	-1	0	0	0	0	-1
1192543	-1	-1	0	0	0	0	-1
1201543	-1	-1	0	0	0	0	-1
1211547	-1	-1	0	0	0	0	-1
1216544	-1	-1	0	0	0	0	-1
1225543	-1	-1	0	0	0	0	-1
1234544	-1	-1	0	0	0	0	-1
1244543	-1	-1	0	0	0	0	-1
1253543	-1	-1	0	0	0	0	-1
1262543	-1	-1	0	0	0	0	-1
1266545	-1	-1	0	0	0	0	-1
1310340	25764744	-1	10209280	3170	0	0	3170
1320336	-1	-1	0	0	0	0	0
1330337	18273000	-1	1971200	863	0	0	863
1339336	-1	-1	0	0	0	0	0
1349341	21087864	-1	1900544	721	0	0	721
1359336	-1	-1	0	0	0	0	0
1368337	18113424	-1	1630208	720	0	0	720
1378337	-1	-1	0	0	0	0	0
1387340	17298736	-1	1742848	806	0	0	806
1396337	-1	-1	0	0	0	0	0
1405342	16500696	-1	1447936	702	0	0	702
1415337	-1	-1	0	0	0	0	0
1425352	996136	-1	507904	4079	0	0	5833
1435336	1188416	-1	1188864	8003	0	0	8003
1444337	18622864	-1	2223104	955	0	0	955
1454336	-1	-1	0	0	0	0	0
1463335	21780856	-1	2306048	847	0	0	847
1473335	-1	-1	0	0	0	0	0
1483343	22111360	-1	1929216	698	0	0	698
1492336	-1	-1	0	0	0	0	0
1500338	15831112	-1	1759232	889	0	0	889
1509337	-1	-1	0	0	0	0	0
1519336	11436352	-1	1937032	1355	0	0	1355
1528339	-1	-1	0	0	0	0	0
1538336	15428120	-1	1768448	917	0	0	917
1547336	-1	-1	0	0	0	0	0
1556336	14380064	-1	1587200	883	0	0	883
1566336	-1	-1	0	0	0	0	0
1575337	-1	-1	0	0	0	0	0
1583335	21828320	-1	2627584	963	0	0	963
1585337	-1	-1	0	0	0	0	0
1594336	-1	-1	0	0	0	0	0
1602336	18985192	-1	1651712	696	0	0	696
1612336	-1	-1	0	0	0	0	0
1620337	20531704	-1	1829888	713	0	0	713
1629337	-1	-1	0	0	0	0	0
1638337	22831304	-1	2023424	709	0	0	709
1648337	-1	-1	0	0	0	0	0
1658339	20700216	-1	2406400	930	0	0	930
1668338	-1	-1	0	0	0	0	0
1677336	17851928	-1	1930240	865	0	0	865
1686335	-1	-1	0	0	0	0	0
1694336	8438600	-1	1436672	1362	0	0	1362
1704336	-1	-1	0	0	0	0	0
1713336	18391240	-1	1848320	804	0	0	804
1723337	-1	-1	0	0	0	0	0
1733336	19483392	-1	1911808	785	0	0	785
1742340	-1	-1	0	0	0	0	0
1750338	22062432	-1	2220032	805	0	0	805
1759335	-1	-1	0	0	0	0	0
1768336	14785240	-1	1145856	620	0	0	620
1777336	-1	-1	0	0	0	0	0
1786337	11292040	-1	1700864	1205	0	0	1205
1795336	-1	-1	0	0	0	0	0
1805336	16472184	-1	1912832	929	0	0	929
1815340	-1	-1	0	0	0	0	0
1824337	13927856	-1	1956864	1124	0	0	1124
1834337	-1	-1	0	0	0	0	0
1843336	8090616	-1	408576	404	0	0	-1
1853335	-1	-1	0	0	0	0	-1
1862337	9672640	-1	1531904	1267	0	0	-1
1872340	-1	-1	0	0	0	0	-1
1882337	9501744	-1	1196032	1007	0	0	-1
1891336	-1	-1	0	0	0	0	-1
1900337	11027120	-1	756736	549	0	0	-1
1910337	-1	199080	0	0	1271808	51107	-1
1945135	-1	1416472	0	0	5999616	33884	23381
1955136	-1	1533336	0	0	1930240	10070	0
1963135	-1	1934168	0	0	1934336	8000	0
1967138	-1	1873752	0	0	931840	3978	0
1975137	-1	2056544	0	0	2027520	7887	0
1984137	-1	1948808	0	0	2222080	9121	0
1989136	-1	2177664	0	0	1354752	4976	0
1997138	-1	2082408	0	0	1618944	6219	0
2006156	-1	-1	0	0	0	0	0
2013136	-1	-1	0	0	0	0	0
2023135	-1	-1	0	0	0	0	0
2031135	-1	-1	0	0	0	0	0
2038136	-1	-1	0	0	0	0	0
2047135	-1	-1	0	0	0	0	0
2055137	-1	-1	0	0	0	0	0
2061137	-1	-1	0	0	0	0	0
2068134	-1	-1	0	0	0	0	0
2077136	-1	-1	0	0	0	0	0
2086135	-1	-1	0	0	0	0	0
2095135	-1	-1	0	0	0	0	0
2102136	-1	-1	0	0	0	0	0
2110135	-1	-1	0	0	0	0	0
2116136	-1	-1	0	0	0	0	0
2120134	-1	-1	0	0	0	0	0
2129135	-1	-1	0	0	0	0	0
2139138	-1	-1	0	0	0	0	0
2149135	-1	-1	0	0	0	0	0
2157137	-1	-1	0	0	0	0	0
2165135	13313016	-1	1682432	1011	0	0	1011
2171137	-1	-1	0	0	0	0	0
2180137	20754616	-1	2747392	1059	0	0	1059
2189135	-1	-1	0	0	0	0	0
2197135	-1	-1	0	0	0	0	0
2202136	-1	-1	0	0	0	0	0
2211135	16994296	-1	2224128	1047	0	0	1047
2218135	-1	-1	0	0	0	0	0
2222135	-1	-1	0	0	0	0	0
2228137	-1	-1	0	0	0	0	131
2233135	22966112	-1	2804736	977	0	0	977
2240135	-1	-1	0	0	0	0	0
2249136	16589088	-1	1490944	719	0	0	719
2255147	-1	-1	0	0	0	0	0
2264136	-1	-1	0	0	0	0	0
2266136	-1	-1	0	0	0	0	0
2275136	15419136	-1	3371008	1749	0	0	1749
2284136	-1	-1	0	0	0	0	0
2289140	-1	-1	0	0	0	0	0
2297134	-1	-1	0	0	0	0	0
2303135	21485880	-1	2427904	904	0	0	934
2310134	-1	-1	0	0	0	0	0
2319135	19508280	-1	1624064	666	0	0	666
2326136	-1	-1	0	0	0	0	0
2336136	4993408	-1	1529856	2451	0	0	2451
2345135	-1	-1	0	0	0	0	0
2355134	15955664	-1	1830912	918	0	0	918
2363136	-1	-1	0	0	0	0	0
2373136	10720576	-1	2227200	1662	0	0	1662
2381134	-1	-1	0	0	0	0	0
2389134	12848192	-1	2184192	1360	0	0	1360
2397135	-1	-1	0	0	0	0	0
2405137	9450200	-1	1415168	1198	0	0	1198
2414135	-1	-1	0	0	0	0	0
2424135	18872712	-1	1863680	790	0	0	790
2426147	-1	-1	0	0	0	0	0
2435135	-1	-1	0	0	0	0	0
2445136	-1	-1	0	0	0	0	0
2454135	15249928	-1	2340864	1228	0	0	1228
2463135	-1	-1	0	0	0	0	0
2472134	-1	-1	0	0	0	0	0
2480134	15694952	-1	1259520	642	0	0	1003
2484135	2617520	-1	355328	1086	0	0	-1
2494136	-1	-1	0	0	0	0	-1
2504156	7105800	412896	1359872	1531	208896	4047	-1
2510136	-1	2874384	0	0	2179072	6064	-1
2518144	-1	3916992	0	0	3929088	8024	-1
2526135	-1	2509088	0	0	2476032	7894	-1
2535139	-1	3792976	0	0	4307968	9086	-1
2539135	-1	1940128	0	0	968704	3994	-1
2548136	-1	2933448	0	0	3301376	9003	-1
2578977	-1	2749008	0	0	9511936	27681	21133
2583976	-1	2092784	0	0	1293312	4943	0
2590978	-1	2360192	0	0	2079744	7049	0
2599981	-1	3293208	0	0	3691520	8967	0
2608983	-1	5037624	0	0	5679104	9018	0
2618993	-1	3659528	0	0	4561920	9972	0
2627983	-1	2688056	0	0	3020800	8990	0
2631976	-1	2276184	0	0	1133568	3984	0
2640976	-1	2233248	0	0	2508800	8987	0
2650976	-1	1197936	0	0	1435648	9587	0
2659979	-1	1986344	0	0	2306048	9287	0
2663978	-1	1991912	0	0	1012736	4067	-1
2669976	-1	-1	0	0	82944	427	-1
2674977	-1	-1	0	0	0	0	-1
2684977	-1	-1	0	0	0	0	-1
2692978	-1	-1	0	0	0	0	-1
2702977	-1	-1	0	0	0	0	-1
2710997	-1	-1	0	0	0	0	-1
2720976	-1	-1	0	0	0	0	-1
2729978	-1	-1	0	0	0	0	-1
2738976	-1	-1	0	0	0	0	-1
2747976	-1	-1	0	0	0	0	-1
2756976	-1	-1	0	0	0	0	-1
2766975	-1	-1	0	0	0	0	-1
2775977	-1	-1	0	0	0	0	-1
2785976	-1	-1	0	0	0	0	-1
2794976	-1	-1	0	0	0	0	-1
2803980	-1	-1	0	0	0	0	-1
2810977	-1	-1	0	0	0	0	-1
2819977	-1	-1	0	0	84992	153484	-1
2824978	-1	397464	0	0	249856	5029	-1
2833975	-1	1001184	0	0	1127424	9008	-1
2837979	-1	1470304	0	0	729088	3967	-1
2845977	-1	1760832	0	0	1764352	8016	-1
2854976	-1	1739432	0	0	1954816	8990	-1
2858980	-1	1718496	0	0	842752	3923	-1
2866993	-1	1680680	0	0	1680384	7998	-1
2873979	-1	1843552	0	0	1625088	7052	-1
2883976	-1	1892536	0	0	2368512	10011	-1
2893976	-1	1921400	0	0	2391040	9955	-1
2900977	-1	2053232	0	0	1808384	7045	-1
2908982	-1	2099880	0	0	2097152	7989	-1
2916978	-1	2150200	0	0	2147328	7989	-1
2923001	-1	2217104	0	0	1647616	5945	-1
2930978	-1	2256936	0	0	2265088	8028	-1
2940976	-1	2818736	0	0	3463168	9829	-1
2949978	-1	4413752	0	0	4942848	8959	-1
2958977	-1	4992760	0	0	5627904	9017	-1
2968998	-1	5539464	0	0	6921216	9995	-1
2978976	-1	5589168	0	0	6966272	9971	-1
2987977	-1	5893272	0	0	4759552	6460	-1
2995980	-1	-1	0	0	0	0	-1
3003976	-1	-1	0	0	0	0	-1
3013975	-1	-1	0	0	0	0	-1
3023975	-1	-1	0	0	0	0	-1
3031975	-1	-1	0	0	0	0	-1
3040977	-1	-1	0	0	0	0	-1
3048976	-1	-1	0	0	0	0	-1
3057976	-1	-1	0	0	0	0	-1
3066976	-1	-1	0	0	0	0	-1
3074976	-1	-1	0	0	0	0	-1
3083978	-1	-1	0	0	0	0	-1
3092977	-1	-1	0	0	0	0	-1
3098975	-1	-1	0	0	0	0	-1
3107976	-1	-1	0	0	0	0	-1
3116978	-1	-1	0	0	0	0	-1
3124981	-1	-1	0	0	0	0	-1
3133976	-1	-1	0	0	0	0	-1
3138976	-1	-1	0	0	0	0	-1
3146975	-1	-1	0	0	0	0	-1
3152976	-1	-1	0	0	0	0	-1
3159975	-1	-1	0	0	0	0	-1
3165979	-1	-1	0	0	0	0	-1
3173977	-1	-1	0	0	0	0	-1
3181977	-1	-1	0	0	0	0	-1
3200437	-1	-1	0	0	0	0	-1
3208431	-1	1092960	0	0	1210368	8859	-1
3217429	-1	3913080	0	0	4295680	8782	-1
3224432	-1	4210184	0	0	3790848	7203	-1
3231432	-1	4450296	0	0	3885056	6983	-1
3238438	-1	4489056	0	0	3905536	6960	-1
3246431	-1	4448744	0	0	4457472	8015	-1
3253435	-1	4334976	0	0	3784704	6984	-1
3260431	-1	1195544	0	0	1015808	6797	-1
3270444	-1	4171392	0	0	5215232	10001	-1
3278431	-1	4365848	0	0	4370432	8008	-1
3284426	-1	3139560	0	0	2316288	5902	-1
3293434	-1	2747776	0	0	3125248	9099	-1
3302437	-1	4063880	0	0	4560896	8978	-1
3306429	-1	5201888	0	0	2601984	4001	-1
3313429	-1	5158144	0	0	4483072	6953	-1
3321429	-1	3425544	0	0	3399680	7939	-1
3330430	-1	2484752	0	0	2817024	9069	-1
3339436	-1	2894808	0	0	3257344	9001	-1
3340429	-1	3221960	0	0	385024	956	-1
3349429	-1	2881456	0	0	1252352	3477	-1
3358431	-1	-1	0	0	0	0	-1
3361428	-1	-1	0	0	0	0	-1
3370427	-1	-1	0	0	0	0	-1
3372429	-1	-1	0	0	0	0	-1
3381428	-1	-1	0	0	0	0	-1
3390430	-1	-1	0	0	0	0	-1
3400428	-1	-1	0	0	0	0	-1
3409429	-1	-1	0	0	0	0	-1
3417428	-1	-1	0	0	0	0	-1
3426431	-1	-1	0	0	0	0	-1
3436430	-1	-1	0	0	0	0	-1
3444427	-1	-1	0	0	0	0	-1
3454428	-1	-1	0	0	0	0	-1
3461427	-1	-1	0	0	0	0	-1
3469427	-1	-1	0	0	0	0	-1
3477430	-1	-1	0	0	0	0	-1
3480428	-1	-1	0	0	0	0	-1
3489427	-1	-1	0	0	0	0	-1
3493427	-1	-1	0	0	0	0	-1
3502427	-1	-1	0	0	0	0	-1
3511435	-1	-1	0	0	0	0	-1
3516428	-1	-1	0	0	0	0	-1
3525427	-1	-1	0	0	0	0	-1
3530427	-1	-1	0	0	0	0	-1
3539427	-1	-1	0	0	0	0	-1
3549428	-1	-1	0	0	0	0	-1
3556431	-1	-1	0	0	0	0	-1
3565428	-1	-1	0	0	0	0	-1
3574428	-1	-1	0	0	0	0	-1
3576429	-1	-1	0	0	0	0	-1
3586427	-1	-1	0	0	0	0	-1
3593428	-1	-1	0	0	0	0	-1
3599428	-1	-1	0	0	0	0	-1
3608428	-1	-1	0	0	0	0	-1
3616429	-1	-1	0	0	0	0	-1
3626429	-1	-1	0	0	0	0	-1
3635431	-1	-1	0	0	0	0	-1
3637428	-1	-1	0	0	0	0	-1
3646429	-1	-1	0	0	0	0	-1
3655428	-1	-1	0	0	0	0	-1
3663428	-1	-1	0	0	0	0	-1
3668428	-1	-1	0	0	0	0	-1
3675428	-1	-1	0	0	0	0	-1
3683427	-1	-1	0	0	0	0	-1
3689430	-1	-1	0	0	0	0	-1
3696431	-1	-1	0	0	0	0	-1
3702427	-1	-1	0	0	0	0	-1
3710430	-1	-1	0	0	0	0	-1
3720428	-1	-1	0	0	0	0	-1
3727427	-1	-1	0	0	0	0	-1
3737428	-1	-1	0	0	0	0	-1
3746428	-1	-1	0	0	0	0	-1
3754428	-1	-1	0	0	0	0	-1
3760429	-1	-1	0	0	0	0	-1
3765427	-1	-1	0	0	0	0	-1
3774432	-1	-1	0	0	0	0	-1
3776440	-1	-1	0	0	0	0	-1
3785430	-1	-1	0	0	0	0	-1
3795427	-1	-1	0	0	0	0	-1
3803427	-1	-1	0	0	0	0	-1
3812427	-1	-1	0	0	0	0	-1
3821430	-1	-1	0	0	0	0	-1
3857427	-1	-1	0	0	0	0	-1
3866430	-1	-1	0	0	0	0	-1
3875428	-1	-1	0	0	0	0	-1
3884613	-1	-1	0	0	0	0	-1
3890430	-1	-1	0	0	0	0	-1
3899456	-1	-1	0	0	0	0	-1
3905441	-1	-1	0	0	0	0	-1
3914427	-1	-1	0	0	0	0	-1
3930058	-1	-1	0	0	0	0	-1
3937832	-1	-1	0	0	0	0	-1
3947831	-1	-1	0	0	0	0	-1
3955831	-1	-1	0	0	0	0	-1
3959833	-1	-1	0	0	0	0	-1
3969831	-1	-1	0	0	0	0	-1
3975832	-1	-1	0	0	0	0	-1
3980832	-1	-1	0	0	0	0	-1
3988833	-1	338480	0	0	2417664	57142	-1
3994832	-1	4145864	0	0	3090432	5963	-1
4002834	-1	4466064	0	0	4418560	7914	-1
4009833	-1	3721904	0	0	3296256	7085	-1
4018835	-1	3585744	0	0	4030464	8992	-1
4023837	-1	4128040	0	0	2526208	4895	-1
4032836	-1	3886288	0	0	4418560	9095	-1
4041835	-1	4133032	0	0	4634624	8970	-1
4048833	-1	4174632	0	0	3658752	7011	-1
4057833	-1	1805424	0	0	1993728	8834	-1
4063838	-1	3551136	0	0	2639872	5947	-1
4069833	-1	2163544	0	0	1631232	6031	-1
4078833	-1	1803392	0	0	2026496	8989	-1
4087837	-1	2071440	0	0	2336768	9024	-1
4096832	-1	1286512	0	0	1440768	8959	-1
4106832	-1	2510696	0	0	3149824	10036	-1
4113832	-1	2412512	0	0	1944576	6448	-1
4123842	-1	2053288	0	0	2704384	10536	-1
4131836	-1	2728512	0	0	2719744	7974	-1
4139842	-1	2350000	0	0	2333696	7944	-1
4143830	-1	2382392	0	0	1155072	3878	-1
4152846	-1	2442856	0	0	2806784	9191	-1
4162836	-1	2665528	0	0	3222528	9671	-1
4171838	-1	2577160	0	0	2994176	9294	-1
4181833	-1	3037760	0	0	3784704	9967	-1
4189832	-1	3034936	0	0	1608704	4240	-1
4197832	-1	-1	0	0	0	0	-1
4207834	-1	-1	0	0	0	0	-1
4210832	-1	-1	0	0	0	0	-1
4219832	-1	-1	0	0	0	0	-1
4228844	-1	-1	0	0	0	0	-1
4235831	-1	-1	0	0	0	0	-1
4245831	-1	-1	0	0	0	0	-1
4254832	-1	-1	0	0	0	0	-1
4263831	-1	-1	0	0	0	0	-1
4268831	-1	-1	0	0	0	0	-1
4277833	-1	-1	0	0	0	0	-1
4282830	-1	-1	0	0	0	0	-1
4291832	-1	-1	0	0	0	0	-1
4299830	-1	-1	0	0	0	0	-1
4307830	-1	-1	0	0	0	0	-1
4316833	-1	-1	0	0	0	0	-1
4320831	-1	-1	0	0	0	0	-1
4326832	-1	-1	0	0	0	0	-1
4336832	-1	-1	0	0	0	0	-1
4343842	-1	-1	0	0	0	0	-1
4352831	-1	-1	0	0	0	0	-1
4361832	-1	-1	0	0	0	0	-1
4370832	-1	-1	0	0	0	0	-1
4379830	-1	-1	0	0	0	0	-1
4388832	-1	-1	0	0	0	0	-1
4398832	-1	-1	0	0	0	0	-1
4407831	-1	-1	0	0	0	0	-1
4415832	-1	-1	0	0	0	0	-1
4421831	-1	-1	0	0	0	0	-1
4430831	-1	-1	0	0	0	0	-1
4440830	-1	-1	0	0	0	0	-1
4447832	-1	-1	0	0	0	0	-1
4456832	-1	-1	0	0	0	0	-1
4464831	-1	-1	0	0	0	0	-1
4472842	-1	-1	0	0	0	0	-1
4482831	-1	-1	0	0	0	0	-1
4488833	-1	-1	0	0	0	0	-1
4495830	-1	-1	0	0	0	0	-1
4504834	-1	-1	0	0	0	0	-1
4513831	-1	-1	0	0	0	0	-1
4522832	-1	-1	0	0	0	0	-1
4530832	-1	-1	0	0	0	0	-1
4532831	-1	-1	0	0	0	0	-1
4541832	-1	-1	0	0	0	0	-1
4550831	-1	-1	0	0	0	0	-1
4555842	-1	-1	0	0	0	0	-1
4564832	-1	-1	0	0	0	0	-1
4573831	-1	-1	0	0	0	0	-1
4582831	-1	-1	0	0	0	0	-1
4589831	-1	-1	0	0	0	0	-1
4598833	-1	-1	0	0	0	0	-1
4604833	-1	-1	0	0	0	0	-1
4613831	-1	-1	0	0	0	0	-1
4629811	-1	-1	0	0	0	0	-1
4638808	-1	-1	0	0	0	0	-1
4645795	-1	-1	0	0	0	0	-1
4654794	-1	-1	0	0	0	0	-1
4658795	-1	-1	0	0	0	0	-1
4665794	-1	-1	0	0	0	0	-1
4671795	-1	-1	0	0	0	0	-1
4681795	-1	-1	0	0	0	0	-1
4690795	-1	-1	0	0	0	0	-1
4699794	-1	-1	0	0	0	0	-1
4708795	-1	-1	0	0	0	0	-1
4717793	-1	19928	0	0	203776	81804	-1
4726794	-1	839800	0	0	1048576	9988	-1
4733794	-1	1467232	0	0	1048576	5717	-1
4743801	-1	1967104	0	0	2359296	9594	-1
4751794	-1	-1	0	0	0	0	-1
4759794	-1	-1	0	0	0	0	-1
4769795	-1	-1	0	0	0	0	-1
4774794	-1	-1	0	0	0	0	-1
4781796	-1	-1	0	0	0	0	-1
4789794	-1	-1	0	0	0	0	-1
4798793	-1	-1	0	0	0	0	-1
4806794	-1	-1	0	0	0	0	-1
4812794	-1	-1	0	0	0	0	-1
4821796	-1	-1	0	0	0	0	-1
4830794	-1	-1	0	0	0	0	-1
4839796	-1	-1	0	0	0	0	-1
4848794	-1	-1	0	0	0	0	-1
4857795	-1	-1	0	0	0	0	-1
4867796	-1	-1	0	0	0	0	-1
4876795	-1	-1	0	0	0	0	-1
4884794	-1	-1	0	0	0	0	-1
4893794	-1	-1	0	0	0	0	-1
4901793	-1	-1	0	0	0	0	-1
4910794	-1	-1	0	0	0	0	-1
4919793	-1	-1	0	0	0	0	-1
4924794	-1	-1	0	0	0	0	-1
4934794	-1	-1	0	0	0	0	-1
4939793	-1	-1	0	0	0	0	-1
4949794	-1	-1	0	0	0	0	-1
4958795	-1	-1	0	0	0	0	-1
4967793	-1	-1	0	0	0	0	-1
4977796	-1	-1	0	0	0	0	-1
4985795	-1	-1	0	0	0	0	-1
4993793	-1	-1	0	0	0	0	-1
5003794	-1	-1	0	0	0	0	-1
5004795	-1	-1	0	0	0	0	-1
5013795	-1	-1	0	0	0	0	-1
5022794	-1	-1	0	0	0	0	-1
5025794	-1	-1	0	0	0	0	-1
5034793	-1	-1	0	0	0	0	-1
5043796	-1	-1	0	0	0	0	-1
5052794	-1	-1	0	0	0	0	-1
5057795	-1	-1	0	0	0	0	-1
5066794	-1	-1	0	0	0	0	-1
5070795	-1	-1	0	0	0	0	-1
5080794	-1	-1	0	0	0	0	-1
5086796	-1	-1	0	0	0	0	-1
5095794	-1	-1	0	0	0	0	-1
5105794	-1	-1	0	0	0	0	-1
5113794	-1	-1	0	0	0	0	-1
5123795	-1	-1	0	0	0	0	-1
5131795	-1	-1	0	0	0	0	-1
5141795	-1	-1	0	0	0	0	-1
5148794	-1	-1	0	0	0	0	-1
5156793	-1	-1	0	0	0	0	-1
5162794	-1	-1	0	0	0	0	-1
5170795	-1	-1	0	0	0	0	-1
5179794	-1	-1	0	0	0	0	-1
5187793	-1	-1	0	0	0	0	-1
5196794	-1	-1	0	0	0	0	-1
5203793	-1	-1	0	0	0	0	-1
5213793	-1	-1	0	0	0	0	-1
5223795	-1	-1	0	0	0	0	-1
5232794	-1	-1	0	0	0	0	-1
5241794	-1	-1	0	0	0	0	-1
5250794	-1	-1	0	0	0	0	-1
5255794	-1	-1	0	0	0	0	-1
5264795	-1	-1	0	0	0	0	-1
5273795	-1	-1	0	0	0	0	-1
5282793	-1	-1	0	0	0	0	-1
5289795	-1	-1	0	0	0	0	-1
5298794	-1	-1	0	0	0	0	-1
5303796	-1	-1	0	0	0	0	-1
5312794	-1	-1	0	0	0	0	-1
5343855	4982696	-1	771072	1238	0	0	1607
5352856	-1	-1	0	0	0	0	0
5361858	18827672	-1	1522688	647	0	0	650
5369855	-1	-1	0	0	0	0	0
5378856	-1	-1	0	0	0	0	0
5379855	-1	-1	0	0	0	0	0
5388855	25271544	-1	2678784	848	0	0	949
5394856	-1	-1	0	0	0	0	0
5404854	-1	-1	0	0	0	0	0
5406857	-1	-1	0	0	0	0	0
5415856	22232896	-1	2565120	923	0	0	979
5424855	-1	-1	0	0	0	0	0
5432857	20519768	-1	1585152	618	0	0	684
5440855	-1	-1	0	0	0	0	0
5448855	14898360	-1	1817600	976	0	0	976
5458855	-1	-1	0	0	0	0	0
5468856	20277912	-1	2106368	831	0	0	831
5477856	-1	-1	0	0	0	0	0
5486855	16123520	-1	1267712	629	0	0	632
5494857	-1	-1	0	0	0	0	0
5502855	17848336	-1	1323008	593	0	0	629
5511855	-1	-1	0	0	0	0	0
5520855	21272776	-1	1978368	744	0	0	744
5528856	-1	-1	0	0	0	0	0
5537855	16031656	-1	1304576	651	0	0	651
5547859	-1	-1	0	0	0	0	0
5555856	12305672	-1	1236720	804	0	0	804
5562856	-1	-1	0	0	0	0	0
5571855	17781456	-1	2267136	1020	0	0	1090
5580857	-1	-1	0	0	0	0	0
5589857	11705168	-1	740352	506	0	0	542
5598855	-1	-1	0	0	0	0	0
5606855	19596096	-1	1736704	709	0	0	709
5614854	-1	-1	0	0	0	0	0
5622857	10943648	-1	1246208	911	0	0	911
5630856	-1	-1	0	0	0	0	0
5636855	16096104	-1	1259520	626	0	0	626
5644855	-1	-1	0	0	0	0	0
5653856	-1	-1	0	0	0	0	0
5661856	15414616	-1	1156096	600	0	0	677
5666855	43495616	-1	913408	168	0	0	176
5674855	-1	-1	0	0	0	0	0
5683855	25676976	-1	2818048	878	0	0	924
5692855	-1	-1	0	0	0	0	0
5701856	-1	-1	0	0	0	0	0
5711855	-1	-1	0	0	0	0	0
5720855	25171040	-1	3162112	1005	0	0	1104
5727856	-1	-1	0	0	0	0	0
5735855	-1	-1	0	0	0	0	0
5742855	-1	-1	0	0	0	0	0
5750856	14339160	-1	3482624	1943	0	0	1943
5760859	-1	-1	0	0	0	0	0
5770855	20617184	-1	2154496	836	0	0	836
5779855	-1	-1	0	0	0	0	0
5785855	24391128	-1	2161664	709	0	0	709
5794855	-1	-1	0	0	0	0	0
5802856	22972992	-1	2259968	787	0	0	787
5811856	-1	-1	0	0	0	0	0
5821855	15655824	-1	2113536	1080	0	0	1080
5830854	-1	-1	0	0	0	0	0
5839855	-1	-1	0	0	0	0	0
5848860	-1	-1	0	0	0	0	0
5855855	23312384	-1	2777088	953	0	0	1141
5864855	-1	-1	0	0	0	0	0
5874856	12698216	-1	1061888	669	0	0	752
5883859	11377776	-1	793600	558	0	0	714
5887857	-1	-1	0	0	0	0	0
5896856	-1	5184	0	0	223232	344698	0
5905855	11539448	-1	702464	487	0	0	487
5914855	-1	-1	0	0	0	0	0
5923854	-1	-1	0	0	0	0	0
5929858	18864568	-1	1261568	535	0	0	553
5933857	-1	-1	0	0	0	0	0
5941855	12572568	-1	746496	475	0	0	509
5946855	-1	-1	0	0	0	0	0
5955855	-1	-1	0	0	0	0	0
6047932	25450144	-1	4173824	1312	0	0	20092
6056934	-1	-1	0	0	0	0	0
6066928	-1	-1	0	0	0	0	0
6075928	7641864	-1	1564672	1638	0	0	1638
6085929	-1	-1	0	0	0	0	0
6094930	21608040	-1	2020352	748	0	0	748
6102930	-1	-1	0	0	0	0	0
6112929	17701000	-1	1500160	678	0	0	678
6121930	-1	-1	0	0	0	0	0
6130931	15670768	-1	1574912	804	0	0	804
6140930	-1	-1	0	0	0	0	0
6150929	19006776	-1	1743872	734	0	0	734
6158930	-1	-1	0	0	0	0	0
6168933	20164056	-1	1829888	726	0	0	726
6178929	-1	-1	0	0	0	0	0
6186929	20399688	-1	2210816	867	0	0	867
6195929	-1	-1	0	0	0	0	0
6205929	17466336	-1	1801216	825	0	0	825
6215929	-1	-1	0	0	0	0	0
6224929	16117952	-1	1488896	739	0	0	739
6233929	-1	-1	0	0	0	0	0
6242929	12077512	-1	1397972	926	0	0	926
6251930	-1	-1	0	0	0	0	0
6260934	11357088	-1	1811456	1276	0	0	1276
6269929	-1	-1	0	0	0	0	0
6278930	21506792	-1	1973248	734	0	0	734
6287929	-1	-1	0	0	0	0	0
6297928	20451832	-1	1858560	727	0	0	727
6305931	-1	-1	0	0	0	0	0
6314928	20837448	-1	1820672	699	0	0	699
6320930	-1	-1	0	0	0	0	0
6330928	14308464	-1	1729536	967	0	0	967
6339928	-1	-1	0	0	0	0	0
6348930	17605056	-1	1978368	899	0	0	899
6357929	-1	-1	0	0	0	0	0
6366929	18176256	-1	2274304	1001	0	0	1001
6375930	-1	-1	0	0	0	0	0
6383929	19565464	-1	1807360	739	0	0	739
6391931	-1	-1	0	0	0	0	0
6400929	20190128	-1	1640448	650	0	0	650
6409929	-1	-1	0	0	0	0	0
6418929	17434752	-1	1835008	842	0	0	842
6428930	-1	-1	0	0	0	0	0
6438930	15949280	-1	1690624	848	0	0	848
6446929	-1	-1	0	0	0	0	0
6455928	20281712	-1	1832960	723	0	0	723
6464929	-1	-1	0	0	0	0	0
6474930	19762624	-1	1748992	708	0	0	708
6484929	-1	-1	0	0	0	0	0
6494930	16951520	-1	1406976	664	0	0	664
6503929	-1	-1	0	0	0	0	0
6513929	16221360	-1	1940480	957	0	0	957
6522931	-1	-1	0	0	0	0	0
6532929	14594256	-1	1244160	682	0	0	723
6541929	-1	-1	0	0	0	0	0
6550928	15960744	-1	1197056	600	0	0	631
6560928	-1	-1	0	0	0	0	0
6569929	13109360	-1	1242112	758	0	0	-1
6578929	-1	-1	0	0	0	0	-1
6587929	8623160	-1	839680	779	0	0	-1
6597930	-1	-1	0	0	0	0	-1
6607929	17379288	-1	1394688	642	0	0	-1
6616929	-1	-1	0	0	0	0	-1
6625930	9685632	-1	1726464	1426	0	0	-1
6633932	-1	-1	0	0	0	0	-1
6642930	-1	-1	0	0	0	0	-1
6651848	30788096	-1	3009536	782	0	0	4084
6659857	-1	-1	0	0	0	0	0
6665844	-1	-1	0	0	0	0	0
6672885	9414296	-1	741376	630	0	0	682
6677844	-1	-1	119808	24	0	0	24
6684846	-1	-1	0	0	0	0	0
6692844	15590808	-1	1227776	630	0	0	630
6700847	-1	-1	0	0	0	0	0
6706845	16707368	-1	1269760	608	0	0	622
6712846	-1	-1	0	0	0	0	0
6719847	-1	-1	0	0	0	0	0
6727846	20674632	-1	2447360	947	0	0	947
6730844	-1	-1	0	0	0	0	0
6738845	-1	-1	0	0	0	0	0
6746845	-1	-1	0	0	0	0	0
6755846	21457856	-1	2797568	1043	0	0	1120
6759845	-1	-1	0	0	0	0	0
6768849	-1	-1	0	0	0	0	0
6777847	-1	-1	0	0	0	0	0
6781845	-1	-1	0	0	0	0	0
6789847	2845384	-1	1896448	5332	0	0	5381
6795846	3347976	-1	520192	1243	0	0	1243
6804846	15921112	-1	1514496	761	0	0	761
6813847	-1	-1	0	0	0	0	0
6823847	2278480	-1	1374208	4825	0	0	4825
6832848	-1	-1	0	0	0	0	0
6843848	-1	-1	0	0	0	0	0
6852845	4705792	-1	2485248	4225	0	0	4225
6861845	-1	-1	0	0	0	0	0
6868853	1391752	-1	888808	5109	0	0	5147
6875849	2198392	-1	1017856	3704	0	0	3704
6885846	3257312	-1	1129472	2774	0	0	2774
6894846	-1	-1	0	0	0	0	0
6903848	5122120	-1	927744	1449	0	0	1449
6912845	-1	-1	0	0	0	0	0
6921844	-1	-1	0	0	0	0	0
6929847	21238520	-1	2222080	837	0	0	913
6931848	-1	-1	0	0	0	0	0
6935848	-1	-1	0	0	0	0	0
6944847	6266304	-1	1232896	1574	0	0	1574
6951846	-1	-1	0	0	0	0	0
6958844	-1	-1	0	0	0	0	0
6967845	-1	-1	0	0	0	0	0
6974845	18992976	-1	2184192	920	0	0	920
6982845	-1	-1	0	0	0	0	0
6989845	20202736	-1	1641472	650	0	0	650
6999846	-1	-1	0	0	0	0	0
7008845	16801672	-1	1812480	863	0	0	863
7016846	-1	-1	0	0	0	0	0
7025848	7728792	-1	1520640	1574	0	0	1574
7033846	-1	-1	0	0	0	0	0
7039846	-1	-1	0	0	0	0	0
7046847	-1	-1	0	0	0	0	0
7053849	3457120	-1	2230272	5161	0	0	5161
7061845	6867816	-1	626688	730	0	0	730
7071845	-1	-1	40960	3760	0	0	5810
7078852	591568	-1	666624	9015	0	0	9015
7086845	2549024	-1	2304000	7231	0	0	7231
7096846	-1	-1	0	0	0	0	0
7104845	15404192	-1	1561600	811	0	0	811
7114844	-1	-1	0	0	0	0	0
7123845	-1	-1	0	0	0	0	0
7126846	-1	-1	0	0	0	0	0
7134848	9494040	-1	1971200	1661	0	0	1661
7142846	-1	-1	0	0	0	0	0
7152847	11568432	-1	856064	592	0	0	683
7162846	-1	-1	0	0	0	0	0
7168845	17462440	-1	1724416	790	0	0	914
7177844	-1	-1	0	0	0	0	0
7187845	-1	-1	0	0	0	0	0
7194847	-1	-1	0	0	0	0	0
7203846	8604544	-1	448512	417	0	0	-1
7213847	-1	-1	0	0	0	0	-1
7220845	12441984	-1	2482176	1596	0	0	-1
7227845	-1	-1	0	0	0	0	-1
7236849	11180848	-1	1256448	899	0	0	-1
7245844	-1	-1	0	0	0	0	-1
7254845	-1	-1	0	0	0	0	-1
7261362	17641752	-1	2714624	1231	0	0	20795
7269364	-1	-1	0	0	0	0	0
7275364	7930984	-1	808960	816	0	0	816
7283364	-1	-1	0	0	0	0	0
7293364	16050992	-1	2221056	1107	0	0	1107
7301364	-1	-1	0	0	0	0	0
7309366	13197504	-1	1047552	635	0	0	635
7316363	-1	-1	0	0	0	0	0
7324364	13589152	-1	2240512	1319	0	0	1319
7334363	-1	-1	0	0	0	0	0
7342363	-1	-1	0	0	0	0	0
7350371	16431664	-1	2470912	1203	0	0	1268
7353364	-1	-1	0	0	0	0	0
7362363	-1	-1	0	0	0	0	0
7372363	-1	-1	0	0	0	0	0
7377363	3506040	-1	319488	729	0	0	769
7382362	6410104	-1	1948672	2432	0	0	2432
7389370	12726072	-1	594944	374	0	0	526
7394383	17545552	-1	881664	402	0	0	402
7403370	-1	-1	0	0	0	0	0
7412364	13545648	-1	1803264	1065	0	0	1065
7419364	-1	-1	0	0	0	0	0
7429363	-1	-1	0	0	0	0	0
7435364	-1	-1	0	0	0	0	0
7444364	14120504	-1	2197504	1245	0	0	1245
7452363	-1	-1	0	0	0	0	0
7461362	11873216	-1	896428	604	0	0	626
7471363	-1	-1	0	0	0	0	0
7479363	14672784	-1	1650688	900	0	0	924
7488362	-1	-1	0	0	0	0	0
7498364	21020984	-1	2088960	795	0	0	795
7506363	-1	-1	0	0	0	0	0
7512365	14480080	-1	1440768	796	0	0	847
7520362	-1	-1	0	0	0	0	0
7528365	-1	-1	0	0	0	0	0
7537364	24816944	-1	3902464	1258	0	0	1289
7539363	-1	-1	0	0	0	0	0
7548362	-1	-1	0	0	0	0	0
7556363	-1	-1	0	0	0	0	0
7559364	-1	-1	0	0	0	0	0
7568365	19943008	-1	3574784	1434	0	0	1445
7576363	-1	-1	0	0	0	0	0
7585363	15746440	-1	1340416	681	0	0	681
7589362	-1	-1	0	0	0	0	0
7598362	10154072	-1	726016	572	0	0	572
7603362	-1	-1	0	0	0	0	0
7612362	15330920	-1	1282048	669	0	0	719
7621363	-1	-1	0	0	0	0	0
7631364	13459824	-1	1282048	762	0	0	762
7639363	-1	-1	0	0	0	0	0
7647364	-1	-1	0	0	0	0	0
7653363	-1	-1	0	0	0	0	0
7661365	17770832	-1	1692672	762	0	0	799
7667364	-1	-1	0	0	0	0	0
7675364	9605784	-1	1488896	1240	0	0	1240
7685363	-1	-1	0	0	0	0	0
7695363	17089776	-1	1388544	650	0	0	650
7704363	-1	-1	0	0	0	0	0
7712366	18607944	-1	1353728	582	0	0	650
7721363	-1	-1	0	0	0	0	0
7731362	20308592	-1	1759232	693	0	0	693
7737363	-1	-1	0	0	0	0	0
7747365	16165720	-1	1289216	638	0	0	638
7755363	-1	-1	0	0	0	0	0
7764362	14659368	-1	1288192	703	0	0	703
7772362	-1	-1	0	0	0	0	0
7780363	-1	-1	0	0	0	0	0
7786363	-1	-1	0	0	0	0	0
7794363	15608240	-1	2060288	1056	0	0	-1
7803362	-1	-1	0	0	0	0	-1
7813363	7876920	-1	870400	884	0	0	-1
7823363	-1	-1	0	0	0	0	-1
7829366	18778416	-1	1734656	739	0	0	-1
7839363	-1	-1	0	0	0	0	-1
7848363	11750672	-1	683008	465	0	0	-1
7856363	-1	-1	0	0	0	0	-1
7864363	-1	-1	0	0	0	0	-1
7885638	16733880	-1	2840576	1358	0	0	4557
7894633	-1	-1	0	0	0	0	0
7898632	-1	-1	0	0	0	0	0
7907633	-1	-1	0	0	0	0	0
7916633	22028096	-1	2797568	1016	0	0	1016
7919633	-1	-1	0	0	0	0	0
7928633	21404904	-1	3483648	1302	0	0	1302
7934632	-1	-1	0	0	0	0	0
7943632	19986160	-1	1761280	705	0	0	705
7952634	-1	-1	0	0	0	0	0
7962633	-1	-1	0	0	0	0	0
7971633	-1	-1	0	0	0	0	0
7978632	20812656	-1	3171328	1219	0	0	1259
7985632	-1	-1	0	0	0	0	0
7992633	-1	-1	0	0	0	0	0
8001635	-1	-1	0	0	0	0	0
8011640	19877144	-1	2954240	1189	0	0	1189
8020632	-1	-1	0	0	0	0	0
8028632	23000224	-1	2331648	811	0	0	811
8037631	-1	-1	0	0	0	0	0
8040631	-1	-1	0	0	0	0	0
8049636	-1	-1	0	0	0	0	0
8058633	14379344	-1	2717696	1512	0	0	1512
8066632	-1	-1	0	0	0	0	0
8072633	19234280	-1	1921024	799	0	0	799
8082632	-1	-1	0	0	0	0	0
8090632	22193600	-1	2280392	822	0	0	822
8099633	-1	-1	0	0	0	0	0
8109633	16695832	-1	2028544	972	0	0	1048
8116632	-1	-1	0	0	0	0	0
8125633	19950744	-1	1775616	712	0	0	712
8135633	-1	-1	0	0	0	0	0
8143632	18645968	-1	1561600	670	0	0	670
8150632	-1	-1	0	0	0	0	0
8159633	17988224	-1	1940480	863	0	0	863
8165631	-1	-1	0	0	0	0	0
8170632	-1	-1	0	0	0	0	0
8177632	-1	-1	0	0	0	0	0
8186632	6465776	-1	3060736	3787	0	0	3787
8194635	-1	-1	0	0	0	0	0
8202632	14904232	-1	1289216	692	0	0	716
8211632	-1	-1	0	0	0	0	0
8219635	20167672	-1	2314240	918	0	0	918
8229638	-1	-1	0	0	0	0	0
8237632	-1	-1	0	0	0	0	0
8243633	-1	-1	0	0	0	0	0
8252633	25613608	-1	3614720	1129	0	0	1129
8258632	2766128	-1	133120	385	0	0	385
8267633	-1	-1	0	0	0	0	0
8272632	-1	-1	0	0	0	0	0
8281634	15336456	-1	1334272	696	0	0	696
8288632	15696640	-1	1426432	727	0	0	727
8292633	-1	-1	0	0	0	0	0
8302632	-1	-1	0	0	0	0	0
8310632	-1	-1	0	0	0	0	0
8314632	-1	-1	0	0	0	0	0
8321632	23275568	-1	3244032	1115	0	0	1115
8329633	-1	-1	0	0	0	0	0
8338632	-1	-1	0	0	0	0	0
8347634	-1	-1	0	0	0	0	0
8354633	17300072	-1	1682432	778	0	0	934
8363633	-1	-1	0	0	0	0	0
8372633	16059952	-1	1268736	632	0	0	632
8376632	-1	-1	0	0	0	0	0
8385633	-1	-1	0	0	0	0	0
8392633	14395384	-1	2171904	1207	0	0	1280
8396650	19294312	-1	366592	152	0	0	152
8406632	11206136	-1	1065984	761	0	0	761
8408632	-1	-1	0	0	0	0	0
8417631	-1	-1	0	0	0	0	0
8426632	-1	-1	0	0	0	0	0
8433632	-1	-1	0	0	0	0	989
8437634	-1	-1	0	0	0	0	4001
8447632	457848	-1	343040	5994	0	0	-1
8457632	17103568	-1	2531328	1184	0	0	-1
8466633	-1	-1	0	0	0	0	-1
8475632	-1	-1	0	0	0	0	-1
8484633	18036088	-1	1889280	838	0	0	-1
8488631	-1	-1	0	0	0	0	-1
8494369	16539024	-1	2075648	1004	0	0	18054
8502369	-1	-1	0	0	0	0	0
8508370	-1	-1	0	0	0	0	0
8518370	-1	-1	0	0	0	0	0
8527369	20753768	-1	2018304	778	0	0	842
8530370	-1	-1	0	0	0	0	0
8539372	16459056	-1	1571840	764	0	0	764
8548370	-1	-1	0	0	0	0	0
8557369	18833368	-1	1873920	796	0	0	796
8565369	-1	-1	0	0	0	0	0
8573369	-1	-1	0	0	0	0	0
8579370	-1	-1	0	0	0	0	0
8587369	22458232	-1	2801664	998	0	0	1052
8597368	-1	-1	0	0	0	0	0
8605369	15440168	-1	1306624	677	0	0	744
8613370	-1	-1	0	0	0	0	0
8622369	24385952	-1	2496512	819	0	0	819
8630369	-1	-1	0	0	0	0	0
8639390	21776576	-1	2270208	834	0	0	834
8647371	-1	-1	0	0	0	0	0
8656369	22225744	-1	2014208	725	0	0	725
8664370	-1	-1	0	0	0	0	0
8672368	26904920	-1	3040256	904	0	0	904
8680369	-1	-1	0	0	0	0	0
8689374	18793952	-1	2100224	894	0	0	894
8698371	-1	-1	0	0	0	0	0
8708370	9761008	-1	1863132	1527	0	0	1527
8717369	-1	-1	0	0	0	0	0
8723369	15352024	-1	1477632	770	0	0	770
8733371	-1	-1	0	0	0	0	0
8741369	-1	-1	0	0	0	0	0
8745369	-1	-1	0	0	0	0	0
8753370	24320496	-1	3119104	1026	0	0	1026
8761368	-1	-1	0	0	0	0	0
8781370	-1	-1	0	0	0	0	0
8783376	-1	-1	0	0	0	0	0
8792368	21396816	-1	3321856	1242	0	0	1242
8799369	-1	-1	0	0	0	0	0
8809370	13947848	-1	1665024	955	0	0	955
8814368	-1	-1	0	0	0	0	0
8824369	10184040	-1	1397760	1098	0	0	1098
8833368	-1	-1	0	0	0	0	0
8842369	16334728	-1	1357824	665	0	0	665
8847369	-1	-1	0	0	0	0	0
8855368	18316368	-1	1824768	797	0	0	797
8865370	-1	-1	0	0	0	0	0
8874376	-1	-1	0	0	0	0	0
8879370	-1	-1	0	0	0	0	0
8886368	24080456	-1	3184640	1058	0	0	1099
8892368	-1	-1	0	0	0	0	0
8901368	13466168	-1	1375232	817	0	0	817
8908372	-1	-1	0	0	0	0	0
8917369	18247368	-1	1644544	721	0	0	721
8927368	-1	-1	0	0	0	0	0
8936369	17511592	-1	1319936	603	0	0	603
8944368	-1	-1	0	0	0	0	0
8952371	-1	-1	0	0	0	0	0
8958368	-1	-1	0	0	0	0	0
8966368	11901584	-1	1576960	1060	0	0	1060
8972369	-1	-1	0	0	0	0	0
8979368	13092568	-1	1832960	1120	0	0	1120
8985368	-1	-1	0	0	0	0	0
8993372	13668992	-1	1489920	872	0	0	872
9002375	-1	-1	0	0	0	0	0
9010368	-1	-1	0	0	0	0	0
9017369	-1	-1	0	0	0	0	0
9023369	12285600	-1	2618368	1705	0	0	1705
9029369	-1	-1	0	0	0	0	0
9038371	11627864	-1	748544	515	0	0	-1
9047369	-1	-1	0	0	0	0	-1
9056369	13103512	-1	1456128	889	0	0	-1
9064369	-1	-1	0	0	0	0	-1
9073369	17276464	-1	1328128	615	0	0	-1
9075368	-1	-1	0	0	0	0	-1
9083371	13820728	-1	1352704	783	0	0	-1
9093368	-1	-1	0	0	0	0	-1
9100368	-1	-1	0	0	0	0	-1
9107369	-1	-1	0	0	0	0	-1
9113521	27058648	-1	3761152	1112	0	0	3415
9121523	-1	-1	0	0	0	0	0
9129521	-1	-1	0	0	0	0	0
9138522	17077880	-1	2469888	1157	0	0	1181
9147521	-1	-1	0	0	0	0	0
9156522	18602408	-1	1537024	661	0	0	661
9165523	-1	-1	0	0	0	0	0
9174524	15452360	-1	1477632	765	0	0	765
9183522	-1	-1	0	0	0	0	0
9191521	16873072	-1	1837056	871	0	0	871
9201521	-1	-1	0	0	0	0	0
9210523	14822472	-1	1895424	1023	0	0	1023
9220521	-1	-1	0	0	0	0	153
9225521	16101520	-1	1692672	841	0	0	841
9235521	-1	-1	0	0	0	0	0
9244522	-1	-1	0	0	0	0	0
9252523	13387536	-1	2200576	1315	0	0	1456
9256521	-1	-1	0	0	0	0	0
9263522	-1	-1	0	0	0	0	0
9273522	22119184	-1	2894848	1047	0	0	1047
9281521	-1	-1	0	0	0	0	0
9290522	18174232	-1	1642496	723	0	0	723
9299521	-1	-1	0	0	0	0	0
9309521	16914000	-1	1503232	711	0	0	711
9315521	-1	-1	0	0	0	0	0
9325522	-1	-1	0	0	0	0	0
9329521	-1	-1	0	0	0	0	0
9338525	16242576	-1	3106392	1530	0	0	1608
9347521	-1	-1	0	0	0	0	0
9355521	19342224	-1	1566720	648	0	0	648
9364523	-1	-1	0	0	0	0	0
9373521	15638144	-1	1288192	659	0	0	659
9381521	-1	-1	0	0	0	0	0
9389533	18934872	-1	1725440	729	0	0	766
9393521	-1	-1	0	0	0	0	0
9402520	14064664	-1	968704	551	0	0	652
9411521	-1	-1	0	0	0	0	0
9418533	17350680	-1	1433600	661	0	0	661
9427522	-1	-1	0	0	0	0	0
9435527	-1	-1	0	0	0	0	0
9443521	-1	-1	0	0	0	0	0
9450522	24058608	-1	2285568	760	0	0	808
9458521	-1	-1	0	0	0	0	0
9467524	-1	-1	0	0	0	0	0
9474543	13901984	-1	1049600	604	0	0	654
9479523	35893384	-1	1893376	422	0	0	422
9485521	-1	-1	0	0	0	0	0
9494522	19352112	-1	1502208	621	0	0	766
9504521	-1	-1	0	0	0	0	0
9513526	20142416	-1	1832960	728	0	0	728
9520521	-1	-1	0	0	0	0	0
9530521	21848872	-1	2108416	772	0	0	772
9540521	-1	-1	0	0	0	0	0
9548522	16136880	-1	1337344	663	0	0	663
9557525	-1	-1	0	0	0	0	0
9567521	23521240	-1	2740224	932	0	0	932
9577521	-1	-1	0	0	0	0	0
9586520	-1	-1	0	0	0	0	0
9595520	-1	-1	0	0	0	0	0
9604523	17774248	-1	2435072	1096	0	0	1151
9612522	-1	-1	0	0	0	0	0
9620521	16025936	-1	1512448	755	0	0	755
9627521	-1	-1	0	0	0	0	0
9635522	9983472	-1	1215488	974	0	0	1044
9645523	-1	-1	0	0	0	0	0
9655521	8096184	-1	346112	342	0	0	-1
9663521	-1	-1	0	0	0	0	-1
9672520	12319696	-1	1790976	1163	0	0	-1
9679521	-1	-1	0	0	0	0	-1
9686525	21941024	-1	2191360	799	0	0	-1
9696522	-1	-1	0	0	0	0	-1
9702521	17664832	-1	1355776	614	0	0	-1
9711523	-1	-1	0	0	0	0	-1
9716523	-1	-1	0	0	0	0	-1
9723166	24329552	-1	2527232	831	0	0	22565
9729158	-1	-1	0	0	0	0	0
9737157	-1	-1	0	0	0	0	0
9744157	-1	-1	0	0	0	0	0
9753159	-1	-1	0	0	0	0	0
9761156	25450424	-1	2831360	890	0	0	979
9771155	-1	-1	0	0	0	0	0
9780157	-1	-1	0	0	0	0	0
9788156	4332960	-1	196608	363	0	0	385
9793155	39022104	-1	2268160	465	0	0	624
9802155	-1	-1	0	0	0	0	0
9811155	19681808	-1	1918976	780	0	0	780
9820158	-1	-1	0	0	0	0	0
9829156	13160688	-1	957440	582	0	0	582
9838155	-1	-1	0	0	0	0	0
9844173	10999224	-1	882688	642	0	0	658
9851156	-1	-1	0	0	0	0	0
9858155	17209808	-1	2134016	992	0	0	992
9866156	-1	-1	0	0	0	0	0
9875158	19584984	-1	1904640	778	0	0	791
9884156	-1	-1	0	0	0	0	0
9893156	-1	-1	0	0	0	0	0
9894156	-1	-1	0	0	0	0	0
9903161	17788024	-1	1647616	741	0	0	741
9909160	-1	-1	0	0	0	0	0
9916156	-1	-1	0	0	0	0	0
9922156	-1	-1	0	0	0	0	0
9929155	22960344	-1	2023380	705	0	0	849
9937158	-1	-1	0	0	0	0	0
9943160	17246312	-1	1966080	912	0	0	1015
9953159	-1	-1	0	0	0	0	0
9963157	15171992	-1	1063936	561	0	0	610
9965156	-1	-1	0	0	0	0	0
9973155	17135680	-1	1377280	643	0	0	643
9982156	-1	-1	0	0	0	0	0
9991158	19700400	-1	1630208	662	0	0	662
9998157	17745424	-1	1548288	698	0	0	698
10003156	-1	-1	0	0	0	0	0
10010156	-1	-1	0	0	0	0	0
10018155	-1	-1	0	0	0	0	0
10022155	-1	-1	0	0	0	0	0
10030157	25092880	-1	2634752	840	0	0	840
10036158	-1	-1	0	0	0	0	0
10042157	-1	-1	0	0	0	0	0
10052155	-1	-1	0	0	0	0	0
10059155	26085928	-1	3202048	982	0	0	982
10067155	-1	-1	0	0	0	0	0
10075156	20087704	-1	1782784	710	0	0	710
10083157	-1	-1	0	0	0	0	0
10092156	20307640	-1	2051072	808	0	0	808
10100155	-1	-1	0	0	0	0	0
10110155	24153560	-1	2985984	989	0	0	989
10119155	-1	-1	0	0	0	0	0
10125159	14373512	-1	1471488	819	0	0	819
10133155	-1	-1	0	0	0	0	0
10141156	16644240	-1	1506304	724	0	0	724
10149155	-1	-1	0	0	0	0	0
10158155	16669768	-1	1254400	602	0	0	619
10167157	-1	-1	0	0	0	0	0
10172156	14122504	-1	914432	518	0	0	536
10180155	-1	-1	0	0	0	0	0
10190157	21767600	-1	2198528	808	0	0	808
10199156	-1	-1	0	0	0	0	0
10207158	17594048	-1	1488896	677	0	0	677
10215157	-1	-1	0	0	0	0	0
10222156	15265416	-1	1425408	747	0	0	747
10229156	-1	-1	0	0	0	0	0
10238155	-1	-1	0	0	0	0	0
10243156	-1	-1	0	0	0	0	0
10252155	1043568	-1	696320	5338	0	0	5358
10262160	3593376	-1	2134016	4751	0	0	-1
10271156	5162216	-1	1095680	1698	0	0	-1
10280155	-1	-1	0	0	0	0	-1
10288155	2572000	-1	1316864	4096	0	0	-1
10294156	-1	-1	0	0	0	0	-1
10304156	-1	-1	0	0	0	0	-1
10313156	-1	-1	0	0	0	0	-1
10321157	7611080	-1	2240512	2355	0	0	-1
10326155	-1	-1	0	0	0	0	-1
10336308	12875960	-1	4014080	2494	0	0	8968
10346306	-1	-1	0	0	0	0	0
10355307	-1	-1	0	0	0	0	0
10364306	730128	-1	442368	4847	0	0	4998
10373307	528016	-1	596992	9045	0	0	9045
10383308	4061240	-1	2991104	5892	0	0	5892
10393306	-1	-1	0	0	0	0	0
10402307	13081496	-1	2084864	1275	0	0	1275
10412306	-1	-1	0	0	0	0	0
10422305	3020312	-1	1989632	5270	0	0	5270
10431306	2598208	-1	174080	536	0	0	536
10441306	5736752	-1	2246656	3133	0	0	3133
10450305	-1	-1	0	0	0	0	0
10460306	462224	-1	303104	5246	0	0	5316
