12829	9216768	-1	4614144	4005	0	0	4005
18822	-1	-1	0	0	0	0	0
26815	10443728	-1	498688	382	0	0	478
34858	-1	-1	0	0	0	0	0
43816	11902736	-1	1202176	808	0	0	808
53823	-1	-1	0	0	0	0	0
62816	10992520	-1	590848	430	0	0	494
72827	-1	-1	0	0	0	0	0
80833	8000000	-1	1664000	1664	0	0	1664
87841	-1	-1	0	0	0	0	0
94815	15595144	-1	2894848	1485	0	0	1485
102845	-1	-1	0	0	0	0	0
110853	13041904	-1	2249728	1380	0	0	1397
120841	-1	-1	0	0	0	0	0
129831	14256464	-1	1468416	824	0	0	824
135846	-1	-1	0	0	0	0	0
145822	14716600	-1	2078720	1130	0	0	1130
154860	-1	-1	0	0	0	0	0
162855	12793696	-1	1396112	873	0	0	873
171815	-1	-1	0	0	0	0	0
180836	10139536	-1	1343488	1060	0	0	1060
186846	-1	-1	0	0	0	0	0
193822	8277528	-1	891904	862	0	0	862
201819	-1	-1	0	0	0	0	0
210857	13401552	-1	1762304	1052	0	0	1052
217836	-1	-1	0	0	0	0	0
225820	14088336	-1	1514496	860	0	0	860
234831	-1	-1	0	0	0	0	0
243846	12759792	-1	1218560	764	0	0	764
251835	-1	-1	0	0	0	0	0
261829	13712312	-1	1587200	926	0	0	926
263842	-1	-1	0	0	0	0	0
272835	13184504	-1	1257472	763	0	0	763
279845	-1	-1	0	0	0	0	0
286865	13854432	-1	1340416	774	0	0	774
295845	-1	-1	0	0	0	0	0
303841	13255736	-1	1206272	728	0	0	728
311814	-1	-1	0	0	0	0	0
320839	12206008	-1	1753088	1149	0	0	1149
328832	-1	-1	0	0	0	0	0
336841	-1	-1	0	0	0	0	0
341820	-1	-1	0	0	0	0	0
348831	9468744	-1	1860608	1572	0	0	1572
356839	-1	-1	0	0	0	0	0
361819	-1	-1	0	0	0	0	0
370826	12674080	-1	1462272	923	0	0	923
379817	14263312	-1	854016	479	0	0	479
387842	-1	-1	0	0	0	0	0
395837	12972704	-1	1086464	670	0	0	670
403835	10649600	-1	319488	240	0	0	241
408841	14822416	-1	2410496	1301	0	0	1301
414854	-1	-1	0	0	0	0	0
421829	15481120	-1	1439744	744	0	0	744
430822	-1	-1	0	0	0	0	0
437831	15983344	-1	4207616	2106	0	0	2106
446843	11576160	-1	507904	351	0	0	351
451835	12966536	-1	2680832	1654	0	0	1654
460839	-1	-1	0	0	0	0	0
466820	16092408	-1	5990400	2978	0	0	2978
474829	-1	-1	0	0	0	0	0
484837	12637032	-1	2521088	1596	0	0	1596
493825	-1	-1	0	0	0	0	0
502850	14516648	-1	1830912	1009	0	0	1093
511835	14745600	-1	1797120	975	0	0	975
515840	20772568	-1	363520	140	0	0	140
524830	-1	-1	0	0	0	0	0
531840	13305776	-1	1478604	889	0	0	965
540834	-1	-1	0	0	0	0	0
548843	9000296	-1	2451456	2179	0	0	2179
555837	-1	-1	0	0	0	0	0
562828	-1	-1	0	0	0	0	0
567840	-1	-1	0	0	0	0	0
577830	4906280	-1	2703360	4408	0	0	4408
586843	-1	-1	0	0	0	0	0
594848	-1	-1	0	0	0	0	0
600828	2132832	-1	180224	676	0	0	721
605820	4277576	-1	2074624	3880	0	0	3880
614848	-1	-1	0	0	0	0	0
624838	10843480	-1	1448960	1069	0	0	1069
634828	-1	-1	0	0	0	0	0
644837	7836104	-1	1240064	1266	0	0	1266
651847	-1	-1	0	0	0	0	0
657824	9964584	-1	1231872	989	0	0	989
665833	-1	-1	0	0	0	0	0
673823	10288296	-1	1472512	1145	0	0	1145
682851	-1	-1	0	0	0	0	0
691840	5215768	-1	1087488	1668	0	0	1668
699836	-1	-1	0	0	0	0	0
705829	12277192	-1	581632	379	0	0	379
714855	-1	-1	0	0	0	0	0
720830	8848584	-1	1186816	1073	0	0	1073
729819	-1	-1	0	0	0	0	0
737830	9514664	-1	2283520	1920	0	0	1920
747838	-1	-1	0	0	0	0	0
756832	10149480	-1	1837056	1448	0	0	1448
761827	-1	-1	0	0	0	0	0
769819	7446872	-1	1719296	1847	0	0	1847
777829	-1	-1	0	0	0	0	0
784839	10570320	-1	491520	372	0	0	372
793831	-1	-1	0	0	0	0	0
802855	10372792	-1	2079744	1604	0	0	1604
809828	-1	-1	0	0	0	0	0
817825	-1	-1	0	0	0	0	0
826817	4692616	-1	418816	714	0	0	714
836840	6609272	-1	850944	1030	0	0	1272
845833	-1	-1	0	0	0	0	0
851840	7694056	-1	490496	510	0	0	510
860834	11478840	-1	1873920	1306	0	0	1306
863834	-1	-1	0	0	0	0	0
872839	-1	-1	0	0	0	0	0
881832	11294464	-1	1233920	874	0	0	874
889825	-1	-1	0	0	0	0	0
896835	11150616	-1	1495576	1073	0	0	1073
901830	-1	-1	0	0	0	0	0
910815	8356072	-1	730112	699	0	0	699
919846	-1	-1	0	0	0	0	0
926856	11103616	-1	1612800	1162	0	0	1162
929820	-1	-1	0	0	0	0	0
938826	7301808	-1	663552	727	0	0	743
945822	-1	-1	0	0	0	0	0
954843	10049784	-1	2204672	1755	0	0	1755
963836	-1	-1	0	0	0	0	0
972858	7708360	-1	1321984	1372	0	0	1372
974826	-1	-1	0	0	0	0	0
983837	-1	-1	0	0	0	0	0
992840	7189576	-1	1321984	1471	0	0	1471
996840	-1	-1	0	0	0	0	0
1003848	9431896	-1	2001920	1698	0	0	1698
1011843	-1	-1	0	0	0	0	0
1015839	-1	-1	0	0	0	0	0
1023815	11642608	-1	3731456	2564	0	0	2564
1031839	-1	-1	0	0	0	0	0
1038815	6995512	-1	820224	938	0	0	938
1047840	17499144	-1	417792	191	0	0	191
1054850	11911120	-1	1472512	989	0	0	989
1061827	-1	-1	0	0	0	0	0
1068827	9858856	-1	1986560	1612	0	0	1612
1078814	-1	-1	0	0	0	0	0
1085824	8387048	-1	352256	336	0	0	348
1094850	12862968	-1	1294336	805	0	0	805
1101823	-1	-1	0	0	0	0	0
1109819	-1	-1	0	0	0	0	0
1118843	10127536	-1	2743296	2167	0	0	2167
1127818	-1	-1	0	0	0	0	0
1135845	10170920	-1	2563072	2016	0	0	2016
1144832	-1	-1	0	0	0	0	0
1153824	-1	-1	0	0	0	0	0
1163839	9122224	-1	622592	546	0	0	559
1168829	11698176	-1	2558976	1750	0	0	1750
1177821	-1	-1	0	0	0	0	0
1186846	9805760	-1	1630208	1330	0	0	1330
1192849	-1	-1	0	0	0	0	1
1196831	11063232	-1	1826816	1321	0	0	1321
1205825	-1	-1	0	0	0	0	0
1214817	10313224	-1	1189888	923	0	0	923
1224828	-1	-1	0	0	0	0	52
1229823	11757120	-1	1394688	949	0	0	949
1237833	-1	-1	0	0	0	0	88
1242846	10979160	-1	1193984	870	0	0	870
1251835	-1	-1	0	0	0	0	0
1260827	10426184	-1	1118208	858	0	0	858
1268833	-1	-1	0	0	0	0	0
1276842	11014672	-1	3482012	2529	0	0	2529
1283836	-1	-1	0	0	0	0	0
1290847	-1	-1	0	0	0	0	0
1299841	13244936	-1	1693696	1023	0	0	1023
1303837	-1	-1	0	0	0	0	0
1312828	14294488	-1	2115584	1184	0	0	1184
1318856	-1	-1	0	0	0	0	0
1324830	-1	-1	0	0	0	0	0
1330861	11994504	-1	2364416	1577	0	0	1590
1339847	-1	-1	0	0	0	0	0
1346846	12769880	-1	1031168	646	0	0	728
1355838	-1	-1	0	0	0	0	0
1360831	5662984	-1	690176	975	0	0	1034
1368828	8470056	-1	405504	383	0	0	383
1377819	13830136	-1	720896	417	0	0	422
1386856	13591272	-1	672768	396	0	0	396
1396830	13250280	-1	1346560	813	0	0	813
1403839	-1	-1	0	0	0	0	0
1411815	11594544	-1	1284096	886	0	0	886
1420827	-1	-1	0	0	0	0	0
1429819	12479184	-1	1102848	707	0	0	755
1436829	-1	-1	0	0	0	0	0
1445821	13009440	-1	2262016	1391	0	0	1391
1453830	-1	-1	0	0	0	0	0
1462821	-1	-1	0	0	0	0	0
1468831	12080368	-1	655360	434	0	0	435
1473828	13465232	-1	1417216	842	0	0	842
1483816	-1	-1	0	0	0	0	0
1489830	13125816	-1	1732608	1056	0	0	1056
1494854	-1	-1	0	0	0	0	0
1504832	13946880	-1	1394688	800	0	0	800
1512842	-1	-1	0	0	0	0	0
1521819	14314640	-1	1544192	863	0	0	863
1530824	-1	-1	0	0	0	0	0
1535850	11191960	-1	2227200	1592	0	0	1592
1544828	-1	-1	0	0	0	0	0
1553820	11555208	-1	2163712	1498	0	0	1498
1562845	-1	-1	0	0	0	0	0
1567836	12229408	-1	1175552	769	0	0	813
1576830	15192440	-1	208896	110	0	0	110
1585820	13717392	-1	2338816	1364	0	0	1364
1590849	-1	-1	0	0	0	0	0
1599842	-1	-1	0	0	0	0	0
1608831	3923072	-1	813056	1658	0	0	1658
1618843	4667168	-1	1807360	3098	0	0	3098
1625836	-1	-1	0	0	0	0	0
1634844	-1	-1	0	0	0	0	0
1641834	3602280	-1	546196	1213	0	0	1249
1649829	4202856	-1	1208320	2300	0	0	2300
1659837	-1	-1	0	0	0	0	0
1662851	-1	-1	0	0	0	0	0
1670826	9051008	-1	1327104	1173	0	0	1173
1674824	-1	-1	0	0	0	0	0
1683845	8515888	-1	1103872	1037	0	0	1037
1693820	12401424	-1	1007616	650	0	0	650
1700840	-1	-1	0	0	0	0	0
1708850	11962112	-1	958464	641	0	0	641
1717820	-1	-1	0	0	0	0	0
1726857	7005024	-1	1166336	1332	0	0	1332
1735845	13795952	-1	1353728	785	0	0	1071
1739842	7494200	-1	1605632	1714	0	0	1714
1749820	-1	-1	0	0	0	0	0
1755847	8232600	-1	1868800	1816	0	0	1816
1762857	-1	-1	0	0	0	0	0
1769834	12909216	-1	1308672	811	0	0	811
1776828	-1	-1	0	0	0	0	0
1785819	-1	-1	0	0	0	0	0
1792829	-1	-1	0	0	0	0	0
1798854	10131064	-1	1904640	1504	0	0	1504
1806829	-1	-1	0	0	0	0	0
1813824	4220792	-1	1177600	2232	0	0	2232
1817822	-1	-1	0	0	0	0	0
1827847	12219592	-1	2926592	1916	0	0	1916
1834823	-1	-1	0	0	0	0	0
1844828	-1	-1	0	0	0	0	0
1853820	3223240	-1	1404928	3487	0	0	3487
1859850	8692072	-1	2331648	2146	0	0	2146
1868843	-1	-1	0	0	0	0	0
1878851	8906328	-1	2808832	2523	0	0	2523
1883843	-1	-1	0	0	0	0	0
1892836	14585336	-1	2590720	1421	0	0	1421
1901824	-1	-1	0	0	0	0	0
1910849	-1	-1	0	0	0	0	0
1915814	-1	-1	0	0	0	0	0
1921821	10982592	-1	2877440	2096	0	0	2096
1928835	-1	-1	0	0	0	0	0
1937827	-1	-1	0	0	0	0	0
1940838	-1	-1	0	0	0	0	0
1948834	9052544	-1	1928192	1704	0	0	1704
1957824	-1	-1	0	0	0	0	0
1967815	-1	-1	0	0	0	0	0
1971845	-1	-1	0	0	0	0	0
2045756	622128	-1	622592	8006	0	0	20476
2053769	8733008	-1	2909184	2665	0	0	2665
2062760	-1	-1	0	0	0	0	0
2070748	10857264	-1	1359872	1002	0	0	1002
2077760	-1	-1	0	0	0	0	0
2083741	-1	-1	0	0	0	0	0
2089752	-1	-1	0	0	0	0	0
2097762	10286120	-1	3254272	2531	0	0	2531
2106752	-1	-1	0	0	0	0	0
2115745	12048000	-1	1542144	1024	0	0	1024
2124753	-1	-1	0	0	0	0	0
2133758	11185552	-1	2774016	1984	0	0	1984
2142753	-1	-1	0	0	0	0	0
2148777	11514312	-1	1295360	900	0	0	900
2154754	-1	-1	0	0	0	0	0
2163750	13513488	-1	1880064	1113	0	0	1113
2170759	-1	-1	0	0	0	0	0
2179750	-1	-1	0	0	0	0	0
2184777	-1	-1	0	0	0	0	0
2193751	11446792	-1	2556928	1787	0	0	1842
2202759	-1	-1	0	0	0	0	0
2211753	8777536	-1	1627136	1483	0	0	1483
2218763	-1	-1	0	0	0	0	0
2227739	5656632	-1	1631232	2307	0	0	2307
2236745	-1	-1	0	0	0	0	0
2245752	9739568	-1	2371584	1948	0	0	1948
2254762	-1	-1	0	0	0	0	0
2263739	10453968	-1	2101248	1608	0	0	1608
2270765	-1	-1	0	0	0	0	0
2279741	13520008	-1	2803712	1659	0	0	1659
2288775	-1	-1	0	0	0	0	0
2295742	13204408	-1	2670592	1618	0	0	1618
2304764	-1	-1	0	0	0	0	0
2313755	13103072	-1	1950720	1191	0	0	1191
2318751	-1	-1	0	0	0	0	0
2326747	14397224	-1	2863248	1591	0	0	1591
2335755	-1	-1	0	0	0	0	0
2343750	5308224	-1	1999872	3014	0	0	3014
2352772	-1	-1	0	0	0	0	0
2360766	-1	-1	0	0	0	0	0
2368765	-1	-1	0	0	0	0	0
2374744	2204288	-1	1523712	5530	0	0	5530
2382758	7482056	-1	1942528	2077	0	0	2077
2386757	-1	-1	0	0	0	0	0
2393765	-1	-1	0	0	0	0	0
2403741	-1	-1	0	0	0	0	0
2406752	10568400	-1	1812480	1372	0	0	1542
2409769	-1	-1	0	0	0	0	0
2418758	-1	-1	0	0	0	0	0
2425767	10943240	-1	1270784	929	0	0	929
2433760	12536016	-1	854016	545	0	0	545
2436771	-1	-1	0	0	0	0	0
2445768	-1	-1	0	0	0	0	0
2453755	12888896	-1	1197056	743	0	0	743
2459752	-1	-1	0	0	0	0	0
2465764	11262184	-1	792576	563	0	0	563
2474757	-1	-1	0	0	0	0	0
2482748	12254480	-1	935936	611	0	0	611
2484765	-1	-1	0	0	0	0	0
2492739	11141120	-1	1253376	900	0	0	900
2502748	-1	-1	0	0	0	0	0
2510747	12322552	-1	1643520	1067	0	0	1067
2513768	-1	-1	0	0	0	0	0
2523745	9120032	-1	1106944	971	0	0	971
2530752	-1	-1	0	0	0	0	0
2537763	-1	-1	0	0	0	0	0
2541758	-1	-1	0	0	0	0	0
2547740	12137888	-1	2318336	1528	0	0	1528
2555749	-1	-1	0	0	0	0	0
2564741	-1	-1	0	0	0	0	0
2573755	13341256	-1	2042880	1225	0	0	1225
2577755	-1	-1	0	0	0	0	0
2586751	-1	-1	0	0	0	0	0
2591748	11844960	-1	2121728	1433	0	0	1433
2600763	-1	-1	0	0	0	0	0
2610747	13483512	-1	2032640	1206	0	0	1206
2615743	-1	-1	0	0	0	0	0
2623752	12277800	-1	1849344	1205	0	0	1205
2632743	-1	-1	0	0	0	0	0
2639739	-1	-1	0	0	0	0	0
2648745	-1	-1	0	0	0	0	0
2655739	10680824	-1	2381824	1784	0	0	1784
2664747	-1	-1	0	0	0	0	0
2672739	12124672	-1	1938432	1279	0	0	1279
2682748	-1	-1	0	0	0	0	0
2688742	10823304	-1	1078272	797	0	0	797
2698748	-1	-1	0	0	0	0	0
2707740	8549520	-1	842128	788	0	0	788
2713768	-1	-1	0	0	0	0	0
2722747	11972920	-1	1264640	845	0	0	845
2727755	-1	-1	0	0	0	0	0
2733767	10625392	-1	1708032	1286	0	0	1286
2742758	10017072	-1	1230848	983	0	0	983
2745737	-1	-1	0	0	0	0	0
2754746	-1	-1	0	0	0	0	0
2762747	-1	-1	0	0	0	0	0
2768766	-1	-1	8192	91	0	0	115
2773762	6713296	-1	1859584	2216	0	0	2216
2782752	-1	-1	0	0	0	0	0
2789762	13260864	-1	1360896	821	0	0	821
2794759	-1	-1	0	0	0	0	0
2803750	14088336	-1	1514496	860	0	0	860
2812774	-1	-1	0	0	0	0	0
2821766	14113296	-1	2482176	1407	0	0	1407
2830759	-1	-1	0	0	0	0	0
2839744	11861952	-1	1439744	971	0	0	971
2846755	-1	-1	0	0	0	0	0
2852737	14668736	-1	3713024	2025	0	0	2025
2861762	-1	-1	0	0	0	0	0
2866753	-1	-1	0	0	0	0	0
2874748	-1	-1	0	0	0	0	0
2880763	5114192	-1	3042304	4759	0	0	4759
2885756	-1	-1	0	0	0	0	0
2894749	-1	-1	0	0	0	0	0
2899744	-1	-1	0	0	0	0	0
2904739	13882712	-1	2603008	1500	0	0	1500
2910750	5998208	-1	442368	590	0	0	599
2915746	2851144	-1	1736704	4873	0	0	4873
2923754	6316296	-1	910336	1153	0	0	1153
2933762	14473096	-1	2621440	1449	0	0	1449
2942753	-1	-1	0	0	0	0	0
2951743	13149864	-1	3155968	1920	0	0	1920
2957770	-1	-1	0	0	0	0	0
2965765	-1	-1	0	0	0	0	0
2970761	-1	-1	0	0	0	0	0
2980764	15062808	-1	5125120	2722	0	0	2722
2988763	-1	-1	0	0	0	0	0
2996763	15100248	-1	5022720	2661	0	0	2661
3003747	-1	-1	0	0	0	0	0
3013755	14922856	-1	1913856	1026	0	0	1026
3021763	-1	-1	0	0	0	0	0
3030753	13922328	-1	1748992	1005	0	0	1005
3037755	-1	-1	0	0	0	0	0
3047755	14244384	-1	2467840	1386	0	0	1386
3056762	13609288	-1	843776	496	0	0	501
3061755	14846680	-1	2737356	1475	0	0	1475
3069765	-1	-1	0	0	0	0	0
3077758	6716624	-1	2354176	2804	0	0	2804
3087750	-1	-1	0	0	0	0	0
3095739	5741200	-1	2506752	3493	0	0	3493
3103739	9818984	-1	352256	287	0	0	288
3108765	15029288	-1	2896896	1542	0	0	1542
3115742	-1	-1	0	0	0	0	0
3125767	-1	-1	0	0	0	0	0
3134756	-1	-1	0	0	0	0	0
3142745	9201768	-1	2482176	2158	0	0	2200
3150755	-1	-1	0	0	0	0	0
3157758	10526680	-1	1306624	993	0	0	993
3164775	-1	-1	0	0	0	0	0
3173756	11346136	-1	1856512	1309	0	0	1309
3183742	-1	-1	0	0	0	0	0
3192737	-1	-1	0	0	0	0	0
3198747	-1	-1	0	0	0	0	0
3204776	9545344	-1	1495040	1253	0	0	1277
3210752	-1	-1	0	0	0	0	0
3216780	13124816	-1	1220608	744	0	0	744
3226754	-1	-1	0	0	0	0	0
3235740	11668256	-1	838656	575	0	0	575
3243743	-1	-1	0	0	0	0	0
3248763	7114592	-1	1568768	1764	0	0	1764
3257756	-1	-1	0	0	0	0	0
3265768	9261888	-1	904192	781	0	0	781
3270747	-1	-1	0	0	0	0	0
3279739	12759960	-1	2671616	1675	0	0	1675
3289756	-1	-1	0	0	0	0	0
3298750	5695792	-1	1102848	1549	0	0	1549
3303749	-1	-1	0	0	0	0	0
3310747	8854024	-1	1903616	1720	0	0	1720
3319746	-1	-1	0	0	0	0	0
3328741	-1	-1	0	0	0	0	0
3337764	9035056	-1	2249728	1992	0	0	1992
3339744	-1	-1	0	0	0	0	0
3349770	-1	-1	0	0	0	0	0
3359739	-1	-1	0	0	0	0	0
3365758	-1	-1	0	0	0	0	0
3371752	10564112	-1	2302976	1744	0	0	1744
3378748	-1	-1	0	0	0	0	0
3387754	-1	-1	0	0	0	0	0
3395747	-1	-1	0	0	0	0	348
3400738	4182656	-1	2397184	4585	0	0	4585
3406748	-1	-1	0	0	0	0	0
3414757	-1	-1	0	0	0	0	0
3423750	14246672	-1	2717552	1526	0	0	1526
3426750	-1	-1	0	0	0	0	0
3435755	-1	-1	0	0	0	0	0
3443748	-1	-1	0	0	0	0	0
3451746	6993672	-1	693248	793	0	0	867
3456738	15406808	-1	1727488	897	0	0	897
3462747	-1	-1	0	0	0	0	0
3472771	15092048	-1	2141184	1135	0	0	1135
3480746	-1	-1	0	0	0	0	0
3488776	-1	-1	0	0	0	0	0
3491741	-1	-1	0	0	0	0	0
3500766	4738200	-1	2308096	3897	0	0	3897
3510755	-1	-1	0	0	0	0	0
3517763	15580168	-1	1349632	693	0	0	693
3526757	-1	-1	0	0	0	0	0
3532764	-1	-1	0	0	0	0	0
3541759	12879552	-1	2352128	1461	0	0	1522
3544737	-1	-1	0	0	0	0	0
3554747	-1	-1	0	0	0	0	0
3563739	15529896	-1	2141184	1103	0	0	1103
3572764	-1	-1	0	0	0	0	0
3581756	-1	-1	0	0	0	0	0
3586747	-1	-1	0	0	0	0	0
3595742	14115544	-1	2262016	1282	0	0	1282
3603751	-1	-1	0	0	0	0	0
3606748	-1	-1	0	0	0	0	0
3615753	-1	-1	0	0	0	0	0
3621756	13381584	-1	3126272	1869	0	0	1869
3630756	-1	-1	0	0	0	0	0
3639750	-1	-1	0	0	0	0	0
3647739	-1	-1	0	0	0	0	0
3655752	15775488	-1	2468864	1252	0	0	1313
3664777	-1	-1	0	0	0	0	0
3671752	14431608	-1	1468416	814	0	0	814
3676744	-1	-1	0	0	0	0	0
3686756	-1	-1	0	0	0	0	0
3689738	-1	-1	0	0	0	0	0
3697763	13901576	-1	1376256	792	0	0	969
3707740	15528856	-1	2566144	1322	0	0	1322
3710751	-1	-1	0	0	0	0	0
3718762	-1	-1	0	0	0	0	0
3726754	-1	-1	0	0	0	0	0
3733763	-1	-1	0	0	0	0	0
3742747	6919040	-1	2326528	2690	0	0	2690
3750759	-1	-1	0	0	0	0	0
3758753	5450512	-1	1891328	2776	0	0	2776
3764765	-1	-1	0	0	0	0	0
3768746	-1	-1	0	0	0	0	0
3777765	-1	-1	0	0	0	0	0
3784766	13508880	-1	2968576	1758	0	0	1758
3793759	-1	-1	0	0	0	0	0
3800764	13637256	-1	3291692	1931	0	0	1931
3809758	-1	-1	0	0	0	0	0
3818751	7782192	-1	1925120	1979	0	0	1979
3827752	-1	-1	0	0	0	0	0
3836766	11430448	-1	1098752	769	0	0	769
3843743	-1	-1	0	0	0	0	0
3851751	13625096	-1	1153024	677	0	0	677
3854749	-1	-1	0	0	0	0	0
3862758	10727088	-1	992256	740	0	0	740
3865756	-1	-1	0	0	0	0	0
3874748	7170504	-1	1099776	1227	0	0	1227
3881757	-1	-1	0	0	0	0	0
3887752	9302200	-1	1947648	1675	0	0	1675
3896763	-1	-1	0	0	0	0	0
3902752	12783616	-1	2046976	1281	0	0	1281
3908763	-1	-1	0	0	0	0	0
3917758	13289000	-1	2514944	1514	0	0	1514
3922747	-1	-1	0	0	0	0	0
3929764	-1	-1	0	0	0	0	0
3934759	-1	-1	0	0	0	0	0
3941752	12628224	-1	4865024	3082	0	0	3082
3945764	-1	-1	0	0	0	0	0
3954757	13733056	-1	4174848	2432	0	0	2432
3964764	-1	-1	0	0	0	0	0
3969758	-1	-1	0	0	0	0	0
3975754	-1	-1	0	0	0	0	0
3984763	10897136	-1	5391360	3958	0	0	3958
3992741	-1	-1	0	0	0	0	0
4001759	12100072	-1	3230720	2136	0	0	2136
4010753	-1	-1	0	0	0	0	0
4017759	11756992	-1	2414592	1643	0	0	1643
4026755	-1	-1	0	0	0	0	0
4035743	-1	-1	0	0	0	0	0
4038758	-1	-1	0	0	0	0	0
4046751	10585040	-1	2803712	2119	0	0	2119
4055745	-1	-1	0	0	0	0	0
4062755	-1	-1	0	0	0	0	0
4070748	-1	-1	0	0	0	0	0
4077758	14257232	-1	5004288	2808	0	0	2808
4084768	-1	-1	0	0	0	0	0
4092746	-1	-1	0	0	0	0	0
4100769	-1	-1	0	0	0	0	0
4110761	14558824	-1	8045568	4421	0	0	4421
4119752	-1	-1	0	0	0	0	0
4128774	14373560	-1	2057216	1145	0	0	1145
4137766	-1	-1	0	0	0	0	0
4144743	8381480	-1	1358848	1297	0	0	1356
4151739	-1	-1	0	0	0	0	0
4161763	9670736	-1	1304340	1079	0	0	1079
4170755	-1	-1	0	0	0	0	0
4179739	11579848	-1	2520064	1741	0	0	1741
4187739	13566720	-1	1015808	599	0	0	600
4192750	14545976	-1	1223680	673	0	0	673
4201770	-1	-1	0	0	0	0	0
4210749	-1	-1	0	0	0	0	0
4219741	13128448	-1	2151424	1311	0	0	1311
4222755	-1	-1	0	0	0	0	0
4231744	-1	-1	0	0	0	0	0
4238754	14314056	-1	2003968	1120	0	0	1120
4245767	-1	-1	0	0	0	0	0
4254758	14084088	-1	1874944	1065	0	0	1078
4264763	-1	-1	0	0	0	0	0
4273755	14933968	-1	2256896	1209	0	0	1209
4282751	-1	-1	0	0	0	0	0
4292739	14218296	-1	1391616	783	0	0	783
4298750	-1	-1	0	0	0	0	0
4306759	-1	-1	0	0	0	0	0
4314752	5114888	-1	897024	1403	0	0	1460
4318750	12512976	-1	1794048	1147	0	0	1147
4326758	-1	-1	0	0	0	0	0
4335749	14729344	-1	2597888	1411	0	0	1411
4344741	-1	-1	0	0	0	0	0
4351751	-1	-1	0	0	0	0	0
4355743	-1	-1	0	0	0	0	0
4364773	13122224	-1	2504704	1527	0	0	1527
4373764	-1	-1	0	0	0	0	0
4383738	-1	-1	0	0	0	0	0
4391747	-1	-1	0	0	0	0	0
4399740	14062384	-1	2170880	1235	0	0	1241
4408765	-1	-1	0	0	0	0	0
4417756	12288000	-1	1047552	682	0	0	682
4425765	-1	-1	0	0	0	0	0
4432775	15608800	-1	3814400	1955	0	0	1955
4441751	-1	-1	0	0	0	0	0
4450759	12353016	-1	1264640	819	0	0	819
4459751	-1	-1	0	0	0	0	0
4466758	13185320	-1	1278976	776	0	0	776
4474751	-1	-1	0	0	0	0	0
4480764	12380392	-1	1029120	665	0	0	665
4487741	-1	-1	0	0	0	0	0
4494746	-1	-1	0	0	0	0	0
4585000	10573480	-1	4310016	3261	0	0	5909
4592007	-1	-1	0	0	0	0	0
4598984	-1	-1	0	0	0	0	0
4605980	-1	-1	0	0	0	0	0
4612008	-1	-1	0	0	0	0	0
4621982	12258056	-1	1886208	1231	0	0	1241
4624996	-1	-1	0	0	0	0	0
4633988	12099416	-1	1642496	1086	0	0	1086
4640998	-1	-1	0	0	0	0	0
4650972	-1	-1	0	0	0	0	0
4658979	12014936	-1	720896	480	0	0	493
4663995	15568544	-1	2130944	1095	0	0	1115
4673983	-1	-1	0	0	0	0	0
4682972	11532008	-1	1905664	1322	0	0	1322
4691995	-1	-1	0	0	0	0	0
4699995	12967800	-1	1543168	952	0	0	952
4709002	-1	-1	0	0	0	0	0
4717994	13828968	-1	1424384	824	0	0	824
4726985	-1	-1	0	0	0	0	0
4736010	10742688	-1	1772544	1320	0	0	1320
4742971	-1	-1	0	0	0	0	0
4748997	12353264	-1	2422784	1569	0	0	1569
4757988	-1	-1	0	0	0	0	0
4768005	-1	-1	0	0	0	0	0
4773987	-1	-1	0	0	0	0	0
4779998	12852728	-1	2854912	1777	0	0	1777
4787995	-1	-1	0	0	0	0	0
4793989	13264528	-1	1502208	906	0	0	906
4801981	-1	-1	0	0	0	0	0
4808987	14217576	-1	2089984	1176	0	0	1176
4812987	-1	-1	0	0	0	0	0
4820995	-1	-1	0	0	0	0	0
4824009	-1	-1	0	0	0	0	0
4833980	13543448	-1	3070976	1814	0	0	1814
4840008	-1	-1	0	0	0	0	0
4846984	13628816	-1	2086912	1225	0	0	1225
4855997	-1	-1	0	0	0	0	0
4861988	12716536	-1	1306624	822	0	0	822
4867995	-1	-1	0	0	0	0	0
4876987	3623848	-1	1927436	4255	0	0	4255
4886984	-1	-1	0	0	0	0	0
4895976	4401064	-1	1211392	2202	0	0	2202
4904988	13135144	-1	770048	469	0	0	470
4909979	14372392	-1	1112064	619	0	0	619
4916989	-1	-1	0	0	0	0	0
4924999	13018640	-1	1505280	925	0	0	925
4932008	-1	-1	0	0	0	0	0
4937984	-1	-1	0	0	0	0	0
4942971	-1	-1	0	0	0	0	0
4949989	13920696	-1	3501056	2012	0	0	2012
4954971	-1	-1	0	0	0	0	0
4960998	12970104	-1	1956864	1207	0	0	1207
4967976	-1	-1	0	0	0	0	0
4977001	13374696	-1	1310720	784	0	0	784
4986972	-1	-1	0	0	0	0	0
4995998	13761072	-1	1133568	659	0	0	659
5000990	-1	-1	0	0	0	0	0
5008972	14713944	-1	1903616	1035	0	0	1035
5016995	-1	-1	0	0	0	0	0
5026972	15192584	-1	1893376	997	0	0	997
5033984	-1	-1	0	0	0	0	0
5041985	-1	-1	0	0	0	0	0
5049993	-1	-1	0	0	0	0	0
5056007	15034040	-1	6340608	3374	0	0	3374
5062984	-1	-1	0	0	0	0	0
5067995	-1	-1	0	0	0	0	0
5072990	-1	-1	0	0	0	0	0
5080999	15352112	-1	7724032	4025	0	0	4025
5088995	-1	-1	0	0	0	0	0
5097979	15655432	-1	5500928	2811	0	0	2811
5105992	-1	-1	0	0	0	0	0
5115995	9874216	-1	4015104	3253	0	0	3253
5124995	-1	-1	0	0	0	0	0
5132987	-1	-1	0	0	0	0	0
5136987	-1	-1	0	0	0	0	0
5145991	11892088	-1	5828608	3921	0	0	3921
5150984	-1	-1	0	0	0	0	0
5159978	14743560	-1	1481728	804	0	0	804
5164008	-1	-1	0	0	0	0	0
5172983	14871520	-1	2104320	1132	0	0	1132
5181991	-1	-1	0	0	0	0	0
5188986	9691064	-1	1595392	1317	0	0	1317
5198975	-1	-1	0	0	0	0	0
5204988	12662064	-1	2772992	1752	0	0	1752
5214978	-1	-1	0	0	0	0	0
5222971	-1	-1	0	0	0	0	0
5227998	-1	-1	0	0	0	0	0
5232991	16100408	-1	2557952	1271	0	0	1271
5240995	-1	-1	0	0	0	0	0
5250977	9827856	-1	1898004	1545	0	0	1545
5257979	5820632	-1	221184	304	0	0	312
5262971	10384752	-1	1983488	1528	0	0	1528
5272991	-1	-1	0	0	0	0	0
5279999	14470952	-1	1564672	865	0	0	865
5286976	-1	-1	0	0	0	0	0
5294985	9999368	-1	1478656	1183	0	0	1183
5300986	-1	-1	0	0	0	0	0
5310985	-1	-1	0	0	0	0	0
5311999	-1	-1	0	0	0	0	0
5318979	7903568	-1	3002368	3039	0	0	3039
5326973	-1	-1	0	0	0	0	0
5333982	14008008	-1	1388544	793	0	0	793
5342972	-1	-1	0	0	0	0	0
5349984	-1	-1	0	0	0	0	0
5357984	14842928	-1	1873920	1010	0	0	1010
5360991	-1	-1	0	0	0	0	0
5369980	-1	-1	0	0	0	0	0
5377991	12045376	-1	864256	574	0	0	574
5386984	-1	-1	0	0	0	0	0
5396009	15130216	-1	1643520	869	0	0	869
5404999	-1	-1	0	0	0	0	0
5412010	12272600	-1	816128	532	0	0	532
5415972	-1	-1	0	0	0	0	0
5424997	12903632	-1	1609728	998	0	0	998
5434985	-1	-1	0	0	0	0	0
5442980	5634664	-1	1486848	2111	0	0	2111
5446974	-1	-1	0	0	0	0	0
5452998	11499672	-1	1068032	743	0	0	743
5461979	-1	-1	0	0	0	0	0
5469988	-1	-1	0	0	0	0	0
5473979	-1	-1	0	0	0	0	0
5479995	13797488	-1	1698816	985	0	0	992
5484988	-1	-1	0	0	0	0	0
5492996	14247384	-1	1481728	832	0	0	832
5501987	-1	-1	0	0	0	0	0
5509985	13583136	-1	1320960	778	0	0	778
5518979	-1	-1	0	0	0	0	0
5523970	14081768	-1	1020928	580	0	0	580
5533992	-1	-1	0	0	0	0	0
5540003	14428552	-1	1556480	863	0	0	863
5548993	-1	-1	0	0	0	0	0
5555972	4139024	-1	1428480	2761	0	0	2761
5563973	-1	-1	0	0	0	0	0
5570976	14540416	-1	1930240	1062	0	0	1062
5578973	-1	-1	0	0	0	0	0
5588007	-1	-1	0	0	0	0	0
5596001	-1	-1	0	0	0	0	0
5603978	12608664	-1	2974068	1887	0	0	1887
5606978	-1	-1	0	0	0	0	0
5616002	-1	-1	0	0	0	0	0
5623995	-1	-1	0	0	0	0	0
5630972	12151064	-1	3089408	2034	0	0	2034
5639996	-1	-1	0	0	0	0	0
5645979	-1	-1	0	0	0	0	0
5653983	14232392	-1	2567168	1443	0	0	1443
5655998	-1	-1	0	0	0	0	0
5664987	-1	-1	0	0	0	0	0
5672995	9092368	-1	2099200	1847	0	0	1847
5680991	-1	-1	0	0	0	0	0
5685983	-1	-1	0	0	0	0	0
5694975	-1	-1	0	0	0	0	0
5703970	13617496	-1	3372032	1981	0	0	1981
5709981	-1	-1	0	0	0	0	0
5716991	7812600	-1	1033216	1058	0	0	1058
5726982	-1	-1	0	0	0	0	0
5735972	14261656	-1	2504704	1405	0	0	1405
5744995	-1	-1	0	0	0	0	0
5753988	-1	-1	0	0	0	0	0
5763994	-1	-1	0	0	0	0	0
5769991	11789544	-1	2785280	1890	0	0	1890
5775970	-1	-1	0	0	0	0	0
5784003	-1	-1	0	0	0	0	0
5787975	-1	-1	0	0	0	0	0
5794985	14093888	-1	3800064	2157	0	0	2157
5804003	-1	-1	0	0	0	0	0
5813000	-1	-1	0	0	0	0	0
5820991	-1	-1	0	0	0	0	0
5828999	9025088	-1	1397760	1239	0	0	1243
5832987	-1	-1	0	0	0	0	0
5840989	4199048	-1	1898496	3617	0	0	3617
5846987	-1	-1	0	0	0	0	0
5856008	8435856	-1	2267136	2150	0	0	2150
5864004	-1	-1	0	0	0	0	0
5870970	11981688	-1	3444736	2300	0	0	2300
5879970	-1	-1	0	0	0	0	0
5885980	13732664	-1	2954240	1721	0	0	1721
5892006	-1	-1	0	0	0	0	0
5898984	-1	-1	0	0	0	0	0
5905981	4948552	-1	942080	1523	0	0	1532
5909990	11264880	-1	1640448	1165	0	0	1165
5917985	-1	-1	0	0	0	0	0
5921982	-1	-1	0	0	0	0	0
5927994	-1	-1	0	0	0	0	0
5937982	10122240	-1	2024448	1600	0	0	1600
5945986	-1	-1	0	0	0	0	0
5954984	12343936	-1	1016832	659	0	0	659
5961994	-1	-1	0	0	0	0	0
5968988	7834520	-1	1727512	1764	0	0	1764
5978975	-1	-1	0	0	0	0	0
5987983	-1	-1	0	0	0	0	0
5996991	6691456	-1	2584576	3090	0	0	3090
5998974	-1	-1	0	0	0	0	0
6007998	-1	-1	0	0	0	0	0
6016994	11456632	-1	1735680	1212	0	0	1212
6025981	-1	-1	0	0	0	0	0
6034974	11507632	-1	1577984	1097	0	0	1097
6041985	-1	-1	0	0	0	0	0
6049979	10017392	-1	921600	736	0	0	736
6056005	-1	-1	0	0	0	0	0
6062972	13653336	-1	1428480	837	0	0	837
6068993	-1	-1	0	0	0	0	0
6078983	12846792	-1	1212416	755	0	0	755
6084010	-1	-1	0	0	0	0	0
6088988	10028384	-1	1431552	1142	0	0	1142
6096001	-1	-1	0	0	0	0	0
6103995	-1	-1	0	0	0	0	0
6112983	11890304	-1	2403328	1617	0	0	1629
6115997	-1	-1	0	0	0	0	0
6124990	-1	-1	0	0	0	0	0
6131995	11580192	-1	1021952	706	0	0	706
6138973	-1	-1	0	0	0	0	0
6148001	-1	-1	0	0	0	0	0
6150982	-1	-1	0	0	0	0	0
6159973	14400184	-1	2527232	1404	0	0	1404
6166983	-1	-1	0	0	0	0	0
6173979	12775816	-1	1555456	974	0	0	974
6181978	-1	-1	0	0	0	0	0
6187997	5591536	-1	1583104	2265	0	0	2265
6193991	-1	-1	0	0	0	0	0
6202985	12117120	-1	1198080	791	0	0	791
6210977	-1	-1	0	0	0	0	0
6219970	12430944	-1	1291264	831	0	0	831
6228987	-1	-1	0	0	0	0	0
6234983	12089808	-1	1124352	744	0	0	744
6242978	-1	-1	0	0	0	0	0
6249979	13100608	-1	1221632	746	0	0	746
6258981	-1	-1	0	0	0	0	0
6264992	-1	-1	0	0	0	0	0
6272987	-1	-1	0	0	0	0	0
6279976	2249904	-1	1611776	5731	0	0	5859
6289002	2887240	-1	472064	1308	0	0	1308
6297994	6272296	-1	1013760	1293	0	0	1293
6306972	-1	-1	0	0	0	0	0
6312002	13333584	-1	2135040	1281	0	0	1281
6321991	-1	-1	0	0	0	0	0
6331996	-1	-1	0	0	0	0	0
6337993	-1	-1	0	0	0	0	0
6344005	10649192	-1	1964776	1476	0	0	1476
6352009	-1	-1	0	0	0	0	0
6360001	14313384	-1	1458176	815	0	0	815
6368994	-1	-1	0	0	0	0	0
6376988	13050984	-1	1331200	816	0	0	816
6386980	13688280	-1	935936	547	0	0	547
6390975	-1	-1	0	0	0	0	0
6399972	15816512	-1	1769472	895	0	0	895
6404015	17766400	-1	355328	160	0	0	160
6413002	-1	-1	0	0	0	0	0
6420994	17631248	-1	2446336	1110	0	0	1110
6430972	-1	-1	0	0	0	0	0
6440009	-1	-1	0	0	0	0	0
6446972	-1	-1	0	0	0	0	0
6453983	14910576	-1	2683904	1440	0	0	1440
6456995	-1	-1	0	0	0	0	0
6465988	14796080	-1	1440768	779	0	0	779
6473993	-1	-1	0	0	0	0	0
6481980	13780512	-1	1257472	730	0	0	730
6489981	-1	-1	0	0	0	0	0
6495977	15825184	-1	1362944	689	0	0	689
6504973	-1	-1	0	0	0	0	0
6511996	14185032	-1	1274880	719	0	0	719
6518974	-1	-1	0	0	0	0	0
6526982	-1	-1	0	0	0	0	0
6533990	-1	-1	0	0	0	0	0
6542971	11659472	-1	3105792	2131	0	0	2131
6548993	-1	-1	0	0	0	0	0
6556988	-1	-1	0	0	0	0	0
6563995	10517072	-1	1389568	1057	0	0	1057
6567995	-1	-1	10240	3	0	0	3
6575999	-1	-1	0	0	0	0	0
6584988	13344200	-1	1326080	795	0	0	795
6592987	-1	-1	0	0	0	0	0
6597979	14932256	-1	1179648	632	0	0	632
6605993	-1	-1	0	0	0	0	0
6614983	13828480	-1	1778688	1029	0	0	1029
6623994	12276192	-1	532480	347	0	0	347
6628970	16575928	-1	3891200	1878	0	0	1878
6636996	-1	-1	0	0	0	0	0
6644005	15158048	-1	3545088	1871	0	0	1871
6650981	-1	-1	0	0	0	0	0
6660988	-1	-1	0	0	0	0	0
6667998	-1	-1	0	0	0	0	0
6675972	15492640	-1	5980160	3088	0	0	3088
6682971	-1	-1	0	0	0	0	0
6691995	13813720	-1	2322432	1345	0	0	1345
6700971	-1	-1	0	0	0	0	0
6709979	14983896	-1	2011588	1074	0	0	1074
6718986	-1	-1	0	0	0	0	0
6726971	9866408	-1	3366912	2730	0	0	2730
6736003	9277032	-1	2801664	2416	0	0	2416
6737983	-1	-1	0	0	0	0	0
6745989	-1	-1	0	0	0	0	0
6754985	9344584	-1	2548736	2182	0	0	2182
6763996	-1	-1	0	0	0	0	0
6769990	-1	-1	0	0	0	0	0
6777978	10237376	-1	1998848	1562	0	0	1562
6781988	15083128	-1	3953664	2097	0	0	2097
6789985	-1	-1	0	0	0	0	0
6798975	6654488	-1	1404928	1689	0	0	1689
6807970	-1	-1	0	0	0	0	0
6815995	-1	-1	0	0	0	0	0
6822974	10022584	-1	1687552	1347	0	0	1461
6826971	-1	-1	0	0	0	0	0
6835978	-1	-1	0	0	0	0	0
6843995	8050472	-1	990208	984	0	0	984
6852994	-1	-1	0	0	0	0	0
6861980	8846112	-1	1454080	1315	0	0	1315
6869991	-1	-1	0	0	0	0	0
6878982	10663080	-1	1458176	1094	0	0	1094
6887974	-1	-1	0	0	0	0	0
6893984	8322176	-1	916480	881	0	0	881
6900987	-1	-1	0	0	0	0	0
6908004	10570040	-1	1238016	937	0	0	937
6913985	-1	-1	0	0	0	0	0
6921996	-1	-1	0	0	0	0	0
6928970	-1	-1	0	0	0	0	0
6934974	9414208	-1	2121728	1803	0	0	1803
6938975	-1	-1	0	0	0	0	0
6946971	-1	-1	0	0	0	0	0
6955996	-1	-1	0	0	0	0	0
6961992	11111056	-1	1952768	1406	0	0	1425
6969983	-1	-1	0	0	0	0	0
6978976	10557920	-1	1462272	1108	0	0	1108
6986986	-1	-1	0	0	0	0	0
6994971	-1	-1	0	0	0	0	0
7004000	8020184	-1	1338368	1335	0	0	1335
7004987	-1	-1	0	0	0	0	0
7013989	-1	-1	0	0	0	0	0
7022981	-1	-1	0	0	0	0	0
7025000	-1	-1	0	0	0	0	0
7033994	3748224	-1	695296	1484	0	0	1484
7037001	-1	-1	0	0	0	0	0
7121577	11824056	-1	5637120	3814	0	0	22306
7128571	-1	-1	0	0	0	0	0
7138589	-1	-1	0	0	0	0	0
7142590	-1	-1	0	0	0	0	0
7150564	-1	-1	0	0	0	0	0
7159590	14438976	-1	2584576	1432	0	0	1432
7168580	-1	-1	0	0	0	0	0
7177574	-1	-1	0	0	0	0	0
7184582	-1	-1	0	0	0	0	0
7193573	13826264	-1	2347008	1358	0	0	1358
7202562	15134376	-1	892928	472	0	0	478
7207579	15902880	-1	1252352	630	0	0	630
7216572	-1	-1	0	0	0	0	0
7225578	13497560	-1	1508352	894	0	0	894
7230594	-1	-1	0	0	0	0	0
7235586	-1	-1	0	0	0	0	0
7244579	-1	-1	0	0	0	0	0
7254570	14282760	-1	2060288	1154	0	0	1154
7263573	-1	-1	0	0	0	0	0
7268572	14904536	-1	1805312	969	0	0	969
7278595	-1	-1	0	0	0	0	0
7285569	13455336	-1	2667520	1586	0	0	1586
7294564	-1	-1	0	0	0	0	0
7304584	12829584	-1	1637376	1021	0	0	1021
7311592	-1	-1	0	0	0	0	0
7320590	-1	-1	0	0	0	0	0
7328580	-1	-1	0	0	0	0	0
7335593	15271504	-1	2783232	1458	0	0	1458
7343578	9808112	-1	180224	147	0	0	158
7348580	15156696	-1	1555456	821	0	0	821
7356572	11650848	-1	393216	270	0	0	283
7361569	15236760	-1	1740800	914	0	0	914
7370560	-1	-1	0	0	0	0	0
7376585	-1	-1	0	0	0	0	0
7385564	-1	-1	0	0	0	0	47
7390593	14393424	-1	1925120	1070	0	0	1070
7397563	-1	-1	65536	70	0	0	83
7402594	15826056	-1	1475780	746	0	0	746
7409570	-1	-1	0	0	0	0	0
7417565	10973320	-1	1700864	1240	0	0	1240
7424574	-1	-1	0	0	0	0	0
7432586	15120136	-1	2009088	1063	0	0	1063
7441563	-1	-1	0	0	0	0	0
7450601	15130480	-1	1755136	928	0	0	928
7458561	-1	-1	0	0	0	0	0
7465568	-1	-1	0	0	0	0	0
7471579	-1	-1	0	0	0	0	0
7477574	13563200	-1	2259968	1333	0	0	1333
7484571	-1	-1	0	0	0	0	0
7492578	12500088	-1	965632	618	0	0	618
7502587	-1	-1	0	0	0	0	0
7510562	14135368	-1	1821696	1031	0	0	1031
7519585	-1	-1	0	0	0	0	0
7529564	-1	-1	0	0	0	0	0
7537564	13197680	-1	2778112	1684	0	0	1684
7541573	-1	-1	53248	30	0	0	30
7549574	-1	-1	0	0	0	0	0
7559581	-1	-1	0	0	0	0	0
7564578	-1	-1	0	0	0	0	0
7573567	13720984	-1	2284544	1332	0	0	1332
7579581	-1	-1	0	0	0	0	0
7587585	15153696	-1	2068480	1092	0	0	1092
7595579	-1	-1	0	0	0	0	0
7604574	-1	-1	0	0	0	0	0
7608571	-1	-1	0	0	0	0	0
7617576	15025328	-1	2695168	1435	0	0	1435
7626604	-1	-1	0	0	0	0	0
7635561	-1	-1	0	0	0	0	0
7642568	-1	-1	0	0	0	0	0
7649563	12963536	-1	4342784	2680	0	0	2680
7657570	15230952	-1	1163264	611	0	0	611
7659587	-1	-1	0	0	0	0	0
7669565	-1	-1	0	0	0	0	0
7676574	11826104	-1	1586176	1073	0	0	1073
7683579	-1	-1	0	0	0	0	0
7691589	13478960	-1	1240064	736	0	0	736
7700583	-1	-1	0	0	0	0	0
7708574	12138408	-1	1744896	1150	0	0	1150
7716583	-1	-1	0	0	0	0	0
7724574	12978120	-1	2079744	1282	0	0	1282
7733568	15149128	-1	2298880	1214	0	0	1214
7737565	-1	-1	0	0	0	0	0
7746591	-1	-1	0	0	0	0	0
7755580	-1	-1	0	0	0	0	0
7761563	-1	-1	0	0	0	0	0
7767579	15651888	-1	5394032	2757	0	0	2757
7776573	-1	-1	0	0	0	0	0
7786587	10249048	-1	3770368	2943	0	0	2943
7795580	-1	-1	0	0	0	0	0
7801574	12960072	-1	1461248	902	0	0	902
7808582	-1	-1	0	0	0	0	0
7818591	13563944	-1	1605632	947	0	0	947
7823586	-1	-1	0	0	0	0	0
7831579	-1	-1	0	0	0	0	0
7840571	-1	-1	0	0	0	0	29
7845566	14368376	-1	1817600	1012	0	0	1012
7849578	-1	-1	0	0	0	0	0
7858598	13807544	-1	1986560	1151	0	0	1151
7867578	13837064	-1	1490944	862	0	0	863
7871588	14981416	-1	1990656	1063	0	0	1063
7879563	-1	-1	0	0	0	0	0
7888573	15070136	-1	2948096	1565	0	0	1565
7897565	15107040	-1	3501056	1854	0	0	1854
7900577	-1	-1	0	0	0	0	0
7909565	-1	-1	0	0	0	0	0
7916580	13779792	-1	2194432	1274	0	0	1274
7922587	-1	-1	0	0	0	0	0
7932585	13253296	-1	2080768	1256	0	0	1256
7939580	-1	-1	0	0	0	0	0
7947579	-1	-1	0	0	0	0	0
7951582	-1	-1	0	0	0	0	0
7960576	6211944	-1	2949120	3798	0	0	3798
7969566	-1	-1	0	0	0	0	0
7978590	13527576	-1	1542144	912	0	0	912
7985567	-1	-1	0	0	0	0	0
7994576	14048528	-1	2014208	1147	0	0	1147
8004583	-1	-1	0	0	0	0	0
8014590	13901808	-1	1852416	1066	0	0	1066
8024581	12823632	-1	833536	520	0	0	520
8028577	-1	-1	0	0	0	0	0
8037566	-1	-1	0	0	0	0	0
8043593	14679576	-1	2231296	1216	0	0	1216
8050586	-1	-1	0	0	0	0	0
8059581	12691648	-1	1964032	1238	0	0	1238
8067573	-1	-1	0	0	0	0	0
8074587	5924392	-1	2078720	2807	0	0	2807
8083593	-1	-1	0	0	0	0	0
8090603	-1	-1	0	0	0	0	0
8096575	2523560	-1	270336	857	0	0	858
8100576	8482936	-1	2089984	1971	0	0	1971
8106588	-1	-1	0	0	0	0	0
8115579	12455768	-1	1558528	1001	0	0	1001
8122588	-1	-1	0	0	0	0	0
8132578	9823528	-1	1674912	1364	0	0	1364
8140586	-1	-1	0	0	0	0	0
8149564	10962696	-1	1308672	955	0	0	955
8157574	-1	-1	0	0	0	0	0
8166598	10123088	-1	1884160	1489	0	0	1489
8175579	-1	-1	0	0	0	0	0
8183580	13881352	-1	3407872	1964	0	0	1964
8191579	-1	-1	0	0	0	0	0
8197562	-1	-1	0	0	0	0	0
8206586	13450720	-1	2991104	1779	0	0	1789
8208574	-1	-1	0	0	0	0	0
8216582	-1	-1	0	0	0	0	0
8225574	12401424	-1	2015232	1300	0	0	1300
8234587	-1	-1	0	0	0	0	0
8243592	13256528	-1	1927168	1163	0	0	1163
8249569	-1	-1	0	0	0	0	0
8259561	13616432	-1	2393088	1406	0	0	1406
8264574	-1	-1	0	0	0	0	0
8273564	-1	-1	0	0	0	0	0
8283591	14230792	-1	3566592	2005	0	0	2005
8285572	-1	-1	0	0	0	0	0
8294593	-1	-1	0	0	0	0	0
8303586	3682552	-1	1860608	4042	0	0	4042
8311594	-1	-1	0	0	0	0	0
8320583	10259360	-1	1356800	1058	0	0	1058
8328578	-1	-1	0	0	0	0	0
8337569	13442208	-1	3607552	2147	0	0	2147
8345564	-1	-1	0	0	0	0	0
8354587	-1	-1	0	0	0	0	0
8362596	-1	-1	0	0	0	0	0
8368572	11403536	-1	3399680	2385	0	0	2385
8377565	-1	-1	0	0	0	0	0
8384570	12622096	-1	1934336	1226	0	0	1226
8390598	-1	-1	0	0	0	0	0
8398595	-1	-1	0	0	0	0	0
8404573	-1	-1	0	0	0	0	0
8411586	13229072	-1	3757056	2272	0	0	2272
8419592	-1	-1	0	0	0	0	0
8428586	12555816	-1	1632256	1040	0	0	1040
8438561	-1	-1	0	0	0	0	0
8445564	12484808	-1	1039360	666	0	0	666
8455574	-1	-1	0	0	0	0	0
8462604	13251216	-1	1451008	876	0	0	876
8468580	-1	-1	0	0	0	0	0
8478589	-1	-1	0	0	0	0	0
8486586	11063304	-1	966656	699	0	0	700
8491561	14568248	-1	2381908	1308	0	0	1308
8499587	-1	-1	0	0	0	0	0
8508579	-1	-1	0	0	0	0	0
8514591	-1	-1	0	0	0	0	0
8522563	10323744	-1	3124224	2421	0	0	2421
8531588	10172856	-1	620544	488	0	0	548
8536585	13869960	-1	830464	479	0	0	479
8541577	-1	-1	0	0	0	0	0
8549571	12793680	-1	2331648	1458	0	0	1458
8558587	-1	-1	0	0	0	0	0
8566588	12007744	-1	1711104	1140	0	0	1140
8573565	-1	-1	0	0	0	0	0
8579595	-1	-1	0	0	0	0	0
8588573	-1	-1	0	0	0	0	0
8598594	14409296	-1	3422208	1900	0	0	1900
8603579	-1	-1	0	0	0	0	0
8610597	12802992	-1	1094656	684	0	0	684
8619591	-1	-1	0	0	0	0	0
8628582	6855080	-1	1564672	1826	0	0	1826
8638587	-1	-1	0	0	0	0	0
8648579	12397128	-1	2617344	1689	0	0	1689
8657573	-1	-1	0	0	0	0	0
8664584	-1	-1	0	0	0	0	0
8668579	-1	-1	0	0	0	0	0
8675588	12820664	-1	1786880	1115	0	0	1115
8680571	-1	-1	0	0	0	0	0
8688577	-1	-1	0	0	0	0	0
8697564	13935336	-1	2715648	1559	0	0	1559
8698598	-1	-1	0	0	0	0	0
8707578	12307232	-1	327680	213	0	0	219
8712572	10481152	-1	745472	569	0	0	569
8720578	-1	-1	0	0	0	0	0
8729563	12609160	-1	1306624	829	0	0	829
8739578	-1	-1	0	0	0	0	0
8749564	12099216	-1	2165760	1432	0	0	1432
8758575	-1	-1	0	0	0	0	0
8766587	13735368	-1	1200128	699	0	0	699
8776578	-1	-1	0	0	0	0	0
8782590	11803976	-1	1161216	787	0	0	787
8790563	-1	-1	0	0	0	0	0
8799579	12537184	-1	824320	526	0	0	526
8808577	-1	-1	0	0	0	0	0
8815579	10185976	-1	1061888	834	0	0	834
8823586	-1	-1	0	0	0	0	0
8832573	12551568	-1	902144	575	0	0	575
8840584	-1	-1	0	0	0	0	0
8848577	11346048	-1	1362944	961	0	0	961
8856572	-1	-1	0	0	0	0	0
8863580	-1	-1	0	0	0	0	0
8867592	-1	-1	0	0	0	0	0
8876580	8506528	-1	1181344	1111	0	0	1111
8879597	-1	-1	0	0	0	0	0
8888575	13794384	-1	1669120	968	0	0	968
8893564	-1	-1	0	0	0	0	0
8902587	-1	-1	0	0	0	0	0
8909563	12990992	-1	1854464	1142	0	0	1278
8913564	16815160	-1	239616	114	0	0	114
8919589	-1	-1	0	0	0	0	0
8927583	-1	-1	0	0	0	0	0
8933578	-1	-1	0	0	0	0	44
8938593	16207976	-1	2451456	1210	0	0	1210
8945563	-1	-1	0	0	0	0	0
8954602	12781656	-1	1961984	1228	0	0	1228
8964584	-1	-1	0	0	0	0	0
8973573	-1	-1	0	0	0	0	0
8977562	-1	-1	0	0	0	0	0
8986599	13781928	-1	1865728	1083	0	0	1083
8990594	-1	-1	0	0	0	0	0
8996572	13948072	-1	1647616	945	0	0	945
9005564	-1	-1	0	0	0	0	0
9015585	14056016	-1	1143808	651	0	0	651
9024572	9437184	-1	147456	125	0	0	126
9029570	12613736	-1	931840	591	0	0	591
9036584	-1	-1	0	0	0	0	0
9042563	-1	-1	0	0	0	0	0
9050588	-1	-1	0	0	0	0	0
9055583	13070064	-1	1873920	1147	0	0	1147
9064574	-1	-1	0	0	0	0	0
9070565	14121888	-1	1553408	880	0	0	880
9076576	-1	-1	0	0	0	0	0
9085568	-1	-1	0	0	0	0	0
9092578	-1	-1	0	0	0	0	0
9098590	13842040	-1	2553856	1476	0	0	1476
9108584	-1	-1	0	0	0	0	0
9117572	15269816	-1	1712128	897	0	0	897
9124582	-1	-1	0	0	0	0	0
9132574	13262312	-1	1400832	845	0	0	845
9142602	-1	-1	0	0	0	0	0
9150592	12897024	-1	1105920	686	0	0	686
9159585	-1	-1	0	0	0	0	0
9168579	13056000	-1	992256	608	0	0	639
9177563	13965768	-1	1525760	874	0	0	874
9180581	-1	-1	0	0	0	0	0
9188583	-1	-1	0	0	0	0	0
9196584	13055512	-1	1707008	1046	0	0	1046
9206575	-1	-1	0	0	0	0	0
9213568	12436496	-1	1029120	662	0	0	662
9219580	-1	-1	0	0	0	0	0
9227589	13171080	-1	905512	550	0	0	630
9236581	10572968	-1	1186816	898	0	0	898
9239592	-1	-1	0	0	0	0	0
9249568	-1	-1	0	0	0	0	0
9258588	11337624	-1	867328	612	0	0	612
9262589	-1	-1	0	0	0	0	0
9269567	13433328	-1	1062912	633	0	0	633
9275577	-1	-1	0	0	0	0	0
