54444	8903688	-1	6572032	5905	0	0	6155
61439	-1	-1	0	0	0	0	0
70438	8734120	-1	1633280	1496	0	0	1496
79445	-1	-1	0	0	0	0	0
88459	9155768	-1	1303552	1139	0	0	1139
94447	-1	-1	0	0	0	0	0
103440	8905328	-1	1214464	1091	0	0	1091
108457	-1	-1	0	0	0	0	0
116438	8627080	-1	1421312	1318	0	0	1318
125439	-1	-1	0	0	0	0	0
134437	8074184	-1	1052672	1043	0	0	1043
143439	12576000	-1	402432	256	0	0	256
149439	8197392	-1	1556480	1519	0	0	1519
158438	-1	-1	0	0	0	0	0
167439	5225928	-1	265216	406	0	0	628
173439	8775448	-1	759076	692	0	0	692
180439	-1	-1	0	0	0	0	2507
189439	676696	-1	648192	7663	0	0	7663
194440	6192632	-1	586752	758	0	0	1110
196441	5244816	-1	1107968	1690	0	0	1690
205439	-1	-1	0	0	0	0	0
213838	9680112	-1	4709376	3892	0	0	4120
214839	11346848	-1	1314816	927	0	0	1001
215837	11733056	-1	681984	465	0	0	465
223022	11837224	-1	3105792	2099	0	0	2099
232023	-1	-1	0	0	0	0	0
234022	-1	-1	0	0	0	0	0
243020	-1	-1	0	0	0	0	0
252014	-1	-1	0	0	0	0	0
259022	-1	-1	0	0	0	0	0
268015	-1	-1	0	0	0	0	0
277023	-1	-1	0	0	0	0	0
286022	-1	-1	0	0	0	0	0
295014	-1	-1	0	0	0	0	0
301016	-1	-1	0	0	0	0	0
310022	-1	-1	0	0	0	0	0
319022	9467656	-1	1603584	1355	0	0	1355
328018	-1	-1	0	0	0	0	0
336023	10043016	-1	1644544	1310	0	0	1310
345015	8486072	-1	1447936	1365	0	0	1365
346021	-1	-1	0	0	0	0	0
347340	10376536	-1	1245184	960	0	0	960
348333	10880000	-1	1392640	1024	0	0	1024
349338	16593456	-1	730112	352	0	0	352
350335	-1	-1	0	0	0	0	113
351339	9976720	-1	1162288	932	0	0	932
352339	-1	-1	0	0	0	0	0
353331	8849864	-1	578560	523	0	0	741
354332	9203360	-1	465920	405	0	0	405
355330	9669736	-1	998400	826	0	0	875
356333	11417264	-1	1315840	922	0	0	922
357331	11064520	-1	1277952	924	0	0	924
358334	11202640	-1	1051648	751	0	0	751
359331	14060304	-1	731136	416	0	0	416
360332	12579472	-1	1259520	801	0	0	801
361336	12955752	-1	963584	595	0	0	637
362333	-1	-1	0	0	0	0	0
363335	-1	-1	0	0	0	0	0
364333	-1	-1	0	0	0	0	0
365336	-1	-1	0	0	0	0	0
369339	-1	-1	0	0	0	0	0
378359	14409432	-1	904192	502	0	0	517
387355	-1	-1	0	0	0	0	0
394331	-1	-1	65536	129	0	0	130
403335	11064192	-1	907264	656	0	0	656
407333	11179944	-1	1498112	1072	0	0	1072
416346	-1	-1	0	0	0	0	0
424331	8238280	-1	729088	708	0	0	744
430337	-1	-1	0	0	0	0	0
439334	7635160	-1	730112	765	0	0	765
448339	-1	-1	126976	91	0	0	91
453337	12010584	-1	1130496	753	0	0	753
462338	-1	-1	0	0	0	0	0
472345	8886344	-1	1494016	1345	0	0	1374
481339	-1	-1	0	0	0	0	0
485334	-1	-1	0	0	0	0	0
486340	6770488	-1	473088	559	0	0	559
487343	9974712	-1	240640	193	0	0	193
488336	-1	-1	0	0	0	0	0
489332	-1	-1	0	0	0	0	0
499132	10788936	-1	2561024	1899	0	0	6098
500131	14504712	-1	1738752	959	0	0	998
507138	12255688	-1	3301376	2155	0	0	2155
516132	10636832	-1	1193984	898	0	0	898
524141	-1	-1	0	0	0	0	0
532140	10324880	-1	1214464	941	0	0	941
541137	-1	-1	0	0	0	0	0
550131	-1	-1	0	0	0	0	0
559132	12866832	-1	1490944	927	0	0	1031
561140	-1	-1	0	0	0	0	0
570134	-1	-1	0	0	0	0	0
577140	8572288	-1	1107968	1034	0	0	1034
586141	11397096	-1	1074176	754	0	0	754
587135	-1	-1	0	0	0	0	0
596135	-1	-1	0	0	0	0	0
605140	13350928	-1	1009664	605	0	0	605
614137	-1	-1	0	0	0	0	0
622131	-1	-1	0	0	0	0	0
631131	11817968	-1	270336	183	0	0	190
636138	12288000	-1	1121280	730	0	0	746
645140	-1	-1	0	0	0	0	0
654135	12851288	-1	946176	589	0	0	589
660140	-1	-1	0	0	0	0	0
667131	13319544	-1	1130496	679	0	0	679
668131	-1	-1	131072	261	0	0	273
669136	9772224	-1	812316	665	0	0	665
670137	-1	-1	0	0	0	0	168
671131	9465664	-1	1004544	849	0	0	849
672133	11790192	-1	1382400	938	0	0	938
673137	-1	-1	37888	26	0	0	26
677140	-1	-1	0	0	0	0	0
686131	7156232	-1	1089536	1218	0	0	1218
694131	-1	-1	0	0	0	0	0
702133	11007752	-1	1413120	1027	0	0	1027
703133	-1	-1	0	0	0	0	0
705225	10264672	-1	1171456	913	0	0	913
711224	11045232	-1	1538048	1114	0	0	1114
721224	-1	-1	0	0	0	0	0
724223	-1	-1	0	0	0	0	0
733223	-1	-1	0	0	0	0	0
736223	-1	-1	0	0	0	0	0
745223	-1	-1	0	0	0	0	0
748223	-1	-1	0	0	0	0	0
757224	9094872	-1	1970176	1733	0	0	1733
766224	-1	-1	0	0	0	0	0
775224	8693312	-1	1509376	1389	0	0	1389
784223	-1	-1	0	0	0	0	0
792223	7900504	-1	804864	815	0	0	815
801224	-1	-1	0	0	0	0	0
808222	7578216	-1	948224	1001	0	0	1001
817224	-1	-1	0	0	0	0	0
826224	8416160	-1	1268736	1206	0	0	1206
835223	-1	-1	0	0	0	0	0
845224	9088208	-1	1401856	1234	0	0	1234
852224	-1	-1	0	0	0	0	0
856224	-1	-1	0	0	0	0	0
862224	-1	-1	0	0	0	0	0
871225	9708232	-1	2294784	1891	0	0	1891
880224	-1	-1	0	0	0	0	0
887224	9917496	-1	1235968	997	0	0	997
895236	9183200	-1	1612800	1405	0	0	1405
897224	-1	-1	0	0	0	0	0
906225	-1	-1	0	0	0	0	0
912227	11171688	-1	1332224	954	0	0	954
921223	-1	-1	0	0	0	0	0
930225	15511624	-1	1911808	986	0	0	986
938223	-1	-1	0	0	0	0	0
947225	-1	-1	0	0	0	0	0
951223	-1	-1	0	0	0	0	0
960224	9601992	-1	2238464	1865	0	0	1865
969225	-1	-1	0	0	0	0	0
978223	8405800	-1	1529856	1456	0	0	1456
987224	-1	-1	0	0	0	0	0
992223	-1	-1	0	0	0	0	0
1001224	9401864	-1	2774724	2361	0	0	2361
1004223	12246624	-1	151552	99	0	0	99
1013224	-1	-1	0	0	0	0	0
1022224	-1	-1	0	0	0	0	0
1031226	-1	-1	0	0	0	0	0
1040225	10883288	-1	2169856	1595	0	0	1595
1049225	-1	-1	0	0	0	0	0
1058225	8508976	-1	1236992	1163	0	0	1163
1063225	-1	-1	0	0	0	0	0
1072225	9332944	-1	1675264	1436	0	0	1436
1081224	-1	-1	0	0	0	0	0
1091223	8259656	-1	1500160	1453	0	0	1453
1100224	-1	-1	0	0	0	0	0
1109223	8322776	-1	912384	877	0	0	877
1118223	-1	-1	0	0	0	0	0
1125226	9695288	-1	1631232	1346	0	0	1346
1134230	6765712	-1	757760	896	0	0	1034
1138226	9654856	-1	777216	644	0	0	644
1147225	-1	-1	0	0	0	0	0
1156224	9909056	-1	1831936	1479	0	0	1479
1165226	-1	-1	0	0	0	0	0
1174225	-1	-1	0	0	0	0	0
1180223	8159144	-1	762880	748	0	0	748
1185222	16123936	-1	1142784	567	0	0	567
1194225	10422792	-1	1430528	1098	0	0	1098
1196225	-1	-1	0	0	0	0	0
1205224	-1	-1	0	0	0	0	0
1214225	9964056	-1	1358848	1091	0	0	1091
1223222	-1	-1	0	0	0	0	0
1233224	9027040	-1	1284096	1138	0	0	1138
1242225	-1	-1	0	0	0	0	0
1251228	-1	-1	0	0	0	0	0
1254222	-1	-1	0	0	0	0	0
1263225	9187424	-1	1975296	1720	0	0	1720
1269223	-1	-1	0	0	0	0	0
1278222	6478896	-1	1030144	1272	0	0	1272
1287225	-1	-1	0	0	0	0	0
1296225	8578832	-1	2180096	2033	0	0	2033
1305226	-1	-1	0	0	0	0	0
1314223	8654928	-1	1512448	1398	0	0	1398
1323226	-1	-1	0	0	0	0	0
1332225	-1	-1	0	0	0	0	0
1340224	-1	-1	0	0	0	0	0
1347227	8960256	-1	2233344	1994	0	0	1994
1354224	-1	-1	0	0	0	0	0
1363227	8823440	-1	2135272	1936	0	0	1936
1372222	-1	-1	0	0	0	0	0
1380226	6058128	-1	1191936	1574	0	0	1574
1389226	-1	-1	0	0	0	0	0
1398226	10739632	-1	1722368	1283	0	0	1283
1407226	-1	-1	0	0	0	0	0
1416226	9232256	-1	1454080	1260	0	0	1260
1425223	7142360	-1	606208	679	0	0	681
1430225	8706240	-1	745472	685	0	0	685
1439225	-1	-1	0	0	0	0	0
1448225	-1	-1	0	0	0	0	0
1457225	10530360	-1	2088960	1587	0	0	1587
1461225	-1	-1	0	0	0	0	0
1470225	-1	-1	0	0	0	0	0
1479224	11615272	-1	1396736	962	0	0	962
1488225	-1	-1	0	0	0	0	0
1497226	12099344	-1	1477632	977	0	0	977
1506224	-1	-1	0	0	0	0	0
1515222	13526096	-1	1415168	837	0	0	837
1524224	-1	-1	0	0	0	0	0
1533226	14131672	-1	1522688	862	0	0	862
1542226	-1	-1	0	0	0	0	0
1551226	11839000	-1	1323008	894	0	0	894
1560226	-1	-1	0	0	0	0	0
1569224	9342448	-1	1446912	1239	0	0	1239
1578226	-1	-1	0	0	0	0	0
1587226	11629496	-1	1437696	989	0	0	989
1596226	-1	-1	0	0	0	0	0
1605226	11669936	-1	1140736	782	0	0	782
1614226	-1	-1	0	0	0	0	0
1620227	10847232	-1	2208768	1629	0	0	1629
1629226	-1	-1	0	0	0	0	0
1638222	6395448	-1	944128	1181	0	0	1181
1647226	-1	-1	0	0	0	0	0
1656224	8119024	-1	1822720	1796	0	0	1796
1665227	-1	-1	0	0	0	0	0
1673226	-1	-1	0	0	0	0	0
1679227	-1	-1	0	0	0	0	0
1686226	10199120	-1	2554880	2004	0	0	2004
1695226	-1	-1	0	0	0	0	0
1704227	7267304	-1	1142784	1258	0	0	1258
1706226	-1	-1	0	0	0	0	0
1715227	8464288	-1	1114112	1053	0	0	1053
1719227	-1	-1	0	0	0	0	0
1728227	8183240	-1	1494464	1461	0	0	1461
1737223	-1	-1	0	0	0	0	0
1746226	7908704	-1	1372160	1388	0	0	1388
1756224	-1	-1	0	0	0	0	0
1765222	9905416	-1	1189888	961	0	0	961
1774226	9382552	-1	1557504	1328	0	0	1328
1777222	-1	-1	0	0	0	0	0
1786235	-1	-1	0	0	0	0	125
1791228	9005392	-1	1587200	1410	0	0	1410
1800223	-1	-1	0	0	0	0	0
1809227	7778264	-1	1636352	1683	0	0	1683
1818227	-1	-1	0	0	0	0	0
1826226	-1	-1	0	0	0	0	0
1831227	-1	-1	0	0	0	0	0
1840228	8994480	-1	2203648	1960	0	0	1960
1849227	-1	-1	0	0	0	0	0
1858228	8850920	-1	1526784	1380	0	0	1380
1867227	-1	-1	0	0	0	0	0
1876227	8825904	-1	1482752	1344	0	0	1344
1885226	-1	-1	0	0	0	0	0
1894222	5490384	-1	1483776	2162	0	0	2162
1903223	-1	-1	0	0	0	0	0
1912227	7003568	-1	1581056	1806	0	0	1806
1920228	-1	-1	0	0	0	0	0
1929224	8029464	-1	1517568	1512	0	0	1512
1938222	-1	-1	0	0	0	0	0
1947227	7993136	-1	1481728	1483	0	0	1483
1956228	-1	-1	0	0	0	0	0
1965227	10100816	-1	1560576	1236	0	0	1236
1974228	-1	-1	0	0	0	0	0
1983226	7960024	-1	1229824	1236	0	0	1236
1992227	-1	-1	0	0	0	0	0
2001224	8845080	-1	1428480	1292	0	0	1292
2010228	-1	-1	0	0	0	0	0
2019228	9293888	-1	1451008	1249	0	0	1249
2028222	-1	-1	0	0	0	0	0
2037228	8850504	-1	1500160	1356	0	0	1356
2046224	-1	-1	0	0	0	0	0
2052223	8750416	-1	1604608	1467	0	0	1467
2061228	-1	-1	0	0	0	0	0
2070224	8427432	-1	1612800	1531	0	0	1531
2079223	-1	-1	0	0	0	0	0
2089228	8553920	-1	1258496	1177	0	0	1177
2098228	-1	-1	0	0	0	0	0
2107224	6205376	-1	1314764	1695	0	0	1695
2116227	-1	-1	0	0	0	0	0
2125227	8306232	-1	2084864	2008	0	0	2008
2134227	-1	-1	0	0	0	0	0
2143228	8007792	-1	1513472	1512	0	0	1512
2152222	-1	-1	0	0	0	0	0
2161222	-1	-1	0	0	0	0	0
2167223	-1	-1	0	0	0	0	0
2176227	7804504	-1	1464320	1501	0	0	1501
2185229	8748640	-1	1818624	1663	0	0	1663
2186224	-1	-1	0	0	0	0	0
2195226	-1	-1	0	0	0	0	0
2201227	9258712	-1	1137664	983	0	0	983
2210227	-1	-1	0	0	0	0	0
2219227	8912240	-1	1558528	1399	0	0	1399
2228227	-1	-1	0	0	0	0	0
2237224	9301672	-1	1459200	1255	0	0	1255
2246228	-1	-1	0	0	0	0	0
2255228	11152960	-1	1272832	913	0	0	913
2257228	-1	-1	0	0	0	0	0
2266224	-1	-1	0	0	0	0	0
2275223	11648560	-1	2322432	1595	0	0	1595
2278228	-1	-1	0	0	0	0	0
2287226	-1	-1	0	0	0	0	0
2296228	10331312	-1	1419264	1099	0	0	1099
2305228	-1	-1	0	0	0	0	0
2313029	7302296	-1	6321052	6925	0	0	7000
2322029	7809544	-1	2341888	2399	0	0	2399
2331028	-1	-1	0	0	0	0	0
2338028	10542040	-1	1465344	1112	0	0	1112
2347029	-1	-1	0	0	0	0	0
2356028	10252184	-1	1508352	1177	0	0	1177
2365028	-1	-1	0	0	0	0	0
2374030	-1	-1	0	0	0	0	0
2383029	10127536	-1	2743296	2167	0	0	2167
2385029	-1	-1	0	0	0	0	0
2394029	-1	-1	0	0	0	0	0
2403032	9902488	-1	1547264	1250	0	0	1250
2412029	-1	-1	0	0	0	0	0
2419028	8008024	-1	1604608	1603	0	0	1603
2428034	-1	-1	0	0	0	0	0
2437050	9708512	-1	1402880	1156	0	0	1156
2446028	-1	-1	0	0	0	0	0
2455029	-1	-1	0	0	0	0	0
2459029	-1	-1	0	0	0	0	0
2468029	10230064	-1	2636800	2062	0	0	2062
2477029	-1	-1	0	0	0	0	0
2486028	9455824	-1	1907712	1614	0	0	1614
2495028	-1	-1	0	0	0	0	0
2504029	-1	-1	0	0	0	0	0
2510028	-1	-1	0	0	0	0	0
2519029	8098640	-1	2487296	2457	0	0	2457
2521028	-1	-1	0	0	0	0	0
2530029	-1	-1	0	0	0	0	0
2539053	-1	-1	0	0	0	0	0
2548028	9329776	-1	2099200	1800	0	0	1800
2551030	-1	-1	0	0	0	0	0
2560028	9112096	-1	1470464	1291	0	0	1291
2569029	-1	-1	0	0	0	0	0
2579029	11652072	-1	1510400	1037	0	0	1037
2588029	7246952	-1	1539072	1699	0	0	1699
2589029	-1	-1	0	0	0	0	0
2598029	-1	-1	0	0	0	0	0
2607028	-1	-1	0	0	0	0	0
2616028	8718544	-1	729088	669	0	0	675
2621030	9666560	-1	1570816	1300	0	0	1300
2630029	-1	-1	0	0	0	0	0
2639030	7226976	-1	1439072	1593	0	0	1593
2648030	-1	-1	0	0	0	0	0
2657030	8187448	-1	1841152	1799	0	0	1799
2666033	-1	-1	0	0	0	0	0
2675029	9422488	-1	1144832	972	0	0	972
2684029	-1	-1	0	0	0	0	0
2692030	12163880	-1	1555456	1023	0	0	1023
2701030	-1	-1	0	0	0	0	0
2710030	9153304	-1	1569792	1372	0	0	1372
2719029	-1	-1	0	0	0	0	0
2728030	7275680	-1	1357824	1493	0	0	1493
2732030	-1	-1	0	0	0	0	0
2741028	8711440	-1	1648640	1514	0	0	1514
2750028	11048792	-1	598016	433	0	0	465
2755031	10466824	-1	815104	623	0	0	623
2764030	-1	-1	0	0	0	0	0
2773030	10354856	-1	1500160	1159	0	0	1159
2782028	-1	-1	0	0	0	0	0
2791029	9508312	-1	1324032	1114	0	0	1114
2795031	-1	-1	0	0	0	0	0
2804028	4874080	-1	1577984	2590	0	0	2590
2809963	3138248	-1	770048	1963	0	0	1963
2810963	2689664	-1	335872	999	0	0	999
2811958	3690376	-1	475136	1030	0	0	1030
2814957	2886472	-1	1081344	2997	0	0	2997
2823964	1567296	-1	641024	3272	0	0	3272
2829963	1292600	-1	873472	5406	0	0	5406
2838963	2665760	-1	406528	1220	0	0	1220
2847958	4744200	-1	1573888	2654	0	0	2654
2856963	-1	-1	0	0	0	0	0
2865964	6984912	-1	971776	1113	0	0	1113
2867963	-1	-1	0	0	0	0	0
2876964	8484952	-1	1631232	1538	0	0	1538
2885963	-1	-1	0	0	0	0	0
2894963	11180232	-1	1674240	1198	0	0	1198
2903964	14021888	-1	857088	489	0	0	554
2908963	13663352	-1	930816	545	0	0	545
2917963	-1	-1	0	0	0	0	0
2926963	-1	-1	0	0	0	0	0
2930963	-1	-1	0	0	0	0	0
2938956	8995064	-1	2454528	2183	0	0	2183
2947963	-1	-1	0	0	0	0	0
2956964	9005392	-1	1587200	1410	0	0	1410
2965964	-1	-1	0	0	0	0	0
2974960	-1	-1	0	0	0	0	0
2983961	9096968	-1	2433440	2140	0	0	2140
2984957	-1	-1	0	0	0	0	0
2993958	-1	-1	0	0	0	0	0
3002956	-1	-1	0	0	0	0	0
3004963	-1	-1	0	0	0	0	0
3013958	8572456	-1	2168832	2024	0	0	2024
3020956	-1	-1	0	0	0	0	0
3029961	9634728	-1	2188288	1817	0	0	1817
3038961	-1	-1	0	0	0	0	0
3047962	11054264	-1	1720320	1245	0	0	1245
3056964	-1	-1	0	0	0	0	0
3065964	10673656	-1	1726464	1294	0	0	1294
3072964	-1	-1	0	0	0	0	0
3081964	-1	-1	0	0	0	0	0
3090956	4499488	-1	188416	335	0	0	336
3095964	10308392	-1	2778112	2156	0	0	2156
3104961	-1	-1	0	0	0	0	0
3113959	8468936	-1	970752	917	0	0	917
3122960	-1	-1	0	0	0	0	0
3131964	10741056	-1	1695744	1263	0	0	1263
3140958	-1	-1	0	0	0	0	0
3149964	11443696	-1	2054144	1436	0	0	1436
3158959	-1	-1	0	0	0	0	0
3167964	11069528	-1	1646592	1190	0	0	1190
3171961	-1	-1	0	0	0	0	0
3180960	-1	-1	0	0	0	0	0
3182959	-1	-1	0	0	0	0	0
3191960	12757304	-1	2352128	1475	0	0	1475
3200957	-1	-1	0	0	0	0	0
3209957	-1	-1	0	0	0	0	0
3212964	-1	-1	0	0	0	0	0
3221957	10493768	-1	2254848	1719	0	0	1719
3230959	-1	-1	0	0	0	0	0
3239956	8993768	-1	1585152	1410	0	0	1410
3249956	-1	-1	0	0	0	0	0
3258964	8660624	-1	1495040	1381	0	0	1381
3267964	-1	-1	0	0	0	0	0
3276963	9140224	-1	1204224	1054	0	0	1054
3285964	-1	-1	0	0	0	0	0
3294960	7969648	-1	1394688	1400	0	0	1400
3302956	-1	-1	0	0	0	0	0
3311965	9107064	-1	1498112	1316	0	0	1316
3320964	-1	-1	0	0	0	0	0
3329961	8427288	-1	1797120	1706	0	0	1706
3338965	-1	-1	0	0	0	0	0
3347964	10283656	-1	1037364	807	0	0	807
3353956	-1	-1	0	0	0	0	0
3362965	8147824	-1	1699840	1669	0	0	1669
3371955	-1	-1	0	0	0	0	0
3380957	16475632	-1	1841152	894	0	0	894
3389965	-1	-1	0	0	0	0	0
3398965	-1	-1	0	0	0	0	0
3402965	-1	-1	0	0	0	0	0
3411965	12154072	-1	1115136	734	0	0	734
3417959	9940856	-1	221184	178	0	0	186
3422961	16965128	-1	926720	437	0	0	437
3431965	-1	-1	0	0	0	0	0
3440965	14490960	-1	885760	489	0	0	489
3449962	-1	-1	0	0	0	0	0
3454963	-1	-1	0	0	0	0	0
3463960	16553256	-1	1502208	726	0	0	726
3465960	-1	-1	0	0	0	0	0
3474965	-1	-1	0	0	0	0	0
3483958	-1	-1	0	0	0	0	0
3485966	-1	-1	0	0	0	0	0
3494958	17813360	-1	2041856	917	0	0	917
3503965	-1	-1	0	0	0	0	0
3512955	14536504	-1	1039360	572	0	0	572
3521965	-1	-1	0	0	0	0	0
3530965	14857448	-1	1006592	542	0	0	542
3536966	-1	-1	0	0	0	0	0
3545955	-1	-1	0	0	0	0	0
3553956	15678600	-1	1707008	871	0	0	871
3557960	-1	-1	0	0	0	0	0
3564957	-1	-1	0	0	0	0	0
3573958	15434000	-1	1147904	595	0	0	595
3582966	-1	-1	0	0	0	0	0
3591957	-1	-1	0	0	0	0	0
3600965	14222872	-1	1866752	1050	0	0	1050
3601961	-1	-1	0	0	0	0	0
3610956	-1	-1	0	0	0	0	0
3619966	-1	-1	0	0	0	0	0
3628956	16404560	-1	1634304	797	0	0	945
3630966	-1	-1	0	0	0	0	0
3639966	-1	-1	0	0	0	0	0
3648959	12791016	-1	1002496	627	0	0	627
3657959	-1	-1	0	0	0	0	0
3666959	13733648	-1	1225728	714	0	0	714
3675964	-1	-1	0	0	0	0	0
3684957	11697352	-1	932864	638	0	0	638
3693967	-1	-1	0	0	0	0	0
3702962	14068360	-1	1238016	704	0	0	704
3711956	-1	-1	0	0	0	0	0
3720957	5581016	-1	1303168	1868	0	0	1868
3729967	-1	-1	0	0	0	0	0
3738957	9159800	-1	1230848	1075	0	0	1075
3742956	-1	-1	0	0	0	0	0
3751963	-1	-1	0	0	0	0	0
3755956	-1	-1	0	0	0	0	0
3764957	6007664	-1	2053120	2734	0	0	2734
3773965	-1	-1	0	0	0	0	0
3782955	7882240	-1	1459200	1481	0	0	1481
3791967	-1	-1	0	0	0	0	0
3800968	7858512	-1	1496064	1523	0	0	1523
3809963	-1	-1	0	0	0	0	0
3818966	9221992	-1	1576960	1368	0	0	1368
3827958	-1	-1	0	0	0	0	0
3835967	8586584	-1	1492992	1391	0	0	1391
3844956	-1	-1	0	0	0	0	0
3853956	8762136	-1	1495040	1365	0	0	1365
3862967	-1	-1	0	0	0	0	0
3871956	7792920	-1	1479680	1519	0	0	1519
3880961	-1	-1	0	0	0	0	0
3889959	6181440	-1	1394688	1805	0	0	1805
3898964	-1	-1	0	0	0	0	0
3907963	8219824	-1	1512448	1472	0	0	1472
3916966	-1	-1	0	0	0	0	0
3925967	9777752	-1	1597440	1307	0	0	1307
3934966	-1	-1	0	0	0	0	0
3943961	9980976	-1	1479680	1186	0	0	1186
3952966	-1	-1	0	0	0	0	0
3961963	9835832	-1	1482752	1206	0	0	1206
3970966	-1	-1	0	0	0	0	0
3979967	8255504	-1	1198080	1161	0	0	1161
3988957	-1	-1	0	0	0	0	0
3995959	9335552	-1	1379328	1182	0	0	1182
4005964	-1	-1	0	0	0	0	0
4007956	-1	-1	0	0	0	0	0
4015966	-1	-1	0	0	0	0	0
4022965	7507240	-1	2144256	2285	0	0	2285
4031955	-1	-1	0	0	0	0	0
4040968	8675000	-1	1875968	1730	0	0	1730
4049962	-1	-1	0	0	0	0	0
4055964	12582136	-1	1467392	933	0	0	933
4064962	-1	-1	0	0	0	0	0
4073966	8786880	-1	1628868	1483	0	0	1483
4082964	-1	-1	0	0	0	0	0
4091956	-1	-1	0	0	0	0	0
4100964	4327976	-1	668672	1236	0	0	1341
4104964	8622216	-1	1477632	1371	0	0	1371
4113957	-1	-1	0	0	0	0	0
4122962	6920528	-1	1220608	1411	0	0	1411
4131962	-1	-1	0	0	0	0	0
4140968	7907176	-1	1790976	1812	0	0	1812
4149958	-1	-1	0	0	0	0	0
4158956	7615096	-1	1486848	1562	0	0	1562
4167967	-1	-1	0	0	0	0	0
4176961	8974128	-1	1809408	1613	0	0	1613
4185961	-1	-1	0	0	0	0	0
4194963	-1	-1	0	0	0	0	0
4201963	6193784	-1	923648	1193	0	0	1306
4205962	9466728	-1	1551360	1311	0	0	1311
4214966	-1	-1	0	0	0	0	0
4223967	6682944	-1	1809408	2166	0	0	2166
4229964	-1	-1	0	0	0	0	0
4238956	7538104	-1	1475584	1566	0	0	1566
4247955	-1	-1	0	0	0	0	0
4256967	8185848	-1	1361920	1331	0	0	1331
4265959	-1	-1	0	0	0	0	0
4274968	8912248	-1	1355776	1217	0	0	1217
4283966	-1	-1	0	0	0	0	0
4292968	-1	-1	0	0	0	0	0
4294957	-1	-1	0	0	0	0	0
4303963	10087200	-1	2180096	1729	0	0	1729
4312963	-1	-1	0	0	0	0	0
4319957	6623424	-1	1418240	1713	0	0	1713
4328959	-1	-1	0	0	0	0	0
4337959	7426128	-1	1340416	1444	0	0	1444
4346956	-1	-1	0	0	0	0	0
4355955	7098096	-1	1182720	1333	0	0	1333
4364963	-1	-1	0	0	0	0	0
4373960	7803680	-1	1502208	1540	0	0	1540
4382966	-1	-1	0	0	0	0	0
4391955	6866128	-1	1336320	1557	0	0	1557
4400963	-1	-1	0	0	0	0	0
4409967	6409184	-1	1317888	1645	0	0	1645
4418962	-1	-1	0	0	0	0	0
4427968	-1	-1	0	0	0	0	0
4435956	7231912	-1	2013184	2227	0	0	2227
4438963	-1	-1	0	0	0	0	0
4447960	-1	-1	0	0	0	0	0
4456961	6195832	-1	1356888	1752	0	0	1752
4465964	-1	-1	0	0	0	0	0
4474969	7208296	-1	1328128	1474	0	0	1474
4483968	-1	-1	0	0	0	0	0
4492969	5888136	-1	1408000	1913	0	0	1913
4501969	-1	-1	0	0	0	0	0
4510956	4592928	-1	1599488	2786	0	0	2786
4519965	-1	-1	0	0	0	0	0
4528963	5484536	-1	806912	1177	0	0	1177
4537964	-1	-1	0	0	0	0	0
4546956	6559600	-1	1567744	1912	0	0	1912
4555967	-1	-1	0	0	0	0	0
4561956	-1	-1	0	0	0	0	0
4570957	5375192	-1	212992	317	0	0	320
4575956	8834888	-1	1857536	1682	0	0	1682
4584963	-1	-1	0	0	0	0	0
4593968	5448752	-1	886784	1302	0	0	1302
4596968	-1	-1	0	0	0	0	0
4605960	5232496	-1	928768	1420	0	0	1420
4614969	3129528	-1	139264	356	0	0	389
4619955	5812528	-1	1333248	1835	0	0	1835
4628969	-1	-1	0	0	0	0	0
4637965	5870552	-1	1841152	2509	0	0	2509
4646961	-1	-1	0	0	0	0	0
4655955	-1	-1	0	0	0	0	0
4659956	-1	-1	0	0	0	0	0
4668960	4631560	-1	1585152	2738	0	0	2738
4677968	4190160	-1	1275904	2436	0	0	2436
4679965	-1	-1	0	0	0	0	0
4688967	-1	-1	0	0	0	0	0
4697959	6118432	-1	1102848	1442	0	0	1442
4706963	-1	-1	0	0	0	0	0
4712964	-1	-1	0	0	0	0	0
4721968	9682688	-1	2188288	1808	0	0	1808
4723956	-1	-1	0	0	0	0	0
4732966	-1	-1	0	0	0	0	0
4741960	7309888	-1	1094656	1198	0	0	1198
4750960	-1	-1	0	0	0	0	0
4759969	7969848	-1	1175552	1180	0	0	1180
4765962	-1	-1	0	0	0	0	0
4774969	-1	-1	0	0	0	0	0
4783963	-1	-1	0	0	0	0	0
4791969	10615872	-1	1901568	1433	0	0	1433
4800957	-1	-1	0	0	0	0	0
4809959	8012936	-1	1099776	1098	0	0	1098
4815956	-1	-1	0	0	0	0	0
4824968	5525560	-1	1329588	1925	0	0	1925
4833969	-1	-1	0	0	0	0	0
4842957	10122168	-1	923648	730	0	0	730
4851956	-1	-1	0	0	0	0	0
4860955	9157792	-1	1087488	950	0	0	950
4869969	-1	-1	0	0	0	0	0
4878966	-1	-1	0	0	0	0	0
4887961	7457672	-1	1268736	1361	0	0	1361
4890957	-1	-1	0	0	0	0	0
4899969	-1	-1	0	0	0	0	0
4908967	2137040	-1	878592	3289	0	0	3289
4917960	-1	-1	0	0	0	0	0
4926957	7394552	-1	1148928	1243	0	0	1243
4935966	-1	-1	0	0	0	0	0
4945958	7637376	-1	1043456	1093	0	0	1093
4954957	-1	-1	0	0	0	0	0
4963957	7489424	-1	1091584	1166	0	0	1166
4972963	-1	-1	0	0	0	0	0
4981962	8004296	-1	1222656	1222	0	0	1222
4990956	-1	-1	0	0	0	0	0
4999959	-1	-1	0	0	0	0	0
5002964	-1	-1	0	0	0	0	0
5011961	6306432	-1	1421312	1803	0	0	1803
5020964	-1	-1	0	0	0	0	0
5029958	5482416	-1	1154048	1684	0	0	1684
5038962	-1	-1	0	0	0	0	0
5047956	7622792	-1	1714176	1799	0	0	1799
5055962	-1	-1	0	0	0	0	0
5064967	6675192	-1	1113088	1334	0	0	1334
5073957	-1	-1	0	0	0	0	0
5082967	7390488	-1	1369088	1482	0	0	1482
5091967	-1	-1	0	0	0	0	0
5100957	-1	-1	0	0	0	0	0
5108962	-1	-1	0	0	0	0	177
5113968	9877720	-1	1710080	1385	0	0	1385
5122957	-1	-1	0	0	0	0	0
5131956	8273920	-1	1344512	1300	0	0	1300
5140961	-1	-1	0	0	0	0	0
5149967	10131256	-1	1144832	904	0	0	904
5158962	-1	-1	0	0	0	0	0
5167961	8150248	-1	1143072	1122	0	0	1122
5176967	-1	-1	0	0	0	0	0
5185962	5120000	-1	1203200	1880	0	0	1880
5194958	-1	-1	0	0	0	0	0
5203960	-1	-1	0	0	0	0	0
5212956	11230696	-1	2028544	1445	0	0	1502
5216959	16110936	-1	181248	90	0	0	90
5225960	-1	-1	0	0	0	0	0
5234961	12599696	-1	1759232	1117	0	0	1117
5243964	-1	-1	0	0	0	0	0
5252968	14507896	-1	1512448	834	0	0	834
5261961	-1	-1	0	0	0	0	0
5270958	15770696	-1	1474560	748	0	0	748
5279963	-1	-1	0	0	0	0	0
5288963	13285664	-1	1097728	661	0	0	661
5297969	-1	-1	0	0	0	0	0
5306961	9461408	-1	1228800	1039	0	0	1039
5315963	-1	-1	0	0	0	0	0
5324957	11565176	-1	1277952	884	0	0	884
5333960	-1	-1	0	0	0	0	0
5342960	12482560	-1	1248256	800	0	0	800
5351966	-1	-1	0	0	0	0	0
5360960	12657240	-1	1509376	954	0	0	954
5369957	-1	-1	0	0	0	0	0
5378957	13804656	-1	1370112	794	0	0	794
5387961	-1	-1	0	0	0	0	0
5396959	12216288	-1	1482752	971	0	0	971
5405968	-1	-1	0	0	0	0	0
5414969	13986344	-1	1433600	820	0	0	820
5423958	-1	-1	0	0	0	0	0
5432957	13798440	-1	1071104	621	0	0	621
5441961	-1	-1	0	0	0	0	0
5450957	11328848	-1	961536	679	0	0	679
5459962	-1	-1	0	0	0	0	0
5468966	9601832	-1	920576	767	0	0	767
5477962	-1	-1	0	0	0	0	0
5486960	10814440	-1	886784	656	0	0	656
5495963	-1	-1	0	0	0	0	0
5503963	10175536	-1	1050624	826	0	0	826
5510963	-1	-1	0	0	0	0	0
5519957	12504848	-1	1062912	680	0	0	680
5528963	-1	-1	0	0	0	0	0
5537960	9733160	-1	716604	589	0	0	589
5546959	-1	-1	0	0	0	0	0
5554963	8102104	-1	1476608	1458	0	0	1458
5563969	-1	-1	0	0	0	0	0
5572964	12009632	-1	1236992	824	0	0	824
5581961	-1	-1	0	0	0	0	0
5590959	12943168	-1	1405952	869	0	0	869
5599963	-1	-1	0	0	0	0	0
5608960	11390864	-1	1287168	904	0	0	904
5615963	-1	-1	0	0	0	0	0
5624963	12616760	-1	1670144	1059	0	0	1059
5633961	-1	-1	0	0	0	0	0
5642963	7746544	-1	1460224	1508	0	0	1508
5651959	-1	-1	0	0	0	0	0
5660968	11039880	-1	2282496	1654	0	0	1654
5669965	-1	-1	0	0	0	0	0
5678969	-1	-1	0	0	0	0	0
5685962	-1	-1	0	0	0	0	0
5695766	-1	-1	0	0	0	0	1373
5700299	-1	-1	0	0	0	0	33
5703989	-1	-1	0	0	0	0	29
5714707	14357712	-1	1015808	566	0	0	566
5715709	-1	-1	0	0	0	0	0
5716704	-1	-1	0	0	0	0	0
5717710	-1	-1	0	0	0	0	0
5718705	-1	-1	0	0	0	0	0
5719710	-1	-1	0	0	0	0	0
5720716	-1	-1	0	0	0	0	0
5721706	-1	-1	0	0	0	0	0
5726705	-1	-1	0	0	0	0	0
5733704	-1	-1	0	0	0	0	0
5741711	-1	-1	0	0	0	0	0
5750710	11360600	-1	903168	636	0	0	636
5755706	-1	-1	0	0	0	0	0
5764707	-1	-1	0	0	0	0	0
5774740	-1	-1	0	0	0	0	0
5782718	13042448	-1	2186240	1341	0	0	1341
5791707	-1	-1	0	0	0	0	0
5799713	12947128	-1	1971200	1218	0	0	1218
5807712	-1	-1	0	0	0	0	0
5816718	-1	-1	0	0	0	0	0
5823706	-1	-1	0	0	0	0	0
5832718	13407504	-1	2587648	1544	0	0	1544
5842714	-1	-1	0	0	0	0	0
5851704	11103088	-1	777216	560	0	0	560
5860711	-1	-1	0	0	0	0	0
5866718	10550856	-1	590848	448	0	0	448
5874710	-1	-1	0	0	0	0	0
5883704	14207840	-1	1390592	783	0	0	783
5892706	-1	-1	0	0	0	0	0
5901707	-1	-1	0	0	0	0	0
5909706	14610472	-1	1417216	776	0	0	923
5912711	-1	-1	0	0	0	0	0
5921711	-1	-1	0	0	0	0	0
5930705	11190664	-1	1054720	754	0	0	754
5937703	-1	-1	0	0	0	0	0
5946718	13925296	-1	1293312	743	0	0	743
5951734	-1	-1	0	0	0	0	0
5960705	12824184	-1	1187840	741	0	0	741
5970713	-1	-1	0	0	0	0	0
5978710	-1	-1	0	0	0	0	0
5982709	-1	-1	0	0	0	0	0
5989706	12275120	-1	975872	636	0	0	636
5994710	-1	-1	0	0	0	0	0
5995704	8857536	-1	926720	837	0	0	837
6000707	-1	-1	116736	45	0	0	45
6013100	10591616	-1	5143552	3885	0	0	8548
6027743	12857752	-1	3177472	1977	0	0	1977
6036749	-1	-1	0	0	0	0	0
6045749	-1	-1	0	0	0	0	0
6055743	-1	-1	0	0	0	0	0
6060747	-1	-1	0	0	0	0	0
6070749	-1	-1	0	0	0	0	0
6078751	-1	-1	0	0	0	0	0
6083753	-1	-1	0	0	0	0	0
6092747	-1	-1	0	0	0	0	0
6101756	-1	-1	0	0	0	0	0
6110748	-1	-1	0	0	0	0	0
6119742	-1	-1	0	0	0	0	0
6128756	7867056	-1	1884160	1916	0	0	1916
6137742	-1	-1	0	0	0	0	0
6145743	7220064	-1	798720	885	0	0	885
6154743	8625008	-1	754688	700	0	0	996
6158751	10620856	-1	756736	570	0	0	570
6168743	7573920	-1	790528	835	0	0	835
6170756	-1	-1	0	0	0	0	0
6179751	-1	-1	0	0	0	0	0
6185746	12181232	-1	1285120	844	0	0	844
6194757	-1	-1	0	0	0	0	0
6197742	-1	-1	0	0	0	0	0
6206751	-1	-1	0	0	0	0	0
6213746	9971200	-1	1595392	1280	0	0	1280
6217745	-1	-1	0	0	0	0	0
6226748	9162640	-1	1439680	1257	0	0	1257
6235746	6059520	-1	1064960	1406	0	0	1406
6237744	-1	-1	0	0	0	0	0
6246753	-1	-1	0	0	0	0	0
6255746	7687304	-1	1481728	1542	0	0	1542
6264742	-1	-1	0	0	0	0	0
6273742	-1	-1	0	0	0	0	0
6277742	-1	-1	0	0	0	0	0
6286753	9773168	-1	2063360	1689	0	0	1689
6295756	-1	-1	0	0	0	0	0
6304748	9272728	-1	2029568	1751	0	0	1751
6309747	-1	-1	0	0	0	0	0
6318752	-1	-1	0	0	0	0	0
6327746	-1	-1	0	0	0	0	0
6336747	8814176	-1	2001920	1817	0	0	1817
6345746	-1	-1	0	0	0	0	0
6354746	7407056	-1	1062912	1148	0	0	1148
6363742	-1	-1	0	0	0	0	0
6372742	5822360	-1	908288	1248	0	0	1248
6377754	-1	-1	0	0	0	0	0
6386748	7440440	-1	1723392	1853	0	0	1853
6394757	-1	-1	0	0	0	0	0
6403749	8122512	-1	1077248	1061	0	0	1061
6412756	-1	-1	0	0	0	0	0
6421753	-1	-1	0	0	0	0	0
6426747	-1	-1	0	0	0	0	0
6435747	8272080	-1	1798144	1739	0	0	1739
6444754	6361096	-1	1245184	1566	0	0	1566
6446743	-1	-1	0	0	0	0	0
6455751	-1	-1	0	0	0	0	0
6461743	10015792	-1	1360896	1087	0	0	1087
6470756	-1	-1	0	0	0	0	0
6479745	7421928	-1	1144832	1234	0	0	1234
6485746	-1	-1	0	0	0	0	0
6494757	7679392	-1	813056	847	0	0	847
6503747	8069368	-1	673792	668	0	0	831
6508756	8214944	-1	733184	714	0	0	714
6516753	-1	-1	0	0	0	0	0
6523749	7980888	-1	1780736	1785	0	0	1785
6532748	-1	-1	0	0	0	0	0
6540747	8000880	-1	1886208	1886	0	0	1886
6547745	-1	-1	0	0	0	0	0
6556746	-1	-1	0	0	0	0	0
6560743	-1	-1	0	0	0	0	0
6566745	8533192	-1	2535424	2377	0	0	2377
6574742	-1	-1	0	0	0	0	0
6583742	9305848	-1	1736704	1493	0	0	1493
6592743	-1	-1	0	0	0	0	0
6601746	7173232	-1	1529692	1706	0	0	1706
6610742	-1	-1	0	0	0	0	0
6619754	10939104	-1	1590272	1163	0	0	1163
6628754	-1	-1	0	0	0	0	0
6637754	11101848	-1	1586176	1143	0	0	1143
6646749	-1	-1	0	0	0	0	0
6655743	10584200	-1	1889280	1428	0	0	1428
6664743	-1	-1	0	0	0	0	0
6673748	8533840	-1	1431552	1342	0	0	1342
6679747	-1	-1	0	0	0	0	0
6688747	10325192	-1	1551360	1202	0	0	1202
6697743	-1	-1	0	0	0	0	0
6706742	8709504	-1	1619968	1488	0	0	1488
6715742	-1	-1	0	0	0	0	0
6724757	8842872	-1	1613824	1460	0	0	1460
6733754	-1	-1	0	0	0	0	0
6742742	6076600	-1	1200128	1580	0	0	1580
6751749	-1	-1	0	0	0	0	0
6760751	7853768	-1	1402880	1429	0	0	1429
6769746	-1	-1	0	0	0	0	0
6778751	8203928	-1	1409024	1374	0	0	1374
6787757	-1	-1	0	0	0	0	0
6796745	6973224	-1	1851392	2124	0	0	2124
6805746	-1	-1	0	0	0	0	0
6814742	-1	-1	0	0	0	0	0
6820742	5925496	-1	409600	553	0	0	593
6821744	7496376	-1	937984	1001	0	0	1002
6823758	10596536	-1	654336	494	0	0	494
6832752	6988480	-1	1599488	1831	0	0	1831
6841744	-1	-1	0	0	0	0	0
6850752	9441912	-1	1144832	970	0	0	970
6858751	-1	-1	0	0	0	0	0
6866744	11634728	-1	1823744	1254	0	0	1254
6875746	-1	-1	0	0	0	0	0
6884747	16328200	-1	1498112	734	0	0	734
6893749	-1	-1	0	0	0	0	0
6902744	9855256	-1	1055744	857	0	0	857
6912749	-1	-1	0	0	0	0	0
6921742	7821544	-1	1145856	1172	0	0	1172
6926742	-1	-1	0	0	0	0	0
6935758	-1	-1	0	0	0	0	0
6940754	-1	-1	0	0	0	0	0
6949742	8769128	-1	2606624	2378	0	0	2378
6958744	-1	-1	0	0	0	0	0
6967758	-1	-1	0	0	0	0	0
6976743	-1	-1	0	0	0	0	0
6983752	11925912	-1	2377728	1595	0	0	1595
6992742	-1	-1	0	0	0	0	0
7001747	12068448	-1	1801216	1194	0	0	1194
7010742	-1	-1	0	0	0	0	0
7017742	9801656	-1	1745920	1425	0	0	1425
7026749	-1	-1	0	0	0	0	0
7035742	9313456	-1	1590272	1366	0	0	1366
7044742	-1	-1	0	0	0	0	0
7053757	12922944	-1	1594368	987	0	0	987
7062746	-1	-1	0	0	0	0	0
7071743	-1	-1	0	0	0	0	0
7074742	-1	-1	0	0	0	0	0
7083742	11191984	-1	1631232	1166	0	0	1166
7084742	-1	-1	0	0	0	0	0
7093742	13672920	-1	1668096	976	0	0	976
7102742	-1	-1	0	0	0	0	0
7111742	10399504	-1	1669120	1284	0	0	1284
7120742	-1	-1	0	0	0	0	0
7129742	10829760	-1	1631232	1205	0	0	1205
7138757	-1	-1	0	0	0	0	0
7147754	11485152	-1	1582080	1102	0	0	1102
7156756	-1	-1	0	0	0	0	0
7165750	9557336	-1	1555456	1302	0	0	1302
7174743	-1	-1	0	0	0	0	0
7183743	10630840	-1	1566720	1179	0	0	1179
7192742	-1	-1	0	0	0	0	0
7201742	11355384	-1	1701888	1199	0	0	1199
7210742	-1	-1	0	0	0	0	0
7219742	7854248	-1	1404928	1431	0	0	1431
7228742	-1	-1	0	0	0	0	0
7237743	9346680	-1	1840128	1575	0	0	1575
7246750	-1	-1	0	0	0	0	0
7255742	11220840	-1	1464320	1044	0	0	1044
7264742	-1	-1	0	0	0	0	0
7273742	11429352	-1	1008640	706	0	0	706
7282742	-1	-1	0	0	0	0	0
7289742	11806584	-1	2297856	1557	0	0	1557
7298743	-1	-1	0	0	0	0	0
7307742	-1	-1	0	0	0	0	0
7313742	-1	-1	0	0	0	0	0
7319743	7968032	-1	1849580	1857	0	0	1857
7328742	-1	-1	0	0	0	0	0
7337743	8599744	-1	1187840	1105	0	0	1105
7343742	8767320	-1	717824	655	0	0	655
7347743	-1	-1	0	0	0	0	0
7356742	-1	-1	0	0	0	0	0
7365742	5995640	-1	1003520	1339	0	0	1339
7374742	-1	-1	0	0	0	0	0
7383742	4473368	-1	582656	1042	0	0	1042
7389743	-1	-1	0	0	0	0	0
7397742	5042496	-1	941056	1493	0	0	1493
7405743	-1	-1	0	0	0	0	0
7414744	4894048	-1	1042432	1704	0	0	1704
7423742	-1	-1	0	0	0	0	0
7428743	3660256	-1	752640	1645	0	0	1645
7437743	-1	-1	0	0	0	0	0
7446743	3829312	-1	1065984	2227	0	0	2227
7455741	4298048	-1	1317888	2453	0	0	2453
7457742	-1	-1	0	0	0	0	0
7466743	-1	-1	0	0	0	0	0
7475743	2226104	-1	1385472	4979	0	0	4979
7484742	-1	-1	0	0	0	0	0
7493743	-1	-1	0	0	0	0	0
7498744	-1	-1	0	0	0	0	0
7507743	3436936	-1	1652736	3847	0	0	3847
7516742	-1	-1	0	0	0	0	0
7525743	4147944	-1	1144832	2208	0	0	2208
7534743	-1	-1	0	0	0	0	0
7543743	3352448	-1	1198080	2859	0	0	2859
7552743	-1	-1	0	0	0	0	0
7561744	3084600	-1	1410048	3657	0	0	3657
7570743	-1	-1	0	0	0	0	0
7579743	2778312	-1	955392	2751	0	0	2751
7588743	-1	-1	0	0	0	0	0
7596743	-1	-1	0	0	0	0	0
7605743	2937912	-1	1320960	3597	0	0	3597
7606742	-1	-1	0	0	0	0	0
7615742	-1	-1	0	0	0	0	0
7624743	4164328	-1	1123328	2158	0	0	2158
7633743	-1	-1	0	0	0	0	0
7642743	6450920	-1	1479680	1835	0	0	1835
7651743	-1	-1	0	0	0	0	0
7660744	11832888	-1	1224704	828	0	0	828
7669743	-1	-1	0	0	0	0	0
7678744	14521744	-1	1031044	568	0	0	568
7687743	-1	-1	0	0	0	0	0
7696743	9757000	-1	1442816	1183	0	0	1183
7705743	-1	-1	0	0	0	0	0
7712743	16669168	-1	1316864	632	0	0	632
7721750	-1	-1	0	0	0	0	0
7730743	14629928	-1	1580032	864	0	0	864
7739744	-1	-1	0	0	0	0	0
7744745	-1	-1	0	0	0	0	0
7753744	13935816	-1	606208	348	0	0	351
7758744	17294224	-1	1381376	639	0	0	639
7762743	-1	-1	0	0	0	0	0
7771743	15503360	-1	1550336	800	0	0	800
7775743	-1	-1	0	0	0	0	0
7784743	14471472	-1	1394688	771	0	0	771
7791743	-1	-1	0	0	0	0	0
7800744	15388360	-1	1250304	650	0	0	650
7809743	-1	-1	0	0	0	0	0
7818743	13530424	-1	1728512	1022	0	0	1022
7824743	-1	-1	0	0	0	0	0
7833743	12222120	-1	1614848	1057	0	0	1057
7841743	-1	-1	0	0	0	0	0
7850745	8290144	-1	1470464	1419	0	0	1419
7859743	-1	-1	0	0	0	0	0
7868744	-1	-1	0	0	0	0	0
7877743	10945384	-1	822272	601	0	0	787
7882744	11779448	-1	1529856	1039	0	0	1039
7891743	-1	-1	0	0	0	0	0
7900743	11181672	-1	1547264	1107	0	0	1107
7909743	-1	-1	0	0	0	0	0
7918742	10267960	-1	1504256	1172	0	0	1172
7927743	-1	-1	0	0	0	0	0
7935744	9276872	-1	1541120	1329	0	0	1329
7944743	-1	-1	0	0	0	0	0
7953743	10706152	-1	1434624	1072	0	0	1072
7962743	-1	-1	0	0	0	0	0
7971743	9534616	-1	1432576	1202	0	0	1202
7980743	-1	-1	0	0	0	0	0
7988747	7805096	-1	1074176	1101	0	0	1101
7996742	-1	-1	0	0	0	0	0
8005743	9410296	-1	1376256	1170	0	0	1170
8014743	-1	-1	0	0	0	0	0
8023743	13619040	-1	2168832	1274	0	0	1274
8032743	-1	-1	0	0	0	0	0
8041743	12432488	-1	1314736	846	0	0	846
8050742	-1	-1	0	0	0	0	0
8056744	9912872	-1	1846272	1490	0	0	1490
8065743	-1	-1	0	0	0	0	0
8074743	-1	-1	0	0	0	0	0
8083745	10413728	-1	1089536	837	0	0	849
8088744	12600432	-1	2250752	1429	0	0	1429
8096744	-1	-1	0	0	0	0	0
8105743	-1	-1	0	0	0	0	0
8112744	-1	-1	0	0	0	0	0
8121745	11139592	-1	2383872	1712	0	0	1712
8130744	-1	-1	0	0	0	0	0
8138744	12491504	-1	1728512	1107	0	0	1107
8145743	-1	-1	0	0	0	0	0
8154742	9723576	-1	1547264	1273	0	0	1273
8163742	-1	-1	0	0	0	0	0
8173744	-1	-1	0	0	0	0	0
8182744	10385432	-1	1992704	1535	0	0	1561
8184743	-1	-1	0	0	0	0	0
8193744	-1	-1	0	0	0	0	0
8202745	8464680	-1	1494016	1412	0	0	1412
8211744	-1	-1	0	0	0	0	0
8220743	9989928	-1	1564672	1253	0	0	1253
8229744	-1	-1	0	0	0	0	0
8238746	10351536	-1	1639424	1267	0	0	1267
8247744	-1	-1	0	0	0	0	0
8256744	10929816	-1	1565696	1146	0	0	1146
8261743	-1	-1	0	0	0	0	0
8270743	8382512	-1	1531904	1462	0	0	1462
8279744	-1	-1	0	0	0	0	0
8288744	11119800	-1	1559552	1122	0	0	1122
8297745	-1	-1	0	0	0	0	0
8306743	8646784	-1	1499136	1387	0	0	1387
8315744	-1	-1	0	0	0	0	0
8324744	10126456	-1	1849344	1461	0	0	1461
8333744	-1	-1	0	0	0	0	0
8342744	8734520	-1	1154048	1057	0	0	1057
8351744	-1	-1	0	0	0	0	0
8360744	10626352	-1	1591296	1198	0	0	1198
8369744	-1	-1	0	0	0	0	0
8378742	9013304	-1	1314816	1167	0	0	1167
8387743	7125864	-1	930816	1045	0	0	1045
8391744	-1	-1	0	0	0	0	0
8400749	-1	-1	0	0	0	0	0
8409745	10218392	-1	1643884	1287	0	0	1287
8414745	-1	-1	0	0	0	0	0
8423745	8494976	-1	1492992	1406	0	0	1406
8432745	-1	-1	0	0	0	0	0
8441744	7063248	-1	845824	958	0	0	958
8450745	-1	-1	0	0	0	0	0
8456745	9176752	-1	1316864	1148	0	0	1148
8460745	-1	-1	0	0	0	0	0
8469745	12961232	-1	1054720	651	0	0	651
8478744	-1	-1	0	0	0	0	0
8487745	9735328	-1	1530880	1258	0	0	1258
8496746	-1	-1	0	0	0	0	0
8505745	9432016	-1	1464320	1242	0	0	1242
8514744	12740568	-1	1138688	715	0	0	715
8515745	-1	-1	0	0	0	0	0
8524744	-1	-1	0	0	0	0	0
8533744	10893016	-1	1379328	1013	0	0	1013
8541745	-1	-1	0	0	0	0	0
8547746	12889824	-1	1469440	912	0	0	912
8556745	-1	-1	0	0	0	0	0
8565744	15507696	-1	1612800	832	0	0	832
8574743	-1	-1	0	0	0	0	0
8583745	-1	-1	0	0	0	0	0
8586745	-1	-1	0	0	0	0	0
8595746	12181232	-1	2570240	1688	0	0	1688
8604744	-1	-1	0	0	0	0	0
8613745	10848088	-1	1539072	1135	0	0	1135
8622745	-1	-1	0	0	0	0	0
8629745	9450464	-1	1614848	1367	0	0	1367
8638744	-1	-1	0	0	0	0	0
8647745	15123696	-1	1695744	897	0	0	897
8656744	-1	-1	0	0	0	0	0
8665744	-1	-1	0	0	0	0	0
8666745	-1	-1	0	0	0	0	0
8675743	14421280	-1	2987008	1657	0	0	1657
8684744	-1	-1	0	0	0	0	0
8693743	9644168	-1	1781760	1478	0	0	1478
8702744	-1	-1	0	0	0	0	0
8711746	10037928	-1	1882112	1500	0	0	1500
8720745	-1	-1	0	0	0	0	0
8729745	8475216	-1	1225728	1157	0	0	1157
8738742	-1	-1	0	0	0	0	0
8747745	10029232	-1	1291264	1030	0	0	1030
8756745	-1	-1	0	0	0	0	0
8765745	-1	-1	0	0	0	0	0
8774744	9970120	-1	3050856	2448	0	0	2448
8776746	-1	-1	0	0	0	0	0
8785745	-1	-1	0	0	0	0	0
8794744	9940248	-1	1519616	1223	0	0	1223
8803745	-1	-1	0	0	0	0	0
8812746	-1	-1	0	0	0	0	0
8821746	-1	-1	0	0	0	0	0
8828745	11902248	-1	2069504	1391	0	0	1391
8835745	-1	-1	0	0	0	0	0
8844745	8978432	-1	1543168	1375	0	0	1375
8853743	-1	-1	0	0	0	0	0
8862746	12694400	-1	2638848	1663	0	0	1663
8871746	-1	-1	0	0	0	0	0
8880745	-1	-1	0	0	0	0	0
8885745	-1	-1	0	0	0	0	0
8894743	10524792	-1	2374656	1805	0	0	1805
8903745	-1	-1	0	0	0	0	0
8912745	10528712	-1	1596416	1213	0	0	1213
8921770	-1	-1	0	0	0	0	0
8930743	13263240	-1	1392640	840	0	0	840
8939745	-1	-1	0	0	0	0	0
8948746	11906592	-1	1470464	988	0	0	988
8957745	-1	-1	0	0	0	0	0
8966746	9506928	-1	1480704	1246	0	0	1246
8975743	-1	-1	0	0	0	0	0
8984745	9202576	-1	1491968	1297	0	0	1297
8993745	-1	-1	0	0	0	0	0
9001745	10255584	-1	1516544	1183	0	0	1183
9010745	-1	-1	0	0	0	0	0
9019745	11096304	-1	1592320	1148	0	0	1148
9028745	-1	-1	0	0	0	0	0
9037745	11923144	-1	1773568	1190	0	0	1190
9046745	-1	-1	0	0	0	0	0
9055745	10653088	-1	1564672	1175	0	0	1175
9064745	-1	-1	0	0	0	0	0
9073746	11244920	-1	1584128	1127	0	0	1127
9082745	-1	-1	0	0	0	0	0
9091745	-1	-1	0	0	0	0	0
9100745	10738104	-1	2522112	1879	0	0	1879
9101745	-1	-1	0	0	0	0	0
9110745	-1	-1	0	0	0	0	0
9119746	9376152	-1	1483776	1266	0	0	1266
9128745	-1	-1	0	0	0	0	0
9137747	10761224	-1	1502536	1117	0	0	1117
9146743	-1	-1	0	0	0	0	0
9155746	-1	-1	0	0	0	0	0
9158744	-1	-1	0	0	0	0	0
9167746	9517112	-1	2140160	1799	0	0	1799
9176745	-1	-1	0	0	0	0	0
9185745	9920968	-1	1233920	995	0	0	995
9194745	-1	-1	0	0	0	0	0
9203744	11093584	-1	1883136	1358	0	0	1358
9212745	-1	-1	0	0	0	0	0
9221777	12589624	-1	2137088	1358	0	0	1358
9230746	-1	-1	0	0	0	0	0
9239747	9388856	-1	1188864	1013	0	0	1013
9248746	-1	-1	0	0	0	0	0
9255746	10510336	-1	1313792	1000	0	0	1000
9263746	-1	-1	0	0	0	0	0
9272745	5303976	-1	1173504	1770	0	0	1770
9281743	-1	-1	0	0	0	0	0
9290745	9229416	-1	1056768	916	0	0	916
9296745	-1	-1	0	0	0	0	0
9305745	10477800	-1	1455104	1111	0	0	1111
9309745	-1	-1	0	0	0	0	0
9318746	11198560	-1	1620992	1158	0	0	1158
9327742	-1	-1	0	0	0	0	0
9336746	8662280	-1	1169408	1080	0	0	1080
9345745	-1	-1	0	0	0	0	0
9353746	-1	-1	0	0	0	0	0
9356745	-1	-1	0	0	0	0	0
9365744	12360600	-1	2092032	1354	0	0	1354
9374743	-1	-1	0	0	0	0	0
9383745	9379248	-1	1375232	1173	0	0	1173
9392745	-1	-1	0	0	0	0	0
9401745	11303584	-1	1681408	1190	0	0	1190
9410745	-1	-1	0	0	0	0	0
9419746	10096784	-1	1443840	1144	0	0	1144
9428745	-1	-1	0	0	0	0	0
9437746	10304872	-1	1423360	1105	0	0	1105
9446744	-1	-1	0	0	0	0	0
9455745	11064728	-1	1435648	1038	0	0	1038
9464744	-1	-1	0	0	0	0	0
9473746	11091224	-1	1684480	1215	0	0	1215
9482745	-1	-1	0	0	0	0	0
9491745	9754432	-1	1393664	1143	0	0	1143
9500747	-1	-1	0	0	0	0	0
9509746	9314144	-1	1441364	1238	0	0	1238
9518746	-1	-1	0	0	0	0	0
9527745	8829808	-1	1545216	1400	0	0	1400
9536746	-1	-1	0	0	0	0	0
9545746	7581008	-1	1308672	1381	0	0	1381
9554745	-1	-1	0	0	0	0	0
9563745	8697024	-1	1516544	1395	0	0	1395
9572745	-1	-1	0	0	0	0	0
9581746	9702016	-1	1361920	1123	0	0	1123
9590745	-1	-1	0	0	0	0	0
9599747	9049224	-1	1437696	1271	0	0	1271
9608746	-1	-1	0	0	0	0	0
9617746	8527488	-1	1431552	1343	0	0	1343
9625745	-1	-1	0	0	0	0	0
9634745	9713752	-1	1483776	1222	0	0	1222
9643745	-1	-1	0	0	0	0	0
9652745	9205056	-1	1507328	1310	0	0	1310
9661742	-1	-1	0	0	0	0	0
9670745	9160320	-1	1453056	1269	0	0	1269
9679745	-1	-1	0	0	0	0	0
9688747	9475968	-1	1451008	1225	0	0	1225
9697745	-1	-1	0	0	0	0	0
9706745	9477832	-1	1871872	1580	0	0	1580
9715745	-1	-1	0	0	0	0	0
9724745	8714624	-1	1417216	1301	0	0	1301
9733745	-1	-1	0	0	0	0	0
9742745	9418152	-1	1455104	1236	0	0	1236
9751744	-1	-1	0	0	0	0	0
9760745	-1	-1	0	0	0	0	0
9769742	11131240	-1	1384448	995	0	0	1009
9773745	15110176	-1	704512	373	0	0	373
9782745	-1	-1	0	0	0	0	0
9791747	13958352	-1	1968128	1128	0	0	1128
9800745	-1	-1	0	0	0	0	0
9809745	15757728	-1	1597440	811	0	0	811
9818745	-1	-1	0	0	0	0	0
9827745	9787080	-1	1526784	1248	0	0	1248
9836745	-1	-1	0	0	0	0	0
9842744	-1	-1	0	0	0	0	0
9851745	10365576	-1	2260992	1745	0	0	1745
9854745	-1	-1	0	0	0	0	0
9863745	-1	-1	0	0	0	0	0
9872747	8919560	-1	1644544	1475	0	0	1475
9881742	-1	-1	0	0	0	0	0
9890745	6819224	-1	1234280	1448	0	0	1448
9899746	-1	-1	0	0	0	0	0
9908745	11101512	-1	2606080	1878	0	0	1878
9917743	-1	-1	0	0	0	0	0
9926745	8044496	-1	1452032	1444	0	0	1444
9935745	-1	-1	0	0	0	0	0
9944745	-1	-1	0	0	0	0	0
9953745	-1	-1	0	0	0	0	0
9959748	12344960	-1	2441216	1582	0	0	1582
9966745	-1	-1	0	0	0	0	0
9975745	8045464	-1	1180672	1174	0	0	1174
9984745	-1	-1	0	0	0	0	0
9993745	10195152	-1	1396736	1096	0	0	1096
10000745	-1	-1	0	0	0	0	0
10010745	8571064	-1	1667072	1556	0	0	1556
10019747	-1	-1	0	0	0	0	0
10028742	7829792	-1	1328128	1357	0	0	1357
10037747	-1	-1	0	0	0	0	0
10046748	9748760	-1	1442816	1184	0	0	1184
10053743	-1	-1	0	0	0	0	0
10062745	8887376	-1	1491968	1343	0	0	1343
10069744	-1	-1	0	0	0	0	0
10078743	-1	-1	0	0	0	0	0
10079744	-1	-1	0	0	0	0	0
10088743	9927272	-1	2161664	1742	0	0	1742
10097745	-1	-1	0	0	0	0	0
10106745	9339432	-1	1733632	1485	0	0	1485
10113746	-1	-1	0	0	0	0	0
10122744	8752600	-1	1486848	1359	0	0	1359
10131745	-1	-1	0	0	0	0	0
10140746	9076552	-1	1408000	1241	0	0	1241
10149745	-1	-1	0	0	0	0	0
10158745	9719320	-1	1361920	1121	0	0	1121
10167745	-1	-1	0	0	0	0	0
10176745	-1	-1	0	0	0	0	0
10181745	-1	-1	0	0	0	0	0
10190744	9732696	-1	2121728	1744	0	0	1744
10199745	-1	-1	0	0	0	0	0
10208745	10427808	-1	1790976	1374	0	0	1374
10217743	-1	-1	0	0	0	0	0
10226743	11200232	-1	1528832	1092	0	0	1092
10235745	-1	-1	0	0	0	0	0
10244746	9767680	-1	1612888	1321	0	0	1321
10253743	-1	-1	0	0	0	0	0
10262746	-1	-1	0	0	0	0	0
10271742	8858720	-1	1469440	1327	0	0	1383
10275746	25802824	-1	667648	207	0	0	207
10284748	-1	-1	0	0	0	0	0
10293745	15433832	-1	1230848	638	0	0	638
10302745	-1	-1	0	0	0	0	0
10311744	15842120	-1	1017856	514	0	0	514
10320745	-1	-1	0	0	0	0	0
10329746	17039360	-1	1118208	525	0	0	525
10339745	-1	-1	0	0	0	0	0
10346746	19616792	-1	1186816	484	0	0	484
10355743	-1	-1	0	0	0	0	0
10364747	-1	-1	0	0	0	0	0
10365745	-1	-1	0	0	0	0	0
10374745	18248640	-1	1503232	659	0	0	663
10383745	-1	-1	0	0	0	0	0
10392745	16179200	-1	1132544	560	0	0	560
10401745	-1	-1	0	0	0	0	0
10410746	11516496	-1	2522112	1752	0	0	1752
10419745	-1	-1	0	0	0	0	0
10428745	11277296	-1	1519616	1078	0	0	1078
10436745	-1	-1	0	0	0	0	0
10445746	12369280	-1	1792000	1159	0	0	1159
10454745	-1	-1	0	0	0	0	0
10463745	-1	-1	0	0	0	0	0
10472746	11873392	-1	2668544	1798	0	0	1798
10474750	-1	-1	0	0	0	0	0
10483746	-1	-1	0	0	0	0	0
10492746	11451928	-1	1528832	1068	0	0	1068
10501746	-1	-1	0	0	0	0	0
10510750	11659872	-1	1587200	1089	0	0	1089
10519746	-1	-1	0	0	0	0	0
10528746	10181488	-1	1514496	1190	0	0	1190
10537746	-1	-1	0	0	0	0	0
10546746	14363984	-1	2890752	1610	0	0	1610
10555746	-1	-1	0	0	0	0	0
10564745	11288368	-1	2075648	1471	0	0	1471
10573745	-1	-1	0	0	0	0	0
10582746	10447624	-1	2177024	1667	0	0	1667
10591745	-1	-1	0	0	0	0	0
10600746	-1	-1	0	0	0	0	0
10609743	4843536	-1	401408	663	0	0	680
10614746	15768304	-1	2426348	1231	0	0	1231
10623746	-1	-1	0	0	0	0	0
10632745	9821504	-1	2487296	2026	0	0	2026
10641745	-1	-1	0	0	0	0	0
10650745	10798016	-1	1892352	1402	0	0	1402
10659744	-1	-1	0	0	0	0	0
10668745	9951048	-1	2010112	1616	0	0	1616
10677744	-1	-1	0	0	0	0	0
10686743	10599104	-1	2213888	1671	0	0	1671
10695746	-1	-1	0	0	0	0	0
10704750	-1	-1	0	0	0	0	0
10706745	-1	-1	0	0	0	0	0
10715750	12436104	-1	2880512	1853	0	0	1853
10724745	-1	-1	0	0	0	0	0
10733745	-1	-1	0	0	0	0	0
10735745	-1	-1	0	0	0	0	0
10744745	12730048	-1	2993152	1881	0	0	1881
10750745	-1	-1	0	0	0	0	0
10759746	11952360	-1	2060288	1379	0	0	1379
10768743	-1	-1	0	0	0	0	0
10777746	9885152	-1	1996800	1616	0	0	1616
10786745	-1	-1	0	0	0	0	0
10795749	10898536	-1	2003968	1471	0	0	1471
10804745	-1	-1	0	0	0	0	0
10813746	12512648	-1	2081792	1331	0	0	1331
10822745	-1	-1	0	0	0	0	0
10831749	10942080	-1	1731584	1266	0	0	1266
10840745	-1	-1	0	0	0	0	0
10849745	10539608	-1	1972224	1497	0	0	1497
10858745	-1	-1	0	0	0	0	0
10867746	-1	-1	0	0	0	0	0
10876750	12400456	-1	3331072	2149	0	0	2149
10879747	-1	-1	0	0	0	0	0
10888745	-1	-1	0	0	0	0	0
10897746	9635096	-1	1818624	1510	0	0	1510
10906745	-1	-1	0	0	0	0	0
10915750	10151616	-1	2058240	1622	0	0	1622
10924748	-1	-1	0	0	0	0	0
10933743	11626120	-1	1861632	1281	0	0	1281
10942745	-1	-1	0	0	0	0	0
10951745	8716184	-1	1328128	1219	0	0	1219
10960745	-1	-1	0	0	0	0	0
10969742	10862784	-1	1857536	1368	0	0	1368
10978745	-1	-1	0	0	0	0	0
10987745	6652248	-1	1815232	2183	0	0	2183
10990746	-1	-1	0	0	0	0	0
10999745	8928912	-1	1488896	1334	0	0	1334
11008750	-1	-1	0	0	0	0	0
11017746	-1	-1	0	0	0	0	0
11026741	12858488	-1	3081216	1917	0	0	1917
11029745	-1	-1	0	0	0	0	0
11038745	-1	-1	0	0	0	0	0
11047745	11495952	-1	1560576	1086	0	0	1086
11056745	-1	-1	0	0	0	0	0
11065745	12607480	-1	1353728	859	0	0	859
11074746	-1	-1	0	0	0	0	0
11083750	6691272	-1	1104896	1321	0	0	1321
11092746	-1	-1	0	0	0	0	0
11101746	12082128	-1	2013184	1333	0	0	1333
11105744	-1	-1	0	0	0	0	0
11114745	10348160	-1	1494016	1155	0	0	1155
11123745	-1	-1	0	0	0	0	0
11132746	10013232	-1	1446912	1156	0	0	1156
11141743	-1	-1	0	0	0	0	0
11150746	11793848	-1	2199552	1492	0	0	1492
11159745	14101616	-1	1879040	1066	0	0	1066
11163744	-1	-1	0	0	0	0	0
11172746	-1	-1	0	0	0	0	0
11181745	-1	-1	0	0	0	0	0
11186745	-1	-1	0	0	0	0	0
11195744	14379368	-1	3055616	1700	0	0	1700
11204745	-1	-1	0	0	0	0	0
11210745	13428656	-1	3713024	2212	0	0	2212
11219750	-1	-1	0	0	0	0	0
11228750	9439632	-1	1231872	1044	0	0	1044
11237745	-1	-1	0	0	0	0	0
11246745	14872040	-1	2890752	1555	0	0	1555
11255745	-1	-1	0	0	0	0	0
11264746	12092464	-1	2406400	1592	0	0	1592
11273745	-1	-1	0	0	0	0	0
11282745	-1	-1	0	0	0	0	0
11287750	-1	-1	0	0	0	0	0
11296750	13647304	-1	3089408	1811	0	0	1811
11297745	-1	-1	0	0	0	0	0
11306745	-1	-1	0	0	0	0	0
11315745	-1	-1	0	0	0	0	0
11321747	12953072	-1	2512896	1552	0	0	1552
11330745	-1	-1	0	0	0	0	0
11336745	15154496	-1	3294208	1739	0	0	1739
11346745	-1	-1	0	0	0	0	0
11355750	-1	-1	0	0	0	0	0
11364745	-1	-1	0	0	0	0	0
11372751	12106160	-1	2946336	1947	0	0	1947
11382745	-1	-1	0	0	0	0	0
11388751	9006304	-1	1506304	1338	0	0	1338
11397751	-1	-1	0	0	0	0	0
11406750	10150112	-1	2399232	1891	0	0	1891
11414748	-1	-1	0	0	0	0	0
11423750	10627704	-1	2385920	1796	0	0	1796
11432746	-1	-1	0	0	0	0	0
11441745	10640512	-1	2278400	1713	0	0	1713
11450746	-1	-1	0	0	0	0	0
11456746	10432712	-1	1635328	1254	0	0	1254
11465745	-1	-1	0	0	0	0	0
11474744	-1	-1	0	0	0	0	0
11476745	-1	-1	0	0	0	0	0
11485745	10938184	-1	1925120	1408	0	0	1408
11494745	-1	-1	0	0	0	0	0
11503750	8884792	-1	1497088	1348	0	0	1348
11512745	-1	-1	0	0	0	0	0
11518745	-1	-1	0	0	0	0	0
11527743	13756712	-1	2407424	1400	0	0	1400
11531745	16622600	-1	428032	206	0	0	206
11540745	-1	-1	0	0	0	0	0
11549745	10787552	-1	1553408	1152	0	0	1152
11558751	-1	-1	0	0	0	0	0
11567745	10484960	-1	1610752	1229	0	0	1229
11576746	-1	-1	0	0	0	0	0
11659866	8042856	-1	1490944	1483	0	0	25347
11668866	11293216	-1	2028544	1437	0	0	1437
11672871	-1	-1	0	0	0	0	0
11681877	12910736	-1	2260992	1401	0	0	1401
11690877	-1	-1	0	0	0	0	0
11700861	14860368	-1	3076096	1656	0	0	1656
11707867	-1	-1	0	0	0	0	0
11715866	14234520	-1	1580032	888	0	0	888
11720866	-1	-1	0	0	0	0	0
11729866	14260400	-1	2172928	1219	0	0	1219
11738866	15688584	-1	2310144	1178	0	0	1178
11741860	-1	-1	0	0	0	0	0
11750877	-1	-1	0	0	0	0	0
11759862	14211832	-1	2197504	1237	0	0	1237
11768862	-1	-1	0	0	0	0	0
11777877	12220480	-1	2224128	1456	0	0	1456
11780865	-1	-1	0	0	0	0	0
11789866	11951096	-1	2415616	1617	0	0	1617
11798865	-1	-1	0	0	0	0	0
11804866	11521392	-1	2377728	1651	0	0	1651
11813864	-1	-1	0	0	0	0	0
11822865	-1	-1	0	0	0	0	0
11828866	-1	-1	0	0	0	0	0
11837866	12202800	-1	3813376	2500	0	0	2500
11846871	-1	-1	0	0	0	0	36
11851877	9840928	-1	2297856	1868	0	0	1868
11860863	-1	-1	0	0	0	0	0
11869866	14609904	-1	2976768	1630	0	0	1630
11878866	-1	-1	0	0	0	0	0
11887866	-1	-1	0	0	0	0	0
11891866	-1	-1	0	0	0	0	0
11900866	15458688	-1	3147776	1629	0	0	1629
11906864	-1	-1	0	0	0	0	0
11915866	14174440	-1	2358272	1331	0	0	1331
11924871	-1	-1	0	0	0	0	0
11933867	13891656	-1	2128896	1226	0	0	1226
11936863	-1	-1	0	0	0	0	0
11945866	-1	-1	0	0	0	0	0
11954865	11265280	-1	2258688	1604	0	0	1604
11958866	23196736	-1	1136640	392	0	0	392
11967866	-1	-1	0	0	0	0	0
11976866	18724568	-1	1638400	700	0	0	700
11986862	-1	-1	0	0	0	0	0
11995868	20504768	-1	2119680	827	0	0	827
12004865	-1	-1	0	0	0	0	0
12013861	19788312	-1	1684480	681	0	0	681
12022865	-1	-1	0	0	0	0	0
12028865	-1	-1	0	0	0	0	0
12033866	-1	-1	0	0	0	0	0
12041862	19296480	-1	1920000	796	0	0	796
12050865	19300984	-1	1131520	469	0	0	469
12055865	-1	-1	0	0	0	0	0
12060865	-1	-1	0	0	0	0	0
12069865	18585688	-1	1331200	573	0	0	653
12073865	-1	-1	0	0	0	0	0
12082865	20298528	-1	1603584	632	0	0	632
12086863	-1	-1	0	0	0	0	0
12095876	-1	-1	0	0	0	0	0
12100876	-1	-1	0	0	0	0	0
12106876	21158232	-1	3258368	1232	0	0	1232
12115865	-1	-1	0	0	0	0	0
12124865	19980488	-1	2150400	861	0	0	861
12130863	-1	-1	0	0	0	0	0
12139865	-1	-1	0	0	0	0	0
12141862	-1	-1	0	0	0	0	0
12150862	21451360	-1	3233792	1206	0	0	1206
12159865	-1	-1	0	0	0	0	0
12166865	-1	-1	0	0	0	0	0
12173865	21914680	-1	3128320	1142	0	0	1142
12177865	-1	-1	0	0	0	0	0
12186865	-1	-1	0	0	0	0	0
12194865	21845336	-1	2523136	924	0	0	924
12203860	-1	-1	0	0	0	0	0
12211865	-1	-1	0	0	0	0	0
12214863	-1	-1	0	0	0	0	0
12223866	22820568	-1	3714048	1302	0	0	1302
12232898	-1	-1	0	0	0	0	0
12241866	18811992	-1	1951744	830	0	0	830
12250865	-1	-1	0	0	0	0	0
12259864	3689336	-1	2443264	5298	0	0	5298
12268865	1307800	-1	275456	1685	0	0	1685
12277866	21250144	-1	2217984	835	0	0	835
12286865	-1	-1	0	0	0	0	0
12295866	13291576	-1	2332672	1404	0	0	1404
12304861	-1	-1	0	0	0	0	0
12310866	21426040	-1	2356864	880	0	0	880
12319865	-1	-1	0	0	0	0	0
12328865	9514072	-1	2814976	2367	0	0	2367
12337865	-1	-1	0	0	0	0	0
12346865	11767912	-1	2513920	1709	0	0	1709
12355865	-1	-1	0	0	0	0	0
12364865	11918376	-1	1617920	1086	0	0	1086
12373862	-1	-1	0	0	0	0	0
12382865	10005128	-1	1712128	1369	0	0	1369
12391865	-1	-1	0	0	0	0	0
12393865	-1	-1	0	0	0	0	0
12402865	13210152	-1	4283392	2594	0	0	2594
12404865	-1	-1	0	0	0	0	0
12413866	-1	-1	0	0	0	0	0
12422865	10514552	-1	2049024	1559	0	0	1559
12431865	-1	-1	0	0	0	0	0
12440865	-1	-1	0	0	0	0	0
12443865	-1	-1	0	0	0	0	0
12452865	11489912	-1	2786304	1940	0	0	1940
12455866	-1	-1	0	0	0	0	0
12464866	9653384	-1	2401280	1990	0	0	1990
12473865	-1	-1	0	0	0	0	0
12479865	12124960	-1	1865728	1231	0	0	1231
12488865	-1	-1	0	0	0	0	0
12496866	13954560	-1	3399680	1949	0	0	1949
12505862	-1	-1	0	0	0	0	0
12514865	-1	-1	0	0	0	0	0
12518862	-1	-1	0	0	0	0	0
12526865	12250960	-1	3217408	2101	0	0	2101
12535865	-1	-1	0	0	0	0	0
12544861	11186096	-1	1782784	1275	0	0	1275
12553914	12356264	-1	2224128	1440	0	0	1440
12556866	-1	-1	0	0	0	0	0
12565869	13852920	-1	1042432	602	0	0	740
12570863	15983640	-1	1062912	532	0	0	532
12579865	-1	-1	0	0	0	0	0
12588865	9058920	-1	1166336	1030	0	0	1030
12597866	-1	-1	0	0	0	0	0
12606865	10635712	-1	2353152	1770	0	0	1770
12609865	-1	-1	0	0	0	0	0
12618865	13134328	-1	2280448	1389	0	0	1389
12627866	-1	-1	0	0	0	0	0
12636866	11901128	-1	2520064	1694	0	0	1694
12645860	-1	-1	0	0	0	0	0
12654867	-1	-1	0	0	0	0	0
12657865	-1	-1	0	0	0	0	0
12664866	13192056	-1	3406848	2066	0	0	2066
12673865	-1	-1	0	0	0	0	0
12682865	10857376	-1	2552840	1881	0	0	1881
12691862	-1	-1	0	0	0	0	0
12700863	12582712	-1	2579456	1640	0	0	1640
12709865	-1	-1	0	0	0	0	0
12718866	11352344	-1	2894848	2040	0	0	2040
12727866	-1	-1	0	0	0	0	0
12736865	9612232	-1	2300928	1915	0	0	1915
12745865	-1	-1	0	0	0	0	0
12754865	10551624	-1	2349056	1781	0	0	1781
12763865	-1	-1	0	0	0	0	0
12772865	10304400	-1	1843200	1431	0	0	1431
12781875	-1	-1	0	0	0	0	0
12791876	10726832	-1	2318336	1729	0	0	1729
12800876	-1	-1	0	0	0	0	0
12809866	10852376	-1	3162112	2331	0	0	2331
12818866	-1	-1	0	0	0	0	0
12827865	10179664	-1	2202624	1731	0	0	1731
12836872	-1	-1	0	0	0	0	0
12845866	-1	-1	0	0	0	0	0
12850865	-1	-1	0	0	0	0	0
12859866	11610784	-1	2545664	1754	0	0	1754
12861865	-1	-1	0	0	0	0	0
12870866	7898016	-1	2448384	2480	0	0	2480
12879865	-1	-1	0	0	0	0	0
12885866	10984392	-1	2308096	1681	0	0	1681
12894865	-1	-1	0	0	0	0	0
12903865	12430008	-1	2285568	1471	0	0	1471
12912865	-1	-1	0	0	0	0	0
12921866	12830192	-1	2665472	1662	0	0	1662
12930866	-1	-1	0	0	0	0	0
12939865	12419736	-1	2075648	1337	0	0	1337
12948865	-1	-1	0	0	0	0	0
12957865	10048312	-1	2294784	1827	0	0	1827
12965866	-1	-1	0	0	0	0	0
12974864	13224624	-1	2906112	1758	0	0	1758
12983866	-1	-1	0	0	0	0	0
12992866	10655304	-1	2679808	2012	0	0	2012
13000868	-1	-1	0	0	0	0	0
13009865	10712616	-1	2907136	2171	0	0	2171
13018861	-1	-1	0	0	0	0	0
13027865	-1	-1	0	0	0	0	0
13036865	11590264	-1	3332200	2300	0	0	2300
13038867	-1	-1	0	0	0	0	0
13047865	-1	-1	0	0	0	0	0
13054866	7715824	-1	1792000	1858	0	0	1858
13063865	-1	-1	0	0	0	0	0
13072865	8979368	-1	1646592	1467	0	0	1467
13075865	-1	-1	0	0	0	0	0
13084866	12141536	-1	2546688	1678	0	0	1678
13093863	-1	-1	0	0	0	0	0
13102866	11709560	-1	2300928	1572	0	0	1572
13111874	-1	-1	0	0	0	0	0
13120866	10229064	-1	1676288	1311	0	0	1311
13127868	-1	-1	0	0	0	0	0
13133865	-1	-1	0	0	0	0	0
13142868	11380944	-1	2865152	2014	0	0	2014
13144860	-1	-1	0	0	0	0	0
13153889	9999848	-1	1716224	1373	0	0	1373
13157865	-1	-1	130048	54	0	0	54
13164865	-1	-1	0	0	0	0	0
13173865	12213528	-1	2686976	1760	0	0	1760
13182876	-1	-1	0	0	0	0	0
13191865	-1	-1	0	0	0	0	0
13195863	-1	-1	0	0	0	0	0
13204863	12217480	-1	3104768	2033	0	0	2033
13209861	-1	-1	0	0	0	0	0
13218865	9763912	-1	2105344	1725	0	0	1725
13227865	-1	-1	0	0	0	0	0
13234866	-1	-1	0	0	0	0	0
13243862	12089936	-1	3125248	2068	0	0	2068
13246876	-1	-1	0	0	0	0	0
13255865	-1	-1	0	0	0	0	0
13264866	9732720	-1	2244608	1845	0	0	1845
13273865	-1	-1	0	0	0	0	0
13282868	11525952	-1	2230272	1548	0	0	1548
13291868	-1	-1	0	0	0	0	0
13300865	9684248	-1	1614848	1334	0	0	1334
13309866	-1	-1	0	0	0	0	0
13318864	-1	-1	0	0	0	0	0
13319865	-1	-1	0	0	0	0	0
13328866	11423656	-1	2280448	1597	0	0	1597
13337866	9670008	-1	2123776	1757	0	0	1757
13339866	-1	-1	0	0	0	0	0
13348865	-1	-1	0	0	0	0	0
13357865	9246896	-1	1570816	1359	0	0	1359
13366865	-1	-1	0	0	0	0	0
13373866	9624192	-1	2456576	2042	0	0	2042
13380860	-1	-1	0	0	0	0	0
13389862	-1	-1	0	0	0	0	0
13393864	-1	-1	0	0	0	0	0
13402866	11510920	-1	3697884	2570	0	0	2570
13411866	-1	-1	0	0	0	0	0
13420873	9573328	-1	2349056	1963	0	0	1963
13425869	-1	-1	0	0	0	0	0
13434863	-1	-1	0	0	0	0	0
13439865	-1	-1	0	0	0	0	0
13448859	15065032	-1	4713472	2503	0	0	2503
13457865	-1	-1	0	0	0	0	0
13466866	9656424	-1	1580032	1309	0	0	1309
13475865	-1	-1	0	0	0	0	0
13482873	11492824	-1	4114432	2864	0	0	2864
13491868	-1	-1	0	0	0	0	0
13500866	-1	-1	0	0	0	0	0
13503865	-1	-1	0	0	0	0	0
13512866	10833296	-1	3889152	2872	0	0	2872
13521865	-1	-1	0	0	0	0	0
13530866	11066312	-1	2629632	1901	0	0	1901
13532861	-1	-1	0	0	0	0	0
13541866	9832560	-1	2798592	2277	0	0	2277
13550866	-1	-1	0	0	0	0	0
13557866	-1	-1	0	0	0	0	0
13566865	11278184	-1	3053568	2166	0	0	2166
13567866	-1	-1	0	0	0	0	0
13576869	-1	-1	0	0	0	0	0
13585866	11777192	-1	2526208	1716	0	0	1716
13590860	-1	-1	0	0	0	0	0
13597866	9894288	-1	2600960	2103	0	0	2103
13606865	-1	-1	0	0	0	0	0
13615860	-1	-1	0	0	0	0	0
13616862	-1	-1	0	0	0	0	0
13625866	10480536	-1	2710528	2069	0	0	2069
13634860	12418304	-1	2927616	1886	0	0	1886
13637888	-1	-1	0	0	0	0	0
13645859	-1	-1	0	0	0	0	0
13654864	10083448	-1	2407424	1910	0	0	1910
13663865	-1	-1	0	0	0	0	0
13671876	10005984	-1	1937408	1549	0	0	1549
13680866	-1	-1	0	0	0	0	0
13689876	9416640	-1	1622016	1378	0	0	1378
13698860	11261160	-1	2032640	1444	0	0	1444
13702866	16635288	-1	1016832	489	0	0	489
13711860	-1	-1	0	0	0	0	0
13719874	10871200	-1	2667520	1963	0	0	1963
13728868	-1	-1	0	0	0	0	0
13737861	-1	-1	0	0	0	0	0
13742860	-1	-1	0	0	0	0	0
13751860	12339224	-1	3576832	2319	0	0	2319
13754859	-1	-1	0	0	0	0	0
13763860	-1	-1	0	0	0	0	0
13772866	5734400	-1	286720	400	0	0	415
13777859	11289840	-1	3688956	2614	0	0	2614
13786860	-1	-1	0	0	0	0	0
13795860	10903776	-1	2561024	1879	0	0	1879
13804865	-1	-1	0	0	0	0	0
13812860	13320392	-1	3454976	2075	0	0	2075
13821870	-1	-1	0	0	0	0	0
13830860	-1	-1	0	0	0	0	0
13839866	12596656	-1	2319360	1473	0	0	1473
13841860	-1	-1	0	0	0	0	0
13850860	14281904	-1	1892352	1060	0	0	1171
13854860	14030496	-1	1269760	724	0	0	724
13863860	-1	-1	0	0	0	0	0
13872868	-1	-1	0	0	0	0	0
13873859	-1	-1	0	0	0	0	0
13882866	13177640	-1	2950144	1791	0	0	1791
13888860	-1	-1	0	0	0	0	0
13897860	12010976	-1	2486272	1656	0	0	1656
13906860	-1	-1	0	0	0	0	0
13915860	-1	-1	0	0	0	0	0
13921860	-1	-1	0	0	0	0	0
13928860	12318152	-1	3974144	2581	0	0	2581
13937860	-1	-1	0	0	0	0	0
13944860	10671552	-1	2538496	1903	0	0	1903
13953860	-1	-1	0	0	0	0	0
13962860	10102328	-1	2122752	1681	0	0	1681
13971860	-1	-1	0	0	0	0	0
13980860	12722184	-1	2835456	1783	0	0	1783
13989864	-1	-1	0	0	0	0	0
13998860	13644400	-1	2085888	1223	0	0	1223
14007861	-1	-1	0	0	0	0	0
14016890	-1	-1	0	0	0	0	0
14025867	-1	-1	0	0	0	0	0
14032860	13506248	-1	4325376	2562	0	0	2562
14041861	-1	-1	0	0	0	0	0
14050876	-1	-1	0	0	0	0	0
14056860	-1	-1	0	0	0	0	0
14065860	12063272	-1	3765248	2497	0	0	2497
14074860	-1	-1	0	0	0	0	0
14083860	10526584	-1	2313216	1758	0	0	1758
14090860	-1	-1	0	0	0	0	0
14099860	10128544	-1	2233344	1764	0	0	1764
14108860	-1	-1	0	0	0	0	0
14117861	-1	-1	0	0	0	0	0
14126861	12162392	-1	3686724	2425	0	0	2425
14129861	-1	-1	0	0	0	0	0
14138861	-1	-1	0	0	0	0	0
14147860	7464040	-1	1574912	1688	0	0	1688
14156860	-1	-1	0	0	0	0	0
14165860	10300744	-1	2300928	1787	0	0	1787
14174860	-1	-1	0	0	0	0	0
14183860	10920992	-1	2225152	1630	0	0	1630
14191861	-1	-1	0	0	0	0	0
14200861	11538904	-1	2089984	1449	0	0	1449
14203860	-1	-1	0	0	0	0	0
14212860	-1	-1	0	0	0	0	0
14221862	13029384	-1	1268736	779	0	0	979
14225861	13546744	-1	2385920	1409	0	0	1409
14234860	-1	-1	0	0	0	0	0
14243860	11057160	-1	2497536	1807	0	0	1807
14252861	-1	-1	0	0	0	0	0
14260861	10831400	-1	2025472	1496	0	0	1496
14269860	-1	-1	0	0	0	0	0
14278861	12614448	-1	2097152	1330	0	0	1330
14287861	-1	-1	0	0	0	0	0
14296861	10597976	-1	2228224	1682	0	0	1682
14305861	-1	-1	0	0	0	0	0
14314861	-1	-1	0	0	0	0	0
14318861	-1	-1	0	0	0	0	0
14327861	12446264	-1	3382272	2174	0	0	2174
14336900	-1	-1	0	0	0	0	0
14345860	12360336	-1	3236864	2095	0	0	2095
14354860	-1	-1	0	0	0	0	0
14363861	11947296	-1	2423808	1623	0	0	1623
14372861	-1	-1	0	0	0	0	0
14378867	-1	-1	0	0	0	0	0
14387861	10365568	-1	2451456	1892	0	0	1892
14390861	-1	-1	0	0	0	0	0
14399861	-1	-1	0	0	0	0	0
14405861	11729800	-1	2356224	1607	0	0	1607
14410861	-1	-1	0	0	0	0	0
14419866	13193680	-1	2312192	1402	0	0	1402
14428861	-1	-1	0	0	0	0	0
14437861	11666328	-1	2382848	1634	0	0	1634
14446861	-1	-1	0	0	0	0	0
14455862	12550600	-1	2373632	1513	0	0	1513
14464861	-1	-1	0	0	0	0	0
14473861	12975544	-1	2724864	1680	0	0	1680
14482861	-1	-1	0	0	0	0	0
14491862	12323816	-1	2672728	1735	0	0	1735
14500861	-1	-1	0	0	0	0	0
14509861	9813432	-1	2131968	1738	0	0	1738
14518862	-1	-1	0	0	0	0	0
14527862	11141544	-1	2154496	1547	0	0	1547
14536862	-1	-1	0	0	0	0	0
14545861	-1	-1	0	0	0	0	0
14548861	-1	-1	0	0	0	0	0
14557861	16526976	-1	4379648	2120	0	0	2120
14566861	-1	-1	0	0	0	0	0
14575862	15105512	-1	2879488	1525	0	0	1525
14584862	-1	-1	0	0	0	0	0
14593862	10770096	-1	2361344	1754	0	0	1754
14601862	-1	-1	0	0	0	0	0
14610862	10747152	-1	1985536	1478	0	0	1478
14619861	-1	-1	0	0	0	0	0
14628861	14746880	-1	2361344	1281	0	0	1281
14633861	-1	-1	0	0	0	0	0
14642862	13090912	-1	2304000	1408	0	0	1408
14651861	-1	-1	0	0	0	0	0
14660863	11804856	-1	2539520	1721	0	0	1721
14669862	-1	-1	0	0	0	0	0
14678861	-1	-1	0	0	0	0	0
14687860	10525992	-1	1403904	1067	0	0	1158
14691862	17300760	-1	2106368	974	0	0	974
14700862	-1	-1	0	0	0	0	0
14709861	8728608	-1	2565120	2351	0	0	2351
14718861	-1	-1	0	0	0	0	0
14727861	10274160	-1	1925120	1499	0	0	1499
14736862	-1	-1	0	0	0	0	0
14745861	10438192	-1	2184192	1674	0	0	1674
14754867	-1	-1	0	0	0	0	0
14763862	9067760	-1	1526784	1347	0	0	1347
14772862	-1	-1	0	0	0	0	0
14781862	10737512	-1	2276352	1696	0	0	1696
14786862	-1	-1	0	0	0	0	0
14795862	13789056	-1	2600960	1509	0	0	1509
14804862	-1	-1	0	0	0	0	0
14813915	14451752	-1	2397184	1327	0	0	1327
14822863	-1	-1	0	0	0	0	0
14831862	12900552	-1	1789952	1110	0	0	1110
14833862	-1	-1	0	0	0	0	0
14842863	11696480	-1	2146304	1468	0	0	1468
14847862	-1	-1	0	0	0	0	0
14856862	12596304	-1	2050048	1302	0	0	1302
14865862	-1	-1	0	0	0	0	0
14874862	8508688	-1	1408188	1324	0	0	1324
14883862	-1	-1	0	0	0	0	0
14892862	-1	-1	0	0	0	0	0
14901862	13768776	-1	3175424	1845	0	0	1845
14903862	-1	-1	0	0	0	0	0
14912862	-1	-1	0	0	0	0	0
14921869	11886040	-1	1831936	1233	0	0	1233
14930861	-1	-1	0	0	0	0	0
14939862	11227936	-1	1832960	1306	0	0	1306
14945863	-1	-1	0	0	0	0	0
14954862	-1	-1	0	0	0	0	0
14959862	-1	-1	0	0	0	0	0
14968862	13045264	-1	3148800	1931	0	0	1931
14977862	-1	-1	0	0	0	0	0
14983864	10890880	-1	2690048	1976	0	0	1976
14992861	-1	-1	0	0	0	0	0
15001862	11643472	-1	2552832	1754	0	0	1754
15010863	-1	-1	0	0	0	0	0
15019862	10642192	-1	2059264	1548	0	0	1548
15028862	-1	-1	0	0	0	0	0
15037862	-1	-1	0	0	0	0	0
15046862	12457072	-1	2829312	1817	0	0	1817
15049862	-1	-1	0	0	0	0	0
15058863	-1	-1	0	0	0	0	0
15067862	11756504	-1	1891328	1287	0	0	1287
15076863	-1	-1	0	0	0	0	0
15085863	10129648	-1	1809408	1429	0	0	1429
15094862	-1	-1	0	0	0	0	0
15103862	-1	-1	0	0	0	0	0
15112866	12374336	-1	3302400	2135	0	0	2135
15113861	-1	-1	0	0	0	0	0
15122863	-1	-1	0	0	0	0	0
15131862	12663184	-1	2091008	1321	0	0	1321
15140862	-1	-1	0	0	0	0	0
15149863	10801344	-1	1975296	1463	0	0	1463
15158863	-1	-1	0	0	0	0	0
15167949	-1	-1	0	0	0	0	0
15170863	-1	-1	0	0	0	0	0
15179864	11208280	-1	2652160	1893	0	0	1893
15188862	-1	-1	0	0	0	0	0
15197863	-1	-1	0	0	0	0	0
15206864	11867208	-1	2714624	1830	0	0	1830
15208862	-1	-1	0	0	0	0	0
15217863	-1	-1	0	0	0	0	0
15226863	8655712	-1	1908584	1764	0	0	1764
15235863	-1	-1	0	0	0	0	0
15244863	7899560	-1	2185216	2213	0	0	2213
15253863	-1	-1	0	0	0	0	0
15262863	9939696	-1	1881088	1514	0	0	1514
15271863	-1	-1	0	0	0	0	0
15280860	10183928	-1	1952768	1534	0	0	1534
15289863	-1	-1	0	0	0	0	0
15298863	9364400	-1	1946624	1663	0	0	1663
15307863	-1	-1	0	0	0	0	0
15316863	11147056	-1	2000896	1436	0	0	1436
15325863	-1	-1	0	0	0	0	0
15334864	10245520	-1	1900544	1484	0	0	1484
15343863	-1	-1	0	0	0	0	0
15352864	-1	-1	0	0	0	0	0
15353863	-1	-1	0	0	0	0	0
15362863	10493624	-1	2404352	1833	0	0	1833
15371863	-1	-1	0	0	0	0	0
15380863	-1	-1	0	0	0	0	0
15389864	12210216	-1	2812928	1843	0	0	1843
15392863	-1	-1	0	0	0	0	0
15401860	-1	-1	0	0	0	0	0
15410864	11216432	-1	1720320	1227	0	0	1227
15419863	-1	-1	0	0	0	0	0
15428863	10817232	-1	1751040	1295	0	0	1295
15437863	-1	-1	0	0	0	0	0
15443864	9913728	-1	1656832	1337	0	0	1337
15452863	-1	-1	0	0	0	0	0
15461863	9495400	-1	1700864	1433	0	0	1433
15470863	-1	-1	0	0	0	0	0
15479863	10934032	-1	2298880	1682	0	0	1682
15488863	-1	-1	0	0	0	0	0
15497863	10729664	-1	1537024	1146	0	0	1146
15506864	-1	-1	0	0	0	0	0
15515864	12478664	-1	1943552	1246	0	0	1246
15521864	-1	-1	0	0	0	0	0
15530863	10305360	-1	1453056	1128	0	0	1128
15539864	-1	-1	0	0	0	0	0
15548863	11279208	-1	1803264	1279	0	0	1279
15557864	-1	-1	0	0	0	0	0
15566863	-1	-1	0	0	0	0	0
15575864	12244096	-1	2855936	1866	0	0	1866
15577864	-1	-1	0	0	0	0	0
15586863	-1	-1	0	0	0	0	0
15595864	10115912	-1	2494836	1973	0	0	1973
15604860	-1	-1	0	0	0	0	0
15613864	11072080	-1	2200576	1590	0	0	1590
15622863	-1	-1	0	0	0	0	0
15631864	10250384	-1	1769472	1381	0	0	1381
15640863	-1	-1	0	0	0	0	0
15649864	-1	-1	0	0	0	0	0
15659870	13027256	-1	2769920	1701	0	0	1701
15662863	-1	-1	0	0	0	0	0
15671865	-1	-1	0	0	0	0	0
15680865	9686136	-1	2117632	1749	0	0	1749
15689864	-1	-1	0	0	0	0	0
15698864	11232392	-1	1955840	1393	0	0	1393
15707864	-1	-1	0	0	0	0	0
15716864	10235008	-1	1574912	1231	0	0	1231
15723890	-1	-1	0	0	0	0	0
15732864	9336824	-1	2413568	2068	0	0	2068
15741864	-1	-1	0	0	0	0	0
15750864	10694048	-1	1995776	1493	0	0	1493
15759864	-1	-1	0	0	0	0	0
15768864	12484544	-1	2439168	1563	0	0	1563
15777864	-1	-1	0	0	0	0	0
15783864	11599168	-1	2569216	1772	0	0	1772
15792864	-1	-1	0	0	0	0	0
15801864	8342872	-1	2095104	2009	0	0	2009
15810864	-1	-1	0	0	0	0	0
15819864	11204688	-1	2563072	1830	0	0	1830
15828865	-1	-1	0	0	0	0	0
15836864	10225776	-1	2208768	1728	0	0	1728
15845865	-1	-1	0	0	0	0	0
15854865	10352528	-1	1884160	1456	0	0	1456
15863864	-1	-1	0	0	0	0	0
15871864	10591136	-1	3042304	2298	0	0	2298
15880865	-1	-1	0	0	0	0	0
15889866	12491752	-1	2448384	1568	0	0	1568
15898865	-1	-1	0	0	0	0	0
15907865	11170912	-1	2426880	1738	0	0	1738
15916864	-1	-1	0	0	0	0	0
15925865	-1	-1	0	0	0	0	0
15934865	14001928	-1	3948544	2256	0	0	2256
15937864	-1	-1	0	0	0	0	0
15946866	-1	-1	0	0	0	0	0
15955864	12396728	-1	2809408	1813	0	0	1813
15964865	-1	-1	0	0	0	0	0
15973865	9061048	-1	2103296	1857	0	0	1857
15982866	-1	-1	0	0	0	0	0
15991864	10831072	-1	2139136	1580	0	0	1580
16000864	-1	-1	0	0	0	0	0
16010862	10946352	-1	2051072	1499	0	0	1499
16019895	-1	-1	0	0	0	0	0
16028864	10150568	-1	2324480	1832	0	0	1832
16037865	-1	-1	0	0	0	0	0
16046865	9423024	-1	1520640	1291	0	0	1291
16055863	-1	-1	0	0	0	0	0
16064865	8509112	-1	1648640	1550	0	0	1550
16072862	-1	-1	0	0	0	0	0
16081862	-1	-1	0	0	0	0	0
16090862	10913816	-1	2525184	1851	0	0	1909
16093865	18125904	-1	1470464	649	0	0	649
16102864	-1	-1	0	0	0	0	0
16111865	10381472	-1	2010112	1549	0	0	1549
16120865	-1	-1	0	0	0	0	0
16129912	10362424	-1	1755136	1355	0	0	1355
16135865	-1	-1	0	0	0	0	0
16144866	11290784	-1	2104320	1491	0	0	1491
16150862	-1	-1	0	0	0	0	0
16159865	-1	-1	0	0	0	0	0
16168865	-1	-1	0	0	0	0	0
16174864	13230232	-1	3127296	1891	0	0	1891
16181865	-1	-1	0	0	0	0	0
16190865	10105896	-1	1562624	1237	0	0	1237
16199864	-1	-1	0	0	0	0	0
16208865	10834936	-1	2023424	1494	0	0	1494
16217865	-1	-1	0	0	0	0	0
16226865	-1	-1	0	0	0	0	0
16229865	-1	-1	0	0	0	0	0
16238865	13390968	-1	2648064	1582	0	0	1582
16244861	-1	-1	0	0	0	0	0
16253865	12548616	-1	2958336	1886	0	0	1886
16262865	-1	-1	0	0	0	0	0
16271865	13977992	-1	2718720	1556	0	0	1556
16280865	-1	-1	0	0	0	0	0
16289865	12886800	-1	2622464	1628	0	0	1628
16297865	-1	-1	0	0	0	0	0
16306865	-1	-1	0	0	0	0	0
16315863	-1	-1	0	0	0	0	0
16321866	12256576	-1	2396160	1564	0	0	1564
16330865	8859040	-1	1407480	1271	0	0	1271
16332865	-1	-1	0	0	0	0	0
16341860	-1	-1	0	0	0	0	0
16350865	10723032	-1	2676736	1997	0	0	1997
16355865	-1	-1	0	0	0	0	0
16364866	-1	-1	0	0	0	0	0
16374865	14282864	-1	3027968	1696	0	0	1696
16376860	-1	-1	0	0	0	0	0
16385865	-1	-1	0	0	0	0	0
16394865	-1	-1	0	0	0	0	0
16402865	10754320	-1	2376704	1768	0	0	1768
16404866	-1	-1	0	0	0	0	0
16413865	-1	-1	0	0	0	0	0
16422866	13112328	-1	3143680	1918	0	0	1918
16431866	-1	-1	0	0	0	0	0
16440865	12451096	-1	2736128	1758	0	0	1758
16449911	-1	-1	0	0	0	0	0
16458865	11393408	-1	2073600	1456	0	0	1456
16466865	-1	-1	0	0	0	0	0
16475866	-1	-1	0	0	0	0	0
16480865	-1	-1	0	0	0	0	0
16489865	13946264	-1	2372608	1361	0	0	1483
16497866	-1	-1	0	0	0	0	0
16503866	11441496	-1	1287168	900	0	0	900
16512862	10377072	-1	1317888	1016	0	0	1016
16516865	-1	-1	0	0	0	0	0
16525865	-1	-1	0	0	0	0	0
16533865	-1	-1	0	0	0	0	0
16542866	-1	-1	0	0	0	0	0
16550866	12254912	-1	2844672	1857	0	0	1857
16559865	-1	-1	0	0	0	0	274
16564866	15499128	-1	2295808	1185	0	0	1185
16573864	-1	-1	0	0	0	0	0
16582866	12295600	-1	1656832	1078	0	0	1078
16591867	-1	-1	0	0	0	0	0
16600866	11891264	-1	2271232	1528	0	0	1528
16610862	-1	-1	0	0	0	0	0
16619862	10137992	-1	1653760	1305	0	0	1305
16628866	-1	-1	0	0	0	0	0
16637871	12398896	-1	1774592	1145	0	0	1145
16644866	-1	-1	0	0	0	0	0
16654866	11612696	-1	1884160	1298	0	0	1298
16663866	-1	-1	0	0	0	0	0
16672866	13514688	-1	1963008	1162	0	0	1162
16681866	-1	-1	0	0	0	0	0
16687874	-1	-1	0	0	0	0	0
16691876	-1	-1	0	0	0	0	0
16780055	5593696	-1	1168384	1671	0	0	24670
16790054	13464888	-1	3731456	2217	0	0	2217
16799055	-1	-1	0	0	0	0	0
16808055	-1	-1	0	0	0	0	0
16812051	-1	-1	0	0	0	0	0
16819055	12778120	-1	4858880	3042	0	0	3042
16826054	-1	-1	0	0	0	0	0
16835054	-1	-1	0	0	0	0	0
16841058	-1	-1	0	0	0	0	0
16848055	12771320	-1	2935808	1839	0	0	1839
16855054	-1	-1	0	0	0	0	0
16864054	-1	-1	0	0	0	0	0
16872054	-1	-1	0	0	0	0	0
16879054	14097408	-1	3705856	2103	0	0	2103
16884055	-1	-1	0	0	0	0	0
16893052	10563368	-1	2057216	1558	0	0	1558
16903054	-1	-1	0	0	0	0	0
16912055	13168136	-1	2390016	1452	0	0	1452
16920050	-1	-1	0	0	0	0	0
16929051	-1	-1	0	0	0	0	0
16933052	-1	-1	0	0	0	0	0
16943055	12284192	-1	3301376	2150	0	0	2150
16952054	-1	-1	0	0	0	0	0
16961055	-1	-1	0	0	0	0	0
16962050	-1	-1	0	0	0	0	0
16971055	10904720	-1	2696192	1978	0	0	1978
16980051	-1	-1	0	0	0	0	0
16988056	9252960	-1	1634304	1413	0	0	1413
16997051	-1	-1	0	0	0	0	0
17006054	8387432	-1	1582080	1509	0	0	1509
17015054	-1	-1	0	0	0	0	0
17024050	10320080	-1	2408448	1867	0	0	1867
17033055	-1	-1	0	0	0	0	0
17042054	-1	-1	0	0	0	0	0
17051050	11603696	-1	3030016	2089	0	0	2089
17053057	-1	-1	0	0	0	0	0
17062050	-1	-1	0	0	0	0	0
17070050	10106320	-1	2959888	2343	0	0	2343
17079055	-1	-1	0	0	0	0	0
17088055	-1	-1	0	0	0	0	0
17091055	-1	-1	0	0	0	0	0
17100056	12344496	-1	3132416	2030	0	0	2030
17109055	-1	-1	0	0	0	0	0
17111055	-1	-1	0	0	0	0	0
17120054	12407880	-1	1271808	820	0	0	981
17124055	7250080	-1	1899520	2096	0	0	2096
17133054	7533512	-1	1382400	1468	0	0	1468
17137055	12164816	-1	404480	266	0	0	266
17144055	-1	-1	0	0	0	0	0
17153054	9869664	-1	1698816	1377	0	0	1377
17159049	-1	-1	0	0	0	0	0
17168050	9247184	-1	2315264	2003	0	0	2003
17175054	-1	-1	0	0	0	0	0
17184054	-1	-1	0	0	0	0	0
17186054	-1	-1	0	0	0	0	0
17195055	11576352	-1	3306496	2285	0	0	2285
17199054	-1	-1	0	0	0	0	0
17208054	10262952	-1	2060288	1606	0	0	1606
17216054	-1	-1	0	0	0	0	0
17225054	8641352	-1	1280000	1185	0	0	1185
17230054	-1	-1	0	0	0	0	0
17239055	10586448	-1	2471936	1868	0	0	1868
17248052	-1	-1	0	0	0	0	0
17257054	10766768	-1	2286592	1699	0	0	1699
17264054	-1	-1	0	0	0	0	0
17271055	11140928	-1	2421760	1739	0	0	1739
17280051	-1	-1	0	0	0	0	0
17289055	-1	-1	0	0	0	0	0
17293055	-1	-1	0	0	0	0	0
17299050	12389552	-1	2623488	1694	0	0	1694
17308054	-1	-1	0	0	0	0	0
17316054	9000608	-1	1652736	1469	0	0	1469
17325054	-1	-1	0	0	0	0	0
17333051	11610280	-1	2605056	1795	0	0	1795
17341056	-1	-1	0	0	0	0	0
17350051	-1	-1	0	0	0	0	0
17358051	-1	-1	0	0	0	0	118
17363052	11458528	-1	2284544	1595	0	0	1595
17372055	-1	-1	0	0	0	0	0
17381054	10914208	-1	1761280	1291	0	0	1291
17390055	-1	-1	0	0	0	0	0
17399055	9717840	-1	1591296	1310	0	0	1310
17408055	-1	-1	0	0	0	0	0
17417055	10078272	-1	1652836	1312	0	0	1312
17425055	-1	-1	0	0	0	0	0
17434056	8607536	-1	1336320	1242	0	0	1242
17443055	-1	-1	0	0	0	0	0
17452052	12072976	-1	2357248	1562	0	0	1562
17461055	-1	-1	0	0	0	0	0
17468055	11508600	-1	1776640	1235	0	0	1235
17477055	-1	-1	0	0	0	0	0
17486052	12136776	-1	1931264	1273	0	0	1273
17489055	-1	-1	0	0	0	0	0
17498055	11369840	-1	2117632	1490	0	0	1490
17507059	-1	-1	0	0	0	0	0
17517056	13256552	-1	2417664	1459	0	0	1459
17526055	-1	-1	0	0	0	0	0
17535055	-1	-1	0	0	0	0	0
17544051	10196496	-1	1619968	1271	0	0	1288
17548050	15648560	-1	784384	401	0	0	401
17557055	-1	-1	0	0	0	0	0
17566055	11102056	-1	2281472	1644	0	0	1644
17572055	-1	-1	0	0	0	0	0
17581055	-1	-1	0	0	0	0	0
17584055	-1	-1	0	0	0	0	0
17593055	11869472	-1	3470336	2339	0	0	2339
17602055	-1	-1	0	0	0	0	0
17611055	10935080	-1	1804288	1320	0	0	1320
17620055	-1	-1	0	0	0	0	0
17627055	-1	-1	0	0	0	0	0
17634085	13497384	-1	2954240	1751	0	0	1751
17638055	-1	-1	0	0	0	0	0
17647055	-1	-1	0	0	0	0	0
17656055	-1	-1	0	0	0	0	0
17658055	-1	-1	0	0	0	0	0
17667055	14047448	-1	3065856	1746	0	0	1746
17675055	-1	-1	0	0	0	0	0
17683049	-1	-1	0	0	0	0	0
17692055	13760416	-1	789504	459	0	0	660
17697055	14709720	-1	1763328	959	0	0	959
17706050	12592096	-1	2438144	1549	0	0	1549
17709051	-1	-1	0	0	0	0	0
17718056	-1	-1	0	0	0	0	0
17727055	-1	-1	0	0	0	0	0
17736056	12728952	-1	2556928	1607	0	0	1607
17739055	-1	-1	0	0	0	0	0
17748049	-1	-1	0	0	0	0	0
17757055	10779560	-1	1902592	1412	0	0	1412
17766055	-1	-1	0	0	0	0	0
17775056	9859504	-1	1665024	1351	0	0	1351
17784055	-1	-1	0	0	0	0	0
17793055	9532288	-1	1787304	1500	0	0	1500
17802055	-1	-1	0	0	0	0	0
17811056	12395616	-1	1887232	1218	0	0	1218
17820055	-1	-1	0	0	0	0	0
17829055	11834528	-1	2458624	1662	0	0	1662
17838055	-1	-1	0	0	0	0	0
17847056	11671520	-1	1580032	1083	0	0	1083
17856052	-1	-1	0	0	0	0	0
17865056	-1	-1	0	0	0	0	0
17874056	-1	-1	0	0	0	0	0
17881052	13787448	-1	3403776	1975	0	0	1975
17890055	-1	-1	0	0	0	0	0
17899055	-1	-1	0	0	0	0	0
17906052	-1	-1	0	0	0	0	0
17915056	12561064	-1	2991104	1905	0	0	1905
17924054	-1	-1	0	0	0	0	0
17931056	11027432	-1	1652736	1199	0	0	1199
17940056	-1	-1	0	0	0	0	0
17949051	11276464	-1	1620992	1150	0	0	1150
17958056	-1	-1	0	0	0	0	0
17967054	10066640	-1	1754112	1394	0	0	1394
17976056	-1	-1	0	0	0	0	0
17983051	9824240	-1	1633280	1330	0	0	1330
17992056	-1	-1	0	0	0	0	0
18001057	10902176	-1	1997824	1466	0	0	1466
18010057	-1	-1	0	0	0	0	0
18019057	12276968	-1	2849792	1857	0	0	1857
18028056	-1	-1	0	0	0	0	0
18037057	13366736	-1	1719296	1029	0	0	1029
18046057	-1	-1	0	0	0	0	0
18055056	11474656	-1	2809856	1959	0	0	1959
18064056	-1	-1	0	0	0	0	0
18073057	12311216	-1	2714624	1764	0	0	1764
18081056	-1	-1	0	0	0	0	0
18090056	-1	-1	0	0	0	0	0
18093056	-1	-1	0	0	0	0	0
18102056	13219456	-1	3931136	2379	0	0	2379
18107056	-1	-1	0	0	0	0	0
18116056	12033592	-1	2421760	1610	0	0	1610
18125056	-1	-1	0	0	0	0	0
18134056	10493360	-1	2035712	1552	0	0	1552
18143056	-1	-1	0	0	0	0	0
18153052	11467952	-1	1915148	1336	0	0	1336
18162056	-1	-1	0	0	0	0	0
18171056	10215808	-1	2594816	2032	0	0	2032
18179057	-1	-1	0	0	0	0	0
18188056	10331000	-1	2354176	1823	0	0	1823
18197056	-1	-1	0	0	0	0	0
18206053	9311880	-1	1864704	1602	0	0	1602
18215056	-1	-1	0	0	0	0	0
18224056	12518336	-1	2560000	1636	0	0	1636
18232057	-1	-1	0	0	0	0	0
18241056	-1	-1	0	0	0	0	0
18250056	14480360	-1	3980288	2199	0	0	2199
18251056	-1	-1	0	0	0	0	0
18260056	-1	-1	0	0	0	0	0
18269056	12359856	-1	1849344	1197	0	0	1197
18275056	-1	-1	0	0	0	0	0
18284056	11565512	-1	2081792	1440	0	0	1440
18293056	-1	-1	0	0	0	0	0
18302056	15220680	-1	2237440	1176	0	0	1176
18311056	-1	-1	0	0	0	0	0
18321056	12698184	-1	2219008	1398	0	0	1398
18330057	-1	-1	0	0	0	0	0
18336057	9802920	-1	2118656	1729	0	0	1729
18345057	-1	-1	0	0	0	0	0
18354052	11573864	-1	2165760	1497	0	0	1497
18363056	-1	-1	0	0	0	0	0
18372056	-1	-1	0	0	0	0	0
18377056	-1	-1	0	0	0	0	0
18383055	13850744	-1	3712000	2144	0	0	2144
18392056	-1	-1	0	0	0	0	0
18401057	13435152	-1	1996800	1189	0	0	1189
18410056	-1	-1	0	0	0	0	0
18419056	-1	-1	0	0	0	0	0
18428053	-1	-1	0	0	0	0	0
18435056	14511544	-1	3047424	1680	0	0	1680
18440054	-1	-1	0	0	0	0	0
18449056	-1	-1	0	0	0	0	0
18450056	-1	-1	0	0	0	0	0
18459056	13243496	-1	2845696	1719	0	0	1719
18468054	-1	-1	0	0	0	0	0
18477057	11812456	-1	1907712	1292	0	0	1292
18486057	-1	-1	0	0	0	0	0
18495057	12444288	-1	1956864	1258	0	0	1258
18504056	-1	-1	0	0	0	0	0
18513052	13004128	-1	2402512	1478	0	0	1478
18522058	-1	-1	0	0	0	0	0
18531057	10134376	-1	1891328	1493	0	0	1493
18540057	-1	-1	0	0	0	0	0
18549058	9839448	-1	1559552	1268	0	0	1268
18558058	-1	-1	0	0	0	0	0
18567056	11084784	-1	2240512	1617	0	0	1617
18576057	-1	-1	0	0	0	0	0
18585056	11163456	-1	2231296	1599	0	0	1599
18587057	-1	-1	0	0	0	0	0
18596058	7917128	-1	1799168	1818	0	0	1818
18605058	-1	-1	0	0	0	0	0
18614057	-1	-1	0	0	0	0	0
18621057	-1	-1	0	0	0	0	0
18627057	11048008	-1	2677760	1939	0	0	1939
18636057	-1	-1	0	0	0	0	0
18645058	9390040	-1	1781760	1518	0	0	1518
18654057	-1	-1	0	0	0	0	0
18663057	11539696	-1	1800192	1248	0	0	1248
18672052	-1	-1	0	0	0	0	0
18679057	11994456	-1	1799168	1200	0	0	1200
18688054	-1	-1	0	0	0	0	0
18697057	11871688	-1	1810432	1220	0	0	1220
18706056	-1	-1	0	0	0	0	0
18715057	13470560	-1	1685504	1001	0	0	1001
18724051	-1	-1	0	0	0	0	0
18733058	12584984	-1	2191360	1393	0	0	1393
18742057	-1	-1	0	0	0	0	0
18751058	12345688	-1	1753088	1136	0	0	1136
18760058	-1	-1	0	0	0	0	0
18769057	14210760	-1	1975296	1112	0	0	1112
18778057	-1	-1	0	0	0	0	0
18787058	11014456	-1	1802240	1309	0	0	1309
18796057	-1	-1	0	0	0	0	0
18805057	11630208	-1	2154496	1482	0	0	1482
18814055	-1	-1	0	0	0	0	0
18823052	11316168	-1	1943552	1374	0	0	1374
18832059	-1	-1	0	0	0	0	0
18841058	12621712	-1	2827264	1792	0	0	1792
18850058	-1	-1	0	0	0	0	0
18859057	10790448	-1	1364992	1012	0	0	1012
18868058	-1	-1	0	0	0	0	0
18877058	-1	-1	0	0	0	0	0
18881055	-1	-1	0	0	0	0	0
18890058	10220320	-1	2758208	2159	0	0	2159
18899058	-1	-1	0	0	0	0	0
18908058	9286048	-1	1425408	1228	0	0	1228
18917058	-1	-1	0	0	0	0	0
18926057	9977224	-1	1837056	1473	0	0	1473
18934058	-1	-1	0	0	0	0	0
18943057	15094056	-1	1845248	978	0	0	978
18952058	-1	-1	0	0	0	0	0
18961057	-1	-1	0	0	0	0	0
18963058	-1	-1	0	0	0	0	0
18972058	13911840	-1	3912704	2250	0	0	2250
18981053	-1	-1	0	0	0	0	0
18990058	-1	-1	0	0	0	0	0
18991058	-1	-1	0	0	0	0	0
19000058	14635760	-1	3274752	1790	0	0	1790
19008058	-1	-1	0	0	0	0	0
19017058	-1	-1	0	0	0	0	0
19023057	-1	-1	0	0	0	0	254
19028055	14096840	-1	3938304	2235	0	0	2235
19037058	-1	-1	0	0	0	0	0
19046058	10856552	-1	2970624	2189	0	0	2189
19055058	-1	-1	0	0	0	0	0
19062058	11873056	-1	2387968	1609	0	0	1609
19069057	-1	-1	0	0	0	0	0
19078053	-1	-1	0	0	0	0	0
19080057	-1	-1	0	0	0	0	0
19089058	11103672	-1	2428928	1750	0	0	1750
19098053	-1	-1	0	0	0	0	0
19107058	11255096	-1	1941504	1380	0	0	1380
19116056	-1	-1	0	0	0	0	0
19125058	11336832	-1	1653760	1167	0	0	1167
19128058	-1	-1	0	0	0	0	0
19135058	12282712	-1	2379776	1550	0	0	1550
19144058	-1	-1	0	0	0	0	0
19151058	-1	-1	0	0	0	0	0
19158058	-1	-1	0	0	0	0	0
19165058	13014448	-1	3678208	2261	0	0	2261
19169059	-1	-1	0	0	0	0	0
19178058	-1	-1	0	0	0	0	0
19185058	-1	-1	0	0	0	0	0
19194058	12369408	-1	2956288	1912	0	0	1912
19197059	-1	-1	0	0	0	0	0
19206057	12895216	-1	3077120	1909	0	0	1909
19215058	-1	-1	0	0	0	0	0
19224058	-1	-1	0	0	0	0	0
19226058	-1	-1	0	0	0	0	0
19235058	14616448	-1	3175424	1738	0	0	1738
19244058	-1	-1	0	0	0	0	0
19251059	10415376	-1	2560880	1967	0	0	1967
19260060	-1	-1	0	0	0	0	0
19269059	-1	-1	0	0	0	0	0
19278053	10447768	-1	811008	621	0	0	632
19283059	13307320	-1	2546688	1531	0	0	1531
19292058	-1	-1	0	0	0	0	0
19301058	10107016	-1	2140160	1694	0	0	1694
19310055	-1	-1	0	0	0	0	0
19318058	10699120	-1	2123776	1588	0	0	1588
19327059	-1	-1	0	0	0	0	0
19336059	11658448	-1	2304000	1581	0	0	1581
19345059	-1	-1	0	0	0	0	0
19354059	10271888	-1	2144256	1670	0	0	1670
19361058	-1	-1	0	0	0	0	0
19370058	8766392	-1	2266112	2068	0	0	2068
19379058	-1	-1	0	0	0	0	0
19388059	9203416	-1	2152448	1871	0	0	1871
19397058	-1	-1	0	0	0	0	0
19406058	11523352	-1	2638848	1832	0	0	1832
19415059	-1	-1	0	0	0	0	0
19423058	11831088	-1	2240512	1515	0	0	1515
19432059	-1	-1	0	0	0	0	0
19441059	11826008	-1	2345984	1587	0	0	1587
19450059	-1	-1	0	0	0	0	0
19458059	11424960	-1	2135040	1495	0	0	1495
19467059	-1	-1	0	0	0	0	0
19476059	13701392	-1	2724864	1591	0	0	1591
19485059	-1	-1	0	0	0	0	0
19494059	13315128	-1	2177024	1308	0	0	1308
19503059	-1	-1	0	0	0	0	0
19512059	13575704	-1	2029568	1196	0	0	1196
19521057	-1	-1	0	0	0	0	0
19530057	10156640	-1	2027520	1597	0	0	1597
19539058	-1	-1	0	0	0	0	0
19548053	14838120	-1	2594816	1399	0	0	1399
19557058	-1	-1	0	0	0	0	0
19566053	16422384	-1	3066880	1494	0	0	1494
19575057	-1	-1	0	0	0	0	0
19584058	13222176	-1	2072576	1254	0	0	1254
19593058	-1	-1	0	0	0	0	0
19602058	11933728	-1	1534976	1029	0	0	1029
19608058	-1	-1	0	0	0	0	0
19617059	12840368	-1	1951736	1216	0	0	1216
19626059	-1	-1	0	0	0	0	0
19635058	8979400	-1	1821696	1623	0	0	1623
19639058	-1	-1	0	0	0	0	0
19648055	14082704	-1	2832384	1609	0	0	1609
19657058	-1	-1	0	0	0	0	0
19666058	-1	-1	0	0	0	0	0
19669058	-1	-1	0	0	0	0	0
19678058	10450184	-1	3525632	2699	0	0	2699
19682054	-1	-1	0	0	0	0	0
19691059	-1	-1	0	0	0	0	0
19695053	-1	-1	0	0	0	0	0
19703058	11106464	-1	2598912	1872	0	0	1872
19709059	-1	-1	0	0	0	0	0
19718058	-1	-1	0	0	0	0	0
19722059	-1	-1	0	0	0	0	0
19731059	16435376	-1	4258816	2073	0	0	2131
19740059	-1	-1	0	0	0	0	0
19749059	-1	-1	0	0	0	0	0
19757058	-1	-1	0	0	0	0	0
19766058	14563552	-1	4063232	2232	0	0	2232
19773059	-1	-1	0	0	0	0	0
19782058	11740216	-1	2666496	1817	0	0	1817
19791059	-1	-1	0	0	0	0	0
19799058	11670528	-1	1848320	1267	0	0	1267
19808058	-1	-1	0	0	0	0	0
19817058	15621328	-1	1782784	913	0	0	913
19826058	-1	-1	0	0	0	0	0
19835058	-1	-1	0	0	0	0	0
19837056	-1	-1	0	0	0	0	0
19846053	12935400	-1	2097152	1297	0	0	1297
19855056	15248776	-1	2035712	1068	0	0	1068
19857059	-1	-1	0	0	0	0	0
