3849656	-1	-1	0	0	0	0	0
3857644	-1	-1	0	0	0	0	0
3864645	-1	-1	0	0	0	0	0
3870648	14556672	-1	962560	529	0	0	607
3876645	13928696	-1	621568	357	0	0	413
3880645	-1	-1	0	0	0	0	0
3889652	-1	-1	0	0	0	0	0
3895646	14220616	-1	504832	284	0	0	311
3904650	-1	-1	0	0	0	0	0
3913645	15569208	-1	723968	372	0	0	372
3923644	15549144	-1	915456	471	0	0	471
3926646	-1	-1	0	0	0	0	0
3935646	-1	-1	0	0	0	0	0
3942647	13891672	-1	696320	401	0	0	401
3951648	-1	-1	0	0	0	0	0
3957644	11417200	-1	543744	381	0	0	381
3964648	-1	-1	0	0	0	0	0
3971650	2515816	-1	1238724	3939	0	0	3939
3979644	-1	-1	0	0	0	0	0
3989646	-1	-1	0	0	0	0	0
3997652	-1	-1	0	0	0	0	0
4007647	22178344	-1	1363968	492	0	0	609
4012650	-1	-1	0	0	0	0	0
4020645	21923912	-1	1142784	417	0	0	417
4026651	-1	-1	0	0	0	0	0
4034654	-1	-1	0	0	0	0	0
4038650	-1	-1	0	0	0	0	0
4047649	15475296	-1	2319360	1199	0	0	1199
4057650	-1	-1	0	0	0	0	0
4066651	-1	-1	0	0	0	0	0
4074654	-1	-1	0	0	0	0	0
4081655	21130160	-1	1996800	756	0	0	756
4089645	-1	-1	0	0	0	0	0
4098645	-1	-1	0	0	0	0	0
4108650	-1	-1	0	0	0	0	0
4115645	20274168	-1	1008640	398	0	0	516
4124645	19096584	-1	720896	302	0	0	315
4127645	-1	-1	0	0	0	0	0
4136647	-1	-1	0	0	0	0	0
4145646	3866976	-1	449536	930	0	0	930
4155648	5299688	-1	313344	473	0	0	1432
4159646	4963344	-1	1330176	2144	0	0	2144
4168648	-1	-1	0	0	0	0	0
4176647	-1	-1	0	0	0	0	0
4183646	15959712	-1	500736	251	0	0	259
4188651	34304000	-1	548864	128	0	0	128
4197645	-1	-1	0	0	0	0	0
4205649	-1	-1	0	0	0	0	0
4211649	-1	-1	0	0	0	0	66
4216648	19365264	-1	1529856	632	0	0	664
4222645	-1	-1	0	0	0	0	0
4231644	16858184	-1	1055744	501	0	0	501
4237654	-1	-1	0	0	0	0	0
4246645	-1	-1	0	0	0	0	0
4256646	2967448	-1	1180672	3183	0	0	3306
4258656	4884496	-1	716800	1174	0	0	1174
4267655	-1	-1	0	0	0	0	0
4275653	-1	-1	0	0	0	0	0
4281658	-1	-1	0	0	0	0	0
4291645	12138784	-1	1666048	1098	0	0	1098
4300659	-1	-1	0	0	0	0	0
4308645	13375488	-1	1051648	629	0	0	716
4317646	-1	-1	0	0	0	0	0
4327655	7454792	-1	1014784	1089	0	0	1089
4332654	-1	-1	0	0	0	0	0
4341645	-1	-1	0	0	0	0	0
4346646	-1	-1	0	0	0	0	0
4355647	1343472	-1	325456	1938	0	0	5216
4361652	1293064	-1	1022976	6329	0	0	6329
4370648	4773368	-1	1461248	2449	0	0	2449
4376648	-1	-1	0	0	0	0	0
4385649	-1	-1	0	0	0	0	0
4390645	-1	-1	0	0	0	0	0
4399646	8215744	-1	2125824	2070	0	0	2070
4407651	-1	-1	0	0	0	0	0
4414650	19006880	-1	1625088	684	0	0	684
4423645	-1	-1	0	0	0	0	0
4431653	4123920	-1	1058816	2054	0	0	2054
4439650	-1	-1	0	0	0	0	0
4449651	18365176	-1	1196032	521	0	0	521
4455651	-1	-1	0	0	0	0	0
4466531	-1	-1	0	0	0	0	0
4473653	9453400	-1	1366016	1156	0	0	1156
4476656	-1	-1	0	0	0	0	0
4485645	8322768	-1	1107968	1065	0	0	1065
4487657	-1	-1	0	0	0	0	0
4496647	-1	-1	0	0	0	0	0
4505649	3549016	-1	857088	1932	0	0	1967
4512645	-1	-1	0	0	0	0	0
4522646	5813448	-1	850944	1171	0	0	1171
4527647	21314728	-1	562176	211	0	0	389
4532645	19299304	-1	677888	281	0	0	281
4541645	-1	-1	0	0	0	0	0
4550645	-1	-1	0	0	0	0	0
4559644	-1	-1	0	0	0	0	0
4566647	20408368	-1	1604608	629	0	0	731
4572647	-1	-1	0	0	0	0	0
4581648	2602584	-1	825344	2537	0	0	2537
4590649	-1	-1	0	0	0	0	0
4602684	5371880	-1	2459648	3663	0	0	3663
4605683	-1	-1	0	0	0	0	0
4614684	-1	-1	0	0	0	0	0
4622680	-1	-1	0	0	0	0	0
4630677	-1	-1	0	0	0	0	0
4639686	-1	-1	0	0	0	0	0
4645677	-1	-1	0	0	0	0	0
4649677	-1	-1	0	0	0	0	0
4658677	-1	-1	0	0	0	0	0
4667682	-1	-1	0	0	0	0	0
4676678	-1	-1	0	0	0	0	0
4683677	-1	-1	0	0	0	0	0
4689677	-1	-1	0	0	0	0	0
4698691	-1	-1	0	0	0	0	0
4707677	-1	-1	0	0	0	0	0
4715686	-1	-1	0	0	0	0	0
4724677	-1	-1	0	0	0	0	0
4733677	-1	-1	0	0	0	0	0
4742677	-1	-1	0	0	0	0	0
4751678	3179840	-1	1645568	4140	0	0	4140
4758677	-1	-1	0	0	0	0	0
4767677	6811248	-1	979968	1151	0	0	1151
4776680	-1	-1	0	0	0	0	0
4785681	6983440	-1	1254400	1437	0	0	1437
4791681	-1	-1	0	0	0	0	0
4800682	13344488	-1	1209344	725	0	0	725
4806677	-1	-1	0	0	0	0	0
4815683	4157904	-1	1197996	2305	0	0	2305
4824678	-1	-1	0	0	0	0	0
4833679	-1	-1	0	0	0	0	0
4838681	-1	-1	0	0	0	0	0
4844685	4542232	-1	2736128	4819	0	0	4819
4853686	-1	-1	0	0	0	0	0
4862687	-1	-1	0	0	0	0	0
4868677	-1	-1	0	0	0	0	0
4877680	15183368	-1	1683456	887	0	0	887
4885681	-1	-1	0	0	0	0	0
4894687	14367128	-1	1181696	658	0	0	658
4903688	-1	-1	0	0	0	0	0
4912677	13174760	-1	638976	388	0	0	388
4918688	-1	-1	0	0	0	0	0
4927688	13937040	-1	1341440	770	0	0	770
4935680	-1	-1	0	0	0	0	0
4945691	-1	-1	0	0	0	0	0
4954677	12117336	-1	654336	432	0	0	519
4959677	14012632	-1	599040	342	0	0	342
4966678	-1	-1	0	0	0	0	0
4975679	-1	-1	0	0	0	0	0
4978679	-1	-1	0	0	0	0	0
4987681	12725528	-1	1399808	880	0	0	921
4994677	-1	-1	0	0	0	0	0
5003677	4531248	-1	596992	1054	0	0	1054
5012682	-1	-1	0	0	0	0	0
5021678	11154880	-1	1295360	929	0	0	929
5026683	-1	-1	0	0	0	0	0
5032684	11688672	-1	1687552	1155	0	0	1155
5041677	-1	-1	0	0	0	0	0
5050680	14647392	-1	1252352	684	0	0	684
5059685	-1	-1	0	0	0	0	0
5067686	-1	-1	0	0	0	0	0
5072686	-1	-1	0	0	0	0	0
5078681	7251272	-1	2028544	2238	0	0	2279
5087682	-1	-1	0	0	0	0	0
5095689	5028616	-1	1852416	2947	0	0	2947
5104677	-1	-1	0	0	0	0	0
5114677	3755488	-1	1360896	2899	0	0	2899
5122688	-1	-1	0	0	0	0	0
5129678	-1	-1	0	0	0	0	0
5133687	-1	-1	0	0	0	0	0
5141685	13238024	-1	2176000	1315	0	0	1315
5151679	-1	-1	0	0	0	0	0
5154677	-1	-1	0	0	0	0	0
5162677	-1	-1	0	0	0	0	0
5170678	1727664	-1	1197056	5543	0	0	5833
5179398	1554448	-1	1736704	8938	0	0	8938
5188677	-1	-1	0	0	0	0	0
5195677	-1	-1	0	0	0	0	0
5204681	3354904	-1	750660	1790	0	0	5073
5213677	2478928	-1	1297408	4187	0	0	4187
5220682	17561600	-1	1404928	640	0	0	640
5225683	-1	-1	0	0	0	0	0
5234683	12433672	-1	1485824	956	0	0	956
5239679	-1	-1	0	0	0	0	0
5246684	14283072	-1	898048	503	0	0	523
5255685	-1	-1	0	0	0	0	0
5264681	13131744	-1	876544	534	0	0	534
5272686	-1	-1	0	0	0	0	0
5279677	14917464	-1	1333248	715	0	0	715
5289683	-1	-1	0	0	0	0	0
5296682	12685552	-1	1078272	680	0	0	680
5304684	-1	-1	0	0	0	0	0
5313679	4262056	-1	788480	1480	0	0	1533
5323677	6664680	-1	344064	413	0	0	415
5438716	6070552	-1	2391040	3151	0	0	3151
5446716	-1	-1	0	0	0	0	0
5451708	-1	-1	0	0	0	0	0
5460706	-1	-1	0	0	0	0	0
5469711	-1	-1	0	0	0	0	0
5478704	-1	-1	0	0	0	0	0
5487705	-1	-1	0	0	0	0	0
5495706	-1	-1	0	0	0	0	1049
5499705	2722944	-1	1203200	3535	0	0	3535
5508705	-1	-1	0	0	0	0	0
5517704	8754848	-1	1608704	1470	0	0	1470
5525706	-1	-1	0	0	0	0	0
5534707	-1	-1	0	0	0	0	0
5535704	-1	-1	0	0	0	0	0
5544708	12098552	-1	948224	627	0	0	678
5552708	-1	-1	0	0	0	0	0
5560709	15029768	-1	1386496	738	0	0	738
5570704	-1	-1	0	0	0	0	0
5578710	16858272	-1	1201152	570	0	0	570
5584711	-1	-1	0	0	0	0	0
5592705	-1	-1	0	0	0	0	0
5600712	-1	-1	0	0	0	0	1248
5604710	2388632	-1	1156096	3872	0	0	3872
5611705	3047488	-1	620544	1629	0	0	1679
5614713	2785568	-1	588800	1691	0	0	1691
5623714	-1	-1	0	0	0	0	0
5631704	7535000	-1	751616	798	0	0	798
5639707	-1	-1	0	0	0	0	0
5647704	11898592	-1	844800	568	0	0	568
5657713	-1	-1	0	0	0	0	0
5666705	-1	-1	0	0	0	0	0
5675712	4264672	-1	715932	1343	0	0	2840
5678707	1754024	-1	913408	4166	0	0	4166
5687705	-1	-1	0	0	0	0	0
5695704	12063160	-1	631808	419	0	0	419
5703704	-1	-1	0	0	0	0	0
5712707	4961424	-1	989184	1595	0	0	1595
5719705	-1	-1	0	0	0	0	0
5729704	1856872	-1	1293312	5572	0	0	5572
5738704	3980496	-1	229376	461	0	0	471
5743707	11019040	-1	702464	510	0	0	510
5753708	-1	-1	0	0	0	0	0
5761708	11646456	-1	845824	581	0	0	581
5767709	-1	-1	0	0	0	0	109
5772707	6182016	-1	1332224	1724	0	0	1724
5782710	-1	-1	0	0	0	0	0
5790705	10436016	-1	790528	606	0	0	606
5799711	-1	-1	0	0	0	0	0
5808713	12204408	-1	897024	588	0	0	588
5814713	-1	-1	0	0	0	0	0
5822713	12328424	-1	936960	608	0	0	608
5828714	-1	-1	0	0	0	0	0
5837713	13449024	-1	1168384	695	0	0	695
5846709	-1	-1	0	0	0	0	0
5855707	-1	-1	0	0	0	0	0
5861713	-1	-1	0	0	0	0	0
5867717	3009696	-1	1774592	4717	0	0	4717
5875704	-1	-1	0	0	0	0	0
5884704	11970320	-1	1446912	967	0	0	967
5893704	-1	-1	0	0	0	0	0
5900704	11972232	-1	1358848	908	0	0	908
5909718	-1	-1	0	0	0	0	0
5918706	3183376	-1	830464	2087	0	0	2087
5926705	-1	-1	0	0	0	0	0
5936706	12958952	-1	1038336	641	0	0	641
5945704	-1	-1	0	0	0	0	0
5955707	-1	-1	0	0	0	0	0
5957707	-1	-1	0	0	0	0	0
5966708	12857128	-1	1526784	950	0	0	950
5975709	-1	-1	0	0	0	0	0
5985704	14327840	-1	899072	502	0	0	502
5991710	-1	-1	0	0	0	0	0
6000704	17503008	-1	848896	388	0	0	-1
6009708	-1	-1	0	0	0	0	-1
6018707	-1	-1	106496	2320	0	0	-1
6028714	9484168	-1	1172480	989	0	0	-1
6033707	5141480	-1	735232	1144	0	0	-1
6041705	-1	-1	0	0	0	0	-1
6046705	17432864	-1	987136	453	0	0	-1
6055708	-1	-1	0	0	0	0	-1
6062705	16943032	-1	806912	381	0	0	-1
6066714	-1	-1	0	0	0	0	-1
6246348	9226424	-1	1132544	982	0	0	26095
6253345	-1	-1	0	0	0	0	362
6258348	4251792	-1	1103872	2077	0	0	2077
6266348	-1	-1	0	0	0	0	0
6271349	-1	-1	0	0	0	0	0
6280350	-1	-1	0	0	0	0	0
6287351	15952176	-1	1286144	645	0	0	645
6295345	15479864	-1	578560	299	0	0	323
6300352	21597088	-1	237568	88	0	0	88
6309345	-1	-1	0	0	0	0	0
6316353	14434088	-1	1243136	689	0	0	689
6326347	-1	-1	0	0	0	0	0
6329354	-1	-1	0	0	0	0	0
6338354	-1	-1	0	0	0	0	0
6346355	11782560	-1	2184192	1483	0	0	1483
6353345	-1	-1	0	0	0	0	0
6362356	7383088	-1	1616896	1752	0	0	1752
6370355	-1	-1	0	0	0	0	0
6378350	9922208	-1	1150976	928	0	0	928
6387358	-1	-1	0	0	0	0	0
6396346	5789632	-1	1534976	2121	0	0	2121
6406345	-1	-1	0	0	0	0	0
6415345	10535336	-1	1057484	803	0	0	803
6419348	-1	-1	0	0	0	0	0
6426346	-1	-1	0	0	0	0	5626
6435346	1283864	-1	1116160	6955	0	0	6955
6441346	2382680	-1	885760	2974	0	0	2974
6448346	-1	-1	0	0	0	0	0
6457100	3469360	-1	1088512	2510	0	0	2510
6465348	-1	-1	0	0	0	0	0
6475348	-1	-1	0	0	0	0	0
6476348	-1	-1	0	0	0	0	0
6485350	2806520	-1	1704960	4860	0	0	5065
6495350	4768168	-1	464896	780	0	0	780
6504351	-1	-1	0	0	0	0	0
6513345	-1	-1	0	0	0	0	91
6518346	2179432	-1	1341440	4924	0	0	5001
6528351	2246368	-1	652288	2323	0	0	2323
6536348	-1	-1	0	0	0	0	0
6545351	-1	-1	0	0	0	0	0
6553354	6929760	-1	1697792	1960	0	0	1960
6562345	-1	-1	0	0	0	0	0
6569345	-1	-1	0	0	0	0	0
6578355	-1	-1	0	0	0	0	0
6585345	1064976	-1	735232	5523	0	0	5886
6594344	1624120	-1	559104	2754	0	0	2754
6603345	1991288	-1	889856	3575	0	0	3575
6613345	-1	-1	0	0	0	0	0
6619355	2262288	-1	824320	2915	0	0	2915
6627359	-1	-1	0	0	0	0	0
6635345	-1	-1	0	0	0	0	0
6641346	-1	-1	0	0	0	0	1205
6645345	2154800	-1	1172480	4353	0	0	4353
6655346	512704	-1	140288	2189	0	0	2189
6664346	-1	-1	131072	5244	0	0	5280
6674344	2237720	-1	1709056	6110	0	0	6110
6681348	-1	-1	0	0	0	0	0
6689349	-1	-1	0	0	0	0	0
6697347	599376	-1	385024	5139	0	0	5145
6706350	1989432	-1	1573888	6329	0	0	6329
6715350	765528	-1	534528	5586	0	0	5586
6723345	1253632	-1	473088	3019	0	0	3019
6733353	1678800	-1	987136	4704	0	0	4704
6739357	-1	-1	0	0	0	0	0
6748346	3754264	-1	798720	1702	0	0	1702
6758354	-1	-1	0	0	0	0	0
6766349	1910696	-1	505856	2118	0	0	2118
6771346	-1	-1	0	0	0	0	0
6780356	1692936	-1	804780	3803	0	0	3803
6788348	-1	-1	0	0	0	0	0
6797351	9651384	-1	507904	421	0	0	421
6807350	-1	-1	0	0	0	0	0
6814349	9335432	-1	610304	523	0	0	523
6821353	-1	-1	0	0	0	0	0
6827345	2346432	-1	585728	1997	0	0	1997
6834346	-1	-1	0	0	0	0	0
6840358	-1	-1	0	0	0	0	0
6846359	-1	-1	0	0	0	0	0
6852346	14644920	-1	1310720	716	0	0	716
6860345	-1	-1	0	0	0	0	0
6866346	18379824	-1	1442816	628	0	0	628
6873347	-1	-1	0	0	0	0	0
6879347	7966016	-1	1155072	1160	0	0	1160
6889347	-1	-1	0	0	0	0	0
6897348	-1	-1	0	0	0	0	0
6905349	-1	-1	0	0	0	0	0
6911350	16402408	-1	1824768	890	0	0	890
6920348	-1	-1	0	0	0	0	0
6929351	14929248	-1	1481728	794	0	0	794
6938347	-1	-1	0	0	0	0	0
6947346	14204096	-1	1047552	590	0	0	590
6955349	-1	-1	0	0	0	0	0
6964350	-1	-1	0	0	0	0	0
6971354	11945608	-1	1446912	969	0	0	1004
6974352	-1	-1	0	0	0	0	0
6981351	-1	-1	0	0	0	0	0
6990347	16927416	-1	1275904	603	0	0	603
6996351	-1	-1	0	0	0	0	0
7005357	15657024	-1	1477632	755	0	0	755
7013355	-1	-1	0	0	0	0	0
7023345	-1	-1	0	0	0	0	0
7031348	-1	-1	0	0	0	0	0
7037357	12634256	-1	2297856	1455	0	0	1455
7047347	6893464	-1	440320	511	0	0	531
7052357	19170624	-1	584704	244	0	0	244
7061354	-1	-1	0	0	0	0	0
7070346	14421336	-1	692224	384	0	0	417
7080348	-1	-1	0	0	0	0	0
7089347	15104416	-1	1172480	621	0	0	621
7096347	8584488	-1	873472	814	0	0	814
7100348	-1	-1	0	0	0	0	0
7109345	-1	-1	0	0	0	0	0
7118348	12089696	-1	905216	599	0	0	599
7124345	-1	-1	0	0	0	0	0
7134351	15357576	-1	812032	423	0	0	423
7139351	-1	-1	0	0	0	0	0
7146346	3351128	-1	1485808	3547	0	0	3547
7156345	-1	-1	0	0	0	0	0
7164349	12104888	-1	643072	425	0	0	425
7173348	-1	-1	0	0	0	0	0
7179353	12734096	-1	643072	404	0	0	404
7185357	-1	-1	0	0	0	0	0
7193346	6842040	-1	835584	977	0	0	977
7200355	-1	-1	0	0	0	0	0
7206356	11871288	-1	1196032	806	0	0	806
7212352	-1	-1	0	0	0	0	0
7221345	-1	-1	0	0	0	0	0
7228348	11997976	-1	1207296	805	0	0	805
7232345	-1	-1	0	0	0	0	0
7240345	-1	-1	0	0	0	0	0
7246349	11394720	-1	1071104	752	0	0	752
7252345	-1	-1	0	0	0	0	0
7259354	14164312	-1	1182720	668	0	0	668
7264347	-1	-1	0	0	0	0	0
7273346	-1	-1	0	0	0	0	0
7279346	-1	-1	0	0	0	0	0
7288346	16202960	-1	2199552	1086	0	0	1086
7297437	-1	-1	0	0	0	0	0
7306347	11988024	-1	1125376	751	0	0	751
7312348	-1	-1	0	0	0	0	0
7321349	6532056	-1	1055744	1293	0	0	1293
7330350	-1	-1	0	0	0	0	0
7339350	10822928	-1	1074176	794	0	0	794
7348351	-1	-1	0	0	0	0	0
7358351	-1	-1	0	0	0	0	0
7365345	-1	-1	0	0	0	0	23
7370345	9422488	-1	2289664	1944	0	0	1944
7380354	-1	-1	0	0	0	0	0
7388347	13326808	-1	1727488	1037	0	0	1037
7397345	-1	-1	0	0	0	0	0
7406347	8647624	-1	952320	881	0	0	881
7413670	-1	-1	0	0	0	0	0
7422357	12212272	-1	908288	595	0	0	595
7432355	-1	-1	0	0	0	0	0
7441345	13691088	-1	1114112	651	0	0	651
7450346	-1	-1	0	0	0	0	0
7457345	16783608	-1	1204224	574	0	0	574
7462345	-1	-1	0	0	0	0	0
7471345	-1	-1	0	0	0	0	0
7481346	14875240	-1	1362944	733	0	0	733
7485345	-1	-1	0	0	0	0	0
7492346	-1	-1	0	0	0	0	0
7500347	13393440	-1	1284096	767	0	0	767
7510345	-1	-1	0	0	0	0	0
7518347	4320408	-1	1133028	2098	0	0	2098
7526345	-1	-1	0	0	0	0	0
7536345	16909528	-1	1120256	530	0	0	530
7544350	-1	-1	0	0	0	0	0
7552356	11892824	-1	970752	653	0	0	653
7559345	-1	-1	0	0	0	0	0
7569347	-1	-1	0	0	0	0	0
7573352	-1	-1	0	0	0	0	0
7580347	8627688	-1	1642496	1523	0	0	1523
7588354	13279856	-1	740352	446	0	0	446
7591347	-1	-1	0	0	0	0	0
7598350	-1	-1	0	0	0	0	0
7605355	14845600	-1	790528	426	0	0	426
7614355	-1	-1	0	0	0	0	0
7623346	16312392	-1	1166336	572	0	0	572
7630347	-1	-1	0	0	0	0	0
7639346	6397048	-1	970752	1214	0	0	1214
7644694	-1	-1	0	0	0	0	0
7654348	11821368	-1	1167360	790	0	0	790
7662345	-1	-1	0	0	0	0	0
7668346	-1	-1	0	0	0	0	0
7677346	-1	-1	0	0	0	0	0
7684345	13952824	-1	1081344	620	0	0	620
7692345	-1	-1	0	0	0	0	0
7698345	14613240	-1	836608	458	0	0	458
7707346	-1	-1	0	0	0	0	0
7715347	14993952	-1	828416	442	0	0	442
7717345	-1	-1	0	0	0	0	0
7726345	-1	-1	0	0	0	0	0
7734348	-1	-1	0	0	0	0	0
7740349	14196160	-1	2053120	1157	0	0	1157
7749345	-1	-1	0	0	0	0	0
7758350	12310936	-1	1374208	893	0	0	893
7767345	-1	-1	0	0	0	0	0
7776345	7307856	-1	1371136	1501	0	0	1501
7785352	-1	-1	0	0	0	0	0
7868042	6639184	-1	2097152	2527	0	0	2527
7877043	-1	-1	0	0	0	0	0
7886037	-1	-1	0	0	0	0	0
7895044	-1	-1	0	0	0	0	0
7904045	-1	-1	0	0	0	0	0
7913037	-1	-1	0	0	0	0	0
7922047	-1	-1	0	0	0	0	0
7932047	-1	-1	0	0	0	0	0
7942037	-1	-1	0	0	0	0	0
7951907	1970936	-1	407984	1656	0	0	1788
7953037	1244352	-1	344064	2212	0	0	2212
7962045	-1	-1	0	0	0	0	0
7971037	13554040	-1	652288	385	0	0	409
7980036	-1	-1	0	0	0	0	0
7989052	14186144	-1	872448	492	0	0	492
7998037	-1	-1	0	0	0	0	0
8006047	16925616	-1	1024000	484	0	0	484
8016037	13198224	-1	623616	378	0	0	378
8020037	-1	-1	0	0	0	0	0
8028038	-1	-1	0	0	0	0	0
8037039	15612560	-1	870400	446	0	0	446
8045036	-1	-1	0	0	0	0	0
8054038	12629760	-1	1267712	803	0	0	803
8061041	-1	-1	0	0	0	0	0
8068041	-1	-1	0	0	0	0	0
8071042	-1	-1	0	0	0	0	0
8080041	7392920	-1	2671616	2891	0	0	2891
8087037	-1	-1	0	0	0	0	0
8096038	-1	-1	0	0	0	0	0
8104044	15384976	-1	867328	451	0	0	451
8107045	-1	-1	0	0	0	0	0
8116041	-1	-1	0	0	0	0	0
8125040	14336000	-1	852992	476	0	0	476
8134038	-1	-1	0	0	0	0	0
8143045	16584248	-1	932864	450	0	0	450
8152043	-1	-1	0	0	0	0	0
8161039	14110624	-1	1105920	627	0	0	627
8170041	-1	-1	0	0	0	0	0
8177037	16667096	-1	964608	463	0	0	463
8186042	-1	-1	0	0	0	0	0
8195051	16748712	-1	1222656	584	0	0	584
8204044	-1	-1	0	0	0	0	0
8212036	-1	-1	0	0	0	0	0
8219037	13569664	-1	1826816	1077	0	0	1077
8223037	-1	-1	0	0	0	0	0
8232037	15201472	-1	908288	478	0	0	478
8236038	-1	-1	0	0	0	0	0
8245039	-1	-1	0	0	0	0	0
8252039	15977608	-1	764928	383	0	0	416
8261036	13182528	-1	1576960	957	0	0	966
8265037	11616168	-1	274432	189	0	0	189
8274041	-1	-1	0	0	0	0	0
8283043	14596944	-1	945152	518	0	0	518
8292042	-1	-1	0	0	0	0	0
8298042	-1	-1	0	0	0	0	0
8302036	-1	-1	0	0	0	0	0
8311045	3576376	-1	1860608	4162	0	0	4162
8320045	-1	-1	0	0	0	0	0
8326043	3731912	-1	1538480	3298	0	0	3310
8333045	-1	-1	0	0	0	0	0
8341044	-1	-1	0	0	0	0	0
8348037	-1	-1	0	0	0	0	0
8355048	8059440	-1	933888	927	0	0	927
8363042	-1	-1	0	0	0	0	0
8372041	13681056	-1	673792	394	0	0	416
8379048	-1	-1	0	0	0	0	0
8388046	13824000	-1	580608	336	0	0	336
8390045	-1	-1	0	0	0	0	0
8399041	12258320	-1	845824	552	0	0	552
8409052	-1	-1	0	0	0	0	0
8418047	13414224	-1	957440	571	0	0	571
8427039	-1	-1	0	0	0	0	0
8433037	14228208	-1	878592	494	0	0	494
8440039	-1	-1	0	0	0	0	0
8446038	-1	-1	0	0	0	0	0
8451038	-1	-1	0	0	0	0	0
8460039	17111712	-1	1685504	788	0	0	831
8469040	-1	-1	0	0	0	0	0
8477041	11682256	-1	829440	568	0	0	568
8486041	-1	-1	0	0	0	0	0
8495042	10621936	-1	904192	681	0	0	681
8503043	-1	-1	0	0	0	0	0
8512042	-1	-1	0	0	0	0	0
8515042	-1	-1	0	0	0	0	0
8523038	13282256	-1	1600512	964	0	0	964
8533045	-1	-1	0	0	0	0	0
8541046	13803456	-1	1161216	673	0	0	673
8549046	-1	-1	0	0	0	0	0
8557042	-1	-1	0	0	0	0	0
8565043	-1	-1	0	0	0	0	0
8575036	14023248	-1	1423360	812	0	0	939
8582049	-1	-1	0	0	0	0	0
8589049	16826808	-1	1323008	629	0	0	629
8596041	-1	-1	0	0	0	0	0
8606051	15787704	-1	1138688	577	0	0	577
8615050	-1	-1	0	0	0	0	0
8625050	-1	-1	0	0	0	0	0
8631039	-1	-1	0	0	0	0	0
8637052	17622056	-1	1559552	708	0	0	708
8646038	-1	-1	0	0	0	0	0
8649038	-1	-1	0	0	0	0	0
8658039	16240664	-1	1508352	743	0	0	787
8660038	-1	-1	0	0	0	0	0
8670113	-1	-1	0	0	0	0	0
8678040	13743432	-1	676864	394	0	0	-1
8687044	-1	-1	0	0	0	0	-1
8694037	-1	-1	0	0	0	0	-1
8703037	3701600	-1	2157568	4663	0	0	-1
8713043	8278232	-1	589824	570	0	0	-1
8720037	-1	-1	0	0	0	0	-1
8729041	14643440	-1	792576	433	0	0	-1
8736036	-1	-1	0	0	0	0	-1
8921093	13606192	-1	1379328	811	0	0	25768
8931092	-1	-1	0	0	0	0	0
8940092	6852728	-1	1750016	2043	0	0	2043
8946090	15591224	-1	1570816	806	0	0	806
8950096	-1	-1	20480	38	0	0	38
8958096	-1	-1	0	0	0	0	0
8964096	6144000	-1	1425408	1856	0	0	1856
8974097	-1	-1	0	0	0	0	0
8983092	12307088	-1	1650688	1073	0	0	1073
8993091	-1	-1	0	0	0	0	0
8996099	-1	-1	0	0	0	0	0
9003089	-1	-1	0	0	0	0	0
9012094	12961504	-1	1931264	1192	0	0	1192
9020101	-1	-1	0	0	0	0	0
9030089	13246280	-1	799744	483	0	0	483
9038089	-1	-1	0	0	0	0	0
9046100	11940880	-1	792576	531	0	0	531
9055093	-1	-1	0	0	0	0	0
9064093	10732560	-1	635904	474	0	0	474
9070097	-1	-1	0	0	0	0	0
9078090	12094920	-1	898048	594	0	0	594
9086089	-1	-1	0	0	0	0	0
9095089	4433120	-1	1166464	2105	0	0	2179
9102090	-1	-1	0	0	0	0	0
9111089	12104408	-1	978944	647	0	0	647
9119088	-1	-1	0	0	0	0	0
9126092	-1	-1	0	0	0	0	0
9132089	-1	-1	0	0	0	0	0
9139093	13567232	-1	2258944	1332	0	0	1341
9148091	-1	-1	0	0	0	0	0
9156095	11143152	-1	672768	483	0	0	483
9161088	-1	-1	0	0	0	0	0
9169096	12060448	-1	922624	612	0	0	622
9175096	-1	-1	0	0	0	0	0
9184089	16042664	-1	914432	456	0	0	456
9193089	-1	-1	0	0	0	0	0
9202098	16191248	-1	860160	425	0	0	425
9211099	-1	-1	0	0	0	0	0
9218090	-1	-1	0	0	0	0	0
9227093	13869960	-1	830464	479	0	0	508
9232088	15892696	-1	1523712	767	0	0	767
9240101	-1	-1	0	0	0	0	0
9248101	14709280	-1	1492992	812	0	0	812
9256090	-1	-1	0	0	0	0	0
9265089	12885512	-1	761856	473	0	0	473
9273089	-1	-1	0	0	0	0	0
9283095	11686032	-1	914432	626	0	0	626
9289102	-1	-1	0	0	0	0	0
9298090	-1	-1	0	0	0	0	0
9306089	-1	-1	0	0	0	0	0
9313090	14982392	-1	1762304	941	0	0	941
9322091	-1	-1	0	0	0	0	0
9332092	-1	-1	0	0	0	0	0
9339092	-1	-1	0	0	0	0	0
9347091	15285760	-1	1396736	731	0	0	731
9355094	-1	-1	0	0	0	0	0
9365088	15738328	-1	798720	406	0	0	418
9372088	-1	-1	0	0	0	0	0
9381096	14255608	-1	953344	535	0	0	535
9388097	-1	-1	0	0	0	0	0
9397097	16045488	-1	970752	484	0	0	484
9404089	-1	-1	0	0	0	0	0
9411095	15608424	-1	1318912	676	0	0	676
9420089	-1	-1	0	0	0	0	0
9428090	-1	-1	0	0	0	0	0
9438093	15555880	-1	1250304	643	0	0	715
9442088	-1	-1	0	0	0	0	0
9451089	-1	-1	0	0	0	0	0
9460089	1855256	-1	687140	2963	0	0	2963
9468093	-1	-1	0	0	0	0	0
9477102	14957304	-1	665600	356	0	0	356
9486090	-1	-1	0	0	0	0	0
9495090	13832088	-1	765952	443	0	0	443
9505089	-1	-1	0	0	0	0	0
9512089	13969936	-1	722944	414	0	0	418
9520090	-1	-1	0	0	0	0	0
9528090	-1	-1	0	0	0	0	0
9535091	18330616	-1	1851392	808	0	0	820
9538091	-1	-1	0	0	0	0	0
9547092	-1	-1	0	0	0	0	0
9557093	-1	-1	0	0	0	0	0
9562093	-1	-1	0	0	0	0	0
9568096	8554728	-1	1569792	1468	0	0	1548
9577094	-1	-1	0	0	0	0	0
9585098	11860680	-1	1165312	786	0	0	786
9594096	-1	-1	0	0	0	0	0
9603096	15910312	-1	1169408	588	0	0	588
9612093	-1	-1	0	0	0	0	0
9619097	16085792	-1	939008	467	0	0	467
9628090	-1	-1	0	0	0	0	0
9637092	14527144	-1	680960	375	0	0	375
9647096	-1	-1	0	0	0	0	0
9656088	15444880	-1	1094656	567	0	0	567
9665089	-1	-1	0	0	0	0	0
9674096	14376160	-1	549888	306	0	0	306
9683088	-1	-1	0	0	0	0	0
9693089	12754128	-1	658432	413	0	0	420
9701089	-1	-1	0	0	0	0	0
9709089	13091888	-1	700416	428	0	0	434
9717089	-1	-1	0	0	0	0	0
9726090	13150888	-1	616448	375	0	0	409
9733090	-1	-1	0	0	0	0	0
9740091	13578520	-1	495616	292	0	0	312
9744092	-1	-1	0	0	0	0	0
9752092	-1	-1	0	0	0	0	0
9757092	-1	-1	0	0	0	0	0
9763091	14466720	-1	934912	517	0	0	517
9769101	-1	-1	0	0	0	0	0
9777091	17478728	-1	1455104	666	0	0	666
9786094	-1	-1	0	0	0	0	0
9795095	16841288	-1	1319936	627	0	0	627
9802088	-1	-1	0	0	0	0	0
9811095	-1	-1	0	0	0	0	0
9816094	-1	-1	0	0	0	0	0
9822092	7625744	-1	2485040	2607	0	0	2607
9831098	-1	-1	0	0	0	0	0
9840097	15215608	-1	1173504	617	0	0	617
9849096	-1	-1	0	0	0	0	0
9859100	15808208	-1	1855488	939	0	0	939
9869101	-1	-1	0	0	0	0	0
9876100	14284728	-1	1212416	679	0	0	679
9879089	-1	-1	0	0	0	0	0
9887088	-1	-1	0	0	0	0	0
9889089	-1	-1	0	0	0	0	0
9898089	15943904	-1	2114560	1061	0	0	1061
9907089	-1	-1	0	0	0	0	0
9915089	13926400	-1	887808	510	0	0	510
9920089	-1	-1	0	0	0	0	0
9929089	-1	-1	0	0	0	0	0
9937093	17411616	-1	2463744	1132	0	0	1132
9940090	-1	-1	0	0	0	0	0
9949088	-1	-1	0	0	0	0	0
9958091	13159280	-1	1345536	818	0	0	818
9967092	-1	-1	0	0	0	0	0
9975091	13102608	-1	584704	357	0	0	357
9984091	-1	-1	0	0	0	0	0
9991094	16782112	-1	1122304	535	0	0	535
10000090	-1	-1	0	0	0	0	0
10008089	13268112	-1	928768	560	0	0	560
10017096	-1	-1	0	0	0	0	0
10024097	13910176	-1	702464	404	0	0	413
10033094	-1	-1	0	0	0	0	0
10038097	13763824	-1	892928	519	0	0	519
10045098	-1	-1	0	0	0	0	0
10051097	15552928	-1	804864	414	0	0	417
10059098	-1	-1	0	0	0	0	0
10067094	14379576	-1	844800	470	0	0	470
10077090	-1	-1	0	0	0	0	0
10085102	-1	-1	0	0	0	0	0
10088089	-1	-1	0	0	0	0	0
10096088	15454600	-1	1191936	617	0	0	626
10100100	-1	-1	0	0	0	0	0
10107090	13138704	-1	854016	520	0	0	520
10115103	-1	-1	0	0	0	0	0
10124090	13972576	-1	836608	479	0	0	479
10131089	-1	-1	0	0	0	0	0
10141090	-1	-1	0	0	0	0	0
10148089	-1	-1	0	0	0	0	0
10157091	13466112	-1	1006592	598	0	0	695
10163089	-1	-1	0	0	0	0	0
10171092	13528968	-1	854016	505	0	0	505
10178092	3405488	-1	861588	2024	0	0	2024
10181091	-1	-1	0	0	0	0	0
10189089	-1	-1	0	0	0	0	0
10199094	18852632	-1	1399808	594	0	0	594
10208090	-1	-1	0	0	0	0	0
10216089	-1	-1	0	0	0	0	0
10224090	14079024	-1	462848	263	0	0	266
10229097	18550480	-1	841728	363	0	0	363
10237098	-1	-1	0	0	0	0	0
10243095	18435744	-1	1260544	547	0	0	547
10252091	-1	-1	0	0	0	0	0
10260088	13380824	-1	821248	491	0	0	491
10266089	-1	-1	0	0	0	0	0
10274089	15261808	-1	835584	438	0	0	438
10282091	-1	-1	0	0	0	0	0
10291088	14406080	-1	947200	526	0	0	526
10297088	-1	-1	0	0	0	0	0
10306088	16926840	-1	1053696	498	0	0	498
10315105	-1	-1	0	0	0	0	0
10323090	18373008	-1	1116160	486	0	0	486
10331089	-1	-1	0	0	0	0	0
10337091	17179688	-1	972800	453	0	0	453
10346089	-1	-1	0	0	0	0	0
10353565	18867064	-1	910336	386	0	0	386
10361090	-1	-1	0	0	0	0	0
10370091	13709552	-1	582656	340	0	0	340
10376091	-1	-1	0	0	0	0	0
10384090	18085216	-1	707584	313	0	0	314
10389093	-1	-1	0	0	0	0	0
10398093	17235640	-1	870400	404	0	0	415
10406523	-1	-1	0	0	0	0	0
10416094	13941144	-1	677888	389	0	0	389
10424095	-1	-1	0	0	0	0	0
10431096	16828712	-1	736256	350	0	0	421
10439097	12263904	-1	1042432	680	0	0	680
10443088	-1	-1	0	0	0	0	0
10450091	-1	-1	0	0	0	0	0
10458093	-1	-1	0	0	0	0	0
10463094	-1	-1	0	0	0	0	0
10469088	15671128	-1	1328128	678	0	0	678
10477088	17263144	-1	442368	205	0	0	221
10482100	15552928	-1	670720	345	0	0	345
10491091	-1	-1	0	0	0	0	0
10501089	16418472	-1	1463296	713	0	0	713
10505089	-1	-1	0	0	0	0	0
10514097	13707040	-1	1132544	661	0	0	661
10523090	-1	-1	0	0	0	0	0
10531089	18071456	-1	1158832	513	0	0	513
10539090	-1	-1	0	0	0	0	0
10549089	-1	-1	0	0	0	0	0
10559090	-1	-1	0	0	0	0	1164
10563090	3804856	-1	1465344	3081	0	0	3081
10570089	-1	-1	0	0	0	0	0
10579091	19635464	-1	952320	388	0	0	388
10587092	-1	-1	0	0	0	0	0
10597088	15953680	-1	1025024	514	0	0	514
10659025	18310360	-1	1888256	825	0	0	825
10668021	-1	-1	0	0	0	0	0
10678032	-1	-1	0	0	0	0	0
10686033	-1	-1	0	0	0	0	0
10695023	-1	-1	0	0	0	0	0
10701021	-1	-1	0	0	0	0	0
10711943	-1	-1	0	0	0	0	0
10721026	-1	-1	0	0	0	0	0
10725021	-1	-1	0	0	0	0	0
10734021	-1	-1	0	0	0	0	0
10743034	17227568	-1	941056	437	0	0	437
10746025	-1	-1	0	0	0	0	0
10755022	-1	-1	0	0	0	0	0
10762022	-1	-1	0	0	0	0	0
10769023	7747344	-1	1855488	1916	0	0	1963
10778023	-1	-1	0	0	0	0	0
10784020	-1	-1	0	0	0	0	0
10791024	-1	-1	0	0	0	0	0
10797022	16833680	-1	1763328	838	0	0	838
10805021	-1	-1	0	0	0	0	0
10814026	20480000	-1	1751040	684	0	0	684
10823021	-1	-1	0	0	0	0	0
10831020	9569880	-1	1692672	1415	0	0	1415
10840026	-1	-1	0	0	0	0	0
10849021	-1	-1	0	0	0	0	0
10856026	18682208	-1	1032192	442	0	0	460
10861022	22223184	-1	2388992	860	0	0	892
10870024	-1	-1	0	0	0	0	0
10879032	14325280	-1	684032	382	0	0	382
10887021	-1	-1	0	0	0	0	0
10895031	20001864	-1	1285120	514	0	0	514
10902021	-1	-1	0	0	0	0	0
10911022	16612776	-1	1933312	931	0	0	931
10920021	-1	-1	0	0	0	0	0
10927026	-1	-1	0	0	0	0	0
10936021	-1	-1	0	0	0	0	0
10944026	18161912	-1	2186240	963	0	0	963
10949021	-1	-1	0	0	0	0	0
10955022	4323088	-1	789504	1461	0	0	1461
10961022	-1	-1	0	0	0	0	0
10970022	3427704	-1	802512	1873	0	0	1873
10979023	-1	-1	0	0	0	0	0
10985023	17080320	-1	1281024	600	0	0	600
10995021	-1	-1	0	0	0	0	0
11002021	13599152	-1	1285120	756	0	0	756
11012021	-1	-1	0	0	0	0	0
11020026	-1	-1	0	0	0	0	0
11025026	-1	-1	0	0	0	0	0
11033028	15667496	-1	1343488	686	0	0	729
11036021	-1	-1	0	0	0	0	0
11045029	13250016	-1	684032	413	0	0	422
11054029	-1	-1	0	0	0	0	0
11061023	13994664	-1	587776	336	0	0	336
11068020	-1	-1	0	0	0	0	0
11077021	13168960	-1	742400	451	0	0	451
11085029	-1	-1	0	0	0	0	0
11092020	14458064	-1	545792	302	0	0	317
11098032	-1	-1	0	0	0	0	0
11107028	15186440	-1	896000	472	0	0	512
11116033	-1	-1	0	0	0	0	0
11124681	13392136	-1	577536	345	0	0	345
11129035	-1	-1	0	0	0	0	0
11136023	14775568	-1	1514496	820	0	0	820
11145029	-1	-1	0	0	0	0	0
11153034	15356432	-1	1101824	574	0	0	574
11158031	-1	-1	0	0	0	0	0
11165022	16128960	-1	1618944	803	0	0	803
11171021	-1	-1	0	0	0	0	0
11177022	-1	-1	0	0	0	0	0
11183022	14355504	-1	565248	315	0	0	318
11188021	17012168	-1	2024448	952	0	0	952
11195023	-1	-1	0	0	0	0	0
11204021	18248848	-1	1402880	615	0	0	615
11213025	-1	-1	0	0	0	0	0
11222025	15028704	-1	2043904	1088	0	0	1088
11226026	-1	-1	0	0	0	0	0
11235021	12645504	-1	1901568	1203	0	0	1203
11244021	-1	-1	0	0	0	0	0
11253022	-1	-1	0	0	0	0	0
11257028	-1	-1	0	0	0	0	0
11266026	15297608	-1	1600512	837	0	0	864
11276021	-1	-1	0	0	0	0	0
11283030	15744904	-1	1110016	564	0	0	564
11292028	-1	-1	0	0	0	0	0
11301176	13653336	-1	686080	402	0	0	-1
11309021	-1	-1	0	0	0	0	-1
11319029	-1	-1	0	0	0	0	-1
11328025	3227496	-1	1153024	2858	0	0	-1
11337021	17352648	-1	1284096	592	0	0	-1
11344021	-1	-1	0	0	0	0	-1
11353022	14344792	-1	835584	466	0	0	-1
11361022	-1	-1	0	0	0	0	-1
11550008	2742096	-1	491520	1434	0	0	28458
11560015	6149376	-1	1464320	1905	0	0	1905
11567020	-1	-1	0	0	0	0	0
11574010	-1	-1	0	0	0	0	0
11580011	-1	-1	0	0	0	0	0
11589018	17056480	-1	1142784	536	0	0	582
11597007	-1	-1	0	0	0	0	0
11606021	14648752	-1	743424	406	0	0	416
11611008	-1	-1	0	0	0	0	0
11617008	20680312	-1	1532928	593	0	0	593
11624007	-1	-1	0	0	0	0	0
11634009	18892664	-1	871424	369	0	0	369
11643009	-1	-1	0	0	0	0	0
11653010	-1	-1	0	0	0	0	0
11660007	-1	-1	0	0	0	0	0
11667011	20037376	-1	1460224	583	0	0	623
11674012	14064288	-1	887808	505	0	0	538
11678012	-1	-1	0	0	0	0	0
11685013	-1	-1	0	0	0	0	0
11691014	17284016	-1	963584	446	0	0	446
11701015	-1	-1	0	0	0	0	0
11710008	13731912	-1	1024744	597	0	0	597
11717015	-1	-1	0	0	0	0	0
11725013	-1	-1	0	0	0	0	0
11732017	-1	-1	0	0	0	0	0
11741017	2335760	-1	1419264	4861	0	0	4861
11749014	-1	-1	0	0	0	0	0
11755010	-1	-1	0	0	0	0	0
11763015	17613448	-1	1393664	633	0	0	633
11766014	-1	-1	0	0	0	0	0
11773013	-1	-1	0	0	0	0	0
11782010	16471680	-1	1346560	654	0	0	654
11791021	-1	-1	0	0	0	0	0
11800008	15093136	-1	1245184	660	0	0	660
11809008	-1	-1	0	0	0	0	0
11818008	14087176	-1	1130496	642	0	0	642
11826007	-1	-1	0	0	0	0	0
11833008	13926400	-1	940032	540	0	0	540
11842008	-1	-1	0	0	0	0	0
11850010	-1	-1	0	0	0	0	0
11858010	13534136	-1	1278976	756	0	0	756
11860010	-1	-1	0	0	0	0	0
11869011	-1	-1	0	0	0	0	0
11878007	-1	-1	0	0	0	0	0
11887012	15155608	-1	1907712	1007	0	0	1007
11890007	-1	-1	0	0	0	0	0
11898013	-1	-1	0	0	0	0	0
11908008	-1	-1	0	0	0	0	0
11917014	17621496	-1	1764352	801	0	0	801
11919013	-1	-1	0	0	0	0	0
11927009	-1	-1	0	0	0	0	0
11933015	-1	-1	0	0	0	0	0
11937007	-1	-1	0	0	0	0	0
11946013	12878560	-1	2087936	1297	0	0	1297
11955017	-1	-1	0	0	0	0	0
11964721	15297696	-1	1225728	641	0	0	641
11973020	-1	-1	0	0	0	0	0
11982010	13838240	-1	1430528	827	0	0	827
11991016	-1	-1	0	0	0	0	0
12000021	14453224	-1	1073152	594	0	0	594
12009007	-1	-1	0	0	0	0	0
12019370	13527640	-1	1469440	869	0	0	869
12027019	-1	-1	0	0	0	0	0
12036019	14468384	-1	951296	526	0	0	526
12045008	-1	-1	0	0	0	0	0
12054009	-1	-1	0	0	0	0	0
12062010	-1	-1	0	0	0	0	0
12070010	14430792	-1	1286144	713	0	0	835
12078007	-1	-1	0	0	0	0	0
12084011	4294640	-1	1236320	2303	0	0	2303
12094012	-1	-1	0	0	0	0	0
12103012	15551480	-1	956416	492	0	0	492
12112013	-1	-1	0	0	0	0	0
12121014	16409208	-1	666624	325	0	0	325
12130015	-1	-1	0	0	0	0	0
12139016	3264712	-1	552960	1355	0	0	1355
12144013	-1	-1	0	0	0	0	0
12153011	16957872	-1	1210368	571	0	0	571
12161009	-1	-1	0	0	0	0	0
12169007	16623184	-1	854016	411	0	0	411
12176011	-1	-1	0	0	0	0	0
12186016	18343408	-1	901120	393	0	0	413
12192017	-1	-1	0	0	0	0	0
12202007	-1	-1	0	0	0	0	0
12208007	-1	-1	0	0	0	0	0
12214011	20221696	-1	1964032	777	0	0	826
12219022	-1	-1	0	0	0	0	0
12228015	16190992	-1	773120	382	0	0	418
12235008	-1	-1	0	0	0	0	0
12244007	16717296	-1	975872	467	0	0	467
12252007	-1	-1	0	0	0	0	0
12261008	8852648	-1	686080	620	0	0	620
12265009	-1	-1	0	0	0	0	0
12274009	16452080	-1	1484800	722	0	0	722
12282007	-1	-1	0	0	0	0	0
12290010	18412064	-1	1654784	719	0	0	719
12299007	11442792	-1	360448	252	0	0	252
12304012	17212760	-1	552960	257	0	0	279
12313012	-1	-1	0	0	0	0	0
12321012	16510680	-1	1201152	582	0	0	582
12327013	-1	-1	0	0	0	0	0
12334008	-1	-1	0	0	0	0	0
12340009	-1	-1	0	0	0	0	0
12349008	15029896	-1	2284544	1216	0	0	1216
12358007	-1	-1	0	0	0	0	0
12367016	13622912	-1	1222656	718	0	0	718
12375017	-1	-1	0	0	0	0	0
12382014	13463856	-1	1236992	735	0	0	735
12391019	-1	-1	0	0	0	0	0
12400015	15177872	-1	1610752	849	0	0	849
12409018	-1	-1	0	0	0	0	0
12415007	13238480	-1	1590272	961	0	0	961
12424007	-1	-1	0	0	0	0	0
12431012	10072128	-1	1228800	976	0	0	976
12437007	-1	-1	0	0	0	0	0
12444008	8836048	-1	1152000	1043	0	0	1043
12451013	-1	-1	0	0	0	0	0
12458008	2658680	-1	888664	2674	0	0	2851
12468008	1363640	-1	1097728	6440	0	0	6440
12476007	8929056	-1	2059264	1845	0	0	1845
12484009	-1	-1	0	0	0	0	0
12491010	8416600	-1	1458176	1386	0	0	1386
12499011	-1	-1	0	0	0	0	0
12508011	-1	-1	0	0	0	0	0
12510008	-1	-1	0	0	0	0	0
12519012	8892512	-1	2508800	2257	0	0	2257
12527012	-1	-1	0	0	0	0	0
12537010	2686104	-1	1131520	3370	0	0	3370
12546007	-1	-1	0	0	0	0	0
12555007	5666296	-1	877568	1239	0	0	1239
12564016	-1	-1	0	0	0	0	0
12571011	-1	-1	0	0	0	0	0
12576007	-1	-1	0	0	0	0	0
12585015	9509824	-1	1810432	1523	0	0	1523
12594018	-1	-1	0	0	0	0	0
12603007	4963216	-1	1418240	2286	0	0	2286
12612010	-1	-1	0	0	0	0	0
12621165	-1	-1	0	0	0	0	0
12630021	-1	-1	0	0	0	0	0
12637011	15914456	-1	1631232	820	0	0	820
12645020	-1	-1	0	0	0	0	0
12654010	15262272	-1	1839104	964	0	0	964
12663008	-1	-1	0	0	0	0	0
12670010	4692368	-1	1039360	1772	0	0	1772
12680008	-1	-1	0	0	0	0	0
12688009	15061072	-1	1212416	644	0	0	644
12698007	-1	-1	0	0	0	0	0
12707010	-1	-1	0	0	0	0	0
12716011	16726808	-1	1448960	693	0	0	714
12719011	-1	-1	0	0	0	0	0
12728007	-1	-1	0	0	0	0	0
12737008	2758136	-1	514048	1491	0	0	1492
12743013	-1	-1	0	0	0	0	0
12750014	10891368	-1	950272	698	0	0	698
12759014	13598720	-1	1019904	600	0	0	600
12761011	-1	-1	0	0	0	0	0
12770007	-1	-1	0	0	0	0	0
12779013	18380800	-1	1470464	640	0	0	640
12787015	-1	-1	0	0	0	0	0
12793017	-1	-1	0	0	0	0	0
12797011	-1	-1	0	0	0	0	0
12805018	7226032	-1	1577984	1747	0	0	1747
12808015	-1	-1	0	0	0	0	0
12817007	15422808	-1	1393836	723	0	0	725
12826009	-1	-1	0	0	0	0	0
12835012	2829376	-1	1164288	3292	0	0	3292
12840017	-1	-1	0	0	0	0	0
12849022	11270392	-1	1128448	801	0	0	801
12858008	-1	-1	0	0	0	0	0
12867008	15051768	-1	1862656	990	0	0	990
12877008	-1	-1	0	0	0	0	0
12884007	13863384	-1	811008	468	0	0	515
12891008	14489096	-1	1284096	709	0	0	709
12895008	-1	-1	0	0	0	0	0
12903009	-1	-1	0	0	0	0	0
12913010	-1	-1	0	0	0	0	0
12921007	12238800	-1	1018880	666	0	0	761
12926011	13930360	-1	1441792	828	0	0	828
12935007	-1	-1	0	0	0	0	0
12944012	-1	-1	0	0	0	0	0
12952011	15609368	-1	1506304	772	0	0	773
12955013	-1	-1	0	0	0	0	0
12962007	-1	-1	0	0	0	0	0
12969014	10485432	-1	1301504	993	0	0	993
12976015	-1	-1	0	0	0	0	0
12985012	18231368	-1	1232896	541	0	0	541
12993010	-1	-1	0	0	0	0	0
13002017	-1	-1	0	0	0	0	0
13009016	14417920	-1	270336	150	0	0	170
13014014	17742144	-1	1685504	760	0	0	760
13024011	-1	-1	0	0	0	0	0
13031009	12894472	-1	1415168	878	0	0	878
13041007	-1	-1	0	0	0	0	0
13049008	14911776	-1	1047552	562	0	0	562
13056022	-1	-1	0	0	0	0	0
13065008	13879944	-1	1254400	723	0	0	723
13075019	-1	-1	0	0	0	0	0
13082018	13862176	-1	906240	523	0	0	523
13091014	-1	-1	0	0	0	0	0
13101008	14559696	-1	1716224	943	0	0	943
13111009	-1	-1	0	0	0	0	0
13118007	-1	-1	0	0	0	0	0
13125010	-1	-1	0	0	0	0	0
13132018	16484056	-1	1349632	655	0	0	707
13138022	-1	-1	0	0	0	0	0
13147010	13278152	-1	1606656	968	0	0	968
13156012	-1	-1	0	0	0	0	0
13161007	-1	-1	0	0	0	0	0
13168014	-1	-1	0	0	0	0	0
13176011	15429352	-1	1936384	1004	0	0	1004
13185015	-1	-1	0	0	0	0	0
13191016	-1	-1	0	0	0	0	0
13200008	9207536	-1	139264	121	0	0	124
13205012	6019120	-1	1690620	2247	0	0	2260
13211015	-1	-1	0	0	0	0	0
13220011	21598496	-1	1433600	531	0	0	531
13229011	-1	-1	0	0	0	0	0
13238008	-1	-1	0	0	0	0	0
13244008	20723056	-1	1178624	455	0	0	468
13249015	-1	-1	128000	66	0	0	66
13256016	-1	-1	0	0	0	0	0
13264008	21379120	-1	1972224	738	0	0	738
13272011	-1	-1	0	0	0	0	0
13281008	-1	-1	0	0	0	0	0
13288021	19068072	-1	698368	293	0	0	339
13293008	21302896	-1	1179648	443	0	0	443
13301008	-1	-1	0	0	0	0	0
13309007	-1	-1	0	0	0	0	0
13315008	-1	-1	0	0	0	0	0
13323009	21084112	-1	1626112	617	0	0	617
13330007	-1	-1	0	0	0	0	0
13337010	18130600	-1	1201152	530	0	0	530
13346011	-1	-1	0	0	0	0	0
13356008	-1	-1	0	0	0	0	0
13365012	16060632	-1	1525760	760	0	0	760
13367013	-1	-1	0	0	0	0	0
13376016	-1	-1	0	0	0	0	0
13385014	16491792	-1	626688	304	0	0	310
13395015	-1	-1	0	0	0	0	0
13403011	19134712	-1	1303552	545	0	0	545
13410016	-1	-1	0	0	0	0	0
13419017	14199464	-1	1011712	570	0	0	570
13428014	-1	-1	0	0	0	0	0
13437013	-1	-1	0	0	0	0	0
13440016	-1	-1	0	0	0	0	0
13449019	16756360	-1	783360	374	0	0	493
13453011	-1	-1	0	0	0	0	0
13509204	2287272	-1	2310144	8080	0	0	8080
13512195	-1	-1	0	0	0	0	0
13521195	-1	-1	0	0	0	0	0
13528200	-1	-1	0	0	0	0	0
13538205	-1	-1	0	0	0	0	0
13547198	-1	-1	0	0	0	0	0
13554200	-1	-1	0	0	0	0	0
13562200	-1	-1	0	0	0	0	0
13568195	-1	-1	0	0	0	0	0
13573196	-1	-1	0	0	0	0	0
13581196	-1	-1	0	0	0	0	0
13589197	-1	-1	0	0	0	0	0
13595195	14326992	-1	1851764	1034	0	0	1148
13604198	-1	-1	0	0	0	0	0
13613195	6647440	-1	1639424	1973	0	0	1973
13622199	-1	-1	0	0	0	0	0
13628195	3510856	-1	1179648	2688	0	0	2688
13637197	-1	-1	0	0	0	0	0
13646201	5574000	-1	996352	1430	0	0	1430
13657008	-1	-1	0	0	0	0	0
13662203	-1	-1	0	0	0	0	0
13672195	2905176	-1	403456	1111	0	0	1289
13676199	1511752	-1	770048	4075	0	0	4075
13684208	1723520	-1	418816	1944	0	0	1944
13693198	10097728	-1	2343936	1857	0	0	1857
13702195	-1	-1	0	0	0	0	0
13711197	8911480	-1	1445888	1298	0	0	1298
13720207	-1	-1	0	0	0	0	0
13728194	11388208	-1	2112512	1484	0	0	1484
13735198	-1	-1	0	0	0	0	0
13745204	-1	-1	0	0	0	0	0
13753207	12435096	-1	3073024	1977	0	0	1977
13756195	-1	-1	0	0	0	0	0
13764705	9654144	-1	2467840	2045	0	0	2045
13766195	-1	-1	0	0	0	0	0
13775195	3784232	-1	180224	381	0	0	384
13780195	9005000	-1	1338368	1189	0	0	1189
13789195	-1	-1	0	0	0	0	0
13798196	11172272	-1	763904	547	0	0	547
13807195	-1	-1	0	0	0	0	0
13816199	-1	-1	0	0	0	0	0
13820198	-1	-1	0	0	0	0	0
13829199	4950144	-1	1305600	2110	0	0	2110
13838200	-1	-1	0	0	0	0	0
13847199	12318568	-1	1238016	804	0	0	804
13856201	-1	-1	0	0	0	0	0
13865202	-1	-1	0	0	0	0	0
13873200	-1	-1	0	0	0	0	0
13882200	12292024	-1	3125248	2034	0	0	2034
13891198	-1	-1	0	0	0	0	0
13900200	-1	-1	0	0	0	0	0
13907196	-1	-1	0	0	0	0	0
13917205	4400936	-1	3214336	5843	0	0	5843
13925207	416472	-1	409600	7868	0	0	7868
13933199	4824648	-1	2793472	4632	0	0	4632
13941199	-1	-1	0	0	0	0	0
13948196	-1	-1	0	0	0	0	0
13956196	12047056	-1	3404800	2261	0	0	2261
13959202	-1	-1	0	0	0	0	0
13968196	-1	-1	0	0	0	0	0
13977200	4243160	-1	896368	1690	0	0	1690
13986201	-1	-1	0	0	0	0	0
13995218	17701216	-1	1004544	454	0	0	454
14004197	-1	-1	0	0	0	0	0
14013196	10886736	-1	517120	380	0	0	380
14022198	-1	-1	0	0	0	0	0
14031195	15693112	-1	488448	249	0	0	310
14040195	-1	-1	0	0	0	0	0
14044195	-1	-1	0	0	0	0	0
14047201	-1	-1	0	0	0	0	0
14056201	22137160	-1	1087488	393	0	0	507
14065195	-1	-1	0	0	0	0	0
14071194	6733576	-1	666624	792	0	0	792
14080200	-1	-1	0	0	0	0	0
14089203	16470960	-1	969728	471	0	0	-1
14093195	-1	-1	0	0	0	0	-1
14102195	-1	-1	0	0	0	0	-1
14107205	-1	-1	0	0	0	0	-1
14116201	14216128	-1	2155520	1213	0	0	-1
14125197	-1	-1	0	0	0	0	-1
14134195	10753224	-1	1126400	838	0	0	-1
14137194	-1	-1	0	0	0	0	-1
14147203	-1	-1	0	0	0	0	-1
14151204	-1	-1	0	0	0	0	-1
14160194	7013584	-1	883712	1008	0	0	-1
14339020	1882368	-1	1245184	5292	0	0	5292
14348028	5628656	-1	1400832	1991	0	0	1991
14356027	-1	-1	0	0	0	0	0
14366024	14287624	-1	907264	508	0	0	508
14374020	-1	-1	0	0	0	0	0
14381026	9395888	-1	695296	592	0	0	592
14389027	-1	-1	0	0	0	0	0
14398022	-1	-1	0	0	0	0	0
14404024	-1	-1	0	0	0	0	0
14411024	17099680	-1	1370112	641	0	0	641
14420021	-1	-1	0	0	0	0	0
14430020	16313176	-1	707584	347	0	0	347
