10754	5246896	-1	4334592	6609	0	0	6609
19727	-1	-1	0	0	0	0	0
28726	5775320	-1	768840	1065	0	0	1313
37727	-1	-1	0	0	0	0	0
47197	3128848	-1	528384	1351	0	0	1351
56198	-1	-1	0	0	0	0	0
65198	6119736	-1	1097728	1435	0	0	3994
74203	-1	-1	0	0	0	0	0
84197	631128	-1	204800	2596	0	0	3999
87202	970400	-1	396288	3267	0	0	3267
97198	3234576	-1	392192	970	0	0	2990
101201	-1	-1	0	0	0	0	0
109203	3526104	-1	947200	2149	0	0	2998
114208	-1	-1	0	0	0	0	0
123198	-1	-1	0	0	0	0	0
128198	-1	-1	0	0	0	0	0
137197	3861376	-1	699392	1449	0	0	2995
139198	-1	-1	0	0	0	0	0
148197	2802232	-1	253952	725	0	0	1000
153198	3516872	-1	171008	389	0	0	998
159198	4784464	-1	1056768	1767	0	0	4999
168197	-1	-1	0	0	0	0	0
175213	-1	-1	0	0	0	0	0
182197	-1	-1	0	0	0	0	0
189199	5677000	-1	557056	785	0	0	2995
198199	8608848	-1	486400	452	0	0	993
202201	12990664	-1	388096	239	0	0	1997
211204	-1	-1	0	0	0	0	0
217200	8610072	-1	780288	725	0	0	3998
226220	-1	-1	0	0	0	0	0
236197	8297424	-1	2176000	2098	0	0	4001
244201	1577376	-1	280576	1423	0	0	1423
250197	-1	-1	0	0	0	0	0
258198	5390408	-1	311296	462	0	0	1994
267197	8571416	-1	1017856	950	0	0	2992
273197	-1	-1	0	0	0	0	0
280197	11429752	-1	1438720	1007	0	0	3993
287196	-1	-1	0	0	0	0	0
296198	12070240	-1	595968	395	0	0	2998
302199	-1	-1	0	0	0	0	0
311197	7805448	-1	537600	551	0	0	2995
315198	-1	-1	0	0	0	0	0
324196	-1	-1	0	0	0	0	0
402726	7645216	-1	801792	839	0	0	839
406725	-1	-1	130048	170	0	0	170
415726	-1	-1	0	0	0	0	0
421725	7674520	-1	896000	934	0	0	1044
431726	-1	-1	0	0	0	0	0
438725	9917288	-1	818176	660	0	0	660
444725	-1	-1	0	0	0	0	0
452726	2832792	-1	769104	2172	0	0	2172
462727	-1	-1	0	0	0	0	0
472725	5168760	-1	651264	1008	0	0	1008
476759	-1	-1	0	0	0	0	0
482725	7543048	-1	1832960	1944	0	0	1944
490725	-1	-1	0	0	0	0	0
497726	6374296	-1	793600	996	0	0	996
505726	-1	-1	0	0	0	0	0
511725	5603592	-1	1035264	1478	0	0	1478
518726	6415424	-1	199680	249	0	0	265
523735	5597528	-1	280576	401	0	0	401
532735	-1	-1	0	0	0	0	0
538735	3949712	-1	801792	1624	0	0	1624
547726	-1	-1	0	0	0	0	0
555725	5930960	-1	534528	721	0	0	721
562725	-1	-1	0	0	0	0	0
569727	-1	-1	0	0	0	0	0
573725	-1	-1	0	0	0	0	0
580725	11926848	-1	1386496	930	0	0	930
586726	-1	-1	0	0	0	0	0
592725	4756064	-1	807936	1359	0	0	1359
604726	-1	-1	0	0	0	0	0
611725	4193064	-1	995328	1899	0	0	1899
618725	-1	-1	0	0	0	0	0
628726	7935080	-1	1106944	1116	0	0	1116
637725	-1	-1	0	0	0	0	0
645725	-1	-1	0	0	0	0	0
654726	5888376	-1	1002496	1362	0	0	1362
656726	-1	-1	0	0	0	0	0
665727	-1	-1	0	0	0	0	0
674726	6075160	-1	722944	952	0	0	952
680762	-1	-1	0	0	0	0	0
687725	13114232	-1	381952	233	0	0	284
694726	8865000	-1	391168	353	0	0	353
703725	-1	-1	0	0	0	0	0
709726	-1	-1	0	0	0	0	0
718735	4318808	-1	1707008	3162	0	0	3162
727735	-1	-1	0	0	0	0	0
737735	6358344	-1	1040384	1309	0	0	1309
746736	-1	-1	0	0	0	0	0
755726	4887728	-1	1239040	2028	0	0	2028
764735	-1	-1	0	0	0	0	0
773735	-1	-1	0	0	0	0	0
782757	6116424	-1	624640	817	0	0	817
791726	-1	-1	0	0	0	0	0
794726	-1	-1	0	0	0	0	0
803725	4733904	-1	577536	976	0	0	1017
812726	2161080	-1	352256	1304	0	0	1470
816784	1240544	-1	573440	3698	0	0	3698
825736	-1	-1	0	0	0	0	0
834726	6008328	-1	883224	1176	0	0	1176
840726	-1	-1	0	0	0	0	0
850738	7206640	-1	381952	424	0	0	424
859735	1975096	-1	152576	618	0	0	618
866726	1654112	-1	754688	3650	0	0	3650
876725	-1	-1	0	0	0	0	0
878725	-1	-1	0	0	0	0	0
887734	6337616	-1	594944	751	0	0	751
894735	3990688	-1	737280	1478	0	0	1478
903736	-1	-1	0	0	0	0	0
911725	-1	-1	0	0	0	0	0
915725	-1	-1	0	0	0	0	0
924725	10080792	-1	1426432	1132	0	0	1132
928726	-1	-1	0	0	0	0	0
937726	-1	-1	0	0	0	0	0
946725	-1	-1	0	0	0	0	0
953725	5083296	-1	514048	809	0	0	809
961725	-1	-1	0	0	0	0	0
970726	4953304	-1	1038336	1677	0	0	1677
971725	-1	-1	0	0	0	0	0
980725	5054640	-1	415744	658	0	0	658
990725	-1	-1	0	0	0	0	0
997726	4639200	-1	647168	1116	0	0	1116
1006726	-1	-1	0	0	0	0	0
1013726	10236520	-1	753664	589	0	0	589
1020765	-1	-1	0	0	0	0	0
1023727	7362928	-1	763904	830	0	0	830
1032726	-1	-1	0	0	0	0	0
1041725	2723312	-1	884736	2599	0	0	2599
1050725	-1	-1	0	0	0	0	0
1058726	6103008	-1	876544	1149	0	0	1149
1066725	-1	-1	0	0	0	0	0
1074725	8473272	-1	987136	932	0	0	932
1080725	-1	-1	0	0	0	0	0
1086725	-1	-1	0	0	0	0	0
1094726	6567424	-1	972800	1185	0	0	1185
1102725	-1	-1	0	0	0	0	0
1110725	2337696	-1	237568	813	0	0	1087
1114726	6582720	-1	879616	1069	0	0	1069
1124726	3349120	-1	578560	1382	0	0	1382
1128725	-1	-1	0	0	0	0	0
1135725	-1	-1	0	0	0	0	0
1144725	3985728	-1	1017856	2043	0	0	2043
1152726	-1	-1	0	0	0	0	0
1162725	7576600	-1	970752	1025	0	0	1025
1169725	-1	-1	0	0	0	0	0
1178725	-1	-1	0	0	0	0	0
1187726	7504560	-1	402432	429	0	0	666
1192726	3996792	-1	577536	1156	0	0	1156
1201726	-1	-1	0	0	0	0	0
1210726	5401368	-1	1260544	1867	0	0	-1
1215726	-1	-1	0	0	0	0	-1
1221726	-1	-1	0	0	0	0	-1
1228725	-1	-1	0	0	0	0	-1
1234726	3125424	-1	621568	1591	0	0	-1
1243725	11278720	-1	1373184	974	0	0	-1
1244726	-1	-1	0	0	0	0	-1
1253725	-1	-1	0	0	0	0	-1
1262726	6256176	-1	999424	1278	0	0	-1
1271725	-1	-1	0	0	0	0	-1
1277205	4974776	-1	1368064	2200	0	0	6793
1280201	5488568	-1	756736	1103	0	0	1103
1289202	-1	-1	0	0	0	0	0
1294199	-1	-1	0	0	0	0	0
1301207	-1	-1	0	0	0	0	9
1306199	8474984	-1	1196032	1129	0	0	1988
1313197	-1	-1	0	0	0	0	0
1317198	-1	-1	0	0	0	0	0
1326209	-1	-1	0	0	0	0	0
1333198	9009648	-1	1782784	1583	0	0	2998
1339198	-1	-1	0	0	0	0	0
1348199	-1	-1	0	0	0	0	0
1356205	7900472	-1	277504	281	0	0	1002
1360198	9178984	-1	571392	498	0	0	2003
1368199	-1	-1	0	0	0	0	0
1373198	5381408	-1	1241088	1845	0	0	3000
1383198	-1	-1	0	0	0	0	0
1392200	3794896	-1	813056	1714	0	0	3001
1401200	-1	-1	0	0	0	0	0
1410200	-1	-1	0	0	0	0	0
1416218	-1	-1	0	0	0	0	14
1421199	6691984	-1	1356800	1622	0	0	2980
1430201	-1	-1	0	0	0	0	0
1433198	-1	-1	0	0	0	0	0
1442200	-1	-1	0	0	0	0	0
1450201	10013048	-1	1886208	1507	0	0	3002
1456201	-1	-1	0	0	0	0	0
1466202	-1	-1	0	0	0	0	0
1473200	-1	-1	0	0	0	0	0
1482211	7695184	-1	2854912	2968	0	0	3003
1491198	-1	-1	0	0	0	0	0
1500200	-1	-1	0	0	0	0	0
1509201	-1	-1	0	0	0	0	0
1517199	3654456	-1	1708916	3741	0	0	3741
1526199	-1	-1	0	0	0	0	0
1534198	8259072	-1	1891328	1832	0	0	1999
1543198	-1	-1	0	0	0	0	0
1550197	9121520	-1	914432	802	0	0	1999
1559197	-1	-1	0	0	0	0	0
1567200	-1	-1	0	0	0	0	0
1572197	-1	-1	0	0	0	0	0
1580197	7721312	-1	3074048	3185	0	0	3977
1586198	-1	-1	0	0	0	0	0
1595197	-1	-1	0	0	0	0	0
1598197	-1	-1	0	0	0	0	0
1607198	4642256	-1	1274880	2197	0	0	3010
1616198	-1	-1	0	0	0	0	0
1624199	7786160	-1	1060864	1090	0	0	1999
1634198	-1	-1	0	0	0	0	0
1643200	9126416	-1	1030144	903	0	0	1999
1652198	-1	-1	0	0	0	0	0
1661198	11872208	-1	687104	463	0	0	2000
1670198	-1	-1	0	0	0	0	0
1677198	10619256	-1	680960	513	0	0	2000
1680197	-1	-1	0	0	0	0	0
1689203	8472072	-1	495616	468	0	0	2001
1696198	-1	-1	0	0	0	0	0
1705202	17376968	-1	645120	297	0	0	1998
1714198	-1	-1	0	0	0	0	0
1723215	9669936	-1	703488	582	0	0	1998
1730208	-1	-1	0	0	0	0	0
1736199	12613080	-1	595968	378	0	0	1999
1743204	-1	-1	0	0	0	0	0
1753201	7442112	-1	670720	721	0	0	1998
1760199	-1	-1	0	0	0	0	0
1767199	13063984	-1	680960	417	0	0	2000
1775201	-1	-1	0	0	0	0	0
1784198	10531656	-1	1682432	1278	0	0	1999
1791201	-1	-1	0	0	0	0	0
1801200	-1	-1	0	0	0	0	0
1811198	-1	-1	0	0	0	0	0
1817198	6481584	-1	1105920	1365	0	0	3014
1825198	-1	-1	0	0	0	0	0
1834197	-1	-1	0	0	0	0	0
1837197	-1	-1	0	0	0	0	0
1844199	9804552	-1	1786880	1458	0	0	1999
1848198	-1	-1	0	0	0	0	0
1857197	-1	-1	0	0	0	0	0
1864197	-1	-1	0	0	0	0	0
1873199	9038992	-1	1521940	1347	0	0	3001
1883198	-1	-1	0	0	0	0	0
1893198	-1	-1	0	0	0	0	0
1899198	8041224	-1	491520	489	0	0	999
1903199	7036456	-1	698368	794	0	0	1999
1913201	-1	-1	0	0	0	0	0
1918198	14824056	-1	1664000	898	0	0	2010
1927198	-1	-1	0	0	0	0	0
1934204	-1	-1	0	0	0	0	0
1938198	-1	-1	0	0	0	0	0
1945198	5463896	-1	2186240	3201	0	0	3201
1949198	-1	-1	0	0	0	0	0
1956198	-1	-1	0	0	0	0	0
1960197	-1	-1	0	0	0	0	0
1969199	3587960	-1	2028544	4523	0	0	4523
1974197	-1	-1	0	0	0	0	0
1980198	7961752	-1	672768	676	0	0	2016
1990200	-1	-1	0	0	0	0	0
1999198	9894232	-1	857088	693	0	0	2001
2008206	-1	-1	0	0	0	0	4
2013201	9411976	-1	1856512	1578	0	0	2989
2022200	-1	-1	0	0	0	0	0
2031198	-1	-1	0	0	0	0	0
2038200	-1	-1	0	0	0	0	0
2047199	13038776	-1	1404928	862	0	0	1997
2053200	-1	-1	0	0	0	0	0
2058199	-1	-1	0	0	0	0	0
2063199	-1	-1	0	0	0	0	0
2071211	18958632	-1	1327104	560	0	0	2994
2079198	-1	-1	0	0	0	0	0
2085198	-1	-1	0	0	0	0	0
2090199	-1	-1	0	0	0	0	0
2099198	6695240	-1	1364992	1631	0	0	2994
2109197	-1	-1	0	0	0	0	0
2116202	-1	-1	0	0	0	0	0
2125198	-1	-1	0	0	0	0	0
2133208	9078944	-1	1331200	1173	0	0	2999
2140197	-1	-1	0	0	0	0	0
2148197	-1	-1	0	0	0	0	0
2152208	-1	-1	0	0	0	0	0
2160198	10063272	-1	1486848	1182	0	0	2997
2167198	-1	-1	0	0	0	0	0
2174197	-1	-1	0	0	0	0	0
2178197	-1	-1	0	0	0	0	0
2187197	21656672	-1	744448	275	0	0	1993
2194197	502536	-1	234496	3733	0	0	3733
2201199	-1	-1	0	0	0	0	0
2208198	-1	-1	0	0	0	0	0
2214198	6216056	-1	1987584	2558	0	0	2999
2223199	-1	-1	0	0	0	0	0
2232197	-1	-1	0	0	0	0	0
2237205	-1	-1	0	0	0	0	0
2246200	3146824	-1	1263056	3211	0	0	3996
2255199	-1	-1	0	0	0	0	0
2264198	6189096	-1	1370112	1771	0	0	3000
2273201	-1	-1	0	0	0	0	0
2281198	8378888	-1	1928192	1841	0	0	2999
2289200	-1	-1	0	0	0	0	0
2299198	8006344	-1	1059840	1059	0	0	1984
2308200	-1	-1	0	0	0	0	0
2315200	7522184	-1	1448960	1541	0	0	1999
2324200	-1	-1	0	0	0	0	0
2331198	-1	-1	0	0	0	0	0
2340199	-1	-1	0	0	0	0	0
2346199	8339848	-1	1559552	1496	0	0	3000
2355202	-1	-1	0	0	0	0	0
2362200	-1	-1	0	0	0	0	0
2370200	-1	-1	0	0	0	0	0
2379199	11384056	-1	2063360	1450	0	0	2993
2389198	-1	-1	0	0	0	0	0
2398204	-1	-1	0	0	0	0	0
2406200	-1	-1	0	0	0	0	0
2413199	8042336	-1	1045504	1040	0	0	2997
2420200	-1	-1	0	0	0	0	0
2429198	-1	-1	0	0	0	0	0
2436197	-1	-1	0	0	0	0	0
2442198	9895672	-1	1831936	1481	0	0	2998
2451197	-1	-1	0	0	0	0	0
2460197	13457264	-1	960512	571	0	0	2001
2469198	-1	-1	0	0	0	0	0
2479199	-1	-1	0	0	0	0	0
2483197	-1	-1	0	0	0	0	0
2491198	8728704	-1	2464768	2259	0	0	2996
2499198	-1	-1	0	0	0	0	0
2508197	-1	-1	0	0	0	0	0
2516198	-1	-1	0	0	0	0	0
2525197	9262544	-1	1833984	1584	0	0	2998
2534197	-1	-1	0	0	0	0	0
2543198	-1	-1	0	0	0	0	0
2548197	-1	-1	0	0	0	0	0
2556198	14017256	-1	1880064	1073	0	0	2998
2565202	-1	-1	0	0	0	0	0
2575197	-1	-1	0	0	0	0	0
2579207	-1	-1	0	0	0	0	0
2587198	13006832	-1	982016	604	0	0	2000
2594198	-1	-1	0	0	0	0	0
2603199	11993680	-1	500736	334	0	0	1999
2612197	-1	-1	0	0	0	0	0
2621200	5286320	-1	809468	1225	0	0	3001
2627201	-1	-1	0	0	0	0	0
2633199	3598352	-1	1010688	2247	0	0	2986
2642201	-1	-1	0	0	0	0	0
2647200	7435976	-1	735232	791	0	0	2004
2653200	-1	-1	0	0	0	0	0
2662198	-1	-1	0	0	0	0	0
2670202	-1	-1	0	0	0	0	3
2675200	7541368	-1	2088960	2216	0	0	2996
2681199	-1	-1	0	0	0	0	0
2690200	-1	-1	0	0	0	0	0
2693200	-1	-1	0	0	0	0	0
2700199	4923648	-1	1193984	1940	0	0	2002
2708198	-1	-1	0	0	0	0	0
2716200	8152272	-1	2101248	2062	0	0	2062
2726199	-1	-1	0	0	0	0	2
2730204	6355992	-1	1765376	2222	0	0	2997
2739198	-1	-1	0	0	0	0	0
2748197	-1	-1	0	0	0	0	0
2752197	-1	-1	0	0	0	0	0
2761198	6094120	-1	1094656	1437	0	0	3000
2763197	-1	-1	0	0	0	0	0
2772198	10567192	-1	669696	507	0	0	1999
2778198	-1	-1	0	0	0	0	0
2787197	-1	-1	0	0	0	0	0
2788198	-1	-1	0	0	0	0	0
2797197	6632056	-1	1471488	1775	0	0	2996
2805197	-1	-1	0	0	0	0	0
2814197	-1	-1	0	0	0	0	0
2821197	-1	-1	0	0	0	0	0
2827198	8104952	-1	858112	847	0	0	1989
2834198	-1	-1	0	0	0	0	0
2843199	8526600	-1	756736	710	0	0	1999
2850197	-1	-1	0	0	0	0	0
2857197	-1	-1	0	0	0	0	0
2863202	-1	-1	0	0	0	0	3
2868197	8334536	-1	2155520	2069	0	0	2995
2877205	-1	-1	0	0	0	0	0
2885196	-1	-1	0	0	0	0	0
2892205	-1	-1	0	0	0	0	5
2897197	7699376	-1	2288640	2378	0	0	4003
2906198	-1	-1	0	0	0	0	0
2913198	-1	-1	0	0	0	0	0
2922201	-1	-1	0	0	0	0	0
2929198	5359024	-1	1555456	2322	0	0	2997
2935197	-1	-1	0	0	0	0	0
2945209	-1	-1	0	0	0	0	0
2952199	-1	-1	0	0	0	0	0
2961198	9574976	-1	1481728	1238	0	0	1994
2964202	-1	-1	0	0	0	0	0
2973197	-1	-1	0	0	0	0	0
2981197	-1	-1	0	0	0	0	0
2990199	5632624	-1	1115260	1584	0	0	3000
2998199	-1	-1	0	0	0	0	0
3006213	11463208	-1	839680	586	0	0	1999
3015210	-1	-1	0	0	0	0	0
3022197	-1	-1	0	0	0	0	0
3030198	-1	-1	0	0	0	0	0
3037198	19409456	-1	1281024	528	0	0	1989
3045197	-1	-1	0	0	0	0	0
3047203	-1	-1	0	0	0	0	0
3056200	12861576	-1	975872	607	0	0	1002
3060197	7683736	-1	789504	822	0	0	997
3070215	-1	-1	0	0	0	0	0
3078197	8067568	-1	796672	790	0	0	2000
3087197	-1	-1	0	0	0	0	0
3094206	4803248	-1	650240	1083	0	0	1997
3099198	-1	-1	0	0	0	0	0
3108198	-1	-1	0	0	0	0	0
3117949	4464224	-1	2209792	3960	0	0	3960
3118948	2596808	-1	198656	612	0	0	612
3127949	-1	-1	0	0	0	0	0
3134949	-1	-1	0	0	0	0	0
3139989	-1	-1	0	0	0	0	0
3149984	5980976	-1	1202176	1608	0	0	1608
3155966	-1	-1	0	0	0	0	0
3164959	7436512	-1	836608	900	0	0	900
3169981	-1	-1	0	0	0	0	0
3178975	13283376	-1	772096	465	0	0	465
3183966	-1	-1	0	0	0	0	0
3192957	8217880	-1	650240	633	0	0	633
3201983	-1	-1	0	0	0	0	0
3207966	8922952	-1	1025024	919	0	0	919
3212958	-1	-1	0	0	0	0	0
3220957	4902072	-1	1223680	1997	0	0	1997
3225949	-1	-1	0	0	0	0	0
3233949	-1	-1	0	0	0	0	0
3242972	10082464	-1	311296	247	0	0	319
3247966	6966112	-1	1594368	1831	0	0	1831
3256956	-1	-1	0	0	0	0	0
3263966	-1	-1	0	0	0	0	0
3266973	-1	-1	0	0	0	0	0
3275964	9292760	-1	821248	707	0	0	707
3281948	-1	-1	0	0	0	0	0
3290973	7501112	-1	933888	996	0	0	996
3299964	-1	-1	0	0	0	0	0
3309980	4991520	-1	830464	1331	0	0	1331
3314974	-1	-1	0	0	0	0	0
3323964	7779192	-1	868352	893	0	0	893
3332956	-1	-1	0	0	0	0	0
3341949	-1	-1	0	0	0	0	0
3350973	-1	-1	0	0	0	0	0
3358972	7362728	-1	1598632	1737	0	0	1737
3364956	-1	-1	0	0	0	0	0
3372956	8738136	-1	1572864	1440	0	0	1440
3382973	-1	-1	0	0	0	0	0
3391964	-1	-1	0	0	0	0	0
3400956	-1	-1	0	0	0	0	0
3408958	8662536	-1	1149952	1062	0	0	1062
3414973	-1	-1	0	0	0	0	0
3422974	7859888	-1	581632	592	0	0	638
3431965	-1	-1	0	0	0	0	0
3440956	10312136	-1	841728	653	0	0	767
3450972	-1	-1	0	0	0	0	0
3458972	9482976	-1	1022976	863	0	0	863
3463964	-1	-1	0	0	0	0	0
3470973	7764264	-1	2323456	2394	0	0	2394
3477982	-1	-1	0	0	0	0	0
3485950	-1	-1	0	0	0	0	0
3491964	-1	-1	0	0	0	0	0
3498973	7426768	-1	3001344	3233	0	0	3233
3506978	9695592	-1	1340416	1106	0	0	1171
3510972	6104288	-1	1101824	1444	0	0	1444
3519964	-1	-1	0	0	0	0	0
3528957	-1	-1	0	0	0	0	0
3532956	-1	-1	0	0	0	0	0
3541981	7201600	-1	2084864	2316	0	0	2316
3551966	-1	-1	0	0	0	0	0
3560956	9606856	-1	695296	579	0	0	579
3569948	-1	-1	0	0	0	0	0
3576956	6693632	-1	489472	585	0	0	585
3585948	-1	-1	0	0	0	0	0
3595965	7075552	-1	1018880	1152	0	0	1152
3605980	-1	-1	0	0	0	0	0
3613949	-1	-1	0	0	0	0	0
3617948	-1	-1	0	0	0	0	0
3626972	12268544	-1	1291264	842	0	0	958
3631964	-1	-1	0	0	0	0	0
3640958	-1	-1	0	0	0	0	0
3646972	-1	-1	0	0	0	0	0
3653950	7772528	-1	1612800	1660	0	0	1660
3662973	-1	-1	0	0	0	0	0
3670973	14345616	-1	763904	426	0	0	512
3678972	-1	-1	0	0	0	0	0
3686974	-1	-1	0	0	0	0	0
3689981	-1	-1	0	0	0	0	0
3698972	15863872	-1	1124352	567	0	0	673
3704957	-1	-1	0	0	0	0	0
3713950	7086248	-1	791888	894	0	0	894
3722972	-1	-1	0	0	0	0	0
3731965	7643944	-1	814080	852	0	0	852
3740956	-1	-1	0	0	0	0	0
3749948	2040664	-1	498688	1955	0	0	1955
3758974	-1	-1	0	0	0	0	0
3767965	8117096	-1	1220608	1203	0	0	1203
3776956	-1	-1	0	0	0	0	0
3785950	-1	-1	0	0	0	0	0
3794972	8400912	-1	1358848	1294	0	0	1294
3797981	-1	-1	0	0	0	0	0
3806973	-1	-1	0	0	0	0	0
3814974	-1	-1	0	0	0	0	0
3821981	9362288	-1	139264	119	0	0	255
3826973	8942752	-1	1658880	1484	0	0	-1
3834973	-1	-1	0	0	0	0	-1
3843964	9560480	-1	1037312	868	0	0	-1
3853948	-1	-1	0	0	0	0	-1
3861981	12084896	-1	1096704	726	0	0	-1
3871964	-1	-1	0	0	0	0	-1
3880957	4839320	-1	1123328	1857	0	0	-1
3889948	-1	-1	0	0	0	0	-1
3898973	-1	-1	0	0	0	0	-1
3906494	4900392	-1	2710528	4425	0	0	6670
3915484	-1	-1	0	0	0	0	0
3923485	-1	-1	0	0	0	0	0
3932509	7748872	-1	2685952	2773	0	0	2773
3940509	-1	-1	0	0	0	0	0
3949502	-1	-1	0	0	0	0	0
3953501	-1	-1	0	0	0	0	0
3959516	6479704	-1	1670144	2062	0	0	2062
3969501	-1	-1	0	0	0	0	0
3977500	7885720	-1	1977344	2006	0	0	2006
3986493	-1	-1	0	0	0	0	0
3993500	8126552	-1	1525760	1502	0	0	1502
3999516	-1	-1	0	0	0	0	0
4007517	-1	-1	0	0	0	0	0
4015516	10957608	-1	1391616	1016	0	0	1016
4019516	5088968	-1	545792	858	0	0	858
4028508	-1	-1	0	0	0	0	0
4034492	10798896	-1	1429504	1059	0	0	1059
4043484	-1	-1	0	0	0	0	0
4048509	-1	-1	0	0	0	0	0
4053501	-1	-1	0	0	0	0	0
4062493	6713248	-1	1343488	1601	0	0	1601
4070492	-1	-1	0	0	0	0	0
4076510	-1	-1	0	0	0	0	0
4084508	8921472	-1	1415168	1269	0	0	1311
4088508	8396288	-1	420864	401	0	0	401
4096509	-1	-1	0	0	0	0	0
4105501	-1	-1	0	0	0	0	0
4115518	-1	-1	0	0	0	0	0
4120509	9945400	-1	1434624	1154	0	0	1340
4129500	-1	-1	0	0	0	0	0
4139486	11291672	-1	731136	518	0	0	518
4146492	9046224	-1	877484	776	0	0	776
4150493	-1	-1	0	0	0	0	0
4159485	-1	-1	0	0	0	0	0
4164509	-1	-1	0	0	0	0	0
4171516	-1	-1	0	0	0	0	126
4176508	8359984	-1	1528832	1463	0	0	1463
4185500	-1	-1	0	0	0	0	0
4192509	-1	-1	0	0	0	0	0
4198493	-1	-1	0	0	0	0	0
4204509	6051376	-1	1053696	1393	0	0	1502
4213501	-1	-1	0	0	0	0	0
4219485	12551944	-1	657408	419	0	0	419
4227484	-1	-1	0	0	0	0	0
4234492	9871576	-1	932864	756	0	0	756
4240508	13258328	-1	790528	477	0	0	477
4245501	-1	-1	77824	191	0	0	191
4250492	-1	-1	0	0	0	0	0
4260508	23409336	-1	945152	323	0	0	384
4263516	-1	-1	0	0	0	0	0
4272508	-1	-1	0	0	0	0	0
4281500	12103984	-1	909312	601	0	0	735
4286492	6690136	-1	301056	360	0	0	360
4293500	-1	-1	0	0	0	0	0
4302494	6555184	-1	848896	1036	0	0	1036
4309500	12497288	-1	1070080	685	0	0	685
4313500	-1	-1	0	0	0	0	0
4322492	-1	-1	0	0	0	0	0
4332509	17257256	-1	849920	394	0	0	394
4340509	-1	-1	0	0	0	0	0
4343517	-1	-1	0	0	0	0	0
4352508	-1	-1	0	0	0	0	0
4359486	10126640	-1	1029120	813	0	0	813
4368508	-1	-1	0	0	0	0	0
4376508	14965600	-1	1058816	566	0	0	566
4384509	-1	-1	0	0	0	0	0
4393500	9910672	-1	986112	796	0	0	796
4402492	-1	-1	0	0	0	0	0
4412509	-1	-1	0	0	0	0	0
4418492	-1	-1	0	0	0	0	0
4427485	8535584	-1	1780736	1669	0	0	1669
4435516	-1	-1	0	0	0	0	0
4444508	9454264	-1	1142784	967	0	0	967
4450492	-1	-1	0	0	0	0	0
4460508	15125056	-1	873472	462	0	0	462
4470492	-1	-1	0	0	0	0	0
4480509	13773592	-1	664576	386	0	0	386
4487485	-1	-1	0	0	0	0	0
4494492	-1	-1	0	0	0	0	0
4499516	-1	-1	0	0	0	0	0
4506493	7861752	-1	1620504	1649	0	0	1649
4516508	-1	-1	0	0	0	0	0
4523516	8380464	-1	683008	652	0	0	652
4532508	-1	-1	0	0	0	0	0
4541500	5528096	-1	565248	818	0	0	818
4548508	-1	-1	0	0	0	0	0
4557500	10607760	-1	804864	607	0	0	607
4564509	-1	-1	0	0	0	0	0
4572508	15485944	-1	723968	374	0	0	383
4581501	-1	-1	0	0	0	0	0
4590493	9056040	-1	847872	749	0	0	749
4598493	-1	-1	0	0	0	0	0
4607484	-1	-1	0	0	0	0	0
4608508	-1	-1	0	0	0	0	0
4618494	9104672	-1	1266688	1113	0	0	1113
4627484	-1	-1	0	0	0	0	0
4635484	11129592	-1	1028096	739	0	0	739
4644508	-1	-1	0	0	0	0	0
4652510	-1	-1	0	0	0	0	0
4660510	10026824	-1	1348608	1076	0	0	1280
4664509	-1	-1	0	0	0	0	0
4673501	-1	-1	0	0	0	0	0
4680508	10722864	-1	494592	369	0	0	369
4689501	-1	-1	0	0	0	0	0
4697500	12288000	-1	1373184	894	0	0	894
4706492	-1	-1	0	0	0	0	0
4714492	-1	-1	0	0	0	0	0
4719484	-1	-1	0	0	0	0	0
4729500	11065992	-1	1502208	1086	0	0	1086
4738492	-1	-1	0	0	0	0	0
4743517	-1	-1	0	0	0	0	0
4748508	-1	-1	0	0	0	0	0
4755508	9398080	-1	1651712	1406	0	0	1406
4763485	-1	-1	0	0	0	0	0
4772508	10292512	-1	1003520	780	0	0	780
4782492	-1	-1	0	0	0	0	0
4791484	13614320	-1	1072128	630	0	0	630
4799484	-1	-1	0	0	0	0	0
4807517	-1	-1	0	0	0	0	0
4814492	-1	-1	0	0	0	0	0
4822492	8931216	-1	1509376	1352	0	0	1535
4830493	-1	-1	0	0	0	0	0
4836508	12793936	-1	945152	591	0	0	591
4845500	-1	-1	0	0	0	0	0
4854493	13065720	-1	903168	553	0	0	553
4863485	-1	-1	0	0	0	0	0
4872508	12883144	-1	713404	443	0	0	443
4881500	-1	-1	0	0	0	0	0
4890492	4853208	-1	1122304	1850	0	0	1850
4898492	-1	-1	0	0	0	0	0
4906492	10053816	-1	912384	726	0	0	726
4913500	-1	-1	0	0	0	0	0
4921500	-1	-1	0	0	0	0	0
4926492	-1	-1	0	0	0	0	0
4932508	10108776	-1	1755136	1389	0	0	1389
4941500	-1	-1	0	0	0	0	0
4949501	-1	-1	0	0	0	0	0
4956509	10683840	-1	1725440	1292	0	0	1292
4959484	-1	-1	0	0	0	0	0
4968509	-1	-1	0	0	0	0	0
4974493	-1	-1	0	0	0	0	0
4983485	13130216	-1	1285120	783	0	0	783
4987484	-1	-1	0	0	0	0	0
4996508	-1	-1	0	0	0	0	0
5003516	11374432	-1	1160192	816	0	0	816
5012508	-1	-1	0	0	0	0	0
5022494	-1	-1	0	0	0	0	0
5029500	9900432	-1	1910784	1544	0	0	1544
5032508	-1	-1	0	0	0	0	0
5041500	-1	-1	0	0	0	0	0
5049500	12674096	-1	773120	488	0	0	511
5058492	-1	-1	0	0	0	0	0
5066492	-1	-1	0	0	0	0	0
5075484	11939408	-1	1402880	940	0	0	940
5079484	-1	-1	0	0	0	0	0
5087516	-1	-1	0	0	0	0	0
5097500	9727192	-1	772096	635	0	0	635
5104508	-1	-1	0	0	0	0	0
5114492	10896904	-1	866304	636	0	0	636
5123485	-1	-1	0	0	0	0	0
5129500	9038056	-1	689152	610	0	0	610
5138493	-1	-1	0	0	0	0	0
5147517	8583904	-1	695296	648	0	0	648
5156509	6716720	-1	573440	683	0	0	736
5160510	-1	-1	0	0	0	0	0
5169501	-1	-1	0	0	0	0	0
5178493	10873016	-1	672768	495	0	0	495
5186492	-1	-1	0	0	0	0	0
5195485	-1	-1	0	0	0	0	0
5202493	-1	-1	0	0	0	0	0
5208508	15869392	-1	1168384	589	0	0	589
5217500	-1	-1	0	0	0	0	0
5221500	-1	-1	0	0	0	0	0
5227517	-1	-1	0	0	0	0	0
5236508	18497296	-1	797696	345	0	0	512
5240508	-1	-1	0	0	0	0	0
5249501	1968272	-1	1064344	4326	0	0	4326
5259484	-1	-1	0	0	0	0	0
5266493	11734160	-1	987136	673	0	0	673
5275485	9885320	-1	1105920	895	0	0	895
5277500	-1	-1	0	0	0	0	0
5286492	-1	-1	0	0	0	0	0
5294493	-1	-1	0	0	0	0	0
5297500	-1	-1	0	0	0	0	0
5306493	7806616	-1	1534976	1573	0	0	1573
5309500	-1	-1	0	0	0	0	0
5318493	8041456	-1	1312768	1306	0	0	1306
5325500	-1	-1	0	0	0	0	0
5331485	11972920	-1	1147904	767	0	0	767
5340509	-1	-1	0	0	0	0	0
5349500	7540128	-1	2214912	2350	0	0	2350
5358492	8906952	-1	1977344	1776	0	0	1776
5361500	6286504	-1	395264	503	0	0	503
5370492	-1	-1	0	0	0	0	0
5379516	-1	-1	0	0	0	0	0
5387517	-1	-1	0	0	0	0	0
5396509	6922528	-1	4165632	4814	0	0	4814
5405502	-1	-1	41984	83	0	0	83
5410492	7083808	-1	2853888	3223	0	0	3223
5419516	-1	-1	0	0	0	0	0
5428508	7443296	-1	2789376	2998	0	0	2998
5437500	-1	-1	0	0	0	0	0
5447485	-1	-1	0	0	0	0	0
5455521	3194192	-1	237568	595	0	0	641
5460508	7237936	-1	4226048	4671	0	0	4671
5469506	-1	-1	0	0	0	0	0
5477501	7651048	-1	2925568	3059	0	0	3059
5485501	-1	-1	0	0	0	0	0
5495484	-1	-1	0	0	0	0	0
5502493	-1	-1	0	0	0	0	0
5512508	6723736	-1	4637696	5518	0	0	5518
5519485	4536288	-1	174080	307	0	0	307
5526493	7197000	-1	2636800	2931	0	0	2931
5536509	-1	-1	0	0	0	0	0
5544508	7451392	-1	2019328	2168	0	0	2168
5554492	-1	-1	0	0	0	0	0
5562494	7525160	-1	1744896	1855	0	0	1855
5569501	-1	-1	0	0	0	0	0
5578493	8210576	-1	2263040	2205	0	0	2205
5587486	-1	-1	0	0	0	0	0
5597500	-1	-1	0	0	0	0	0
5605501	-1	-1	0	0	0	0	0
5612509	8454816	-1	2048180	1938	0	0	1938
5617500	-1	-1	0	0	0	0	0
5623486	5223568	-1	3666944	5616	0	0	5616
5631484	-1	-1	59392	42	0	0	42
5641500	8146880	-1	2588672	2542	0	0	2542
5647484	-1	-1	0	0	0	0	0
5654492	-1	-1	0	0	0	0	0
5663484	-1	-1	0	0	0	0	0
5669501	8069512	-1	2226176	2207	0	0	2207
5678492	-1	-1	0	0	0	0	0
5682492	-1	-1	0	0	0	0	0
5691484	3164816	-1	532480	1346	0	0	1374
5695517	7501888	-1	2493440	2659	0	0	2659
5704509	-1	-1	0	0	0	0	0
5713500	-1	-1	0	0	0	0	0
5722493	11922560	-1	1603584	1076	0	0	1076
5726493	4646072	-1	523264	901	0	0	901
5734492	8236808	-1	1129472	1097	0	0	1097
5737500	-1	-1	0	0	0	0	0
5746493	-1	-1	0	0	0	0	0
5755486	11543968	-1	1541120	1068	0	0	1068
5759516	-1	-1	0	0	0	0	0
5766493	-1	-1	0	0	0	0	0
5769500	-1	-1	0	0	0	0	0
5779484	7924776	-1	1852416	1870	0	0	1870
5785500	-1	-1	0	0	0	0	0
5794492	7638176	-1	2372608	2485	0	0	2485
5802492	-1	-1	0	0	0	0	0
5811516	-1	-1	0	0	0	0	0
5815484	-1	-1	0	0	0	0	0
5822493	7939936	-1	2193408	2210	0	0	2210
5832508	-1	-1	0	0	0	0	0
5840508	8024176	-1	2105344	2099	0	0	2099
5844508	-1	-1	0	0	0	0	0
5853500	7205928	-1	2042880	2268	0	0	2268
5859484	-1	-1	0	0	0	0	0
5869500	6208344	-1	2618368	3374	0	0	3374
5879516	-1	-1	0	0	0	0	0
5884508	-1	-1	0	0	0	0	0
5893500	-1	-1	8192	41	0	0	94
5898492	6997544	-1	4319232	4938	0	0	4938
5906492	-1	-1	36864	53	0	0	53
5915517	7896560	-1	2518016	2551	0	0	2551
5924509	-1	-1	0	0	0	0	0
5932508	7332248	-1	3851264	4202	0	0	4202
5941501	-1	-1	0	0	0	0	0
5949501	11623368	-1	1540096	1060	0	0	1060
5953500	-1	-1	0	0	0	0	0
5962492	9467720	-1	1839104	1554	0	0	1554
5970492	-1	-1	0	0	0	0	0
5977500	-1	-1	0	0	0	0	0
5985500	-1	-1	0	0	0	0	0
5994492	6047560	-1	4153160	5494	0	0	5693
6002492	7856424	-1	815104	830	0	0	830
6011484	9179120	-1	1752064	1527	0	0	1527
6019486	-1	-1	0	0	0	0	0
6025500	7491480	-1	2792448	2982	0	0	2982
6035485	-1	-1	0	0	0	0	0
6044508	-1	-1	0	0	0	0	0
6047516	-1	-1	0	0	0	0	0
6056508	7446344	-1	2996224	3219	0	0	3219
6060508	-1	-1	0	0	0	0	0
6068508	-1	-1	0	0	0	0	0
6074493	10732472	-1	808960	603	0	0	639
6079516	5459392	-1	1916928	2809	0	0	2809
6086493	-1	-1	0	0	0	0	0
6095485	-1	-1	0	0	0	0	0
6102492	-1	-1	106496	242	0	0	285
6107484	6522704	-1	2464768	3023	0	0	3023
6117500	-1	-1	0	0	0	0	0
6125500	-1	-1	0	0	0	0	0
6129501	-1	-1	0	0	0	0	0
6138492	6653992	-1	2972672	3574	0	0	3574
6141500	-1	-1	0	0	0	0	0
6149501	-1	-1	0	0	0	0	0
6158492	-1	-1	0	0	0	0	0
6167516	6076512	-1	2120704	2792	0	0	2814
6170492	-1	-1	0	0	0	0	0
6179484	9281176	-1	1640448	1414	0	0	1414
6188509	-1	-1	0	0	0	0	0
6198492	5393704	-1	3675136	5451	0	0	5451
6207516	-1	-1	2048	2	0	0	2
6217502	7793560	-1	2503680	2570	0	0	2570
6226493	-1	-1	0	0	0	0	0
6236508	4016976	-1	936960	1866	0	0	1866
6241500	-1	-1	0	0	0	0	0
6250492	9410104	-1	1756160	1493	0	0	1493
6259517	-1	-1	0	0	0	0	0
6266493	-1	-1	0	0	0	0	0
6271516	-1	-1	0	0	0	0	0
6279484	7990968	-1	2116608	2119	0	0	2119
6288509	-1	-1	0	0	0	0	0
6297501	5231328	-1	1094656	1674	0	0	1674
6306492	-1	-1	0	0	0	0	0
6310492	-1	-1	0	0	0	0	0
6318492	8482840	-1	1612800	1521	0	0	1630
6321501	-1	-1	0	0	0	0	0
6330492	-1	-1	0	0	0	0	0
6338492	11691520	-1	1440980	986	0	0	986
6347484	-1	-1	0	0	0	0	160
6352508	6780784	-1	3808256	4493	0	0	4493
6359484	-1	-1	0	0	0	0	0
6369500	7199744	-1	3744768	4161	0	0	4161
6375484	-1	-1	0	0	0	0	0
6384508	-1	-1	0	0	0	0	0
6393501	-1	-1	0	0	0	0	0
6399484	8066752	-1	2769920	2747	0	0	2747
6406493	8988192	-1	1999872	1780	0	0	1780
6409500	6139336	-1	673792	878	0	0	878
6418493	-1	-1	0	0	0	0	0
6424509	12101816	-1	1264640	836	0	0	-1
6433501	-1	-1	0	0	0	0	-1
6442492	10766208	-1	1503232	1117	0	0	-1
6451484	-1	-1	0	0	0	0	-1
6460508	8302104	-1	2316288	2232	0	0	-1
6465501	-1	-1	0	0	0	0	-1
6474492	5074072	-1	1569792	2475	0	0	-1
6483485	-1	-1	0	0	0	0	-1
6492509	-1	-1	0	0	0	0	-1
6505982	4216328	-1	3516416	6672	0	0	25651
6508988	-1	-1	0	0	0	0	0
6517981	-1	-1	0	0	0	0	0
6525980	9087920	-1	1807360	1591	0	0	1591
6535004	-1	-1	0	0	0	0	0
6543997	5282920	-1	1788928	2709	0	0	2709
6551996	-1	-1	0	0	0	0	0
6560988	8834064	-1	1986560	1799	0	0	1799
6568988	-1	-1	0	0	0	0	0
6579005	6911672	-1	4051968	4690	0	0	4690
6588989	-1	-1	0	0	0	0	0
6594979	-1	-1	0	0	0	0	0
6599997	-1	-1	0	0	0	0	0
6608988	6745672	-1	4164608	4939	0	0	5086
6617980	5116176	-1	1027072	1606	0	0	1606
6627004	-1	-1	0	0	0	0	0
6636989	-1	-1	0	0	0	0	0
6643004	4526448	-1	2234368	3949	0	0	3949
6651997	-1	-1	0	0	0	0	0
6652988	-1	-1	0	0	0	0	0
6661981	-1	-1	0	0	0	0	0
6667997	7011304	-1	3843072	4385	0	0	4385
6676989	-1	-1	0	0	0	0	0
6687006	7226704	-1	2836480	3140	0	0	3140
6693980	-1	-1	0	0	0	0	0
6703996	6905336	-1	3116032	3610	0	0	3610
6711004	-1	-1	0	0	0	0	0
6719005	6379608	-1	3694592	4633	0	0	4633
6727997	-1	-1	0	0	0	0	0
6737981	7762240	-1	2818664	2905	0	0	2905
6745981	-1	-1	0	0	0	0	0
6755996	3942184	-1	2125824	4314	0	0	4314
6764988	-1	-1	0	0	0	0	0
6773980	7713376	-1	2706432	2807	0	0	2807
6781981	-1	-1	0	0	0	0	0
6791005	7305448	-1	3054592	3345	0	0	3345
6800988	-1	-1	0	0	0	0	0
6809981	6768552	-1	1689600	1997	0	0	1997
6819004	-1	-1	0	0	0	0	0
6825981	7464416	-1	2878464	3085	0	0	3085
6833981	-1	-1	0	0	0	0	0
6843006	-1	-1	0	0	0	0	0
6851004	-1	-1	0	0	0	0	0
6859005	6735896	-1	4850688	5761	0	0	5761
6863004	5242168	-1	302080	461	0	0	461
6871997	-1	-1	0	0	0	0	0
6881981	8600264	-1	2308096	2147	0	0	2270
6884988	5895392	-1	2118656	2875	0	0	2875
6892989	-1	-1	0	0	0	0	0
6900988	7112744	-1	1268736	1427	0	0	1427
6909980	-1	-1	0	0	0	0	0
6915997	10791040	-1	1539072	1141	0	0	1141
6923004	9515848	-1	1722368	1448	0	0	1448
6927004	4689344	-1	752640	1284	0	0	1284
6935996	-1	-1	0	0	0	0	0
6943996	-1	-1	0	0	0	0	0
6947996	-1	-1	0	0	0	0	0
6955997	7387560	-1	2614272	2831	0	0	2831
6963996	13984672	-1	835584	478	0	0	480
6968988	6798712	-1	1618944	1905	0	0	1905
6975004	-1	-1	0	0	0	0	0
6984988	7016504	-1	2365440	2697	0	0	2697
6991004	-1	-1	0	0	0	0	0
6999996	13905280	-1	1281024	737	0	0	737
7008988	-1	-1	0	0	0	0	0
7017980	8148760	-1	1736704	1705	0	0	1705
7025981	15491032	-1	1225728	633	0	0	633
7031005	4527648	-1	746496	1319	0	0	1319
7039004	-1	-1	0	0	0	0	0
7047996	4929552	-1	1196032	1941	0	0	1941
7056989	-1	-1	0	0	0	0	0
7067005	-1	-1	0	0	0	0	0
7072988	13864376	-1	1098752	634	0	0	702
7077980	5866688	-1	1462272	1994	0	0	1994
7084988	-1	-1	0	0	0	0	0
7093981	-1	-1	0	0	0	0	0
7095005	-1	-1	0	0	0	0	0
7103996	9014760	-1	2075648	1842	0	0	1842
7105980	-1	-1	0	0	0	0	0
7115004	-1	-1	0	0	0	0	0
7120988	-1	-1	0	0	0	0	0
7128989	5749752	-1	2686572	3738	0	0	3738
7136988	-1	-1	0	0	0	0	0
7143997	8770584	-1	1955840	1784	0	0	1784
7151004	-1	-1	0	0	0	0	0
7156988	8053560	-1	2382848	2367	0	0	2367
7167004	-1	-1	0	0	0	0	0
7175005	8576064	-1	2217984	2069	0	0	2069
7179996	-1	-1	0	0	0	0	0
7187996	7568008	-1	2707456	2862	0	0	2862
7191004	-1	-1	0	0	0	0	0
7199004	6824680	-1	2928640	3433	0	0	3433
7204990	-1	-1	0	0	0	0	0
7213980	-1	-1	0	0	0	0	0
7217980	-1	-1	0	0	0	0	0
7225980	7674056	-1	2973696	3100	0	0	3100
7232989	-1	-1	0	0	0	0	0
7241980	7810816	-1	1154048	1182	0	0	1182
7247004	-1	-1	0	0	0	0	0
7255005	9090840	-1	1998848	1759	0	0	1759
7263996	-1	-1	0	0	0	0	0
7271005	7530920	-1	3126272	3321	0	0	3321
7279996	-1	-1	0	0	0	0	0
7288988	6446392	-1	2881536	3576	0	0	3576
7295996	-1	-1	0	0	0	0	0
7301980	-1	-1	0	0	0	0	0
7307005	-1	-1	0	0	0	0	0
7313980	8506040	-1	1941504	1826	0	0	1826
7317981	-1	-1	0	0	0	0	0
7325980	7918792	-1	1899520	1919	0	0	1919
7331004	-1	-1	0	0	0	0	0
7337981	-1	-1	0	0	0	0	0
7341980	-1	-1	0	0	0	0	0
7351004	7158312	-1	3120128	3487	0	0	3487
7359005	-1	-1	0	0	0	0	0
7367996	-1	-1	0	0	0	0	0
7371996	-1	-1	0	0	0	0	0
7379996	7615792	-1	2679808	2815	0	0	2815
7383005	-1	-1	0	0	0	0	0
7391997	8910304	-1	1664000	1494	0	0	1494
7400990	22081320	-1	670720	243	0	0	257
7405980	5957816	-1	819200	1100	0	0	1100
7413981	-1	-1	0	0	0	0	0
7423004	-1	-1	0	0	0	0	0
7431004	11566304	-1	1239040	857	0	0	990
7435005	5830808	-1	1158144	1589	0	0	1589
7443997	-1	-1	0	0	0	0	0
7452989	10571376	-1	996352	754	0	0	754
7461980	-1	-1	0	0	0	0	0
7471996	7632992	-1	2764096	2897	0	0	2897
7481981	-1	-1	0	0	0	0	0
7491005	7518608	-1	2698240	2871	0	0	2871
7499004	-1	-1	0	0	0	0	0
7508988	-1	-1	0	0	0	0	0
7517981	10426792	-1	1586176	1217	0	0	1376
7521980	5800952	-1	2891776	3988	0	0	3988
7527996	5207768	-1	182272	280	0	0	280
7536988	7814784	-1	2397184	2454	0	0	2454
7545980	-1	-1	0	0	0	0	0
7555005	7863368	-1	2376704	2418	0	0	2418
7563004	-1	-1	0	0	0	0	0
7565980	-1	-1	0	0	0	0	0
7575004	9883248	-1	1531904	1240	0	0	1277
7579004	5931496	-1	650240	877	0	0	877
7587996	8967664	-1	1835008	1637	0	0	1637
7591006	-1	-1	0	0	0	0	0
7599996	-1	-1	0	0	0	0	0
7607996	6106656	-1	1046528	1371	0	0	1371
7615996	-1	-1	0	0	0	0	0
7624989	8903200	-1	1730560	1555	0	0	1555
7631996	-1	-1	0	0	0	0	0
7635996	-1	-1	0	0	0	0	0
7643996	-1	-1	0	0	0	0	0
7649980	7334752	-1	3119104	3402	0	0	3402
7656988	-1	-1	65536	219	0	0	222
7661980	9353408	-1	2003968	1714	0	0	1714
7671005	-1	-1	0	0	0	0	0
7677980	-1	-1	0	0	0	0	0
7684988	-1	-1	0	0	0	0	0
7692989	9406016	-1	1856512	1579	0	0	1579
7700989	-1	-1	0	0	0	0	0
7707996	7922032	-1	1832960	1851	0	0	1851
7715996	-1	-1	49152	147	0	0	159
7720988	10648192	-1	1549312	1164	0	0	1164
7728988	-1	-1	0	0	0	0	0
7735998	9667576	-1	1556480	1288	0	0	1288
7743997	-1	-1	0	0	0	0	0
7751004	7889064	-1	2533376	2569	0	0	2569
7759996	-1	-1	0	0	0	0	0
7768988	-1	-1	0	0	0	0	0
7773981	-1	-1	0	0	0	0	0
7781980	7395616	-1	3385344	3662	0	0	3662
7788988	-1	-1	0	0	0	0	0
7796989	-1	-1	0	0	0	0	0
7805980	-1	-1	0	0	0	0	0
7811996	8181736	-1	2448384	2394	0	0	2394
7819996	-1	-1	0	0	0	0	0
7825980	8797288	-1	1532928	1394	0	0	1394
7835004	-1	-1	0	0	0	0	0
7843996	-1	-1	0	0	0	0	0
7845980	-1	-1	0	0	0	0	0
7855006	7908176	-1	2289416	2316	0	0	2316
7863996	-1	-1	0	0	0	0	0
7872988	9082128	-1	1953792	1721	0	0	1721
7881980	-1	-1	0	0	0	0	0
7891005	9798160	-1	1742848	1423	0	0	1423
7899997	-1	-1	0	0	0	0	0
7905980	9083688	-1	1616896	1424	0	0	1424
7915996	-1	-1	0	0	0	0	0
7924989	8875208	-1	1396736	1259	0	0	1259
7933981	-1	-1	0	0	0	0	0
7939005	-1	-1	0	0	0	0	0
7944988	-1	-1	0	0	0	0	0
7953980	7577344	-1	3004416	3172	0	0	3172
7961980	-1	-1	0	0	0	0	0
7971004	-1	-1	0	0	0	0	0
7977982	-1	-1	0	0	0	0	0
7987005	7822200	-1	2837504	2902	0	0	2902
7995996	-1	-1	0	0	0	0	0
8003997	7784072	-1	2149376	2209	0	0	2209
8013980	-1	-1	0	0	0	0	0
8020988	-1	-1	0	0	0	0	0
8027996	-1	-1	0	0	0	0	0
8036988	7286104	-1	3829760	4205	0	0	4205
8040989	-1	-1	0	0	0	0	0
8049980	8453448	-1	1191936	1128	0	0	1128
8055998	-1	-1	0	0	0	0	0
8064989	7697240	-1	2771968	2881	0	0	2881
8073980	-1	-1	0	0	0	0	0
8079004	-1	-1	0	0	0	0	0
8087997	7409080	-1	794624	858	0	0	863
8092989	6686328	-1	3146752	3765	0	0	3765
8099996	-1	-1	0	0	0	0	0
8108988	9101616	-1	1711104	1504	0	0	1504
8115004	-1	-1	0	0	0	0	0
8124988	-1	-1	0	0	0	0	0
8128988	-1	-1	0	0	0	0	0
8136992	7127224	-1	3557376	3993	0	0	3993
8145981	-1	-1	0	0	0	0	0
8155004	10034976	-1	1165312	929	0	0	929
8163996	-1	-1	0	0	0	0	0
8173980	9089392	-1	1047552	922	0	0	922
8179004	-1	-1	0	0	0	0	0
8188988	9106488	-1	1213440	1066	0	0	1066
8193980	-1	-1	0	0	0	0	0
8203005	9266736	-1	2057216	1776	0	0	1776
8211996	-1	-1	0	0	0	0	0
8220988	-1	-1	0	0	0	0	0
8227004	-1	-1	0	0	0	0	0
8235997	7016368	-1	2817072	3212	0	0	3212
8243997	-1	-1	0	0	0	0	0
8249980	7745984	-1	3343360	3453	0	0	3453
8259005	-1	-1	0	0	0	0	0
8267996	7803384	-1	1028096	1054	0	0	1054
8276989	-1	-1	0	0	0	0	0
8285981	8564536	-1	2307072	2155	0	0	2155
8293981	-1	-1	0	0	0	0	0
8303996	-1	-1	0	0	0	0	0
8311004	-1	-1	0	0	0	0	0
8317980	7433128	-1	3570688	3843	0	0	3843
8327005	-1	-1	0	0	0	0	0
8335997	-1	-1	0	0	0	0	0
8339004	-1	-1	0	0	0	0	0
8347997	9294416	-1	1562624	1345	0	0	1407
8356988	-1	-1	0	0	0	0	0
8363004	9780248	-1	1916928	1568	0	0	1568
8371996	-1	-1	0	0	0	0	0
8380988	-1	-1	0	0	0	0	0
8384988	-1	-1	0	0	0	0	0
8391996	7251064	-1	2927616	3230	0	0	3230
8400988	-1	-1	0	0	0	0	0
8408988	9184968	-1	1932288	1683	0	0	1683
8415004	-1	-1	0	0	0	0	0
8420989	9784720	-1	1623040	1327	0	0	1327
8429981	9128232	-1	1757184	1540	0	0	1540
8433980	6857080	-1	731136	853	0	0	853
8441982	-1	-1	0	0	0	0	0
8451005	10135016	-1	1655808	1307	0	0	1307
8459996	-1	-1	0	0	0	0	0
8468989	7187568	-1	4279296	4763	0	0	4763
8477980	-1	-1	0	0	0	0	0
8483004	6830656	-1	3796992	4447	0	0	4447
8491004	-1	-1	0	0	0	0	0
8499996	6931808	-1	4635648	5350	0	0	5350
8507005	-1	-1	0	0	0	0	0
8516988	-1	-1	0	0	0	0	0
8525980	8122712	-1	2040832	2010	0	0	2046
8528989	6170168	-1	2293760	2974	0	0	2974
8537980	5883152	-1	3608576	4907	0	0	4907
8547004	-1	-1	0	0	0	0	0
8552988	-1	-1	0	0	0	0	0
8561980	7289776	-1	3731456	4095	0	0	4095
8567004	-1	-1	0	0	0	0	0
8572988	-1	-1	0	0	0	0	0
8581980	8587864	-1	2177024	2028	0	0	2028
8584988	6043280	-1	322560	427	0	0	427
8595004	6301512	-1	1611612	2046	0	0	2111
8597981	7651232	-1	2042880	2136	0	0	2136
8607005	-1	-1	0	0	0	0	0
8615996	6603808	-1	1239040	1501	0	0	1501
8624988	-1	-1	0	0	0	0	0
8631997	8603976	-1	2224128	2068	0	0	2068
8640988	-1	-1	0	0	0	0	0
8648990	-1	-1	0	0	0	0	0
8657981	4878608	-1	245760	403	0	0	415
8663004	6750032	-1	2540544	3011	0	0	3011
