15713	7674520	-1	3675136	3831	0	0	7696
26808	12023744	-1	1490944	992	0	0	4443
31813	13806744	-1	1075200	623	66560	9813	623
38811	-1	140192	0	0	141312	8063	0
47816	-1	150672	0	0	150528	7992	0
57802	-1	193712	0	0	274432	11333	0
65804	-1	794592	0	0	797696	8031	0
72804	-1	796800	0	0	690176	6929	0
81809	-1	722336	0	0	818176	9061	0
90813	-1	343992	0	0	379904	8835	0
98810	-1	195848	0	0	192512	7863	0
108808	-1	210808	0	0	262144	9948	0
118811	-1	219976	0	0	276480	10054	0
127805	8800696	232720	355328	323	231424	7955	421
137809	-1	-1	0	0	118784	3972	0
142815	11185576	-1	1277952	914	0	0	914
151812	-1	-1	0	0	0	0	0
161809	10226008	-1	1122304	878	0	0	878
170812	-1	-1	0	0	0	0	0
178802	9695016	-1	865280	714	0	0	714
183801	-1	-1	0	0	0	0	0
190808	7397144	-1	1057792	1144	0	0	1144
199802	-1	-1	0	0	0	0	0
203805	-1	-1	0	0	0	0	0
210802	-1	-1	0	0	0	0	0
219802	7641856	-1	1522640	1594	0	0	1594
223801	-1	-1	0	0	0	0	0
232806	7406888	-1	734208	793	0	0	793
239809	-1	-1	0	0	0	0	0
248803	6437200	-1	1495040	1858	0	0	1858
252811	-1	-1	0	0	0	0	0
261802	-1	-1	0	0	0	0	0
269801	-1	-1	0	0	0	0	0
278807	9483984	-1	2405376	2029	0	0	2029
286807	-1	-1	0	0	101376	71328	0
295806	7916704	142824	1089536	1101	143360	8030	1101
298808	-1	-1	0	0	62464	3908	0
307807	-1	156976	0	0	157696	8036	0
311806	-1	-1	0	0	81920	4033	0
320806	7198096	172688	1193984	1327	215040	9962	1327
329806	-1	181392	0	0	183296	8084	0
337805	3876288	192224	505856	1044	192512	8012	1044
343804	-1	-1	0	0	99328	3965	0
351804	-1	-1	0	0	0	0	0
356804	-1	-1	0	0	0	0	0
365802	291392	-1	180224	4948	0	0	5409
373803	3014608	-1	1438720	3818	0	0	3818
382802	6164032	-1	1260544	1636	0	0	1636
391801	-1	-1	0	0	0	0	0
400809	-1	-1	0	0	0	0	0
408804	-1	-1	0	0	75776	68144	0
416802	7826048	474072	2102272	2149	167936	2833	2149
426814	-1	-1	0	0	0	0	0
435810	-1	53664	0	0	162816	24273	0
437803	-1	-1	0	0	103424	548	0
446806	6063584	430408	907264	1197	262144	4872	1197
450811	-1	-1	0	0	0	0	0
459811	8857456	-1	790528	714	0	0	714
466805	-1	-1	0	0	0	0	0
475813	8289784	-1	781312	754	0	0	754
484807	-1	-1	0	0	0	0	0
489815	-1	-1	0	0	0	0	0
498805	8576360	-1	1530880	1428	0	0	1428
500810	-1	-1	0	0	0	0	0
509803	-1	-1	0	0	0	0	0
516804	7012176	-1	967680	1104	0	0	1104
523802	-1	-1	0	0	0	0	0
528808	-1	-1	0	0	0	0	0
537801	7347976	-1	606208	660	0	0	662
542807	9752056	-1	1478656	1213	0	0	1213
551811	-1	9976	0	0	136192	109257	0
558814	-1	145184	0	0	145408	8012	0
567804	8909472	153840	851968	765	154624	8040	855
568802	-1	-1	0	0	39936	2079	0
577804	-1	168480	0	0	165888	7877	0
587805	4099544	-1	587260	1146	131072	6190	1146
593803	-1	114520	0	0	139264	9728	0
598803	8915048	196240	1186816	1065	144384	5885	1065
607803	-1	200912	0	0	200704	7991	0
617804	-1	211232	0	0	264192	10005	0
626805	-1	220696	0	0	277504	10059	201
631807	4161568	-1	487424	937	114688	3979	937
637801	-1	224544	0	0	177152	6311	0
645815	7225032	-1	1086464	1203	120832	3845	1203
651814	-1	-1	0	0	0	0	0
660808	-1	-1	0	0	0	0	0
665802	-1	-1	0	0	0	0	0
674806	11460696	-1	1737728	1213	0	0	1213
683815	-1	-1	0	0	0	0	0
688810	-1	-1	0	0	0	0	0
697810	-1	-1	0	0	0	0	0
704801	11688800	-1	1338368	916	0	0	916
708814	-1	-1	0	0	0	0	0
717808	14029608	-1	890880	508	0	0	511
724802	-1	-1	0	0	0	0	0
729816	5287960	-1	874496	1323	0	0	1323
738811	-1	-1	0	0	0	0	0
747812	8344264	-1	1402880	1345	0	0	1345
756814	-1	-1	0	0	0	0	0
763817	-1	-1	0	0	0	0	0
770802	-1	-1	0	0	0	0	0
779804	15854912	-1	1841152	929	0	0	936
788807	9897664	-1	843776	682	0	0	682
791804	-1	-1	0	0	0	0	0
800807	-1	-1	0	0	0	0	0
808813	8357664	-1	1033216	989	0	0	989
816801	10370568	-1	711680	549	0	0	549
820813	-1	-1	0	0	0	0	0
829815	-1	-1	0	0	0	0	0
839816	9961592	-1	1337344	1074	0	0	1074
848804	-1	-1	0	0	0	0	0
854812	-1	-1	0	0	0	0	0
863805	7754120	-1	435200	449	0	0	536
868802	21818024	-1	818176	300	0	0	376
877810	-1	-1	0	0	0	0	0
886803	10259344	-1	950272	741	0	0	741
889812	-1	-1	0	0	0	0	0
898815	4914008	5336	845824	1377	172032	257891	1377
903801	-1	-1	0	0	72704	3900	0
912806	10910336	152936	604160	443	191488	10016	443
921813	-1	164104	0	0	163840	7987	0
927812	10402912	-1	457728	352	128000	5997	352
936816	-1	178528	0	0	226304	10140	0
942812	10396528	-1	778440	599	47104	2202	599
951809	-1	-1	0	0	0	0	0
960810	11685472	-1	983040	673	0	0	673
967801	-1	-1	0	0	0	0	0
976813	13834824	-1	572416	331	0	0	406
982805	-1	-1	0	0	0	0	0
989802	15656592	-1	925696	473	0	0	473
992809	-1	-1	0	0	0	0	0
1001801	-1	-1	0	0	0	0	0
1004801	-1	-1	0	0	0	0	0
1013803	13166488	-1	1864704	1133	0	0	1133
1021805	-1	-1	0	0	0	0	0
1029809	9847752	-1	1394688	1133	0	0	1133
1038805	-1	-1	0	0	0	0	0
1047814	-1	-1	0	0	0	0	0
1049811	-1	-1	0	0	0	0	0
1057812	15813336	-1	3036160	1536	0	0	1536
1067803	-1	-1	0	0	0	0	0
1073806	13967200	-1	1822720	1044	0	0	1044
1082805	-1	-1	0	0	0	0	0
1088811	-1	-1	0	0	0	0	0
1095814	-1	-1	0	0	0	0	0
1102811	12354216	-1	2006016	1299	0	0	1299
1109806	-1	-1	0	0	0	0	0
1119813	-1	-1	0	0	0	0	0
1127801	-1	-1	0	0	0	0	0
1134805	10145880	-1	1600512	1262	0	0	1262
1138814	-1	-1	0	0	0	0	0
1147815	11633936	-1	1284096	883	0	0	883
1155806	-1	-1	0	0	0	0	0
1161808	11085688	-1	835584	603	0	0	618
1169804	-1	-1	0	0	0	0	0
1178812	14209136	-1	1404928	791	0	0	791
1187802	-1	-1	0	0	0	0	0
1192802	16959744	-1	1055744	498	0	0	517
1199812	-1	-1	0	0	0	0	0
1208804	16563760	-1	1320960	638	0	0	638
1216804	-1	-1	0	0	0	0	0
1226812	-1	-1	0	0	39936	288498	0
1233801	21796040	-1	2264064	831	37888	1581	831
1236805	-1	-1	0	0	0	0	0
1245808	-1	-1	0	0	0	0	0
1254814	-1	52696	0	0	172032	26117	0
1256814	-1	-1	0	0	35840	1954	0
1265814	22753256	149768	2249728	791	149504	7985	791
1272816	-1	159816	0	0	159744	7996	0
1280810	-1	167904	0	0	167936	8001	0
1289815	-1	177536	0	0	177152	7982	0
1296803	10214576	170560	1851392	1450	172032	8069	1450
1305814	-1	195344	0	0	194560	7967	0
1311816	11083376	162048	666388	481	151552	7481	481
1321812	-1	209528	0	0	262144	10008	0
1329816	13568000	221640	596992	352	221184	7983	352
1339807	-1	230048	0	0	287744	10006	0
1348814	-1	238712	0	0	303104	10157	0
1357803	-1	255416	0	0	251904	7890	0
1366813	-1	-1	0	0	129024	4019	0
1368811	-1	-1	0	0	0	0	0
1377812	18489424	-1	1978368	856	0	0	938
1385804	-1	-1	0	0	0	0	0
1394808	13749712	-1	876544	510	0	0	510
1403811	17510400	-1	700416	320	0	0	320
1407807	-1	-1	0	0	0	0	0
1414813	-1	-1	0	0	0	0	0
1421811	15065496	-1	713728	379	0	0	379
1431807	-1	-1	0	0	0	0	0
1439802	3088784	-1	824320	2135	0	0	2135
1447813	-1	-1	0	0	0	0	0
1455814	18458832	-1	1056768	458	0	0	458
1463806	-1	-1	0	0	0	0	0
1471806	-1	-1	0	0	0	0	0
1476813	-1	-1	0	0	0	0	0
1485816	16459952	-1	1553408	755	0	0	755
1491805	-1	-1	0	0	0	0	0
1499813	14663304	-1	802816	438	0	0	438
1506808	-1	-1	0	0	0	0	0
1515810	-1	-1	0	0	0	0	0
1524809	21882360	-1	2420736	885	0	0	885
1528802	-1	-1	0	0	0	0	0
1537812	-1	-1	0	0	0	0	0
1546809	18681472	-1	824320	353	0	0	411
1555806	-1	-1	0	0	0	0	0
1563815	16546040	-1	941056	455	0	0	455
1570815	-1	-1	0	0	0	0	0
1578809	12076680	-1	1375232	911	0	0	911
1587802	-1	-1	0	0	0	0	0
1596815	11423704	-1	1556480	1090	0	0	1090
1601809	-1	-1	0	0	0	0	0
1610813	-1	-1	0	0	0	0	0
1611810	-1	-1	0	0	0	0	0
1620808	15628072	-1	1947648	997	0	0	997
1625802	-1	-1	0	0	0	0	0
1634809	8326160	-1	1016832	977	0	0	977
1642801	-1	-1	0	0	0	0	0
1648811	10728752	-1	1152000	859	0	0	859
1657812	-1	-1	0	0	0	0	0
1664813	8490176	-1	1107968	1044	0	0	1044
1673809	-1	-1	0	0	0	0	0
1682806	-1	-1	0	0	0	0	0
1688811	-1	-1	0	0	0	0	0
1698813	9392328	-1	1707056	1454	0	0	1454
1706801	-1	-1	0	0	0	0	0
1713807	10416320	-1	983040	755	0	0	755
1722812	-1	-1	0	0	0	0	0
1730809	9372288	-1	959488	819	0	0	942
1739806	-1	-1	0	0	32768	44916	0
1748807	10476304	142376	680960	520	174080	9781	520
1753806	-1	-1	0	0	74752	4057	0
1768809	-1	123328	0	0	183296	11889	0
1774813	10377800	-1	559104	431	109568	6035	431
1781804	-1	-1	0	0	76800	5814	0
1789808	8263648	153664	708608	686	162816	8476	686
1795802	-1	-1	0	0	126976	6254	0
1804801	8928360	187600	794624	712	221184	9432	712
1806802	-1	-1	0	0	46080	2032	0
1815801	-1	190160	0	0	190464	8012	0
1820802	-1	200304	0	0	149504	5970	0
1829813	13019432	206048	911360	560	206848	8030	560
1835801	-1	215656	0	0	160768	5963	0
1842808	8219128	221856	620544	604	166912	6018	604
1848812	-1	-1	0	0	0	0	0
1856812	5451816	-1	1173504	1722	0	0	1722
1865802	-1	-1	0	0	0	0	0
1874801	5114736	-1	1244160	1946	0	0	1946
1880816	-1	-1	0	0	0	0	0
1887813	7135160	-1	1223680	1372	0	0	1372
1896801	-1	-1	0	0	0	0	0
1904807	-1	-1	0	0	0	0	0
1913801	-1	-1	49152	115	0	0	122
1918804	8077184	-1	1656832	1641	0	0	1641
1927803	-1	-1	0	0	0	0	0
1934804	9199920	-1	878592	764	0	0	764
1943810	-1	-1	0	0	0	0	0
1952808	9607904	-1	972800	810	0	0	810
1953808	-1	-1	0	0	0	0	0
1962808	5771080	-1	724992	1005	0	0	1005
1971803	-1	-1	0	0	0	0	0
1980806	5897664	-1	839680	1139	0	0	1139
1986807	-1	-1	0	0	0	0	0
1995811	5138552	-1	744448	1159	0	0	1159
2002801	-1	-1	0	0	0	0	0
2011813	6152528	-1	923648	1201	0	0	1201
2021804	-1	-1	0	0	0	0	0
2026802	-1	-1	0	0	0	0	0
2034804	6880784	-1	564224	656	0	0	719
2039807	10610432	-1	637952	481	0	0	481
2047803	-1	-1	0	0	0	0	0
2056810	2503280	-1	1082980	3461	0	0	3461
2064802	-1	-1	0	0	0	0	0
2070807	2593016	-1	713728	2202	0	0	2202
2074804	-1	-1	0	0	0	0	0
2083811	6166696	-1	904192	1173	0	0	1173
2090807	-1	-1	0	0	0	0	0
2099802	13350528	-1	842752	505	0	0	505
2107803	-1	-1	0	0	0	0	0
2116810	-1	-1	0	0	0	0	0
2118806	-1	-1	0	0	0	0	0
2125813	7632672	-1	1816576	1904	0	0	1904
2133817	-1	-1	0	0	0	0	0
2140803	9588104	-1	850944	710	0	0	710
2146803	-1	-1	0	0	0	0	0
2155813	21492992	-1	1249280	465	0	0	527
2164811	-1	-1	0	0	0	0	0
2173801	-1	-1	0	0	0	0	0
2179803	-1	-1	0	0	0	0	0
2185812	19478312	-1	1005568	413	0	0	-1
2194807	-1	-1	0	0	0	0	-1
2201805	9309576	-1	2686976	2309	0	0	-1
2208810	-1	-1	0	0	0	0	-1
2215813	10029824	-1	1050624	838	0	0	-1
2222815	-1	-1	0	0	0	0	-1
2231810	-1	-1	0	0	0	0	-1
2237801	-1	-1	0	0	0	0	-1
2249018	14594096	-1	2229248	1222	0	0	20290
2255013	-1	-1	0	0	0	0	0
2260019	-1	-1	0	0	0	0	0
2268014	-1	-1	0	0	0	0	0
2277013	-1	-1	0	0	0	0	0
2286008	-1	-1	0	0	0	0	0
2295017	-1	-1	0	0	0	0	0
2302015	-1	-1	0	0	0	0	0
2311014	10216992	-1	795648	623	0	0	623
2313014	-1	-1	0	0	0	0	0
2322006	-1	-1	0	0	0	0	0
2331014	11834216	-1	1014784	686	0	0	686
2339012	-1	-1	0	0	0	0	0
2347020	-1	-1	0	0	0	0	0
2356007	17041648	-1	1220608	573	0	0	733
2358020	-1	-1	0	0	0	0	0
2367019	-1	-1	0	0	0	0	0
2376012	13941664	-1	841728	483	0	0	483
2384011	-1	-1	0	0	0	0	0
2393016	14995528	-1	774144	413	0	0	413
2400006	16829592	-1	1005568	478	0	0	517
2404020	-1	-1	0	0	0	0	0
2414014	-1	-1	0	0	0	0	0
2423005	12829472	-1	1116164	696	0	0	696
2432007	-1	-1	0	0	0	0	0
2437006	-1	-1	0	0	0	0	0
2446010	-1	-1	0	0	0	0	0
2453006	12709248	-1	1452032	914	0	0	919
2459009	-1	-1	0	0	0	0	0
2468006	-1	-1	0	0	0	0	0
2472013	-1	-1	0	0	0	0	0
2481006	17816824	-1	1171456	526	0	0	526
2485013	-1	-1	0	0	0	0	0
2494011	13410608	-1	678912	405	0	0	405
2496019	-1	-1	0	0	0	0	0
2505011	19519208	-1	790528	324	0	0	324
2514008	-1	-1	0	0	0	0	0
2522005	-1	-1	0	0	0	0	0
2525008	-1	-1	0	0	0	0	0
2532015	8558688	-1	1123328	1050	0	0	1136
2541012	11637736	-1	888832	611	0	0	611
2545011	-1	-1	0	0	0	0	0
2554012	12522704	-1	846848	541	0	0	541
2557011	-1	-1	0	0	0	0	0
2566006	-1	-1	0	0	0	0	0
2573014	11821728	-1	843776	571	0	0	571
2582009	-1	-1	0	0	0	0	0
2590013	16561704	-1	954368	461	0	0	461
2599013	-1	-1	0	0	0	0	0
2604005	-1	-1	0	0	0	0	0
2610015	-1	-1	0	0	0	0	0
2619011	11179808	-1	1988608	1423	0	0	1423
2625018	-1	-1	0	0	0	0	0
2634006	10484168	-1	1077248	822	0	0	822
2643008	-1	-1	0	0	0	0	0
2652015	7516320	-1	1469440	1564	0	0	1564
2661008	-1	-1	0	0	0	0	0
2670010	9368752	-1	1059840	905	0	0	905
2678009	-1	-1	0	0	0	0	0
2687018	-1	-1	0	0	0	0	0
2691013	-1	-1	0	0	0	0	0
2700007	10469712	-1	1656832	1266	0	0	1266
2708008	-1	-1	0	0	0	0	0
2715013	14885960	-1	1129472	607	0	0	607
2724014	-1	-1	0	0	0	0	0
2733020	13727136	-1	1269760	740	0	0	740
2742018	-1	-1	0	0	0	0	0
2751016	-1	-1	0	0	0	0	0
2752018	-1	-1	0	0	0	0	0
2761013	10777576	-1	1698816	1261	0	0	1261
2768013	-1	-1	0	0	0	0	0
2777008	8571136	-1	648192	605	0	0	605
2786005	-1	-1	0	0	0	0	0
2795011	6823416	-1	1586444	1860	0	0	1860
2804018	-1	-1	0	0	7168	13875	0
2813014	-1	551816	0	0	619520	8981	0
2822011	-1	1173448	0	0	1319936	8998	0
2824010	-1	1295816	0	0	324608	2004	0
2833016	-1	1381312	0	0	1518592	8795	0
2842009	-1	1387128	0	0	1586176	9147	0
2848016	-1	1542232	0	0	1166336	6050	0
2853008	-1	1314872	0	0	803840	4890	0
2862016	-1	1486304	0	0	1681408	9050	0
2871008	-1	1502288	0	0	1693696	9019	0
2880010	-1	1651232	0	0	1860608	9014	0
2888006	-1	1668528	0	0	1643520	7880	0
2894017	-1	1773200	0	0	1320960	5959	0
2899012	-1	1725440	0	0	1111040	5151	0
2908013	-1	2038096	0	0	2243584	8806	0
2917010	-1	2009640	0	0	2312192	9204	0
2926015	-1	2181168	0	0	2449408	8983	0
2932018	-1	1929688	0	0	1449984	6011	0
2941015	-1	1940672	0	0	2187264	9016	0
2944010	-1	1986840	0	0	739328	2976	0
2953018	-1	2194816	0	0	2472960	9013	0
2958005	-1	2554360	0	0	671744	2103	0
2967011	-1	1777240	0	0	2612224	11758	0
2976017	-1	2309056	0	0	2569216	8901	0
2985011	-1	2426440	0	0	2744320	9048	0
2989007	-1	2682600	0	0	1343488	4006	0
2998014	-1	2834760	0	0	3201024	9033	0
3004007	-1	2730016	0	0	2021376	5923	0
3013018	-1	2907800	0	0	3296256	9068	0
3021010	-1	2945632	0	0	2936832	7976	0
3027008	-1	3191760	0	0	2395136	6003	0
3035014	-1	3125120	0	0	2701312	6915	0
3044018	-1	1899928	0	0	2341888	9860	0
3051011	-1	3158432	0	0	2779136	7039	0
3060015	-1	3341400	0	0	3747840	8973	0
3067008	-1	3380616	0	0	2944000	6966	0
3074008	-1	3274720	0	0	2860032	6986	0
3082013	-1	3562440	0	0	3570688	8018	0
3088010	-1	3719952	0	0	2526208	5432	0
3096009	-1	1219808	0	0	1296384	8502	0
3105007	-1	3539104	0	0	3983360	9004	0
3114008	-1	3501880	0	0	3914752	8943	0
3123019	-1	3840776	0	0	4335616	9030	0
3133012	-1	2844872	0	0	3554304	9994	0
3141011	-1	3571056	0	0	3574784	8008	0
3144008	-1	3524400	0	0	1308672	2970	0
3153010	-1	3599128	0	0	4060160	9024	0
3162007	-1	2241920	0	0	2481152	8853	0
3170005	-1	2517856	0	0	2518016	8000	0
3179012	-1	3121896	0	0	2849792	7302	0
3188006	-1	548008	0	0	732160	10688	0
3193008	-1	1881296	0	0	1178624	5011	0
3202008	-1	2537672	0	0	1823744	5749	-1
3211013	-1	-1	0	0	0	0	-1
3219006	-1	-1	0	0	0	0	-1
3222006	-1	-1	0	0	0	0	-1
3229011	-1	-1	0	0	0	0	-1
3237017	-1	-1	0	0	0	0	-1
3240006	-1	-1	0	0	0	0	-1
3245006	-1	-1	0	0	0	0	-1
3253012	-1	-1	0	0	0	0	-1
3262016	-1	-1	0	0	0	0	-1
3271007	-1	-1	0	0	0	0	-1
3278010	-1	-1	0	0	0	0	-1
3283016	-1	-1	0	0	0	0	-1
3291011	-1	-1	0	0	0	0	-1
3298014	-1	-1	0	0	0	0	-1
3302007	-1	-1	0	0	0	0	-1
3312018	-1	-1	0	0	0	0	-1
3315009	-1	-1	0	0	0	0	-1
3324013	-1	-1	0	0	0	0	-1
3332011	-1	-1	0	0	0	0	-1
3339018	-1	-1	0	0	0	0	-1
3346012	-1	-1	0	0	0	0	-1
3355019	-1	-1	0	0	0	0	-1
3362013	-1	-1	0	0	0	0	-1
3369008	-1	-1	0	0	0	0	-1
3378015	-1	-1	0	0	0	0	-1
3386018	-1	-1	0	0	0	0	-1
3393018	-1	-1	0	0	0	0	-1
3401016	-1	-1	0	0	0	0	-1
3408018	-1	-1	0	0	0	0	-1
3414013	-1	-1	0	0	0	0	-1
3424013	-1	-1	0	0	0	0	-1
3433015	-1	-1	0	0	0	0	-1
3436006	-1	-1	0	0	0	0	-1
3445016	-1	-1	0	0	0	0	-1
3448016	-1	-1	0	0	0	0	-1
3457009	-1	-1	0	0	0	0	-1
3466014	-1	-1	0	0	0	0	-1
3475009	-1	-1	0	0	0	0	-1
3485015	-1	-1	0	0	0	0	-1
3490008	-1	-1	0	0	0	0	-1
3499006	-1	-1	0	0	0	0	-1
3506015	-1	-1	0	0	0	0	-1
3514016	-1	-1	0	0	0	0	-1
3523011	-1	-1	0	0	0	0	-1
3531013	-1	-1	0	0	0	0	-1
3540005	-1	-1	0	0	0	0	-1
3545009	-1	-1	0	0	0	0	-1
3554006	-1	-1	0	0	0	0	-1
3557009	-1	-1	0	0	0	0	-1
3565008	-1	-1	0	0	0	0	-1
3575006	-1	-1	0	0	0	0	-1
3584013	-1	-1	0	0	0	0	-1
3590011	-1	-1	0	0	0	0	-1
3598009	-1	-1	0	0	0	0	-1
3607018	-1	-1	0	0	0	0	-1
3609016	-1	-1	0	0	0	0	-1
3611019	-1	-1	0	0	0	0	-1
3620016	-1	-1	0	0	0	0	-1
3627011	-1	-1	0	0	0	0	-1
3635014	-1	-1	0	0	0	0	-1
3644005	-1	-1	0	0	0	0	-1
3650017	-1	-1	0	0	0	0	-1
3659015	-1	-1	0	0	0	0	-1
3662015	-1	-1	0	0	0	0	-1
3671015	-1	-1	0	0	0	0	-1
3678005	-1	-1	0	0	0	0	-1
3685006	-1	-1	0	0	0	0	-1
3694013	-1	-1	0	0	0	0	-1
3703007	-1	-1	0	0	0	0	-1
3707015	-1	-1	0	0	0	0	-1
3717011	-1	-1	0	0	0	0	-1
3726014	-1	-1	0	0	0	0	-1
3734007	-1	-1	0	0	0	0	-1
3739015	-1	-1	0	0	0	0	-1
3747015	-1	-1	0	0	0	0	-1
3756009	-1	-1	0	0	0	0	-1
3763006	-1	-1	0	0	0	0	-1
3772009	-1	-1	0	0	0	0	-1
3776009	-1	-1	0	0	0	0	-1
3783015	-1	-1	0	0	0	0	-1
3792013	-1	-1	0	0	0	0	-1
3801010	-1	-1	0	0	0	0	-1
3809005	-1	-1	0	0	0	0	-1
3813017	-1	-1	0	0	0	0	-1
3822011	-1	-1	0	0	0	0	-1
3826012	-1	-1	0	0	0	0	-1
3835020	-1	-1	0	0	0	0	-1
3837006	-1	-1	0	0	0	0	-1
3846011	-1	-1	0	0	0	0	-1
3847012	-1	-1	0	0	0	0	-1
3856018	-1	-1	0	0	0	0	-1
3861006	-1	-1	0	0	0	0	-1
3867009	-1	-1	0	0	0	0	-1
3875016	-1	-1	0	0	0	0	-1
3884014	-1	2328	0	0	196608	676784	-1
3891011	-1	736024	0	0	637952	6934	-1
3899015	-1	1288712	0	0	1297408	8053	-1
3906015	-1	1438848	0	0	1249280	6945	-1
3915014	-1	1643584	0	0	1856512	9036	-1
3921014	-1	1805312	0	0	1344512	5958	-1
3930007	-1	1740512	0	0	239616	1101	-1
3933013	-1	-1	0	0	0	0	-1
3942018	-1	-1	0	0	0	0	-1
3951018	-1	-1	0	0	0	0	-1
3960020	-1	-1	0	0	0	0	-1
3969018	-1	-1	0	0	0	0	-1
3975014	-1	-1	0	0	0	0	-1
3984013	-1	-1	0	0	0	0	-1
3993016	-1	-1	0	0	0	0	-1
3997012	-1	-1	0	0	0	0	-1
4006020	-1	-1	0	0	0	0	-1
4014011	-1	-1	0	0	0	0	-1
4023018	-1	-1	0	0	0	0	-1
4026006	-1	-1	0	0	0	0	-1
4035018	-1	-1	0	0	0	0	-1
4044014	-1	-1	0	0	0	0	-1
4046008	-1	-1	0	0	0	0	-1
4055020	-1	-1	0	0	0	0	-1
4064007	-1	-1	0	0	0	0	-1
4072018	-1	-1	0	0	0	0	-1
4080016	-1	-1	0	0	0	0	-1
4089018	-1	-1	0	0	0	0	-1
4098013	-1	-1	0	0	0	0	-1
4106017	-1	-1	0	0	0	0	-1
4115006	-1	-1	0	0	0	0	-1
4123012	-1	-1	0	0	0	0	-1
4130006	-1	-1	0	0	0	0	-1
4139014	-1	-1	0	0	0	0	-1
4148014	-1	-1	0	0	0	0	-1
4155006	-1	-1	0	0	0	0	-1
4164012	-1	-1	0	0	0	0	-1
4173008	-1	-1	0	0	0	0	-1
4178008	-1	25960	0	0	830464	255924	-1
4187008	-1	3193480	0	0	3591168	8996	-1
4194010	-1	-1	0	0	34816	75	-1
4203016	-1	-1	0	0	0	0	-1
4210015	-1	-1	0	0	0	0	-1
4215009	-1	-1	0	0	0	0	-1
4222018	-1	-1	0	0	0	0	-1
4231008	-1	-1	0	0	0	0	-1
4240006	-1	-1	0	0	0	0	-1
4249010	-1	-1	0	0	0	0	-1
4258007	-1	-1	0	0	0	0	-1
4262013	-1	-1	0	0	0	0	-1
4271014	-1	-1	0	0	0	0	-1
4274012	-1	-1	0	0	0	0	-1
4282007	-1	-1	0	0	0	0	-1
4286021	-1	-1	0	0	0	0	-1
4292007	-1	-1	0	0	0	0	-1
4302010	-1	-1	0	0	0	0	-1
4311010	-1	-1	0	0	0	0	-1
4320011	-1	-1	0	0	0	0	-1
4328009	-1	-1	0	0	0	0	-1
4337005	-1	-1	0	0	0	0	-1
4346008	-1	-1	0	0	0	0	-1
4350013	-1	-1	0	0	0	0	-1
4357014	-1	-1	0	0	0	0	-1
4366014	-1	-1	0	0	0	0	-1
4373009	-1	-1	0	0	0	0	-1
4381006	-1	-1	0	0	0	0	-1
4390013	-1	-1	0	0	0	0	-1
4398007	-1	-1	0	0	0	0	-1
4401005	-1	-1	0	0	0	0	-1
4410009	-1	-1	0	0	0	0	-1
4419011	-1	-1	0	0	0	0	-1
4426539	11046088	-1	1466368	1062	0	0	1062
4431461	12725440	-1	163840	103	0	0	103
4438460	-1	-1	0	0	0	0	0
4448459	-1	-1	0	0	0	0	0
4456459	-1	-1	0	0	0	0	0
4461454	-1	-1	0	0	0	0	0
4470459	-1	-1	0	0	0	0	0
4477457	-1	-1	0	0	0	0	0
4484455	-1	-1	0	0	0	0	0
4488457	-1	-1	0	0	0	0	0
4494458	-1	-1	0	0	0	0	0
4503456	-1	-1	0	0	0	0	0
4508455	-1	-1	0	0	0	0	0
4514454	-1	-1	0	0	0	0	0
4519456	-1	-1	0	0	0	0	0
4528455	-1	-1	0	0	0	0	0
4537465	-1	-1	0	0	0	0	0
4544465	-1	-1	0	0	0	0	0
4553460	-1	-1	0	0	0	0	0
4563460	-1	-1	0	0	0	0	0
4572454	6946560	-1	662528	763	0	0	763
4581465	-1	-1	0	0	0	0	0
4590460	-1	-1	0	0	0	0	0
4594465	-1	-1	0	0	0	0	0
4600465	8228008	-1	935936	910	0	0	910
4605455	-1	-1	0	0	0	0	0
4611454	1046920	-1	650660	4972	0	0	4972
4618455	-1	-1	106496	94	0	0	94
4624455	-1	-1	0	0	0	0	0
4632464	-1	-1	0	0	0	0	0
4638456	10329848	-1	1147904	889	0	0	889
4642465	-1	-1	0	0	0	0	0
4651454	11614200	-1	670720	462	0	0	462
4656461	-1	-1	4096	2	0	0	2
4663461	-1	-1	0	0	0	0	0
4672460	13557080	-1	913408	539	0	0	539
4681455	-1	-1	0	0	0	0	0
4690458	9704632	-1	584704	482	0	0	482
4699458	-1	-1	0	0	0	0	0
4708457	17802616	-1	912384	410	0	0	410
4717457	-1	-1	0	0	0	0	0
4725455	3702432	-1	780288	1686	0	0	1686
4734455	-1	-1	0	0	0	0	0
4743455	-1	-1	0	0	0	0	0
4745454	-1	-1	0	0	0	0	0
4754454	11814592	-1	1175552	796	0	0	814
4760467	-1	-1	0	0	0	0	0
4769454	-1	-1	0	0	0	0	0
4770454	-1	-1	0	0	0	0	0
4779464	11690440	-1	1101824	754	0	0	754
4787463	-1	-1	0	0	0	0	0
4796459	-1	-1	0	0	0	0	0
4805467	14188072	-1	1104896	623	0	0	623
4807455	-1	-1	0	0	0	0	0
4816454	-1	-1	0	0	0	0	0
4825459	-1	-1	0	0	0	0	0
4830466	-1	-1	0	0	0	0	0
4837459	14722688	-1	1052672	572	0	0	572
4846460	14642392	-1	464896	254	0	0	310
4850464	-1	-1	0	0	0	0	0
4859463	-1	-1	0	0	0	0	0
4868464	12933568	-1	594944	368	0	0	368
4876465	-1	-1	0	0	0	0	0
4884457	-1	-1	0	0	0	0	0
4889455	-1	-1	0	0	0	0	0
4895459	11816056	-1	1038336	703	0	0	812
4904465	21514936	-1	755712	281	0	0	312
4908459	-1	-1	0	0	0	0	0
4917459	-1	-1	0	0	0	0	0
4924455	10138400	-1	970752	766	0	0	766
4931457	-1	-1	0	0	0	0	0
4940458	8102272	-1	924672	913	0	0	913
4949456	-1	-1	0	0	0	0	0
4957456	-1	-1	0	0	0	0	0
4965455	-1	-1	73728	54	0	0	61
4970455	25582528	-1	936960	293	0	0	445
4979454	-1	-1	0	0	0	0	0
4986456	14297232	-1	1047272	586	0	0	740
4995467	-1	-1	0	0	0	0	0
5004458	-1	-1	0	0	0	0	0
5007466	-1	-1	0	0	0	0	0
5015456	10965512	-1	1659904	1211	0	0	1217
5022464	-1	-1	0	0	0	0	0
5030456	21317056	-1	977920	367	0	0	367
5036458	-1	-1	0	0	0	0	0
5044462	15151440	-1	1032192	545	0	0	545
5051467	-1	-1	0	0	0	0	0
5059465	7714216	-1	1587200	1646	0	0	1646
5066461	-1	-1	0	0	0	0	0
5075464	8739552	-1	1258496	1152	0	0	1152
5085460	-1	-1	0	0	0	0	0
5094460	11294296	-1	954368	676	0	0	676
5104456	-1	-1	0	0	0	0	0
5112458	12083200	-1	1389568	920	0	0	920
5119458	-1	-1	0	0	0	0	0
5128461	15224576	-1	820224	431	0	0	431
5133469	-1	-1	0	0	0	0	0
5142458	-1	-1	0	0	0	0	0
5151453	14762296	-1	1267712	687	0	0	687
5166570	11953040	-1	2320384	1553	0	0	3179
5175576	-1	-1	0	0	0	0	0
5181582	-1	-1	0	0	0	0	0
5187576	-1	-1	0	0	0	0	0
5192582	-1	-1	0	0	0	0	0
5198581	9948792	-1	1600512	1287	0	0	1287
5207581	-1	-1	0	0	0	0	0
5216571	13579640	-1	1195008	704	0	0	704
5219580	-1	-1	0	0	0	0	0
5226573	10766184	-1	1409024	1047	0	0	1047
5235574	-1	-1	0	0	0	0	0
5243572	10840616	-1	1127424	832	0	0	832
5251571	-1	-1	0	0	0	0	0
5257578	8669152	-1	1655808	1528	0	0	1528
5266574	-1	-1	0	0	0	0	0
5275579	-1	-1	0	0	0	0	0
5282578	-1	-1	0	0	0	0	0
5291574	12889176	-1	1646592	1022	0	0	1022
5300580	-1	-1	0	0	0	0	0
5306570	15873160	-1	1750016	882	0	0	882
5315571	-1	909384	0	0	1007616	8864	0
5324572	-1	3875136	0	0	4336640	8952	0
5334570	-1	4129472	0	0	5183488	10041	0
5342576	-1	3707424	0	0	3702784	7989	0
5348579	-1	2557312	0	0	1897472	5935	0
5353576	-1	3818208	0	0	1384448	2900	0
5362577	-1	124248	0	0	158720	10219	0
5370577	-1	1571816	0	0	1748992	8901	0
5376581	-1	579744	0	0	424960	5864	0
5385579	-1	1897736	0	0	2122752	8948	0
5403569	-1	711384	0	0	1046528	11768	0
5413573	-1	1502096	0	0	201728	1074	0
5422578	-1	-1	0	0	0	0	0
5431583	-1	-1	0	0	0	0	0
5432571	-1	-1	0	0	0	0	0
5441577	-1	-1	0	0	0	0	0
5450580	-1	-1	0	0	0	0	0
5458580	-1	-1	0	0	0	0	0
5467579	-1	-1	0	0	0	0	0
5476581	-1	-1	0	0	0	0	0
5484579	-1	-1	0	0	0	0	0
5492582	-1	-1	0	0	0	0	0
5498577	-1	-1	0	0	0	0	0
5504579	-1	-1	0	0	0	0	0
5511576	-1	-1	0	0	0	0	0
5520570	-1	-1	0	0	0	0	0
5529575	6872712	-1	2037760	2372	0	0	2372
5538568	-1	-1	0	0	0	0	0
5547576	6917840	-1	1022976	1183	0	0	1183
5556574	-1	-1	0	0	0	0	0
5566580	6635360	-1	1296384	1563	0	0	1563
5571575	-1	-1	0	0	0	0	0
5580575	12445160	-1	1297408	834	0	0	834
5589577	-1	-1	0	0	0	0	0
5597570	-1	-1	0	0	0	0	0
5603578	10355056	-1	921600	712	0	0	783
5608571	11102776	-1	652288	470	0	0	470
5617570	-1	-1	0	0	0	0	0
5626577	6817288	-1	868352	1019	0	0	1019
5633570	-1	-1	0	0	0	0	0
5642570	16552472	-1	1609728	778	0	0	778
5651578	-1	-1	0	0	0	0	0
5659576	-1	-1	0	0	0	0	0
5663577	-1	-1	0	0	0	0	0
5672571	13676144	-1	1432576	838	0	0	838
5681582	-1	-1	0	0	0	0	0
5688573	13418208	-1	857088	511	0	0	511
5692570	-1	-1	0	0	22528	287907	0
5701575	14627400	1715048	912384	499	1928192	8994	499
5710575	-1	3254688	0	0	3664896	9008	0
5716571	-1	3984192	0	0	2990080	6003	0
5725569	-1	3964264	0	0	4435968	8951	0
5731574	-1	4096800	0	0	3056640	5968	0
5735571	-1	2845720	0	0	427008	1200	0
5743571	-1	1574272	0	0	2111488	10729	0
5751582	-1	3700784	0	0	3700736	7999	0
5755574	-1	4434600	0	0	2170880	3916	0
5764573	-1	4105488	0	0	4665344	9090	0
5770581	-1	4297016	0	0	3205120	5967	0
5778577	-1	4100424	0	0	4113408	8025	0
5788578	-1	4802168	0	0	5950464	9912	0
5790580	-1	4816528	0	0	1187840	1972	0
5799573	-1	4377568	0	0	4980736	9102	0
5808576	-1	4369608	0	0	4891648	8955	0
5813578	-1	4276584	0	0	2680832	5014	0
5822569	-1	1449776	0	0	1605632	8860	0
5828578	-1	3807312	0	0	2866176	6022	0
5837572	-1	4156568	0	0	4626432	8904	0
5845577	-1	3931768	0	0	2849792	5798	-1
5850583	-1	-1	0	0	0	0	-1
5858583	-1	737360	0	0	445440	4832	-1
5866575	-1	3129048	0	0	3112960	7958	-1
5869576	-1	3622928	0	0	1375232	3036	-1
5877570	-1	4161936	0	0	4164608	8005	-1
5886570	-1	4812328	0	0	5412864	8998	-1
5895576	-1	3346736	0	0	3682304	8802	-1
5904571	-1	4210952	0	0	4736000	8997	-1
5913571	-1	4215400	0	0	4734976	8986	-1
5922574	-1	4212864	0	0	4736000	8993	-1
5924569	-1	4403816	0	0	1117184	2029	-1
5931573	-1	4334960	0	0	3785728	6986	-1
5940582	-1	4196072	0	0	3963904	7557	-1
5944573	-1	1756288	0	0	1166336	5312	-1
5950571	-1	4545032	0	0	3408896	6000	-1
5959582	-1	4994112	0	0	5617664	8998	-1
5968569	-1	4722128	0	0	5301248	8981	-1
5978572	-1	6152432	0	0	7684096	9991	-1
5984583	-1	6015032	0	0	3483648	4633	-1
5993570	-1	3638144	0	0	4677632	10285	-1
5995572	-1	5385944	0	0	1327104	1971	-1
6004572	-1	6158280	0	0	6899712	8963	-1
6013573	-1	6342376	0	0	7176192	9051	-1
6022577	-1	3747560	0	0	4116480	8787	-1
6028579	-1	2279088	0	0	1716224	6024	-1
6037570	-1	2473336	0	0	2754560	8909	-1
6044569	-1	2528072	0	0	2239488	7086	-1
6053578	-1	2628712	0	0	2947072	8968	-1
6062573	-1	2617952	0	0	2948096	9008	-1
6071574	-1	2732840	0	0	3045376	8914	-1
6073575	-1	2867520	0	0	694272	1936	-1
6082584	-1	2784504	0	0	3131392	8996	-1
6091569	-1	2923872	0	0	3239936	8864	-1
6098575	-1	1167752	0	0	1035264	7092	-1
6106578	-1	3230184	0	0	3228672	7996	-1
6115579	-1	3435192	0	0	3864576	8999	-1
6124569	-1	3057368	0	0	3442688	9008	-1
6132569	-1	3329184	0	0	3309568	7952	-1
6141581	-1	3616736	0	0	4086784	9039	-1
6148578	-1	3554544	0	0	3049472	6863	-1
6157580	-1	-1	0	0	0	0	-1
6166578	-1	-1	0	0	0	0	-1
6175574	-1	-1	0	0	0	0	-1
6184572	-1	-1	0	0	0	0	-1
6193584	-1	-1	0	0	0	0	-1
6201583	-1	-1	0	0	0	0	-1
6210582	-1	-1	0	0	0	0	-1
6216569	-1	-1	0	0	0	0	-1
6222570	-1	-1	0	0	0	0	-1
6230575	-1	-1	0	0	0	0	-1
6239577	-1	-1	0	0	0	0	-1
6248579	-1	-1	0	0	0	0	-1
6256577	-1	-1	0	0	0	0	-1
6265572	-1	-1	0	0	0	0	-1
6274574	-1	-1	0	0	0	0	-1
6284576	-1	-1	0	0	0	0	-1
6288577	-1	-1	0	0	0	0	-1
6294577	-1	-1	0	0	0	0	-1
6304569	-1	-1	0	0	0	0	-1
6308575	-1	-1	0	0	0	0	-1
6315574	-1	-1	0	0	0	0	-1
6324576	-1	-1	0	0	0	0	-1
6330576	-1	-1	0	0	0	0	-1
6339580	-1	-1	0	0	0	0	-1
6343574	-1	-1	0	0	0	0	-1
6352575	-1	-1	0	0	0	0	-1
6361574	-1	-1	0	0	0	0	-1
6370576	-1	-1	0	0	0	0	-1
6378576	-1	-1	0	0	0	0	-1
6385576	-1	-1	0	0	0	0	-1
6394569	-1	-1	0	0	0	0	-1
6401579	-1	-1	0	0	0	0	-1
6407069	-1	-1	0	0	0	0	71
6417001	-1	-1	0	0	0	0	0
6425999	-1	-1	0	0	33792	18710	0
6434994	-1	587112	0	0	658432	8971	0
6442998	-1	1136488	0	0	1111040	7820	0
6451998	-1	1616768	0	0	1830912	9059	0
6458991	-1	1774528	0	0	1548288	6980	0
6467992	-1	1663696	0	0	1871872	9001	-1
6475996	-1	-1	0	0	98304	459	-1
6484996	-1	-1	0	0	0	0	-1
6493995	-1	-1	0	0	0	0	-1
6502994	-1	-1	0	0	0	0	-1
6507994	-1	-1	0	0	0	0	-1
6516993	-1	-1	0	0	0	0	-1
6517993	-1	-1	0	0	0	0	-1
6526993	-1	-1	0	0	0	0	-1
6531992	-1	-1	0	0	0	0	-1
6540991	-1	-1	0	0	0	0	-1
6550990	-1	-1	0	0	0	0	-1
6557990	-1	-1	0	0	0	0	-1
6566990	-1	-1	0	0	0	0	-1
6571989	-1	-1	0	0	0	0	-1
6580996	-1	-1	0	0	0	0	-1
6586989	-1	-1	0	0	0	0	-1
6594991	-1	-1	0	0	0	0	-1
6603992	-1	-1	0	0	0	0	-1
6611004	-1	-1	0	0	0	0	-1
6614989	-1	-1	0	0	0	0	-1
6621998	-1	-1	0	0	0	0	-1
6630001	-1	-1	0	0	0	0	-1
6632002	-1	-1	0	0	0	0	-1
6641004	-1	-1	0	0	0	0	-1
6647001	-1	-1	0	0	0	0	-1
6653991	-1	-1	0	0	0	0	-1
6662996	-1	-1	0	0	0	0	-1
6672001	-1	-1	0	0	0	0	-1
6682000	-1	-1	0	0	0	0	-1
6685994	-1	-1	0	0	0	0	-1
6691989	-1	-1	0	0	0	0	-1
6700999	-1	-1	0	0	0	0	-1
6710993	-1	-1	0	0	0	0	-1
6719993	-1	-1	0	0	0	0	-1
6723995	-1	-1	0	0	0	0	-1
6732994	-1	-1	0	0	0	0	-1
6741994	-1	-1	0	0	0	0	-1
6749993	-1	-1	0	0	0	0	-1
6758992	-1	-1	0	0	0	0	-1
6765992	-1	-1	0	0	0	0	-1
6768991	-1	-1	0	0	0	0	-1
6776990	-1	-1	0	0	0	0	-1
6783991	-1	-1	0	0	0	0	-1
6793990	-1	-1	0	0	0	0	-1
6802989	-1	-1	0	0	0	0	-1
6807989	-1	-1	0	0	0	0	-1
6816995	-1	-1	0	0	0	0	-1
6825989	-1	-1	0	0	0	0	-1
6833997	-1	-1	0	0	0	0	-1
6840989	-1	-1	0	0	0	0	-1
6849990	-1	-1	0	0	0	0	-1
6858003	-1	-1	0	0	0	0	-1
6866999	-1	-1	0	0	0	0	-1
6875996	-1	-1	0	0	0	0	-1
6885001	-1	-1	0	0	0	0	-1
6891992	-1	-1	0	0	0	0	-1
6900999	-1	-1	0	0	0	0	-1
6909997	-1	-1	0	0	0	0	-1
6917995	-1	-1	0	0	0	0	-1
6927004	-1	-1	0	0	0	0	-1
6930999	-1	-1	0	0	0	0	-1
6937994	-1	-1	0	0	0	0	-1
6941001	-1	-1	0	0	0	0	-1
6949995	-1	-1	0	0	0	0	-1
6953993	-1	-1	0	0	0	0	-1
6962988	-1	-1	0	0	0	0	-1
6969994	-1	-1	0	0	0	0	-1
6973993	-1	-1	0	0	0	0	-1
6981993	-1	-1	0	0	0	0	-1
6988992	-1	-1	0	0	0	0	-1
6997992	-1	-1	0	0	0	0	-1
7006991	-1	-1	0	0	0	0	-1
7012990	-1	-1	0	0	0	0	-1
7021989	-1	-1	0	0	0	0	-1
7030988	-1	-1	0	0	0	0	-1
7040988	-1	-1	0	0	0	0	-1
7049993	-1	-1	0	0	0	0	-1
7058990	-1	-1	0	0	0	0	-1
7066994	-1	-1	0	0	0	0	-1
7073003	-1	-1	0	0	0	0	-1
7082002	-1	-1	0	0	0	0	-1
7090004	-1	-1	0	0	0	0	-1
7097989	-1	-1	0	0	0	0	-1
7105001	-1	-1	0	0	0	0	-1
7114991	-1	-1	0	0	0	0	-1
7119004	-1	-1	0	0	0	0	-1
7127990	-1	-1	0	0	0	0	-1
7135999	-1	-1	0	0	0	0	-1
7142003	-1	-1	0	0	0	0	-1
7146990	-1	-1	0	0	0	0	-1
7155997	-1	-1	0	0	0	0	-1
7161989	-1	-1	0	0	0	0	-1
7168994	-1	-1	0	0	0	0	-1
7177995	-1	-1	0	0	0	0	-1
7184998	-1	-1	0	0	0	0	-1
7189003	-1	-1	0	0	0	0	-1
7197994	-1	-1	0	0	0	0	-1
7203993	-1	-1	0	0	0	0	-1
7211992	-1	-1	0	0	0	0	-1
7220991	-1	-1	0	0	0	0	-1
7230990	-1	-1	0	0	0	0	-1
7235991	-1	-1	0	0	0	0	-1
7241991	-1	-1	0	0	0	0	-1
7246990	-1	-1	0	0	0	0	-1
7255990	-1	2936	0	0	284672	775101	-1
7261989	-1	813872	0	0	608256	5978	-1
7269988	-1	1272856	0	0	1274880	8012	-1
7276988	-1	1818216	0	0	1599488	7037	-1
7284994	-1	1820056	0	0	1810432	7957	-1
7294989	-1	1853752	0	0	2311168	9974	-1
7304005	-1	1991400	0	0	2247680	9029	-1
7313003	-1	2027352	0	0	2287616	9027	-1
7321999	-1	2348016	0	0	1773568	6042	-1
7330998	-1	-1	0	0	0	0	-1
7339998	-1	-1	0	0	0	0	-1
7348995	-1	-1	0	0	0	0	-1
7351993	-1	-1	0	0	0	0	-1
7361001	-1	-1	0	0	0	0	-1
7369989	-1	-1	0	0	0	0	-1
7375001	-1	-1	0	0	0	0	-1
7383989	-1	-1	0	0	0	0	-1
7386999	-1	-1	0	0	0	0	-1
7395996	-1	-1	0	0	0	0	-1
7403003	-1	-1	0	0	0	0	-1
7411989	-1	-1	0	0	0	0	-1
7421989	-1	-1	0	0	0	0	-1
7430998	-1	-1	0	0	0	0	-1
7434994	-1	-1	0	0	0	0	-1
7443992	-1	-1	0	0	0	0	-1
7452992	-1	-1	0	0	0	0	-1
7458991	-1	-1	0	0	0	0	-1
7466991	-1	-1	0	0	0	0	-1
7475990	-1	-1	0	0	0	0	-1
7484991	-1	-1	0	0	0	0	-1
7493988	-1	-1	0	0	0	0	-1
7497988	-1	-1	0	0	0	0	-1
7506990	-1	-1	0	0	0	0	-1
7514000	-1	-1	0	0	0	0	-1
7523004	-1	-1	0	0	0	0	-1
7531003	-1	-1	0	0	0	0	-1
7536995	-1	-1	0	0	0	0	-1
7546003	-1	-1	0	0	0	0	-1
7547003	-1	-1	0	0	0	0	-1
7556003	-1	-1	0	0	0	0	-1
7564994	-1	-1	0	0	0	0	-1
7573988	-1	-1	0	0	0	0	-1
7583001	-1	-1	0	0	0	0	-1
7587999	-1	-1	0	0	0	0	-1
7597003	-1	-1	0	0	0	0	-1
7604826	6340040	-1	778240	982	0	0	3469
7613825	11754008	-1	1949696	1327	1024	12458	1327
7622831	-1	508784	0	0	569344	8952	0
7630826	-1	1111992	0	0	1114112	8015	0
7639823	-1	1516600	0	0	1705984	8998	0
7646821	-1	1632592	0	0	1412096	6919	0
7655820	-1	1714232	0	0	1944576	9074	0
7663829	-1	1150536	0	0	1126400	7832	0
7672820	-1	1397624	0	0	1539072	8809	0
7681835	-1	1768704	0	0	2002944	9059	0
7690834	-1	1870584	0	0	2107392	9012	0
7695834	-1	-1	0	0	0	0	0
7704830	-1	-1	0	0	0	0	0
7706827	-1	-1	0	0	0	0	0
7715831	-1	-1	0	0	0	0	0
7720832	-1	-1	0	0	0	0	0
7729830	-1	-1	0	0	0	0	0
7738833	-1	-1	0	0	0	0	0
7745822	-1	-1	0	0	0	0	0
7754829	-1	-1	0	0	0	0	0
7759829	-1	-1	0	0	0	0	0
7769823	-1	-1	0	0	0	0	0
7774827	-1	-1	0	0	0	0	0
7783827	-1	-1	0	0	0	0	0
7791834	-1	-1	0	0	0	0	0
7798833	-1	-1	0	0	0	0	0
7802820	-1	-1	0	0	0	0	0
7809833	-1	-1	0	0	0	0	0
7817833	-1	-1	0	0	0	0	0
7819832	-1	-1	0	0	0	0	0
7828820	-1	23248	0	0	401408	138120	0
7834829	-1	1147264	0	0	856064	5969	0
7842823	-1	1308712	0	0	1310720	8012	0
7850821	-1	1381632	0	0	1382400	8004	0
7859822	-1	1431360	0	0	1609728	8996	0
7869821	-1	1461632	0	0	1824768	9987	0
7873821	-1	1498200	0	0	745472	3980	0
7879825	-1	1418136	0	0	1068032	6024	0
7888830	-1	1595224	0	0	1793024	8991	0
7898821	-1	1636832	0	0	1968128	9619	0
7907829	-1	1787288	0	0	2055168	9199	0
7911821	-1	1753040	0	0	892928	4074	0
7920823	-1	1851792	0	0	2077696	8975	0
7929825	-1	1923432	0	0	2150400	8943	0
7937824	-1	1923472	0	0	1948672	8104	0
7946826	-1	1931304	0	0	2171904	8996	0
7953835	-1	2206928	0	0	1927168	6985	0
7956821	-1	2234096	0	0	841728	3014	0
7964832	-1	2164864	0	0	2156544	7969	0
7971824	-1	1545928	0	0	1325056	6857	0
7981835	-1	2264464	0	0	2811904	9934	0
7990832	-1	2444600	0	0	2720768	8903	0
7995828	-1	2108344	0	0	1324032	5023	0
8004830	-1	2201520	0	0	2505728	9105	0
8013821	-1	2562624	0	0	2884608	9005	0
8021829	-1	2638688	0	0	2634752	7988	0
8028825	-1	2005944	0	0	1699840	6779	0
8037826	-1	2702672	0	0	3049472	9026	0
8045823	-1	2514304	0	0	2475008	7874	0
8054825	-1	2900104	0	0	3291136	9078	0
8063832	-1	2983832	0	0	3330048	8928	0
8072828	-1	2873640	0	0	3202048	8914	0
8080820	-1	9688	0	0	1990656	1644363	0
8089830	-1	3190832	0	0	3562496	8931	0
8098830	-1	3356080	0	0	3765248	8975	0
8105830	-1	3368176	0	0	2965504	7043	0
8114825	-1	-1	0	0	0	0	-1
8118827	-1	-1	0	0	0	0	-1
8125828	-1	-1	0	0	0	0	-1
8129824	-1	-1	0	0	0	0	-1
8138821	-1	-1	0	0	0	0	-1
8141827	-1	-1	0	0	0	0	-1
8150828	-1	-1	0	0	0	0	-1
8157820	-1	-1	0	0	0	0	-1
8161820	-1	-1	0	0	0	0	-1
8169834	-1	-1	0	0	0	0	-1
8176822	-1	-1	0	0	0	0	-1
8185824	-1	-1	0	0	0	0	-1
8194834	-1	-1	0	0	0	0	-1
8200826	-1	-1	0	0	0	0	-1
8209820	-1	-1	0	0	0	0	-1
8218821	-1	-1	0	0	0	0	-1
8228820	-1	-1	0	0	0	0	-1
8237821	-1	-1	0	0	0	0	-1
8246834	-1	-1	0	0	0	0	-1
8254824	-1	-1	0	0	0	0	-1
8260830	-1	-1	0	0	0	0	-1
8269833	-1	-1	0	0	0	0	-1
8277824	-1	-1	0	0	0	0	-1
8285830	-1	-1	0	0	0	0	-1
8292824	-1	-1	0	0	0	0	-1
8302831	-1	-1	0	0	0	0	-1
8307830	-1	-1	0	0	0	0	-1
8315829	-1	-1	0	0	0	0	-1
8324827	-1	-1	0	0	0	0	-1
8329821	-1	-1	0	0	0	0	-1
8334828	-1	-1	0	0	0	0	-1
8343827	-1	-1	0	0	0	0	-1
8349824	-1	-1	0	0	0	0	-1
8357827	-1	-1	0	0	0	0	-1
8366830	-1	-1	0	0	0	0	-1
8372828	-1	-1	0	0	0	0	-1
8376827	-1	-1	0	0	0	0	-1
8385820	-1	-1	0	0	0	0	-1
8391834	-1	-1	0	0	0	0	-1
8399833	-1	-1	0	0	0	0	-1
8408821	-1	-1	0	0	0	0	-1
8418823	-1	-1	0	0	0	0	-1
8423825	-1	-1	0	0	0	0	-1
8429829	-1	-1	0	0	0	0	-1
8434828	-1	-1	0	0	0	0	-1
8443830	-1	-1	0	0	0	0	-1
8449833	-1	-1	0	0	0	0	-1
8457821	-1	-1	0	0	0	0	-1
8465825	-1	-1	0	0	0	0	-1
8472834	-1	-1	0	0	0	0	-1
8482822	-1	-1	0	0	0	0	-1
8491827	-1	-1	0	0	0	0	-1
8500833	-1	-1	0	0	0	0	-1
8509828	-1	-1	0	0	0	0	-1
8518832	-1	-1	0	0	0	0	-1
8527827	-1	-1	0	0	0	0	-1
8536829	-1	-1	0	0	0	0	-1
8540830	-1	-1	0	0	0	0	-1
8549826	-1	-1	0	0	0	0	-1
8558821	-1	-1	0	0	0	0	-1
8562828	-1	-1	0	0	0	0	-1
8571826	-1	-1	0	0	0	0	-1
8574827	-1	-1	0	0	0	0	-1
8583822	-1	-1	0	0	0	0	-1
8590821	-1	-1	0	0	0	0	-1
8599820	-1	-1	0	0	0	0	-1
8609826	-1	-1	0	0	0	0	-1
8618823	-1	-1	0	0	0	0	-1
8622827	-1	-1	0	0	0	0	-1
8631834	-1	-1	0	0	0	0	-1
8641829	-1	-1	0	0	0	0	-1
8646823	-1	-1	0	0	0	0	-1
8654828	-1	-1	0	0	0	0	-1
8663822	-1	-1	0	0	0	0	-1
8672830	-1	-1	0	0	0	0	-1
8681833	-1	-1	0	0	0	0	-1
8685821	-1	-1	0	0	0	0	-1
8694825	-1	-1	0	0	0	0	-1
8702829	-1	-1	0	0	0	0	-1
8711834	-1	-1	0	0	0	0	-1
8718833	-1	-1	0	0	0	0	-1
8724822	-1	-1	0	0	0	0	-1
8733822	-1	-1	0	0	0	0	-1
8734820	-1	-1	0	0	0	0	-1
8743832	-1	-1	0	0	0	0	-1
8752828	-1	-1	0	0	0	0	-1
8761827	-1	-1	0	0	0	0	-1
8770830	-1	-1	0	0	0	0	-1
8775825	-1	-1	0	0	0	0	-1
8784825	-1	-1	0	0	0	0	-1
8793821	-1	-1	0	0	0	0	-1
8800820	-1	-1	0	0	0	0	-1
8805826	-1	-1	0	0	0	0	-1
8814826	-1	-1	0	0	0	0	-1
8823820	-1	-1	0	0	0	0	-1
8826826	-1	-1	0	0	0	0	-1
8835825	-1	-1	0	0	0	0	-1
8844824	-1	-1	0	0	0	0	-1
8852824	-1	-1	0	0	0	0	-1
8857825	-1	-1	0	0	0	0	-1
8864829	-1	-1	0	0	0	0	-1
8869825	-1	-1	0	0	0	0	-1
8878821	-1	-1	0	0	0	0	-1
8887823	-1	-1	0	0	0	0	-1
8896829	-1	-1	0	0	0	0	-1
8902834	-1	-1	0	0	0	0	-1
8907832	-1	-1	0	0	0	0	-1
8913823	-1	-1	0	0	0	0	-1
8922825	-1	-1	0	0	0	0	-1
8925825	-1	-1	0	0	0	0	-1
8934827	-1	-1	0	0	0	0	-1
8943830	-1	-1	0	0	0	0	-1
8946827	-1	-1	0	0	0	0	-1
8955830	-1	-1	0	0	0	0	-1
8963832	-1	-1	0	0	0	0	-1
8972824	-1	-1	0	0	0	0	-1
8977823	-1	-1	0	0	0	0	-1
8986828	-1	-1	0	0	0	0	-1
8990821	-1	-1	0	0	0	0	-1
8999823	-1	-1	0	0	0	0	-1
9008826	-1	-1	0	0	0	0	-1
9017820	-1	-1	0	0	0	0	-1
9027823	-1	-1	0	0	0	0	-1
9033827	-1	-1	0	0	0	0	-1
9042827	-1	-1	0	0	0	0	-1
9049826	-1	-1	0	0	0	0	-1
9057821	-1	-1	0	0	0	0	-1
9064820	-1	-1	0	0	0	0	-1
9072824	-1	-1	0	0	0	0	-1
9076824	-1	-1	0	0	0	0	-1
9084824	-1	-1	0	0	0	0	-1
9091823	-1	-1	0	0	0	0	-1
9099832	-1	-1	0	0	0	0	-1
9109834	-1	-1	0	0	0	0	-1
9117826	-1	-1	0	0	0	0	-1
9125823	-1	-1	0	0	0	0	-1
9134835	-1	-1	0	0	0	0	-1
9143823	-1	-1	0	0	0	0	-1
9149821	-1	-1	0	0	0	0	-1
9154821	-1	-1	0	0	0	0	-1
9163835	-1	-1	0	0	0	0	-1
9172824	-1	-1	0	0	0	0	-1
9181822	-1	-1	0	0	0	0	-1
9185823	-1	-1	0	0	0	0	-1
9194828	-1	-1	0	0	0	0	-1
9198832	-1	-1	0	0	0	0	-1
9207827	-1	-1	0	0	0	0	-1
9213831	-1	-1	0	0	0	0	-1
9218831	-1	-1	0	0	0	0	-1
9227822	-1	-1	0	0	0	0	-1
9236829	-1	-1	0	0	0	0	-1
9245829	-1	-1	0	0	0	0	-1
9254825	-1	-1	0	0	0	0	-1
9256828	-1	-1	0	0	0	0	-1
9265827	-1	-1	0	0	0	0	-1
9266828	-1	-1	0	0	0	0	-1
9275827	-1	-1	0	0	0	0	-1
9284825	-1	-1	0	0	0	0	-1
9293823	-1	-1	0	0	0	0	-1
9302823	-1	-1	0	0	0	0	-1
9311820	-1	-1	0	0	0	0	-1
9312821	-1	-1	0	0	0	0	-1
9321823	-1	-1	0	0	0	0	-1
9330825	-1	-1	0	0	0	0	-1
9335822	-1	-1	0	0	0	0	-1
9344829	-1	-1	0	0	0	0	-1
9352833	-1	-1	0	0	0	0	-1
9356824	-1	-1	0	0	0	0	-1
9365828	-1	-1	0	0	0	0	-1
9374830	-1	-1	0	0	0	0	-1
9382829	-1	-1	0	0	0	0	-1
9385834	-1	-1	0	0	0	0	-1
9394822	-1	-1	0	0	0	0	-1
9399827	-1	-1	0	0	0	0	-1
9408824	-1	-1	0	0	0	0	-1
9417823	-1	-1	0	0	0	0	-1
9426824	-1	-1	0	0	0	0	-1
9435827	-1	-1	0	0	0	0	-1
9442821	-1	-1	0	0	0	0	-1
9451830	-1	-1	0	0	0	0	-1
9456827	-1	-1	0	0	0	0	-1
9462826	-1	-1	0	0	0	0	-1
9471824	-1	-1	0	0	0	0	-1
9476821	-1	-1	0	0	0	0	-1
9485828	-1	-1	0	0	0	0	-1
9494823	-1	-1	0	0	0	0	-1
9503826	-1	-1	0	0	0	0	-1
9508826	-1	-1	0	0	0	0	-1
9515826	-1	-1	0	0	0	0	-1
9519823	-1	-1	0	0	0	0	-1
9527824	-1	-1	0	0	0	0	-1
9536824	-1	-1	0	0	0	0	-1
9543823	-1	-1	0	0	0	0	-1
9552824	-1	-1	0	0	0	0	-1
9560822	-1	-1	0	0	0	0	-1
9569821	-1	-1	0	0	0	0	-1
9578830	-1	-1	0	0	0	0	-1
9587821	-1	-1	0	0	0	0	-1
9595828	-1	-1	0	0	0	0	-1
9605825	-1	-1	0	0	0	0	-1
9614832	-1	-1	0	0	0	0	-1
9616822	-1	-1	0	0	0	0	-1
9625824	-1	-1	0	0	0	0	-1
9631824	-1	-1	0	0	0	0	-1
9640828	-1	-1	0	0	0	0	-1
9650824	-1	-1	0	0	0	0	-1
9659827	-1	-1	0	0	0	0	-1
9668831	-1	-1	0	0	0	0	-1
9675822	-1	-1	0	0	0	0	-1
9684831	-1	-1	0	0	0	0	-1
9693829	-1	-1	0	0	0	0	-1
9699829	-1	-1	0	0	0	0	-1
9708829	-1	-1	0	0	0	0	-1
9717827	-1	-1	0	0	0	0	-1
9720827	-1	-1	0	0	0	0	-1
9729826	-1	-1	0	0	0	0	-1
9738826	-1	-1	0	0	0	0	-1
9745820	-1	-1	0	0	0	0	-1
9754821	-1	-1	0	0	0	0	-1
9762820	-1	-1	0	0	0	0	-1
9771824	-1	-1	0	0	0	0	-1
9779823	-1	-1	0	0	0	0	-1
9785820	-1	-1	0	0	0	0	-1
9790822	-1	-1	0	0	0	0	-1
9799821	-1	-1	0	0	0	0	-1
9818587	8261264	-1	2198528	2129	0	0	2129
9827571	-1	-1	0	0	0	0	0
9832576	-1	-1	0	0	0	0	0
9842578	-1	-1	0	0	0	0	0
9849577	-1	-1	0	0	0	0	0
9858580	-1	-1	0	0	0	0	0
9860578	-1	-1	0	0	0	0	0
9869580	-1	-1	0	0	0	0	0
9871577	-1	-1	0	0	0	0	0
9880574	-1	-1	0	0	0	0	0
9882581	-1	-1	0	0	0	0	0
9890581	-1	-1	0	0	0	0	0
9898578	-1	-1	0	0	0	0	0
9907581	-1	-1	0	0	0	0	0
9912580	-1	-1	0	0	0	0	0
9917579	-1	-1	0	0	0	0	0
9926579	-1	-1	0	0	0	0	0
9935575	-1	-1	0	0	0	0	0
9945585	-1	-1	0	0	0	0	0
9950575	-1	-1	0	0	0	0	0
9956577	-1	-1	0	0	0	0	0
9962584	-1	-1	0	0	0	0	0
9967584	-1	-1	0	0	0	0	0
9972575	-1	-1	0	0	0	0	0
9980578	-1	-1	0	0	0	0	0
9987584	-1	-1	0	0	0	0	0
9996576	-1	-1	0	0	0	0	0
10005581	2331552	-1	855388	2935	0	0	2935
10014581	-1	-1	0	0	0	0	0
10022572	1141496	-1	794624	5569	0	0	5591
10029577	1581552	-1	797696	4035	0	0	4035
10038571	5454304	-1	1058816	1553	0	0	1553
10046583	-1	-1	0	0	0	0	0
10052578	8165400	-1	943104	924	0	0	924
10061578	-1	-1	0	0	0	0	0
10070577	12123720	-1	1133568	748	0	0	748
10073577	-1	-1	0	0	0	0	0
10083584	-1	-1	0	0	0	0	0
10087580	-1	-1	0	0	0	0	0
10094584	8380376	-1	1776640	1696	0	0	1696
10100583	-1	-1	0	0	0	0	0
10109582	-1	-1	0	0	0	0	0
10115580	-1	-1	0	0	0	0	0
10123581	8448520	-1	1551360	1469	0	0	1469
10130581	-1	-1	0	0	0	0	0
10139580	9448976	-1	1116160	945	0	0	945
10144580	-1	-1	0	0	0	0	0
10151580	5802664	-1	1688576	2328	0	0	2328
10155578	-1	-1	0	0	0	0	0
10165576	8376280	-1	1024000	978	0	0	978
10174576	9273960	-1	368640	318	0	0	320
10179573	8647112	-1	486400	450	0	0	450
10185584	-1	-1	0	0	0	0	0
10193579	12641272	-1	1355776	858	0	0	858
10199576	-1	-1	0	0	0	0	0
10208582	-1	-1	0	0	0	0	0
10212572	-1	-1	0	0	0	0	0
10220581	10358184	-1	1503232	1161	0	0	1161
10228583	-1	-1	0	0	0	0	0
10233576	-1	-1	0	0	0	0	0
10242584	9454544	-1	1664000	1408	0	0	1408
10245586	-1	-1	0	0	0	0	0
10254582	-1	-1	0	0	0	0	0
10263575	11184672	-1	1967104	1407	0	0	1407
10273580	-1	-1	0	0	0	0	0
10282577	-1	-1	0	0	0	0	0
10291572	-1	-1	0	0	0	0	0
10299581	12823960	-1	1678336	1047	0	0	1047
10305572	-1	-1	0	0	0	0	0
10314576	16043216	-1	1253376	625	0	0	625
10323579	-1	-1	0	0	0	0	0
10331584	9065496	-1	1179648	1041	0	0	1041
10341580	-1	-1	0	0	0	0	0
10349579	6539560	-1	1240064	1517	0	0	1517
10354573	-1	-1	0	0	0	0	0
10364576	-1	-1	0	0	0	0	0
10367580	-1	-1	0	0	0	0	0
10376572	11309776	-1	1786944	1264	0	0	1264
10380580	-1	-1	0	0	0	0	0
10389579	-1	-1	0	0	0	0	0
10395579	-1	-1	0	0	0	0	0
10404579	13641304	-1	1935360	1135	0	0	1135
10413574	-1	-1	0	0	0	0	0
10421581	10751456	-1	1264640	941	0	0	941
10430571	-1	-1	0	0	0	0	0
10439575	8115880	-1	873472	861	0	0	861
10448581	-1	-1	0	0	0	0	0
10457571	10088736	-1	1519616	1205	0	0	1205
10465581	-1	-1	0	0	0	0	0
10472582	-1	-1	0	0	0	0	0
10475574	-1	-1	0	0	0	0	0
10484572	11028920	-1	1062912	771	0	0	976
10493573	-1	-1	0	0	0	0	0
10502578	17200432	-1	1272832	592	0	0	592
10508586	-1	-1	0	0	0	0	0
10517571	-1	-1	0	0	0	0	0
10526572	15575656	-1	1321984	679	0	0	704
10531575	24411064	-1	454656	149	0	0	149
10541577	-1	-1	0	0	0	0	0
10545578	-1	-1	0	0	0	0	0
10554571	12678096	-1	1863680	1176	0	0	1244
10558578	19442344	-1	364544	150	0	0	150
10567571	-1	-1	0	0	0	0	0
10572578	-1	-1	0	0	0	0	0
10581576	8119448	-1	1260544	1242	0	0	1304
10585573	12873144	-1	247808	154	0	0	154
10594580	-1	-1	0	0	0	0	0
10603580	6183904	-1	1229824	1591	0	0	1591
10610579	-1	-1	0	0	0	0	0
10619578	-1	-1	0	0	0	0	0
10628578	17663072	-1	3040256	1377	0	0	1377
10630573	-1	-1	0	0	0	0	0
10639577	-1	-1	0	0	0	0	0
10648575	-1	-1	0	0	0	0	0
10657584	-1	-1	0	0	0	0	0
10664581	8001112	-1	2017280	2017	0	0	2017
10673576	-1	-1	0	0	0	0	0
10682581	-1	-1	0	0	0	0	0
10691574	7149384	-1	835584	935	0	0	935
10695577	8580936	-1	722944	674	0	0	674
10704578	10392704	-1	1184768	912	0	0	912
10706584	-1	-1	0	0	0	0	0
10715581	-1	-1	0	0	0	0	0
10724573	-1	-1	0	0	0	0	0
10733571	7312040	-1	357376	391	0	0	482
10738580	8106712	-1	1302140	1285	0	0	1285
10747577	-1	-1	0	0	0	0	0
10754583	-1	-1	0	0	0	0	0
10763584	-1	-1	0	0	0	0	0
10769584	13812464	-1	2222080	1287	0	0	1287
10778572	8082904	-1	834560	826	0	0	826
10783584	9678576	-1	313344	259	0	0	259
10792583	-1	-1	0	0	0	0	0
10797574	13602592	-1	1006592	592	0	0	592
10806572	-1	-1	0	0	0	0	0
10812575	13432088	-1	787456	469	0	0	469
10821577	-1	-1	0	0	0	0	0
10829576	9659056	-1	1766400	1463	0	0	1463
10838579	-1	-1	0	0	0	0	0
10847578	-1	-1	0	0	0	0	0
10853578	-1	-1	0	0	0	0	0
10860578	8407360	-1	1039360	989	0	0	989
10868577	-1	-1	0	0	0	0	0
10876573	8609752	-1	865280	804	0	0	804
10880576	-1	-1	0	0	0	0	0
10886585	7206784	-1	951296	1056	0	0	1056
10895572	-1	-1	0	0	0	0	0
10904572	-1	-1	0	0	0	0	0
10906584	-1	-1	0	0	0	0	0
10915581	6761816	-1	1316864	1558	0	0	1558
10920573	-1	-1	0	0	0	0	0
10926574	-1	-1	0	0	0	0	0
10934576	-1	-1	0	0	0	0	0
10940584	8769288	-1	1306624	1192	0	0	1327
10949576	-1	-1	0	0	0	0	0
10958572	8645832	-1	1150976	1065	0	0	1119
10967580	-1	-1	0	0	0	0	0
10973584	11658232	-1	1184768	813	0	0	813
10983571	-1	-1	0	0	0	0	0
10992580	-1	-1	0	0	0	0	0
10998581	6891240	-1	509952	592	0	0	712
11003577	13704488	-1	1188864	694	0	0	694
11012572	12683672	-1	1165312	735	0	0	735
11014583	-1	-1	0	0	0	0	0
11023581	-1	-1	0	0	0	0	0
11032578	7034832	-1	784384	892	0	0	892
11038581	-1	-1	0	0	0	0	0
11047572	7997224	-1	714752	715	0	0	715
11054578	-1	-1	0	0	0	0	0
11063572	13208400	-1	1550336	939	0	0	939
11071571	-1	-1	0	0	0	0	0
11080578	8644264	-1	1037312	960	0	0	960
11088575	-1	-1	0	0	0	0	0
11097577	-1	-1	0	0	0	0	0
11101571	-1	-1	0	0	0	0	0
11109576	7371960	-1	1013644	1100	0	0	1100
11114576	-1	-1	0	0	0	0	0
11121575	7769600	-1	621568	640	0	0	640
11125571	-1	-1	0	0	0	0	0
11134572	11319280	-1	1100800	778	0	0	778
11144585	-1	-1	0	0	0	0	0
11153573	-1	-1	0	0	0	0	0
11155571	-1	-1	0	0	0	0	0
11164581	15154296	-1	2574336	1359	0	0	1359
11173572	-1	-1	0	0	0	0	0
11182577	-1	-1	0	0	0	0	0
11186586	-1	-1	0	0	0	0	0
11195575	11978216	-1	1069056	714	0	0	714
11203580	13111240	-1	1329152	811	0	0	811
11205579	-1	-1	0	0	0	0	0
11214583	-1	-1	0	0	0	0	0
11223585	-1	-1	0	0	0	0	0
11230584	-1	-1	0	0	0	0	0
11240580	9635624	-1	1722368	1430	0	0	1430
11250578	-1	-1	0	0	0	0	0
11259582	5592512	-1	552960	791	0	0	791
11265582	-1	-1	0	0	0	0	0
11274575	9465080	-1	1225728	1036	0	0	1036
11281580	-1	-1	0	0	0	0	0
11290578	-1	-1	0	0	0	0	0
11298572	-1	-1	0	0	0	0	0
11305575	7729496	-1	1249280	1293	0	0	1310
11314578	-1	-1	0	0	0	0	0
11323578	-1	-1	0	0	0	0	0
11332577	13018104	-1	1615872	993	0	0	1052
11334575	-1	-1	0	0	0	0	0
11343576	-1	-1	0	0	0	0	0
11349575	6106872	-1	1052672	1379	0	0	1379
11358575	-1	-1	0	0	0	0	0
11367575	7957048	-1	1040384	1046	0	0	1046
11375580	-1	-1	0	0	0	0	0
11384580	-1	-1	0	0	0	0	0
11387576	-1	-1	0	0	0	0	0
11395583	8677232	-1	2966528	2735	0	0	2735
11404584	-1	-1	0	0	0	0	0
11414578	-1	-1	0	0	0	0	0
11420571	-1	-1	0	0	0	0	0
11429585	10592776	-1	1698816	1283	0	0	1342
11437574	-1	-1	0	0	0	0	0
11447581	12227832	-1	1352704	885	0	0	885
11454579	-1	-1	0	0	0	0	0
11462583	6746272	-1	786784	933	0	0	933
11471573	-1	-1	0	0	0	0	0
11481583	11763512	-1	964608	656	0	0	656
11486582	-1	-1	0	0	0	0	0
11495581	10341136	-1	837632	648	0	0	648
11504580	-1	-1	0	0	0	0	0
11512575	14676224	-1	1126400	614	0	0	617
11522579	-1	-1	0	0	0	0	0
11531579	15310568	-1	832512	435	0	0	435
11535578	-1	-1	0	0	0	0	0
11544576	16181952	-1	902144	446	0	0	446
11550571	-1	-1	0	0	0	0	0
11559576	-1	-1	0	0	0	0	0
11563576	-1	-1	0	0	0	0	0
11572572	18348744	-1	1692672	738	0	0	738
11576576	-1	-1	0	0	0	0	0
11583573	-1	-1	0	0	0	0	0
11591573	-1	-1	0	0	0	0	0
11597574	10317792	-1	2818048	2185	0	0	2185
11605574	-1	-1	0	0	0	0	0
11614585	11573584	-1	1244160	860	0	0	860
11623581	-1	-1	0	0	0	0	0
11632580	9711960	-1	1007616	830	0	0	830
11642585	-1	-1	0	0	0	0	0
11648579	12945952	-1	1430528	884	0	0	884
11657583	-1	-1	0	0	0	0	0
11666579	11638968	-1	1092608	751	0	0	751
11672578	-1	-1	0	0	0	0	0
11679584	16167120	-1	1679360	831	0	0	831
11688584	-1	-1	0	0	0	0	0
11696576	12313816	-1	1465344	952	0	0	952
11701583	-1	-1	0	0	0	0	0
11710583	18232448	-1	1333248	585	0	0	585
11718583	-1	-1	0	0	0	0	0
11727572	-1	-1	0	0	0	0	0
11735580	-1	-1	0	0	0	0	0
11741580	13971408	-1	1589248	910	0	0	910
11751577	-1	-1	0	0	0	0	0
11760574	18405000	-1	1221632	531	0	0	531
11769572	-1	-1	0	0	0	0	0
11776577	18580152	-1	545792	235	0	0	235
11785573	-1	-1	0	0	0	0	0
11794576	22252192	-1	970752	349	0	0	349
11802571	-1	-1	0	0	0	0	0
11810575	18626336	-1	637952	274	0	0	308
11819575	-1	-1	0	0	0	0	0
11826574	14015864	-1	812920	464	0	0	464
11835572	-1	-1	0	0	0	0	0
11842573	-1	-1	0	0	0	0	0
11846573	-1	-1	0	0	0	0	0
11854572	5935248	-1	1346560	1815	0	0	1815
11862573	10822456	-1	737280	545	0	0	545
11866573	-1	-1	0	0	0	0	0
11875586	-1	-1	0	0	0	0	0
11884582	-1	-1	0	0	0	0	0
11886580	-1	-1	0	0	0	0	0
11895582	11901136	-1	1527808	1027	0	0	1027
11904578	-1	-1	0	0	0	0	0
11913574	-1	-1	0	0	0	0	0
11921572	12891488	-1	514048	319	0	0	-1
11923583	-1	-1	0	0	0	0	-1
11932583	-1	-1	0	0	0	0	-1
11941582	3095584	-1	1108992	2866	0	0	-1
11948575	-1	-1	0	0	0	0	-1
11958581	13814456	-1	556032	322	0	0	-1
11963573	-1	-1	0	0	0	0	-1
11971580	10958976	-1	515072	376	0	0	-1
11977575	-1	-1	0	0	0	0	-1
11992972	1319256	-1	278528	1689	0	0	21685
12001975	4129304	-1	825344	1599	0	0	1599
12010966	-1	-1	0	0	0	0	0
12017979	-1	-1	0	0	0	0	0
12023978	-1	-1	0	0	0	0	0
12032967	-1	-1	0	0	0	0	0
12038967	-1	-1	0	0	0	0	0
12046970	-1	-1	0	0	0	0	0
12055975	9439592	-1	643072	545	0	0	545
12062972	-1	-1	0	0	0	0	0
12071971	-1	-1	0	0	0	0	0
12075978	-1	-1	0	0	0	0	0
12085970	8816256	-1	824320	748	0	0	748
12094964	-1	-1	0	0	0	0	0
12100976	2865872	-1	441344	1232	0	0	1259
12109968	-1	-1	0	0	0	0	0
12119977	3973392	-1	978944	1971	0	0	1971
12128978	-1	-1	0	0	0	0	0
12136969	-1	-1	0	0	0	0	0
12139979	-1	-1	0	0	0	0	0
12148978	908504	-1	541696	4770	0	0	4770
12151967	641272	-1	145408	1814	0	0	1814
12160975	276152	-1	180224	5221	0	0	5333
12169965	369536	-1	413696	8956	0	0	8956
12172970	633936	-1	237568	2998	0	0	2998
12180977	-1	-1	100440	1147	0	0	1147
12184965	744728	-1	313344	3366	0	0	3366
12193965	434352	-1	139264	2565	0	0	2565
12200969	-1	-1	0	0	0	0	0
12209973	6077936	-1	942080	1240	0	0	1240
12212979	-1	-1	0	0	0	0	0
12220970	-1	-1	0	0	0	0	0
12229967	700448	-1	463872	5298	0	0	5298
12238979	-1	-1	47104	274	0	0	274
12247969	2497048	-1	550912	1765	0	0	1765
12253968	-1	-1	0	0	0	0	0
12262970	1158168	-1	601088	4152	0	0	4152
12265976	-1	-1	0	0	0	0	0
12274976	1857320	-1	710656	3061	0	0	3061
12282975	-1	-1	0	0	0	0	0
12291976	10152952	-1	567296	447	0	0	447
12299969	-1	-1	0	0	0	0	0
12308966	-1	-1	0	0	0	0	0
12315967	-1	-1	0	0	0	0	0
12323968	16117832	-1	1116160	554	0	0	554
12330971	-1	-1	0	0	0	0	0
12338972	-1	-1	0	0	0	0	0
12341978	-1	-1	0	0	0	0	0
12350966	14228208	-1	1047552	589	0	0	717
12357978	-1	-1	0	0	0	0	0
12364972	15981936	-1	651264	326	0	0	326
12373966	-1	-1	0	0	0	0	0
12382978	7280088	-1	490496	539	0	0	539
12391973	-1	-1	0	0	0	0	360
12396966	1481288	-1	523264	2826	0	0	2826
12402966	-1	-1	0	0	0	0	0
12411975	4263376	-1	691200	1297	0	0	1297
12421977	-1	-1	0	0	0	0	0
12428966	2174144	-1	542720	1997	0	0	1997
12434976	-1	-1	0	0	0	0	0
12443965	5224440	-1	557056	853	0	0	853
12447974	-1	-1	0	0	0	0	0
12456966	2401104	-1	504832	1682	0	0	1720
12462973	-1	-1	0	0	0	0	0
12471973	1024824	-1	476160	3717	0	0	3717
12480966	-1	-1	0	0	0	0	0
12489977	1624472	-1	812032	3999	0	0	3999
12495969	-1	-1	0	0	0	0	0
12504977	1680776	-1	609280	2900	0	0	2900
12512965	-1	-1	0	0	0	0	0
12519965	660888	-1	401408	4859	0	0	4859
12527968	626272	-1	241664	3087	0	0	3087
12534965	-1	-1	0	0	0	0	0
12542966	-1	-1	0	0	0	0	0
12548972	7837384	-1	1403872	1433	0	0	1433
12557965	-1	-1	0	0	0	0	0
12566966	8416880	-1	804864	765	0	0	765
12575971	-1	-1	0	0	0	0	0
12584970	7745568	-1	710656	734	0	0	734
12588969	-1	-1	0	0	0	0	0
12598964	11221544	-1	845824	603	0	0	603
12608964	-1	-1	0	0	0	0	0
12617975	2555000	-1	392192	1228	0	0	1349
12625977	-1	-1	0	0	0	0	0
12632973	798904	-1	757760	7588	0	0	7588
12637965	-1	-1	0	0	0	0	0
12646969	3047408	-1	650240	1707	0	0	1707
12651977	-1	-1	0	0	0	0	0
12660968	2610560	-1	727040	2228	0	0	2228
12664973	-1	-1	0	0	0	0	0
12673979	-1	-1	0	0	0	0	0
12680970	-1	-1	0	0	0	0	0
12689974	9289296	-1	1135616	978	0	0	1041
12699974	-1	-1	0	0	0	0	0
12708970	-1	-1	0	0	0	0	0
12716965	2235336	-1	180224	645	0	0	654
12721977	3431256	-1	996352	2323	0	0	2382
12730967	-1	-1	0	0	0	0	0
12740964	6549888	-1	722944	883	0	0	883
12749972	-1	-1	0	0	0	0	0
12756976	7024472	-1	745472	849	0	0	849
12763977	-1	-1	0	0	0	0	0
12772972	6576064	-1	779264	948	0	0	948
12777965	-1	-1	0	0	0	0	0
12786964	3695928	-1	695296	1505	0	0	1505
12796970	-1	-1	0	0	0	0	0
12805977	8596208	-1	653312	608	0	0	608
12814969	5054240	-1	550912	872	0	0	872
12817968	-1	-1	0	0	0	0	0
12825974	-1	-1	0	0	0	0	0
12834968	7356736	-1	703488	765	0	0	765
12843971	-1	-1	0	0	0	0	0
12852972	9567296	-1	819200	685	0	0	685
12860965	-1	-1	0	0	0	0	0
12867967	7399512	-1	850944	920	0	0	920
12873969	-1	-1	0	0	0	0	0
12882968	8043952	-1	1001472	996	0	0	996
12891979	4141616	-1	464896	898	0	0	898
12895974	-1	-1	0	0	0	0	0
12904974	-1	-1	0	0	0	0	0
12912968	1927664	-1	605768	2514	0	0	2514
12916976	-1	-1	0	0	0	0	0
12924968	-1	-1	0	0	0	0	0
12929979	-1	-1	0	0	0	0	0
12938967	2177712	-1	958464	3521	0	0	3521
12944979	-1	-1	0	0	0	0	0
12953969	-1	-1	0	0	0	0	0
12962975	-1	-1	0	0	0	0	0
12969974	2364112	-1	1351680	4574	0	0	4574
12974969	-1	-1	0	0	0	0	0
12983968	1630712	-1	999424	4903	0	0	4903
12992971	-1	-1	76800	3816	0	0	3816
13001978	8541272	-1	2203648	2064	0	0	2064
13010965	-1	-1	0	0	0	0	0
13019971	6220728	-1	2158592	2776	0	0	2776
13028979	-1	-1	0	0	0	0	0
13034972	-1	-1	0	0	0	0	0
13043967	-1	-1	0	0	0	0	0
13051974	6481864	-1	3108864	3837	0	0	3837
13059974	-1	-1	0	0	0	0	0
13068967	7564976	-1	951296	1006	0	0	1006
13077968	-1	-1	0	0	0	0	0
13084965	12354064	-1	957440	620	0	0	620
13092980	-1	-1	0	0	0	0	0
13101973	5197072	-1	604160	930	0	0	930
13110964	-1	-1	0	0	0	0	0
13117979	3365256	-1	1075200	2556	0	0	2556
13127975	-1	-1	0	0	0	0	0
13132967	-1	-1	0	0	0	0	0
13141965	6136160	-1	1402880	1829	0	0	1856
13144972	-1	-1	0	0	0	0	0
13153977	-1	-1	0	0	0	0	0
13162968	8760424	-1	536576	490	0	0	490
13169971	-1	-1	0	0	0	0	0
13176976	3530440	-1	738304	1673	0	0	1673
13185975	-1	-1	0	0	0	0	0
13194968	4262680	-1	615424	1155	0	0	1155
13201965	-1	-1	0	0	0	0	0
13210975	3302560	-1	735232	1781	0	0	1781
13216976	-1	-1	0	0	0	0	0
13226965	-1	-1	0	0	0	0	0
13232964	14372792	-1	600064	334	0	0	340
13237976	13350976	-1	482304	289	0	0	289
13246978	-1	-1	0	0	0	0	0
13252975	-1	-1	0	0	0	0	0
13258973	-1	-1	0	0	0	0	0
13266977	15614736	-1	1184768	607	0	0	714
13275974	-1	-1	0	0	0	0	0
13284977	6176912	-1	489520	634	0	0	634
13289972	-1	-1	0	0	0	0	0
13296968	7987200	-1	798720	800	0	0	800
13304970	-1	-1	0	0	0	0	0
13310965	1903336	-1	1118208	4700	0	0	4700
13319972	-1	-1	0	0	0	0	0
13326975	4037368	-1	740352	1467	0	0	1467
13335975	-1	-1	0	0	0	0	0
13344969	-1	-1	0	0	0	0	0
13352978	3734272	-1	1437696	3080	0	0	3080
13354972	-1	-1	0	0	0	0	0
13363979	-1	-1	0	0	0	0	0
13372972	-1	-1	0	0	0	0	0
13380970	8192000	-1	1379328	1347	0	0	1347
13383977	-1	-1	0	0	0	0	0
13392967	-1	-1	0	0	0	0	0
13400967	6903096	-1	570368	661	0	0	661
13409971	-1	-1	0	0	0	0	0
13418973	6948416	-1	818176	942	0	0	942
13427969	-1	-1	0	0	0	0	0
13434964	8135696	-1	591872	582	0	0	582
13444976	-1	-1	0	0	0	0	0
13453975	13677712	-1	765952	448	0	0	448
13462976	-1	-1	0	0	0	0	0
13468966	5480560	-1	875520	1278	0	0	1278
13477970	-1	-1	0	0	0	0	0
13484968	-1	-1	0	0	0	0	0
13489978	-1	-1	0	0	0	0	0
13498971	7655936	-1	1038336	1085	0	0	1128
13506973	-1	-1	0	0	0	0	0
13511976	9775424	-1	910336	745	0	0	745
13520976	-1	-1	0	0	0	0	0
13529969	-1	-1	0	0	0	0	0
13538964	9393880	-1	1000448	852	0	0	906
13540971	-1	-1	0	0	0	0	0
13549969	-1	-1	0	0	0	0	0
13557969	7892856	-1	702464	712	0	0	712
13566965	-1	-1	0	0	0	0	0
13573978	9550344	-1	1166336	977	0	0	977
13581967	-1	-1	0	0	0	0	0
13586976	-1	-1	0	0	0	0	0
13595969	-1	-1	0	0	0	0	0
13602964	14107520	-1	1738752	986	0	0	1029
13611973	-1	-1	0	0	0	0	0
13619969	12403384	-1	660480	426	0	0	426
13627974	-1	-1	0	0	0	0	0
13636975	10900672	-1	1204524	884	0	0	933
13646965	-1	-1	0	0	0	0	0
13654978	-1	-1	0	0	0	0	0
13663973	9427496	-1	1586176	1346	0	0	1346
13666966	-1	-1	0	0	0	0	0
13675973	-1	-1	0	0	0	0	0
13683965	-1	-1	0	0	0	0	0
13689972	-1	-1	0	0	0	0	0
13695974	9165640	-1	838656	732	0	0	732
13700971	-1	-1	0	0	0	0	0
13709976	10397536	-1	743424	572	0	0	572
13718975	-1	-1	0	0	0	0	0
13727972	10848512	-1	848896	626	0	0	626
13733966	-1	-1	0	0	0	0	0
13742965	-1	-1	0	0	0	0	0
13743968	-1	-1	0	0	0	0	0
13752968	12743976	-1	1674240	1051	0	0	1051
13762967	-1	-1	0	0	0	0	0
13770977	9390328	-1	930816	793	0	0	793
13779968	-1	-1	0	0	0	0	0
13787965	9855416	-1	806912	655	0	0	655
13796979	-1	-1	0	0	0	0	0
13805975	13140392	-1	891904	543	0	0	543
13815965	-1	-1	0	0	0	0	0
13822973	3090560	-1	1022976	2648	0	0	2648
13831978	-1	-1	0	0	0	0	0
13840971	4589328	-1	519168	905	0	0	947
13850977	-1	-1	0	0	0	0	0
13857967	5714224	-1	724992	1015	0	0	1015
13865964	-1	-1	0	0	0	0	0
13870976	8775568	-1	816128	744	0	0	744
13879964	1780408	-1	172032	773	0	0	773
13884976	10677216	-1	712704	534	0	0	534
13893978	-1	-1	0	0	0	0	0
13901977	10649600	-1	479232	360	0	0	407
13906978	-1	-1	0	0	0	0	0
13915978	12084656	-1	638976	423	0	0	423
13917972	-1	-1	0	0	0	0	0
13926966	-1	-1	0	0	0	0	0
13930965	-1	-1	0	0	0	0	0
13937968	14351680	-1	1171456	653	0	0	819
13946966	-1	-1	0	0	0	0	0
13955974	10668256	-1	644096	483	0	0	483
13964978	-1	-1	0	0	0	0	0
13971979	9781128	-1	813056	665	0	0	665
13974977	-1	-1	0	0	0	0	0
13983969	10892408	-1	491520	361	0	0	361
13989973	-1	-1	0	0	0	0	0
13999979	8324520	-1	707584	680	0	0	680
14007979	-1	-1	0	0	0	0	0
14015973	5329568	-1	678188	1018	0	0	1018
14023969	-1	-1	0	0	0	0	0
14030973	15255760	-1	636928	334	0	0	420
14039974	-1	-1	0	0	0	0	0
14048979	-1	-1	0	0	0	0	0
14052968	-1	-1	0	0	0	0	0
14061977	22144824	-1	1287168	465	0	0	630
14070977	-1	-1	0	0	0	0	0
14079970	19091128	-1	830464	348	0	0	410
14086968	-1	-1	0	0	0	0	0
14095965	-1	-1	0	0	0	0	0
14103970	-1	-1	0	0	0	0	0
14111967	20243888	-1	1009664	399	0	0	507
14117972	-1	-1	0	0	0	0	0
14126974	16554664	-1	297984	144	0	0	-1
14135971	-1	-1	0	0	0	0	-1
14144974	24449792	-1	2182144	714	0	0	-1
14153979	-1	-1	0	0	0	0	-1
14162965	19420688	-1	1126400	464	0	0	-1
14170978	-1	-1	0	0	0	0	-1
14179965	-1	-1	0	0	0	0	-1
14188969	-1	-1	0	0	0	0	-1
14199702	11974104	-1	1601536	1070	0	0	20471
14208702	-1	-1	0	0	0	0	0
14218713	-1	-1	0	0	0	0	0
14227713	-1	-1	0	0	0	0	0
14231716	-1	-1	0	0	0	0	0
14238700	-1	-1	0	0	0	0	0
14244715	-1	-1	0	0	0	0	0
14252705	17839528	-1	978944	439	0	0	439
14261705	-1	-1	0	0	0	0	0
14270706	21291376	-1	1115136	419	0	0	419
14277701	-1	-1	0	0	0	0	0
14285701	15368856	-1	666624	347	0	0	347
14294700	-1	-1	0	0	0	0	0
14303701	21629040	-1	819200	303	0	0	313
14312701	-1	-1	0	0	0	0	0
14321701	14660344	-1	809984	442	0	0	442
14330701	-1	-1	0	0	0	0	0
14339708	21256992	-1	1134592	427	0	0	427
14348708	-1	-1	0	0	0	0	0
14356700	1923120	-1	788480	3280	0	0	3280
14363700	-1	-1	0	0	0	0	0
14372700	8545664	-1	656948	615	0	0	615
14381705	-1	-1	0	0	0	0	0
14390701	7438064	-1	676864	728	0	0	728
14399700	-1	-1	0	0	0	0	0
14405700	12329168	-1	613376	398	0	0	398
14414704	-1	-1	0	0	0	0	0
14421702	17101424	-1	1049600	491	0	0	491
14430701	-1	-1	0	0	0	0	0
14439701	10442728	-1	646144	495	0	0	495
14446701	-1	-1	0	0	0	0	0
14454700	11881208	-1	867328	584	0	0	584
14462703	-1	-1	0	0	0	0	0
14468704	-1	-1	0	0	0	0	0
14473711	-1	-1	0	0	0	0	0
14481708	13538112	-1	1203200	711	0	0	711
14490704	11815872	-1	948224	642	0	0	642
14493703	-1	-1	0	0	0	0	0
14502710	-1	-1	0	0	0	0	0
14511700	-1	-1	0	0	0	0	0
14514700	-1	-1	0	0	0	0	0
14523701	8173896	-1	924672	905	0	0	1056
14532700	-1	-1	0	0	0	0	0
14538700	8192000	-1	862208	842	0	0	842
14547700	-1	-1	0	0	0	0	0
14556700	7597688	-1	1152000	1213	0	0	1213
14565700	-1	-1	0	0	0	0	0
14570701	12374712	-1	1242112	803	0	0	803
14578700	-1	-1	0	0	0	0	0
14584707	-1	-1	0	0	0	0	0
14593706	12167208	-1	1134592	746	0	0	832
14598701	-1	-1	0	0	0	0	0
14607700	-1	-1	0	0	0	0	0
14616700	5621960	-1	716800	1020	0	0	1020
14625700	-1	-1	0	0	0	0	0
14634699	9193528	-1	733184	638	0	0	638
14643700	-1	-1	0	0	0	0	0
14652702	14764936	-1	625664	339	0	0	339
14660700	-1	-1	0	0	0	0	0
14667699	7796216	-1	1069056	1097	0	0	1101
14675701	-1	-1	0	0	0	0	0
14684700	8866088	-1	969728	875	0	0	875
14693703	-1	-1	0	0	0	0	0
14702701	8643008	-1	1079296	999	0	0	999
14711708	-1	-1	0	0	0	0	0
14717706	-1	-1	0	0	0	0	0
14723701	4012024	-1	660480	1317	0	0	1334
14727707	16750120	-1	374784	179	0	0	179
14736700	-1	-1	0	0	0	0	0
14745700	9908160	-1	1218704	984	0	0	984
14755700	-1	-1	0	0	0	0	0
14764700	-1	-1	0	0	0	0	0
14773700	20800952	-1	1393664	536	0	0	536
14776700	-1	-1	0	0	0	0	0
14785700	-1	-1	0	0	0	0	0
14795708	-1	-1	0	0	0	0	0
14797704	-1	-1	0	0	0	0	0
14806700	19286224	-1	1381376	573	0	0	622
14813706	-1	-1	0	0	0	0	0
14823701	14610728	-1	599040	328	0	0	412
14832706	-1	-1	0	0	0	0	0
14841700	15022360	-1	1389568	740	0	0	740
14847700	-1	-1	0	0	0	0	0
14856700	20668520	-1	617472	239	0	0	239
14865700	-1	-1	0	0	0	0	0
14872700	13107200	-1	573440	350	0	0	350
14876700	-1	-1	0	0	0	0	0
14885700	13426096	-1	1189888	709	0	0	709
14894700	-1	-1	0	0	0	0	0
14903700	11324232	-1	962560	680	0	0	680
14912714	-1	-1	0	0	0	0	0
14921713	18998472	-1	892928	376	0	0	376
14925715	-1	-1	0	0	0	0	0
14934710	-1	-1	0	0	0	0	0
14939708	-1	-1	0	0	0	0	0
14945701	12193376	-1	923648	606	0	0	629
14950706	10264672	-1	745472	581	0	0	581
14959710	-1	-1	0	0	0	0	0
14968700	15750800	-1	815104	414	0	0	414
14977700	-1	-1	0	0	0	0	0
14986700	18065016	-1	781312	346	0	0	346
14995700	-1	-1	0	0	0	0	0
15004700	8273240	-1	625664	605	0	0	605
15011704	-1	-1	0	0	0	0	0
15016700	11953032	-1	1041408	697	0	0	697
15025701	-1	-1	0	0	0	0	0
15035699	12032408	-1	940032	625	0	0	625
15042699	-1	-1	0	0	0	0	0
15051706	14153720	-1	1013760	573	0	0	573
15057699	-1	-1	0	0	0	0	0
15066705	-1	-1	0	0	0	0	0
15070700	-1	-1	0	0	0	0	0
15078700	12762976	-1	1169408	733	0	0	733
15085701	12838208	-1	322560	201	0	0	320
15090703	15863120	-1	343040	173	0	0	173
15097703	-1	-1	0	0	0	0	0
15106701	13898192	-1	1330752	766	0	0	766
15115702	-1	-1	0	0	0	0	0
15124700	9759808	-1	1217536	998	0	0	998
15133700	-1	-1	0	0	0	0	0
15141700	-1	-1	0	0	0	0	0
15147713	-1	-1	0	0	0	0	0
15155710	10443472	-1	1405952	1077	0	0	1077
15158715	-1	-1	0	0	0	0	0
15167700	-1	-1	0	0	0	0	0
15172700	-1	-1	0	0	0	0	0
15181701	6547488	-1	1316864	1609	0	0	1609
15189714	-1	-1	0	0	0	0	0
15198700	7681248	-1	785408	818	0	0	818
15200700	-1	-1	0	0	0	0	0
15209700	11971184	-1	1625088	1086	0	0	1086
15216700	-1	-1	0	0	0	0	0
15225700	16296736	-1	1529856	751	0	0	751
15234700	-1	-1	0	0	0	0	0
15243700	5424368	-1	1101824	1625	0	0	1625
15249700	-1	-1	0	0	0	0	0
15257700	14545208	-1	1352704	744	0	0	744
15265703	-1	-1	0	0	0	0	0
15272699	17178744	-1	2014208	938	0	0	954
15276700	-1	-1	0	0	0	0	0
15285700	-1	-1	0	0	0	0	0
15294705	13076624	-1	1664000	1018	0	0	1018
15303705	-1	-1	0	0	0	0	0
15309704	16134680	-1	927744	460	0	0	460
15316701	-1	-1	0	0	0	0	0
15325700	10224976	-1	1045504	818	0	0	818
15331702	-1	-1	0	0	0	0	0
15340701	15022008	-1	1536000	818	0	0	818
15349700	-1	-1	0	0	0	0	0
15354701	-1	-1	0	0	0	0	0
15361702	10970016	-1	1423360	1038	0	0	1069
15365700	7856608	-1	959488	977	0	0	977
15374700	12730016	-1	442368	278	0	0	280
15379711	16092120	-1	1693696	842	0	0	842
15387700	14331880	-1	1780736	994	0	0	994
15391700	17788344	-1	311296	140	0	0	140
15400700	-1	-1	0	0	0	0	0
15409713	-1	-1	0	0	0	0	0
15417713	-1	-1	0	0	0	0	0
15425700	16396176	-1	2758656	1346	0	0	1346
15433700	-1	-1	0	0	0	0	0
15437700	-1	-1	0	0	0	0	0
15445700	17463120	-1	3082240	1412	0	0	1412
15448701	-1	-1	0	0	0	0	0
15457701	-1	-1	0	0	0	0	0
15467706	16863064	-1	2162688	1026	0	0	1026
15476708	-1	-1	0	0	0	0	0
15485700	10472176	-1	1756708	1342	0	0	1342
15494700	-1	-1	0	0	0	0	0
15503700	6207744	-1	2293760	2956	0	0	2956
15511700	-1	-1	0	0	0	0	0
15518701	13165224	-1	1951744	1186	0	0	1186
15528700	-1	-1	0	0	0	0	0
15535705	13848232	-1	2231296	1289	0	0	1289
15543703	-1	-1	0	0	0	0	0
15550699	10520896	-1	1054720	802	0	0	802
15557700	-1	-1	0	0	0	0	0
15564700	17756096	-1	2239488	1009	0	0	1009
15571699	-1	-1	0	0	0	0	0
15580701	-1	-1	0	0	0	0	0
15586701	-1	-1	0	0	0	0	0
15595702	12659504	-1	2739200	1731	0	0	1731
15603708	-1	-1	0	0	0	0	0
15608700	-1	-1	0	0	0	0	0
15614712	13369024	-1	2070528	1239	0	0	1333
15618701	-1	-1	49152	29	0	0	29
15626712	-1	-1	0	0	0	0	0
15635700	-1	-1	0	0	0	0	0
15636704	-1	-1	0	0	0	0	0
15645708	12421384	-1	2622464	1689	0	0	1689
15654700	-1	-1	0	0	0	0	0
15661700	-1	-1	0	0	0	0	0
15666709	-1	-1	0	0	0	0	0
15672700	11479736	-1	1934336	1348	0	0	1348
15681701	-1	-1	0	0	0	0	0
15690709	13417464	-1	1009664	602	0	0	602
15699701	13496368	-1	1555456	922	0	0	922
15702700	-1	-1	0	0	0	0	0
15710699	-1	-1	0	0	0	0	0
15719699	9520928	-1	1071104	900	0	0	900
15728702	12040240	-1	1169408	777	0	0	777
15732699	11998688	-1	403456	269	0	0	269
15741700	-1	-1	0	0	0	0	0
15750700	-1	-1	0	0	0	0	0
15753701	-1	-1	0	0	0	0	0
15762708	11108800	-1	1914880	1379	0	0	1379
15771700	-1	-1	0	0	0	0	0
15780700	12451840	-1	1400832	900	0	0	900
15789702	-1	-1	0	0	0	0	0
15795700	-1	-1	0	0	0	0	0
15804701	8959512	-1	2342912	2092	0	0	2092
15806700	-1	-1	0	0	0	0	0
15815699	-1	-1	0	0	0	0	0
15823700	7932040	-1	1218560	1229	0	0	1229
15832699	-1	-1	0	0	0	0	0
15841714	-1	-1	0	0	0	0	0
15843700	-1	-1	0	0	0	0	0
15852709	12401320	-1	3190240	2058	0	0	2058
15861714	-1	-1	0	0	0	0	0
15870704	18802784	-1	1934336	823	0	0	823
15879701	-1	-1	0	0	0	0	0
15888700	17167000	-1	2087936	973	0	0	973
15897700	-1	-1	0	0	0	0	0
15903700	12034224	-1	2427904	1614	0	0	1614
15912701	-1	-1	0	0	0	0	0
15921700	6772312	-1	1807360	2135	0	0	2135
15930700	-1	-1	0	0	0	0	0
15936701	15165912	-1	1160192	612	0	0	612
15944700	-1	-1	0	0	0	0	0
15953700	15629752	-1	1527808	782	0	0	782
15959700	-1	-1	0	0	0	0	0
15968700	13462264	-1	1731584	1029	0	0	1029
15977700	-1	-1	0	0	0	0	0
15985701	18001192	-1	1390592	618	0	0	618
15992700	-1	-1	0	0	0	0	0
16001704	16685088	-1	1361920	653	0	0	653
16009700	18081064	-1	1767424	782	0	0	782
16012702	-1	-1	0	0	0	0	0
16021700	-1	-1	0	0	0	0	0
16030700	19717112	-1	2223104	902	0	0	902
16039700	-1	-1	0	0	0	0	0
16048700	15949728	-1	1654784	830	0	0	830
16052706	-1	-1	0	0	0	0	0
16061701	15546864	-1	1331200	685	0	0	685
16068715	-1	-1	0	0	0	0	0
16077706	-1	-1	0	0	0	0	0
16082701	-1	-1	0	0	0	0	0
16090712	11492240	-1	1907712	1328	0	0	1328
16093702	-1	-1	0	0	0	0	0
16102704	15642160	-1	1511424	773	0	0	817
16111700	-1	-1	0	0	0	0	0
16120711	14392144	-1	1509376	839	0	0	839
16125700	-1	-1	0	0	0	0	0
16134700	-1	-1	0	0	0	0	0
16141699	-1	-1	0	0	0	0	0
16147700	8062360	-1	2993152	2970	0	0	2970
16156700	-1	-1	0	0	0	0	0
16162700	16006960	-1	1434624	717	0	0	717
16169700	-1	-1	0	0	0	0	0
16178700	16627584	-1	1328128	639	0	0	639
16181700	-1	-1	0	0	0	0	0
16190700	16367024	-1	1974272	965	0	0	965
16199700	-1	-1	0	0	0	0	0
16208700	16406328	-1	1954404	953	0	0	953
16217700	-1	-1	0	0	0	0	0
16225700	-1	-1	0	0	0	0	0
16230700	-1	-1	0	0	0	0	0
16238715	14616544	-1	2134016	1168	0	0	1168
16244703	-1	-1	0	0	0	0	0
16253702	18743416	-1	1309696	559	0	0	559
16262703	-1	-1	0	0	0	0	0
16267701	-1	-1	0	0	0	0	0
16277700	8719208	-1	880640	808	0	0	880
16282700	26560400	-1	1069056	322	0	0	322
16291714	-1	-1	0	0	0	0	0
16300701	-1	-1	0	0	0	0	0
16305715	13684360	-1	1204224	704	0	0	738
16310704	14532704	-1	321536	177	0	0	177
16316714	-1	-1	0	0	0	0	0
16325707	17360376	-1	1492992	688	0	0	688
16334710	-1	-1	0	0	0	0	0
16343700	-1	-1	0	0	0	0	0
16347701	-1	-1	0	0	0	0	0
16354700	21935528	-1	2407424	878	0	0	-1
16363700	-1	-1	0	0	0	0	-1
16368700	14371536	-1	1967104	1095	0	0	-1
16376700	-1	-1	0	0	0	0	-1
16385700	-1	-1	0	0	0	0	-1
16390700	-1	-1	0	0	0	0	-1
16399700	18012120	-1	1076224	478	0	0	-1
16406700	-1	-1	0	0	0	0	-1
