23605	19050320	-1	4850688	2037	0	0	2037
33289	-1	-1	0	0	0	0	0
42288	-1	-1	0	0	0	0	0
51289	3461000	-1	731136	1690	0	0	1690
61291	-1	-1	0	0	0	0	0
67305	14487080	-1	883712	488	0	0	617
74289	-1	-1	0	0	0	0	0
81291	8482216	-1	658432	621	0	0	621
89288	-1	-1	0	0	0	0	0
96288	7847800	-1	350208	357	0	0	357
105289	-1	-1	0	0	0	0	0
114288	18375632	-1	2002944	872	0	0	872
120288	-1	-1	0	0	0	0	0
129288	-1	-1	0	0	0	0	0
138289	-1	-1	0	0	0	0	0
144289	15225056	-1	982016	516	0	0	617
153289	-1	-1	0	0	0	0	0
161289	16502152	-1	1716224	832	0	0	832
164289	-1	-1	0	0	0	0	0
173289	13266312	-1	631808	381	0	0	381
182289	-1	-1	0	0	0	0	0
191289	10098888	-1	677888	537	0	0	641
199289	12898808	-1	735232	456	0	0	516
203289	-1	-1	0	0	0	0	0
212289	-1	-1	0	0	0	0	0
221289	10221712	-1	572416	448	0	0	448
230289	4741544	-1	643072	1085	0	0	1133
232297	-1	-1	0	0	0	0	0
241289	-1	-1	0	0	0	0	0
248289	7647792	-1	1344100	1406	0	0	1484
257289	-1	-1	0	0	0	0	0
263289	-1	-1	0	0	0	0	0
270289	15422184	-1	952320	494	0	0	755
275289	34915416	-1	899072	206	0	0	206
283289	-1	-1	0	0	0	0	0
293289	-1	-1	0	0	0	0	0
295289	-1	-1	0	0	0	0	0
304289	16694056	-1	1047552	502	0	0	733
312289	-1	-1	0	0	0	0	0
318289	-1	-1	0	0	0	0	0
322289	-1	-1	0	0	0	0	0
328289	13148944	-1	774144	471	0	0	606
337289	-1	-1	0	0	0	0	0
344289	8759760	-1	884736	808	0	0	808
353289	-1	-1	0	0	0	0	0
358289	-1	-1	0	0	0	0	0
364289	12623736	-1	770048	488	0	0	631
368289	-1	-1	0	0	0	0	0
376289	-1	-1	0	0	0	0	0
383289	7890456	-1	482304	489	0	0	489
392289	15288464	-1	957440	501	0	0	660
396289	-1	-1	0	0	0	0	0
405289	7138304	-1	707584	793	0	0	793
407289	-1	-1	0	0	0	0	0
416289	-1	-1	0	0	0	0	0
425289	10591240	-1	1505280	1137	0	0	1137
433289	-1	-1	0	0	0	0	0
442289	-1	-1	0	0	0	0	0
444289	-1	-1	0	0	0	0	0
453289	13792472	-1	812032	471	0	0	635
462289	-1	-1	0	0	0	0	0
471289	8688488	-1	896000	825	0	0	825
476289	-1	-1	0	0	0	0	0
485289	7953296	-1	750592	755	0	0	755
495289	-1	-1	0	0	0	0	0
504289	7600712	-1	723968	762	0	0	762
505289	-1	-1	0	0	0	0	0
514289	-1	-1	0	0	0	0	0
523289	13891504	-1	856064	493	0	0	628
532289	-1	-1	0	0	0	0	0
541289	13628840	-1	759808	446	0	0	607
548290	-1	-1	0	0	0	0	0
557290	8838472	-1	896000	811	0	0	811
566289	11452080	-1	701440	490	0	0	490
574289	-1	-1	0	0	0	0	0
583289	13230480	-1	1516544	917	0	0	917
592290	-1	-1	0	0	0	0	0
599290	18811344	-1	1406148	598	0	0	598
608289	-1	-1	0	0	0	0	0
617289	11745160	-1	1462272	996	0	0	1011
626289	-1	-1	0	0	0	0	0
635290	19061032	-1	1334272	560	0	0	615
644289	-1	-1	0	0	0	0	0
653289	15379896	-1	1286144	669	0	0	711
662289	-1	-1	0	0	0	0	0
671289	15197992	-1	1272832	670	0	0	722
680289	-1	-1	0	0	0	0	0
689289	16238792	-1	1374208	677	0	0	726
698289	-1	-1	0	0	0	0	0
707289	11521296	-1	854016	593	0	0	721
716289	-1	-1	0	0	0	0	0
725289	13281928	-1	1074176	647	0	0	719
734290	-1	-1	0	0	0	0	0
743289	17422224	-1	1254400	576	0	0	631
752289	-1	-1	0	0	0	0	0
761289	-1	-1	0	0	0	0	0
764289	-1	-1	0	0	0	0	0
773289	22700360	-1	2292736	808	0	0	846
782289	-1	-1	0	0	0	0	0
791289	-1	-1	0	0	0	0	0
800289	-1	-1	0	0	0	0	0
809289	21703352	-1	2243584	827	0	0	827
818290	-1	-1	0	0	0	0	0
827289	-1	-1	0	0	0	0	0
836289	-1	-1	0	0	0	0	0
845289	20255752	-1	2266112	895	0	0	895
854289	-1	-1	0	0	0	0	0
863295	-1	-1	0	0	0	0	0
872289	-1	-1	0	0	0	0	0
881289	18984504	-1	2339840	986	0	0	1157
890290	-1	-1	0	0	0	0	0
899290	-1	-1	0	0	0	0	0
908289	-1	-1	0	0	0	0	0
917289	24555496	-1	2452480	799	0	0	851
926289	-1	-1	0	0	0	0	0
935289	-1	-1	0	0	0	0	0
944289	-1	-1	0	0	0	0	0
953289	21473280	-1	2147328	800	0	0	800
962289	-1	-1	0	0	0	0	0
971289	-1	-1	0	0	0	0	0
980289	6231448	-1	1509568	1938	0	0	1938
989289	-1	-1	0	0	0	0	0
998289	12480840	-1	828416	531	0	0	531
1007289	15981112	-1	731136	366	0	0	516
1016289	-1	-1	0	0	0	0	0
1023290	18034856	-1	592896	263	0	0	263
1032289	13058192	-1	1145856	702	0	0	702
1033289	-1	-1	0	0	0	0	0
1042289	-1	-1	0	0	0	0	0
1051289	26505848	-1	1378304	416	0	0	535
1054289	-1	-1	0	0	0	0	0
1063289	-1	-1	0	0	0	0	0
1072289	13167432	-1	1119232	680	0	0	737
1075289	-1	-1	0	0	0	0	0
1084290	-1	-1	0	0	0	0	0
1093289	11525160	-1	1214464	843	0	0	843
1102289	-1	-1	0	0	0	0	51
1107289	28171968	-1	1355776	385	0	0	468
1116309	-1	-1	0	0	0	0	0
1125289	4655792	-1	1128448	1939	0	0	1939
1134289	-1	-1	0	0	0	0	0
1143289	25917792	-1	1127424	348	0	0	512
1152289	-1	-1	0	0	0	0	0
1161289	11117712	-1	1167360	840	0	0	840
1170289	-1	-1	0	0	0	0	0
1179289	23393104	-1	1356800	464	0	0	566
1188289	-1	-1	0	0	0	0	0
1197289	15650592	-1	1158144	592	0	0	735
1218167	32341824	-1	2098176	519	0	0	519
1227167	-1	-1	0	0	0	0	0
1233198	-1	-1	0	0	0	0	0
1243167	-1	-1	0	0	0	0	0
1252167	14258048	-1	1030144	578	0	0	578
1262167	-1	-1	0	0	0	0	0
1271167	20741016	-1	1057792	408	0	0	527
1278167	-1	-1	0	0	0	0	0
1285168	15094136	-1	1126400	597	0	0	597
1291167	-1	-1	0	0	0	0	0
1298167	-1	-1	0	0	0	0	0
1304167	27921288	-1	1085440	311	0	0	484
1309168	18900112	-1	661504	280	0	0	280
1318167	-1	-1	0	0	0	0	0
1323167	15639272	-1	1075200	550	0	0	711
1330167	-1	-1	0	0	0	0	0
1339168	16528992	-1	466944	226	0	0	226
1346167	-1	-1	0	0	0	0	0
1354168	12155224	-1	1089412	717	0	0	717
1361167	-1	-1	0	0	0	0	0
1370167	14610144	-1	927744	508	0	0	520
1379167	-1	-1	0	0	0	0	0
1388167	14848000	-1	1247232	672	0	0	731
1397167	-1	-1	0	0	0	0	0
1406168	11279352	-1	1316864	934	0	0	934
1415167	-1	-1	0	0	0	0	0
1424168	16216504	-1	1090560	538	0	0	596
1426167	-1	-1	0	0	0	0	0
1435167	17176232	-1	1043456	486	0	0	486
1444167	-1	-1	0	0	0	0	0
1453168	16758920	-1	915456	437	0	0	515
1462167	-1	-1	0	0	0	0	0
1471168	19259912	-1	1131520	470	0	0	599
1480167	-1	-1	0	0	0	0	0
1489167	12430520	-1	1027072	661	0	0	821
1498167	-1	-1	0	0	0	0	0
1507169	24331464	-1	1630208	536	0	0	678
1514167	-1	-1	0	0	0	0	0
1523167	20564976	-1	1239040	482	0	0	558
1532167	-1	-1	0	0	0	0	0
1541167	18194864	-1	1296384	570	0	0	681
1548168	-1	-1	0	0	0	0	0
1554167	10158080	-1	1111040	875	0	0	875
1563168	-1	-1	0	0	0	0	0
1572167	21396528	-1	1350656	505	0	0	633
1581167	-1	-1	0	0	0	0	0
1590167	27069760	-1	2223104	657	0	0	657
1599167	-1	-1	0	0	0	0	0
1608167	12369592	-1	776192	502	0	0	502
1617167	-1	-1	0	0	0	0	0
1626168	15213712	-1	1664000	875	0	0	875
1635167	-1	-1	0	0	0	0	0
1644167	14223040	-1	1482752	834	0	0	834
1652167	-1	-1	0	0	0	0	0
1661167	12423776	-1	1124352	724	0	0	803
1670168	-1	-1	0	0	0	0	0
1679167	18349448	-1	1195008	521	0	0	668
1688167	-1	-1	0	0	0	0	0
1697167	14649568	-1	1530880	836	0	0	836
1706167	-1	-1	0	0	0	0	0
1712167	14167840	-1	1438036	812	0	0	812
1721168	-1	-1	0	0	0	0	0
1727167	14944192	-1	1232896	660	0	0	660
1736167	-1	-1	0	0	0	0	0
1745167	13206160	-1	1229824	745	0	0	745
1754167	-1	-1	0	0	0	0	0
1763167	18547424	-1	1439744	621	0	0	712
1772167	-1	-1	0	0	0	0	0
1781167	16992552	-1	1115136	525	0	0	525
1790167	-1	-1	0	0	0	0	0
1799167	10177136	-1	787456	619	0	0	619
1808167	-1	-1	0	0	0	0	0
1817167	14570160	-1	1003520	551	0	0	713
1826167	-1	-1	0	0	0	0	0
1835168	10958384	-1	1152000	841	0	0	841
1844167	-1	-1	0	0	0	0	0
1851167	11733296	-1	1635328	1115	0	0	1115
1855167	-1	-1	0	0	0	0	0
1864167	18419432	-1	750592	326	0	0	326
1873167	-1	-1	0	0	0	0	0
1882167	15309936	-1	861184	450	0	0	610
1891167	-1	-1	0	0	0	0	0
1900167	11300392	-1	1470464	1041	0	0	1132
1906168	-1	-1	0	0	0	0	0
1915167	-1	-1	0	0	0	0	0
1924171	14233824	-1	820224	461	0	0	609
1933167	-1	-1	0	0	0	0	0
1940167	-1	-1	0	0	0	0	0
1949171	16857216	-1	2225152	1056	0	0	1196
1958167	-1	-1	0	0	0	0	0
1967167	-1	-1	0	0	0	0	0
1976167	8740952	-1	423936	388	0	0	388
1985168	15257600	-1	915456	480	0	0	589
1994176	-1	-1	0	0	0	0	0
2003167	20591200	-1	1137664	442	0	0	534
2012167	-1	-1	0	0	0	0	0
2021168	9858720	-1	926720	752	0	0	752
2030167	-1	-1	0	0	0	0	0
2039185	13373032	-1	1009664	604	0	0	679
2048167	-1	-1	0	0	0	0	0
2057168	15132680	-1	928768	491	0	0	607
2066167	-1	-1	0	0	0	0	0
2075177	9672752	-1	1043448	863	0	0	863
2084168	-1	-1	0	0	0	0	0
2093167	8834512	-1	1013760	918	0	0	918
2102168	-1	-1	0	0	0	0	0
2111167	15574912	-1	1103872	567	0	0	713
2120167	-1	-1	0	0	0	0	0
2140292	17862152	-1	1324032	593	0	0	1043
2149293	-1	-1	0	0	0	0	0
2158292	-1	-1	0	0	0	0	0
2167292	-1	-1	0	0	0	0	0
2176292	-1	-1	0	0	0	0	0
2185294	-1	-1	0	0	0	0	0
2194293	12464608	-1	1879040	1206	0	0	1206
2203292	-1	-1	0	0	0	0	0
2212292	-1	-1	0	0	0	0	0
2221292	-1	-1	0	0	0	0	0
2230292	7895576	-1	2100224	2128	0	0	2235
2239292	-1	-1	0	0	0	0	0
2248293	19211560	-1	1488896	620	0	0	720
2257293	-1	-1	0	0	0	0	0
2266292	16445136	-1	1101824	536	0	0	653
2275292	-1	-1	0	0	0	0	0
2284292	18345888	-1	1254400	547	0	0	620
2293292	-1	-1	0	0	0	0	0
2302292	24093256	-1	1686528	560	0	0	629
2311292	-1	-1	0	0	0	0	0
2320292	22412072	-1	1484800	530	0	0	636
2329292	-1	-1	0	0	0	0	0
2338292	24616088	-1	1886208	613	0	0	757
2347292	-1	-1	0	0	0	0	0
2356292	24749680	-1	1751040	566	0	0	623
2365292	-1	-1	0	0	0	0	0
2374292	15937360	-1	1498112	752	0	0	752
2383293	-1	-1	0	0	0	0	0
2392292	18053312	-1	1196032	530	0	0	619
2401292	-1	-1	0	0	0	0	0
2410292	16339960	-1	1139712	558	0	0	627
2419293	-1	-1	0	0	0	0	0
2428292	14410400	-1	942080	523	0	0	622
2437295	-1	-1	0	0	0	0	0
2446293	21245808	-1	1548288	583	0	0	626
2455293	-1	-1	0	0	0	0	0
2464292	11936416	-1	695296	466	0	0	609
2473305	-1	-1	0	0	0	0	0
2482298	10036016	-1	629760	502	0	0	-1
2491292	-1	-1	0	0	0	0	-1
2500292	10636320	-1	2624512	1974	0	0	-1
2508292	-1	-1	0	0	0	0	-1
2517298	9349944	-1	553984	474	0	0	-1
2527329	-1	-1	0	0	0	0	-1
2530292	-1	-1	0	0	0	0	-1
2539292	13836600	-1	773120	447	0	0	-1
2614924	33764168	-1	2950144	699	0	0	6585
2623927	-1	-1	0	0	0	0	0
2628923	-1	-1	0	0	0	0	0
2637923	-1	-1	0	0	0	0	0
2640923	-1	-1	0	0	0	0	0
2649929	-1	-1	0	0	0	0	0
2653923	-1	-1	0	0	0	0	0
2662923	-1	-1	0	0	0	0	0
2671923	-1	-1	0	0	0	0	0
2672923	-1	-1	0	0	0	0	0
2681923	-1	-1	0	0	0	0	0
2686923	-1	-1	0	0	0	0	0
2694924	-1	-1	0	0	0	0	0
2703923	-1	-1	0	0	0	0	0
2712923	27591384	-1	2183168	633	0	0	712
2721923	-1	-1	0	0	0	0	0
2730923	15953384	-1	1593344	799	0	0	799
2739923	-1	-1	0	0	0	0	0
2748924	16923832	-1	1284096	607	0	0	619
2757923	-1	-1	0	0	0	0	0
2766923	27810952	-1	1769472	509	0	0	523
2775923	-1	-1	0	0	0	0	0
2784924	22748672	-1	1504256	529	0	0	538
2793923	-1	-1	0	0	0	0	0
2802923	25409088	-1	1686528	531	0	0	581
2811923	-1	-1	0	0	0	0	0
2820923	-1	-1	0	0	0	0	0
2829923	14534776	-1	2058488	1133	0	0	1236
2833923	-1	-1	0	0	0	0	0
2842923	-1	-1	0	0	0	0	0
2851923	8884560	-1	919552	828	0	0	828
2858923	-1	-1	0	0	0	0	0
2867923	-1	-1	0	0	0	0	0
2876923	21501544	-1	2241536	834	0	0	925
2877923	-1	-1	0	0	0	0	0
2886923	-1	-1	0	0	0	0	0
2895929	14926104	-1	1100800	590	0	0	610
2904924	-1	-1	0	0	0	0	0
2913924	11770376	-1	1071104	728	0	0	728
2922923	-1	-1	0	0	0	0	0
2931923	-1	-1	0	0	0	0	0
2936923	-1	-1	0	0	0	0	0
2945923	24317168	-1	1924096	633	0	0	773
2954923	-1	-1	0	0	0	0	0
2963923	16773536	-1	1455104	694	0	0	720
2972923	-1	-1	0	0	0	0	0
2980924	11242216	-1	1056768	752	0	0	752
2989923	-1	-1	0	0	0	0	0
2998923	11367664	-1	1150976	810	0	0	810
3006923	-1	-1	0	0	0	0	0
3015923	14219560	-1	1062912	598	0	0	606
3024923	-1	-1	0	0	0	0	0
3033923	15254832	-1	1411072	740	0	0	740
3042923	-1	-1	0	0	0	0	0
3051923	14713784	-1	1326080	721	0	0	721
3060923	-1	-1	0	0	0	0	0
3069923	14587288	-1	1188864	652	0	0	652
3078923	-1	-1	0	0	0	0	0
3087923	12327312	-1	802816	521	0	0	521
3096923	-1	-1	0	0	0	0	0
3105923	12125720	-1	956416	631	0	0	631
3114923	-1	-1	0	0	0	0	0
3123923	14980528	-1	1005568	537	0	0	607
3132923	-1	-1	0	0	0	0	0
3141923	14427352	-1	1253376	695	0	0	695
3149923	-1	-1	0	0	0	0	0
3158923	18874144	-1	1366016	579	0	0	579
3167923	-1	-1	0	0	0	0	0
3176923	-1	-1	0	0	0	0	0
3185924	12437336	-1	1818960	1170	0	0	1170
3187924	-1	-1	0	0	0	0	0
3196923	-1	-1	0	0	0	0	0
3205923	22469488	-1	1179648	420	0	0	420
3214923	-1	-1	0	0	0	0	0
3223924	9721624	-1	1171456	964	0	0	1019
3232923	-1	-1	0	0	0	0	0
3241923	19978448	-1	978944	392	0	0	453
3250923	-1	-1	0	0	0	0	0
3259923	13732416	-1	1007616	587	0	0	620
3268923	-1	-1	0	0	0	0	0
3277924	25317272	-1	1363968	431	0	0	431
3286923	-1	-1	0	0	0	0	0
3295923	11141680	-1	816128	586	0	0	626
3304933	-1	-1	0	0	0	0	0
3313924	13051936	-1	822272	504	0	0	504
3322925	-1	-1	0	0	0	0	0
3331923	26139928	-1	1437696	440	0	0	538
3340923	-1	-1	0	0	0	0	0
3349923	22665760	-1	1263616	446	0	0	446
3358924	-1	-1	0	0	0	0	0
3367923	17232912	-1	831488	386	0	0	462
3376924	-1	-1	0	0	0	0	0
3385927	16039800	-1	715776	357	0	0	445
3403928	22512208	-1	2189312	778	0	0	800
3412923	-1	-1	0	0	0	0	0
3421925	-1	-1	0	0	0	0	0
3430924	-1	-1	0	0	0	0	0
3439923	-1	-1	0	0	0	0	0
3443924	-1	-1	0	0	0	0	0
3452923	-1	-1	0	0	0	0	0
3458923	-1	-1	0	0	0	0	0
3464923	20133248	-1	951296	378	0	0	429
3469923	-1	-1	0	0	0	0	0
3475923	13610760	-1	763904	449	0	0	449
3484923	-1	-1	0	0	0	0	0
3489923	-1	-1	0	0	0	0	0
3496923	-1	-1	0	0	0	0	0
3504923	19922720	-1	2196480	882	0	0	882
3512923	-1	-1	0	0	0	0	0
3521923	-1	-1	0	0	0	0	0
3529923	-1	-1	0	0	0	0	0
3539924	23791880	-1	1180672	397	0	0	483
3548923	-1	-1	0	0	0	0	0
3554923	11570992	-1	718848	497	0	0	497
3564925	7369184	-1	953388	1035	0	0	1035
3567934	-1	-1	0	0	0	0	0
3576923	-1	-1	0	0	0	0	0
3585923	11145400	-1	854016	613	0	0	613
3587923	-1	-1	0	0	0	0	0
3596923	-1	-1	0	0	0	0	0
3605942	10468824	-1	1873920	1432	0	0	1510
3608923	-1	-1	0	0	0	0	0
3615923	-1	-1	0	0	0	0	0
3621923	-1	-1	0	0	0	0	0
3628923	-1	-1	0	0	0	0	0
3636923	11590920	-1	2332672	1610	0	0	1610
3645923	-1	-1	0	0	0	0	0
3651923	-1	-1	0	0	0	0	0
3658923	-1	-1	0	0	0	0	0
3667923	15823240	-1	1329152	672	0	0	672
3673925	8469696	-1	499712	472	0	0	612
3678923	13127912	-1	1168384	712	0	0	712
3687923	-1	-1	0	0	0	0	0
3696923	10059672	-1	1599488	1272	0	0	1272
3705923	-1	-1	0	0	0	0	0
3714923	14427512	-1	1170432	649	0	0	649
3723923	-1	-1	0	0	0	0	0
3732923	13707136	-1	1043456	609	0	0	617
3741923	-1	-1	0	0	0	0	0
3747923	13180424	-1	884736	537	0	0	537
3752923	-1	-1	0	0	0	0	0
3761924	10823816	-1	1794048	1326	0	0	1326
3770923	-1	-1	0	0	0	0	0
3779924	12949216	-1	1494016	923	0	0	923
3788923	-1	-1	0	0	0	0	0
3797924	-1	-1	0	0	0	0	0
3804924	-1	-1	0	0	0	0	0
3810923	14609472	-1	2461696	1348	0	0	1375
3819923	-1	-1	0	0	0	0	0
3825926	-1	-1	0	0	0	0	0
3834923	25360704	-1	3011584	950	0	0	1036
3837928	-1	-1	0	0	0	0	0
3846923	-1	-1	0	0	0	0	0
3855923	19418560	-1	1526784	629	0	0	629
3864924	-1	-1	0	0	0	0	0
3873924	18223024	-1	1339392	588	0	0	608
3881923	-1	-1	0	0	0	0	0
3890923	-1	-1	0	0	0	0	0
3899923	22849928	-1	1708032	598	0	0	696
3903923	-1	-1	0	0	0	0	0
3912923	-1	-1	0	0	0	0	0
3921923	18287824	-1	1058408	463	0	0	463
3930924	-1	-1	0	0	0	0	0
3939923	12128792	-1	1287168	849	0	0	861
3948923	-1	-1	0	0	0	0	0
3957924	7174632	-1	830464	926	0	0	926
3966923	-1	-1	0	0	0	0	0
3975923	9591216	-1	821248	685	0	0	685
3984923	-1	-1	0	0	0	0	0
3993923	16756360	-1	1244160	594	0	0	594
4002923	-1	-1	0	0	0	0	0
4011923	17707824	-1	1383424	625	0	0	625
4020923	-1	-1	0	0	0	0	0
4029923	11670408	-1	841728	577	0	0	614
4038924	-1	-1	0	0	0	0	0
4047923	15165352	-1	917504	484	0	0	534
4056923	-1	-1	0	0	0	0	0
4065923	13083408	-1	901120	551	0	0	609
4074927	-1	-1	0	0	0	0	0
4083923	9001904	-1	694272	617	0	0	619
4092923	-1	-1	0	0	0	0	0
4101923	16308848	-1	1111040	545	0	0	545
4110923	-1	-1	0	0	0	0	0
4119923	12412120	-1	665600	429	0	0	429
4128923	-1	-1	0	0	0	0	0
4137924	12656496	-1	914432	578	0	0	578
4146923	-1	-1	0	0	0	0	0
4155923	10845232	-1	908288	670	0	0	715
4164923	-1	-1	0	0	0	0	0
4173923	15239720	-1	1200128	630	0	0	630
4177923	-1	-1	0	0	0	0	0
4186924	-1	-1	0	0	0	0	0
4189924	-1	-1	0	0	0	0	0
4198924	16121624	-1	1132544	562	0	0	614
4200923	-1	-1	0	0	0	0	0
4209924	12749688	-1	1102848	692	0	0	692
4218924	-1	-1	0	0	0	0	0
4227924	11773008	-1	1006592	684	0	0	684
4236923	-1	-1	0	0	0	0	0
4245923	16064832	-1	1236992	616	0	0	616
4254923	-1	-1	0	0	0	0	0
4263933	14434168	-1	1091584	605	0	0	618
4272923	-1	-1	0	0	0	0	0
4281923	16255328	-1	1164288	573	0	0	612
4290923	-1	-1	0	0	0	0	0
4299923	9426600	-1	1252560	1063	0	0	1063
4308924	-1	-1	0	0	0	0	0
4317924	16602232	-1	1012736	488	0	0	557
4326923	-1	-1	0	0	0	0	0
4335924	16787152	-1	1065984	508	0	0	554
4344923	-1	-1	0	0	0	0	0
4353923	13608456	-1	1345536	791	0	0	791
4362923	-1	-1	0	0	0	0	0
4371923	21036248	-1	2768896	1053	0	0	1053
4380924	-1	-1	0	0	0	0	0
4389923	18932344	-1	1559552	659	0	0	659
4398923	-1	-1	0	0	0	0	0
4407923	-1	-1	0	0	0	0	0
4420492	40254576	-1	3622912	720	0	0	720
4426471	35710072	-1	4151296	930	0	0	1136
4435471	-1	-1	0	0	0	0	0
4444471	-1	-1	0	0	0	0	0
4453471	10490872	-1	1177600	898	0	0	983
4457471	-1	-1	0	0	0	0	0
4465471	-1	-1	0	0	0	0	0
4474472	8217624	-1	985088	959	0	0	959
4482471	-1	-1	0	0	0	0	0
4491471	15809712	-1	958464	485	0	0	523
4500472	-1	-1	0	0	0	0	0
4509471	9573256	-1	1128448	943	0	0	943
4518476	-1	-1	0	0	0	0	0
4527471	10838648	-1	1232896	910	0	0	910
4542098	25130112	-1	4086784	1301	0	0	3221
4546098	-1	-1	0	0	0	0	0
4555099	-1	-1	0	0	0	0	0
4564098	7596032	-1	770048	811	0	0	811
4572099	-1	-1	0	0	0	0	0
4581098	11807168	-1	678912	460	0	0	510
4583099	-1	-1	0	0	0	0	0
4592098	12000264	-1	726016	484	0	0	514
4597098	-1	-1	0	0	0	0	0
4606098	-1	-1	0	0	0	0	0
4609098	-1	-1	0	0	0	0	0
4616098	12802504	-1	980992	613	0	0	613
4621098	-1	-1	0	0	0	0	0
4628098	21277520	-1	1406976	529	0	0	529
4636098	-1	-1	0	0	0	0	0
4642098	-1	-1	0	0	0	0	0
4651098	21044040	-1	1604608	610	0	0	765
4655098	-1	-1	0	0	0	0	0
4664099	-1	-1	0	0	0	0	0
4671098	22128272	-1	1147904	415	0	0	417
4680098	-1	-1	0	0	0	0	0
4689098	13685584	-1	1303552	762	0	0	762
4698098	-1	-1	0	0	0	0	0
4707098	16698024	-1	1252352	600	0	0	600
4716124	-1	-1	0	0	0	0	0
4725098	12129384	-1	1331200	878	0	0	878
4734098	-1	-1	0	0	0	0	0
4743098	20754208	-1	1240064	478	0	0	513
4752098	-1	-1	0	0	0	0	0
4761098	23811184	-1	1434624	482	0	0	523
4770098	-1	-1	0	0	0	0	0
4779098	13887064	-1	831488	479	0	0	-1
4788098	-1	-1	0	0	0	0	-1
4797098	9690768	-1	1549312	1279	0	0	-1
4806141	-1	-1	0	0	0	0	-1
4815098	15825768	-1	1161216	587	0	0	-1
4824098	-1	-1	0	0	0	0	-1
4833098	15320280	-1	1135616	593	0	0	-1
4842102	-1	-1	0	0	0	0	-1
4851099	-1	-1	0	0	0	0	-1
4862523	6172984	-1	1308672	1696	0	0	4954
4869273	23843712	-1	3567616	1197	0	0	1401
4878273	-1	-1	0	0	0	0	0
4887273	16158328	-1	1466368	726	0	0	812
4897273	-1	-1	0	0	0	0	0
4906273	-1	-1	0	0	0	0	0
4910273	-1	-1	0	0	0	0	0
4919273	17497928	-1	1544192	706	0	0	892
4928273	-1	-1	0	0	0	0	0
4937273	14005224	-1	1018880	582	0	0	617
4946273	-1	-1	0	0	0	0	0
4955273	13873136	-1	1120256	646	0	0	646
4964273	-1	-1	0	0	0	0	0
4973273	14504384	-1	948224	523	0	0	553
4982273	-1	-1	0	0	0	0	0
4991273	11860592	-1	1022976	690	0	0	690
5000273	-1	-1	0	0	0	0	0
5009273	18686960	-1	1366484	585	0	0	627
5018273	-1	-1	0	0	0	0	0
5027273	-1	-1	0	0	0	0	0
5031273	-1	-1	0	0	0	0	0
5040295	16264928	-1	2098176	1032	0	0	1032
5049273	-1	-1	0	0	0	0	0
5058273	6939416	-1	1344512	1550	0	0	1550
5067278	-1	-1	0	0	0	0	0
5076273	20621752	-1	1415168	549	0	0	549
5085273	-1	-1	0	0	0	0	0
5094273	19306472	-1	1305600	541	0	0	541
5103273	-1	-1	0	0	0	0	0
5112275	16321848	-1	1344512	659	0	0	659
5121273	-1	-1	0	0	0	0	0
5130275	17113216	-1	1129472	528	0	0	528
5139273	-1	-1	0	0	0	0	0
5148273	19377512	-1	1358848	561	0	0	561
5157273	-1	-1	0	0	0	0	0
5166273	14107832	-1	1313792	745	0	0	745
5175273	-1	-1	0	0	0	0	0
5184273	11517272	-1	1216512	845	0	0	845
5193273	-1	-1	0	0	0	0	0
5202273	12444336	-1	1222656	786	0	0	786
5211273	-1	-1	0	0	0	0	0
5220273	5507840	-1	1010688	1468	0	0	1468
5228273	-1	-1	0	0	0	0	0
5237273	16369296	-1	1139712	557	0	0	557
5246273	-1	-1	0	0	0	0	0
5255273	18648200	-1	1214464	521	0	0	521
5264273	-1	-1	0	0	0	0	0
5273273	16580608	-1	1036288	500	0	0	500
5282273	-1	-1	0	0	0	0	0
5291273	16896000	-1	1081344	512	0	0	512
5300273	-1	-1	0	0	0	0	0
5309273	16153456	-1	1076224	533	0	0	533
5318273	-1	-1	0	0	0	0	0
5327273	13192880	-1	1545216	937	0	0	937
5336273	-1	-1	0	0	0	0	0
5345273	21110768	-1	1353728	513	0	0	513
5354273	-1	-1	0	0	0	0	0
5363273	21539456	-1	1321984	491	0	0	491
5372273	-1	-1	0	0	0	0	0
5381273	14704824	-1	856556	466	0	0	466
5390273	-1	-1	0	0	0	0	0
5399273	6349408	-1	1076224	1356	0	0	1356
5408273	-1	-1	0	0	0	0	0
5417273	12687464	-1	1089536	687	0	0	687
5426273	-1	-1	0	0	0	0	0
5435273	11929528	-1	1039360	697	0	0	697
5444273	-1	-1	0	0	0	0	0
5453275	7109640	-1	1372160	1544	0	0	1544
5462275	-1	-1	0	0	0	0	0
5471273	17753808	-1	1353728	610	0	0	610
5480273	-1	-1	0	0	0	0	0
5489273	10593632	-1	1065984	805	0	0	805
5498273	-1	-1	0	0	0	0	0
5507273	13707848	-1	944128	551	0	0	551
5516273	-1	-1	0	0	0	0	0
5525273	11870976	-1	1063936	717	0	0	717
5534273	-1	-1	0	0	0	0	0
5543273	8621384	-1	1048576	973	0	0	973
5552273	-1	-1	0	0	0	0	0
5561273	10971080	-1	1160192	846	0	0	846
5570273	-1	-1	0	0	0	0	0
5579273	11181960	-1	942080	674	0	0	674
5588273	-1	-1	0	0	0	0	0
5597273	12487928	-1	1247232	799	0	0	799
5606273	-1	-1	0	0	0	0	0
5615273	-1	-1	0	0	0	0	0
5620273	-1	-1	0	0	0	0	0
5629273	11094408	-1	1323008	954	0	0	1116
5639273	-1	-1	0	0	0	0	0
5643273	-1	-1	0	0	0	0	0
5649273	-1	-1	0	0	0	0	0
5656273	8255856	-1	926720	898	0	0	1036
5660273	-1	-1	0	0	0	0	0
5670273	-1	-1	0	0	0	0	0
5672273	-1	-1	0	0	0	0	0
5681273	11514248	-1	1089536	757	0	0	876
5684273	-1	-1	0	0	0	0	0
5693273	8171336	-1	809984	793	0	0	793
5702273	-1	-1	0	0	0	0	0
5709273	16399032	-1	1117184	545	0	0	545
5718273	15976176	-1	922624	462	0	0	462
5723273	-1	-1	0	0	0	0	0
5732273	-1	-1	0	0	0	0	0
5741273	11566096	-1	754688	522	0	0	522
5747273	-1	-1	0	0	0	0	0
5756273	8866360	-1	571880	516	0	0	516
5765273	-1	-1	0	0	0	0	0
5771273	10522408	-1	1211392	921	0	0	921
5780273	-1	-1	0	0	0	0	0
5789273	6399288	-1	577536	722	0	0	722
5798273	-1	-1	0	0	0	0	0
5804273	10162344	-1	1172480	923	0	0	923
5811273	-1	-1	0	0	0	0	0
5820273	-1	-1	0	0	0	0	0
5828273	15767784	-1	1336320	678	0	0	706
5831273	-1	-1	0	0	0	0	0
5835273	-1	-1	0	0	0	0	0
5844273	15031472	-1	1001472	533	0	0	533
5852273	-1	-1	0	0	0	0	0
5858273	-1	-1	0	0	0	0	0
5863273	-1	-1	0	0	0	0	0
5869273	19846752	-1	2776064	1119	0	0	1124
5878273	-1	-1	0	0	0	0	0
5887273	-1	-1	0	0	0	0	0
5897273	-1	-1	0	0	0	0	0
5907273	24536616	-1	1913856	624	0	0	631
5912273	-1	-1	0	0	0	0	0
5921273	19557480	-1	1356800	555	0	0	555
5930273	-1	-1	0	0	0	0	0
5936275	-1	-1	0	0	0	0	0
5945281	23012904	-1	2065408	718	0	0	823
5950273	-1	-1	0	0	0	0	27
5959275	-1	-1	0	0	0	0	0
5966273	-1	-1	0	0	0	0	0
5969273	-1	-1	0	0	0	0	0
5978273	14609408	-1	2899968	1588	0	0	1588
5986273	-1	-1	0	0	0	0	0
5995273	-1	-1	0	0	0	0	0
6004273	-1	-1	0	0	0	0	0
6013273	16577080	-1	1230848	594	0	0	617
6022273	18315800	-1	1291264	564	0	0	564
6024273	-1	-1	0	0	0	0	0
6033273	-1	-1	0	0	0	0	0
6042273	10043672	-1	1244160	991	0	0	991
6051273	-1	-1	0	0	0	0	0
6060273	13270296	-1	733184	442	0	0	509
6069273	-1	-1	0	0	0	0	0
6078273	20085568	-1	1694720	675	0	0	835
6087273	-1	-1	0	0	0	0	0
6096291	18115920	-1	1071104	473	0	0	534
6105273	-1	-1	0	0	0	0	0
6114273	-1	-1	0	0	0	0	0
6123273	-1	-1	0	0	0	0	0
6129273	8892944	-1	1639636	1475	0	0	1475
6136273	-1	-1	0	0	0	0	0
6146275	14442920	-1	1348608	747	0	0	747
6155275	-1	-1	0	0	0	0	0
6164273	16935032	-1	1416192	669	0	0	669
6173273	-1	-1	0	0	0	0	0
6182273	16879768	-1	1464320	694	0	0	694
6191273	-1	-1	0	0	0	0	0
6200273	-1	-1	0	0	0	0	0
6209273	24094120	-1	1792000	595	0	0	717
6213273	-1	-1	0	0	0	0	0
6222273	-1	-1	0	0	0	0	0
6231273	26483136	-1	1251328	378	0	0	410
6240273	-1	-1	0	0	0	0	0
6249273	19816296	-1	1070080	432	0	0	432
6258273	-1	-1	0	0	0	0	0
6267273	22356376	-1	1000448	358	0	0	407
6276304	-1	-1	0	0	0	0	0
6285273	14012944	-1	1210368	691	0	0	691
6294273	-1	-1	0	0	0	0	0
6303273	11479944	-1	843776	588	0	0	588
6312273	-1	-1	0	0	0	0	0
6321273	21208584	-1	1773568	669	0	0	669
6330273	-1	-1	0	0	0	0	0
6339273	11712528	-1	1062912	726	0	0	726
6348273	-1	-1	0	0	0	0	0
6357273	-1	-1	0	0	0	0	0
6366273	-1	-1	0	0	0	0	0
6372273	24065328	-1	2316288	770	0	0	816
6381273	-1	-1	0	0	0	0	0
6390273	-1	-1	0	0	0	0	0
6397273	-1	-1	0	0	0	0	0
6406273	20935112	-1	2260992	864	0	0	879
6412273	-1	-1	0	0	0	0	0
6422273	-1	-1	0	0	0	0	0
6429273	-1	-1	0	0	0	0	0
6438273	11104184	-1	1440768	1038	0	0	1057
6448273	-1	-1	0	0	0	0	0
6456273	-1	-1	0	0	0	0	0
6459273	-1	-1	0	0	0	0	0
6468273	18308944	-1	2132992	932	0	0	932
6472273	-1	-1	0	0	0	0	0
6480273	-1	-1	0	0	0	0	0
6489273	-1	-1	0	0	0	0	0
6494273	-1	-1	0	0	0	0	0
6502320	10649760	-1	1412424	1061	0	0	1132
6505273	-1	-1	0	0	0	0	0
6514273	10001864	-1	860160	688	0	0	688
6519273	-1	-1	0	0	0	0	0
6528273	-1	-1	0	0	0	0	0
6538273	17913456	-1	875520	391	0	0	403
6547277	-1	-1	0	0	0	0	0
6557273	18708136	-1	832512	356	0	0	406
6564273	-1	-1	0	0	0	0	0
6571273	-1	-1	0	0	0	0	0
6577273	-1	-1	0	0	0	0	0
6586273	20701688	-1	2008064	776	0	0	892
6595273	11737792	-1	393216	268	0	0	380
6600273	28725192	-1	552960	154	0	0	154
6609273	-1	-1	0	0	0	0	0
6618273	20521880	-1	1254400	489	0	0	509
6627273	-1	-1	0	0	0	0	0
6636284	-1	-1	0	0	0	0	0
6645273	12935080	-1	2016256	1247	0	0	1247
6649273	-1	-1	0	0	0	0	0
6658273	-1	-1	0	0	0	0	0
6667273	-1	-1	0	0	0	0	0
6671273	-1	-1	0	0	0	0	0
6680273	13225280	-1	917504	555	0	0	555
6686273	-1	-1	0	0	0	0	0
6699824	27364752	-1	6451240	1886	0	0	2263
6708824	-1	-1	0	0	0	0	0
6717825	15487800	-1	1256448	649	0	0	649
6726824	-1	-1	0	0	0	0	0
6735824	13730040	-1	916480	534	0	0	604
6744824	-1	-1	0	0	0	0	0
6753824	19297440	-1	2414592	1001	0	0	1001
6762824	-1	-1	0	0	0	0	0
6771824	18698520	-1	1364992	584	0	0	625
6780824	-1	-1	0	0	0	0	0
6789824	11669016	-1	1563648	1072	0	0	1072
6790824	-1	-1	0	0	0	0	0
6799824	-1	-1	0	0	0	0	0
6803824	-1	-1	0	0	0	0	0
6812824	18951640	-1	1111040	469	0	0	492
6821824	8464672	-1	731136	691	0	0	691
6824824	-1	-1	0	0	0	0	0
6833824	-1	-1	0	0	0	0	0
6842824	17103960	-1	900096	421	0	0	421
6849824	-1	-1	0	0	0	0	0
6858824	16990264	-1	1176576	554	0	0	554
6867824	-1	-1	0	0	0	0	0
6876824	12047056	-1	998400	663	0	0	663
6885824	-1	-1	0	0	0	0	0
6894824	11005544	-1	861184	626	0	0	626
6903824	-1	-1	0	0	0	0	0
6912824	12911472	-1	837632	519	0	0	530
6921824	-1	-1	0	0	0	0	0
6930824	9090848	-1	818176	720	0	0	720
6939824	-1	-1	0	0	0	0	0
6948824	7181856	-1	596992	665	0	0	665
6957824	-1	-1	0	0	0	0	0
6966827	12029000	-1	1284096	854	0	0	854
6975824	-1	-1	0	0	0	0	0
6984824	10757056	-1	953344	709	0	0	709
6993824	-1	-1	0	0	0	0	0
7002824	16858136	-1	1310720	622	0	0	622
7008824	-1	-1	0	0	0	0	0
7017824	-1	-1	0	0	0	0	0
7026830	18618984	-1	2166784	931	0	0	940
7029824	-1	-1	0	0	0	0	0
7038824	-1	-1	0	0	0	0	0
7047824	-1	-1	0	0	0	0	0
7056824	-1	-1	0	0	0	0	0
7065824	16080240	-1	1734656	863	0	0	1016
7074824	-1	-1	0	0	0	0	0
7083827	10242880	-1	910336	711	0	0	-1
7092824	-1	-1	0	0	0	0	-1
7101824	9807400	-1	1833984	1496	0	0	-1
7110864	-1	-1	0	0	0	0	-1
7119824	-1	-1	0	0	0	0	-1
7128827	-1	-1	0	0	0	0	-1
7137824	13284624	-1	1242112	748	0	0	-1
7146825	-1	-1	0	0	0	0	-1
7155824	-1	-1	0	0	0	0	-1
7173454	23598712	-1	1681408	570	0	0	6871
7180763	50713896	-1	1629184	257	0	0	1684
7188763	-1	-1	0	0	0	0	0
7194763	-1	-1	0	0	0	0	0
7203764	-1	-1	0	0	0	0	0
7213763	-1	-1	0	0	0	0	0
7217763	-1	-1	0	0	0	0	0
7226763	-1	-1	0	0	0	0	0
7235763	-1	-1	0	0	0	0	0
7245763	-1	-1	0	0	0	0	0
7254763	-1	-1	0	0	0	0	0
7263763	-1	-1	0	0	0	0	0
7266764	-1	-1	0	0	0	0	0
7275763	21722608	-1	1208320	445	0	0	451
7284764	-1	-1	0	0	0	0	0
7290763	17840888	-1	764928	343	0	0	449
7297763	-1	-1	0	0	0	0	0
7306763	18768528	-1	999424	426	0	0	447
7313763	-1	-1	0	0	0	0	0
7322763	21858752	-1	1112064	407	0	0	424
7331763	-1	-1	0	0	0	0	0
7340763	-1	-1	0	0	0	0	0
7344763	-1	-1	0	0	0	0	0
7352763	23603104	-1	1398484	474	0	0	548
7358763	-1	-1	0	0	0	0	0
7367764	6780024	-1	545792	644	0	0	644
7376778	16239720	-1	1037312	511	0	0	511
7380763	-1	-1	0	0	0	0	0
7388763	-1	-1	0	0	0	0	0
7397764	-1	-1	0	0	0	0	0
7405764	16263352	-1	1380352	679	0	0	679
7407763	-1	-1	0	0	0	0	0
7416763	9000320	-1	592896	527	0	0	527
7421763	-1	-1	0	0	0	0	0
7428763	10125512	-1	611328	483	0	0	506
7432764	-1	-1	0	0	0	0	0
7439763	11122096	-1	742400	534	0	0	534
7443763	-1	-1	0	0	0	0	0
7449763	-1	-1	0	0	0	0	0
7459763	10158728	-1	640000	504	0	0	505
7463763	-1	-1	0	0	0	0	0
7471763	9755248	-1	664576	545	0	0	545
7481763	13323256	-1	757760	455	0	0	505
7485763	-1	-1	0	0	0	0	0
7492763	-1	-1	0	0	0	0	0
7496763	-1	-1	0	0	0	0	0
7505766	4266664	-1	204800	384	0	0	392
7510763	25273192	-1	1633280	517	0	0	517
7519763	-1	-1	0	0	0	0	0
7525763	-1	-1	0	0	0	0	0
7531764	9260520	-1	399360	345	0	0	452
7536763	28073352	-1	912384	260	0	0	299
7545763	-1	-1	0	0	0	0	0
7554763	12577440	-1	734208	467	0	0	505
7561763	14262200	-1	791552	444	0	0	509
7565763	-1	-1	0	0	0	0	0
7574763	-1	-1	0	0	0	0	0
7584763	9539472	-1	637952	535	0	0	535
7593763	-1	-1	0	0	0	0	0
7600765	17746696	-1	1146880	517	0	0	532
7608763	-1	-1	0	0	0	0	0
7614763	13336512	-1	905216	543	0	0	543
7620764	-1	-1	0	0	0	0	0
7629763	13272400	-1	1201152	724	0	0	724
7636763	-1	-1	0	0	0	0	0
7645763	-1	-1	0	0	0	0	0
7652763	-1	-1	0	0	0	0	0
7658763	21771248	-1	2106368	774	0	0	867
7667763	-1	-1	0	0	0	0	0
7676763	-1	-1	0	0	0	0	0
7678763	-1	-1	0	0	0	0	0
7687765	19510416	-1	1514496	621	0	0	754
7693763	-1	-1	0	0	0	0	0
7702763	19397776	-1	1449984	598	0	0	598
7711763	-1	-1	0	0	0	0	0
7720765	8110320	-1	1257100	1240	0	0	1240
7727763	-1	-1	0	0	0	0	0
7734763	-1	-1	0	0	0	0	0
7742763	-1	-1	0	0	0	0	0
7751763	22919192	-1	2294784	801	0	0	873
7758763	-1	-1	0	0	0	0	0
7763764	-1	-1	0	0	0	0	0
7772763	22530448	-1	2357248	837	0	0	837
7775763	-1	-1	0	0	0	0	0
7784763	-1	-1	0	0	0	0	0
7793763	-1	-1	0	0	0	0	0
7802763	-1	-1	0	0	0	0	0
7811762	10606200	-1	1201152	906	0	0	906
7815762	-1	-1	0	0	0	0	0
7824762	11510696	-1	1069056	743	0	0	743
7833762	-1	-1	0	0	0	0	0
7842762	12070704	-1	1137664	754	0	0	754
7851762	-1	-1	0	0	0	0	0
7860764	13326064	-1	1334272	801	0	0	801
7869763	-1	-1	0	0	0	0	0
7878762	8311736	-1	852992	821	0	0	821
7887769	-1	-1	0	0	0	0	0
7896762	17107888	-1	1452032	679	0	0	679
7905762	-1	-1	0	0	0	0	0
7914762	13373096	-1	1400832	838	0	0	838
7923762	-1	-1	0	0	0	0	0
7932762	11536896	-1	1179648	818	0	0	818
7936762	-1	-1	0	0	0	0	0
7945762	-1	-1	0	0	0	0	0
7954762	15370136	-1	2716672	1414	0	0	1414
7958762	-1	-1	0	0	0	0	0
7967762	-1	-1	0	0	0	0	0
7976762	-1	-1	0	0	0	0	0
7985762	-1	-1	0	0	0	0	0
7994762	22437840	-1	1783808	636	0	0	720
8003762	-1	-1	0	0	0	0	0
8012762	11837440	-1	1183744	800	0	0	800
8021762	-1	-1	0	0	0	0	0
8030762	13467752	-1	1040384	618	0	0	618
8039767	-1	-1	0	0	0	0	0
8048762	7848624	-1	819200	835	0	0	835
8057762	-1	-1	0	0	0	0	0
8066762	9884248	-1	789504	639	0	0	639
8075762	-1	-1	0	0	0	0	0
8084762	11654024	-1	789560	542	0	0	542
8093784	-1	-1	0	0	0	0	0
8106499	34185328	-1	5161984	1208	0	0	1245
8115498	-1	-1	0	0	0	0	0
8124498	-1	-1	0	0	0	0	0
8133498	-1	-1	0	0	0	0	0
8142498	21302032	-1	1539072	578	0	0	702
8151500	-1	-1	0	0	0	0	0
8160498	-1	-1	0	0	0	0	0
8169498	-1	-1	0	0	0	0	0
8178498	28630624	-1	2480128	693	0	0	732
8187498	-1	-1	0	0	0	0	0
8196503	-1	-1	0	0	0	0	0
8205498	-1	-1	0	0	0	0	0
8214498	26408976	-1	1917952	581	0	0	754
8223499	-1	-1	0	0	0	0	0
8232498	22347296	-1	1139712	408	0	0	427
8241498	-1	-1	0	0	0	0	0
8250499	11219712	-1	1070080	763	0	0	763
8259499	-1	-1	0	0	0	0	0
8268499	12899920	-1	1198080	743	0	0	743
8277499	-1	-1	0	0	0	0	0
8286503	12974296	-1	1219584	752	0	0	752
8295498	-1	-1	0	0	0	0	0
8304498	12594504	-1	1157120	735	0	0	735
8313498	-1	-1	0	0	0	0	0
8322499	11158944	-1	1128448	809	0	0	809
8331498	-1	-1	0	0	0	0	0
8340498	11987224	-1	1122304	749	0	0	749
8349502	-1	-1	0	0	0	0	0
8358498	10344728	-1	910336	704	0	0	704
8367498	-1	-1	0	0	0	0	0
8376498	11865328	-1	1373412	926	0	0	926
8385498	-1	-1	0	0	0	0	0
8394498	17448496	-1	1158144	531	0	0	531
8403498	-1	-1	0	0	0	0	0
8412498	8185920	-1	1378304	1347	0	0	1347
8421499	-1	-1	0	0	0	0	0
8430498	9021312	-1	1826816	1620	0	0	1620
8437498	-1	-1	0	0	0	0	0
8446498	8965944	-1	1399808	1249	0	0	1249
8455499	-1	-1	0	0	0	0	0
8464498	21295936	-1	1336320	502	0	0	502
8473498	-1	-1	0	0	0	0	0
8482498	19897080	-1	1310720	527	0	0	527
8491499	-1	-1	0	0	0	0	0
8500498	-1	-1	0	0	0	0	0
8504498	-1	-1	0	0	0	0	0
8513498	24311744	-1	2260992	744	0	0	882
8522499	-1	-1	0	0	0	0	0
8531498	22428688	-1	2139136	763	0	0	763
8540498	-1	-1	0	0	0	0	0
8549498	23934888	-1	1720320	575	0	0	575
8558498	-1	-1	0	0	0	0	0
8567501	19177480	-1	1771520	739	0	0	739
8576498	-1	-1	0	0	0	0	0
8585499	18064096	-1	1508352	668	0	0	668
8593498	-1	-1	0	0	0	0	0
8602498	-1	-1	0	0	0	0	0
8605498	-1	-1	0	0	0	0	0
8614498	23830104	-1	1897472	637	0	0	768
8623498	-1	-1	0	0	0	0	0
8632498	11747960	-1	1447936	986	0	0	986
8641498	-1	-1	0	0	0	0	0
8650498	16408640	-1	1363968	665	0	0	665
8658498	-1	-1	0	0	0	0	0
8667498	20334864	-1	1291264	508	0	0	508
8676498	-1	-1	0	0	0	0	0
8685498	-1	-1	0	0	0	0	0
8692498	-1	-1	0	0	0	0	0
8701498	20406352	-1	1844224	723	0	0	829
8710498	-1	-1	0	0	0	0	0
8720499	-1	-1	0	0	0	0	0
8726498	9814696	-1	384000	313	0	0	435
8731498	19435272	-1	600064	247	0	0	247
8740498	7124424	-1	750736	843	0	0	1019
8743498	-1	-1	0	0	0	0	0
8752498	-1	-1	0	0	0	0	0
8760498	11230968	-1	609280	434	0	0	532
8763499	-1	-1	0	0	0	0	0
8772498	10321416	-1	843776	654	0	0	654
8781498	-1	-1	0	0	0	0	0
8790498	-1	-1	0	0	0	0	0
8794498	-1	-1	0	0	0	0	0
8803498	12117904	-1	1349632	891	0	0	910
8808498	-1	-1	0	0	0	0	0
8816510	-1	-1	0	0	0	0	0
8822498	-1	-1	0	0	0	0	0
8831498	12228392	-1	735232	481	0	0	506
8837498	-1	-1	0	0	0	0	0
8846498	14842424	-1	1192960	643	0	0	702
8856498	-1	-1	0	0	0	0	0
8865498	-1	-1	0	0	0	0	0
8874525	3886304	-1	142336	293	0	0	323
8879498	19176728	-1	843776	352	0	0	408
8888498	-1	-1	0	0	0	0	0
8897498	11136496	-1	1084416	779	0	0	779
8905498	-1	-1	0	0	0	0	0
8914498	-1	-1	0	0	0	0	0
8918498	-1	-1	0	0	0	0	0
8927498	11085144	-1	721920	521	0	0	521
8935498	18149128	-1	1231872	543	0	0	612
8938498	-1	-1	0	0	0	0	0
8945498	-1	-1	0	0	0	0	0
8954498	-1	-1	0	0	0	0	0
8957498	-1	-1	0	0	0	0	0
8966498	22163848	-1	1947648	703	0	0	824
8972498	-1	-1	0	0	0	0	0
8981498	-1	-1	0	0	0	0	0
8983500	-1	-1	0	0	0	0	0
8992498	14634576	-1	1781760	974	0	0	974
9000498	-1	-1	0	0	0	0	0
9003498	-1	-1	0	0	0	0	0
9012498	-1	-1	0	0	0	0	0
9020498	19490016	-1	2126848	873	0	0	970
9029498	-1	-1	0	0	0	0	0
9038501	15464896	-1	1188864	615	0	0	623
9047502	-1	-1	0	0	0	0	0
9053498	17084712	-1	1373184	643	0	0	643
9062498	-1	-1	0	0	0	0	0
9071498	-1	-1	0	0	0	0	0
9080498	18281200	-1	1924096	842	0	0	1017
9081498	-1	-1	0	0	0	0	0
9090498	-1	-1	0	0	0	0	0
9099498	14696608	-1	1181240	643	0	0	643
9108498	-1	-1	0	0	0	0	0
9114498	12999760	-1	991232	610	0	0	616
9123498	-1	-1	0	0	0	0	0
9132498	9917840	-1	882688	712	0	0	712
9141498	-1	-1	0	0	0	0	0
9150499	11962184	-1	1315840	880	0	0	880
9159498	-1	-1	0	0	0	0	0
9168498	19124816	-1	1286144	538	0	0	538
9177498	-1	-1	0	0	0	0	0
9186498	12514048	-1	1417216	906	0	0	906
9193498	-1	-1	0	0	0	0	0
9202498	11172680	-1	1174528	841	0	0	841
9211498	-1	-1	0	0	0	0	0
9220498	16052528	-1	1041408	519	0	0	519
9229498	-1	-1	0	0	0	0	0
9238498	10647584	-1	1083392	814	0	0	814
9248499	-1	-1	0	0	0	0	0
9257498	9669392	-1	1119232	926	0	0	926
9266498	-1	-1	0	0	0	0	0
9275498	12343600	-1	681984	442	0	0	513
9284498	-1	-1	0	0	0	0	0
9293498	12186152	-1	1409024	925	0	0	925
9302498	-1	-1	0	0	0	0	0
9311498	-1	-1	0	0	0	0	0
9320498	-1	-1	0	0	0	0	0
9329498	12935080	-1	2016256	1247	0	0	1247
9338498	-1	-1	0	0	0	0	0
9345498	-1	-1	0	0	0	0	0
9352498	-1	-1	0	0	0	0	0
9360498	16324640	-1	1126400	552	0	0	552
9365498	-1	-1	0	0	0	0	0
9373498	-1	-1	0	0	0	0	0
9380502	9159248	-1	475136	415	0	0	428
9385498	17960928	-1	1376256	613	0	0	744
9394498	-1	-1	0	0	0	0	0
9403498	15539200	-1	1243136	640	0	0	640
9412498	-1	-1	0	0	0	0	0
9421498	18795352	-1	1165312	496	0	0	537
9430498	-1	-1	0	0	0	0	0
9439498	18355848	-1	1172480	511	0	0	514
9448499	-1	-1	0	0	0	0	0
9457498	20680184	-1	1375232	532	0	0	-1
9466498	-1	-1	0	0	0	0	-1
9475503	7172720	-1	1361920	1519	0	0	-1
9484498	-1	-1	0	0	0	0	-1
9493498	7466560	-1	1549312	1660	0	0	-1
9502498	-1	-1	0	0	0	0	-1
9511498	14978944	-1	1222656	653	0	0	-1
9520499	-1	-1	0	0	0	0	-1
9529498	-1	-1	0	0	0	0	-1
9556227	16586664	-1	1592320	768	0	0	4824
9565226	-1	-1	0	0	0	0	0
9574226	-1	-1	0	0	0	0	0
9583226	-1	-1	0	0	0	0	0
9592226	-1	-1	0	0	0	0	0
9601226	8974256	-1	1691648	1508	0	0	1508
9610227	-1	-1	0	0	0	0	0
9619226	-1	-1	0	0	0	0	0
9627226	-1	-1	0	0	0	0	0
9636226	13969976	-1	1641472	940	0	0	1075
9645226	-1	-1	0	0	0	0	0
9651226	10313320	-1	1080320	838	0	0	838
9660226	-1	-1	0	0	0	0	0
9669229	8774136	-1	1281024	1168	0	0	1168
9678226	-1	-1	0	0	0	0	0
9686226	-1	-1	0	0	0	0	0
9693227	-1	-1	0	0	0	0	0
9699226	12431160	-1	1600512	1030	0	0	1032
9708227	-1	-1	0	0	0	0	0
9711226	-1	-1	0	0	0	0	0
9720227	14471584	-1	1038336	574	0	0	574
9723227	-1	-1	0	0	0	0	0
9731226	17637320	-1	994304	451	0	0	451
9733227	-1	-1	0	0	0	0	0
9742226	-1	-1	0	0	0	0	0
9751227	7582048	-1	962920	1016	0	0	1016
9759226	-1	-1	0	0	0	0	0
9767227	10024008	-1	986112	787	0	0	787
9776227	-1	-1	0	0	0	0	0
9785227	-1	-1	0	0	0	0	0
9789227	-1	-1	0	0	0	0	0
9798226	24728216	-1	1829888	592	0	0	696
9807226	-1	-1	0	0	0	0	0
9814226	14649536	-1	1686528	921	0	0	921
9823226	-1	-1	0	0	0	0	0
9832226	17192944	-1	1545216	719	0	0	764
9841226	-1	-1	0	0	0	0	0
9850226	11618072	-1	1323008	911	0	0	911
9859226	-1	-1	0	0	0	0	0
9866226	9677648	-1	947200	783	0	0	783
9875226	-1	-1	0	0	0	0	0
9884238	9966440	-1	1035264	831	0	0	831
9893226	-1	-1	0	0	0	0	0
9902226	13606872	-1	1299456	764	0	0	764
9909226	-1	-1	0	0	0	0	0
9918226	-1	-1	0	0	0	0	0
9927226	-1	-1	0	0	0	0	0
9935226	13295216	-1	1317888	793	0	0	793
9944226	-1	-1	24576	298	0	0	313
9949226	18010352	-1	612352	272	0	0	313
9958227	-1	-1	0	0	0	0	0
9967226	5695192	-1	565248	794	0	0	794
9976226	-1	-1	0	0	0	0	0
9985227	19701120	-1	1100800	447	0	0	535
9991226	-1	-1	0	0	0	0	0
10000226	-1	-1	0	0	0	0	0
10007226	-1	-1	0	0	0	0	0
10016226	11866640	-1	1240064	836	0	0	960
10023226	-1	-1	0	0	0	0	0
10032226	8129272	-1	663552	653	0	0	653
10036226	-1	-1	0	0	0	0	0
10045226	9882712	-1	1083392	877	0	0	877
10049226	-1	-1	0	0	0	0	0
10058228	12765376	-1	1108992	695	0	0	695
10067226	-1	-1	0	0	0	0	0
10076226	-1	-1	0	0	0	0	0
10085226	-1	-1	0	0	0	0	0
10093226	14334088	-1	1918976	1071	0	0	1071
10097226	-1	-1	0	0	0	0	0
10106226	-1	-1	0	0	0	0	0
10115226	10246920	-1	1024692	800	0	0	800
10116226	-1	-1	0	0	0	0	0
10125226	-1	-1	0	0	0	0	0
10134226	18080728	-1	698368	309	0	0	332
10143226	-1	-1	0	0	0	0	0
10152227	17178912	-1	796672	371	0	0	406
10161226	-1	-1	0	0	0	0	0
10170226	31174416	-1	1282048	329	0	0	329
10179227	-1	-1	0	0	0	0	0
10188227	10968736	-1	893952	652	0	0	652
10197226	-1	-1	0	0	0	0	0
10206226	10347040	-1	742400	574	0	0	574
10216232	-1	-1	0	0	0	0	0
10225226	14231512	-1	1394688	784	0	0	784
10234226	-1	-1	0	0	0	0	0
10243226	-1	-1	0	0	0	0	0
10252226	24889072	-1	1953792	628	0	0	672
10255226	-1	-1	0	0	0	0	0
10265226	-1	-1	0	0	0	0	0
10271226	18473232	-1	688128	298	0	0	307
10278226	-1	-1	0	0	0	0	0
10287226	16199016	-1	627712	310	0	0	311
10296226	-1	-1	0	0	0	0	0
10305226	19221336	-1	922624	384	0	0	458
10314226	-1	-1	0	0	0	0	0
10323226	13215824	-1	897024	543	0	0	609
10332226	-1	-1	0	0	0	0	0
10341226	27480640	-1	1240064	361	0	0	417
10350230	-1	-1	0	0	0	0	0
10356226	18038624	-1	1138688	505	0	0	505
10365226	-1	-1	0	0	0	0	0
10375227	22577952	-1	1157120	410	0	0	410
10384226	-1	-1	0	0	0	0	0
10391226	-1	-1	0	0	0	0	0
10400230	20960752	-1	1674240	639	0	0	735
10404226	-1	-1	0	0	0	0	0
10413226	-1	-1	0	0	0	0	0
10422226	-1	-1	0	0	0	0	0
10431226	-1	-1	0	0	0	0	0
10440226	28662272	-1	1508352	421	0	0	509
10449226	-1	-1	0	0	0	0	0
10458226	16815160	-1	1038336	494	0	0	494
10467226	-1	-1	0	0	0	0	0
10476226	11048088	-1	994328	720	0	0	720
10486226	-1	-1	0	0	0	0	0
10492226	9636104	-1	1127424	936	0	0	936
10501226	-1	-1	0	0	0	0	0
10510226	14486144	-1	617472	341	0	0	412
10519226	-1	-1	0	0	0	0	0
10528226	10584712	-1	534528	404	0	0	434
10537226	-1	-1	0	0	0	0	0
10546226	18771800	-1	1046528	446	0	0	446
10555226	-1	-1	0	0	0	0	0
10564226	-1	-1	0	0	0	0	0
10573226	28084880	-1	2081792	593	0	0	646
10575227	-1	-1	0	0	0	0	0
10584228	-1	-1	0	0	0	0	0
10593227	-1	-1	0	0	0	0	0
10602226	-1	-1	0	0	0	0	0
10611226	14819400	-1	1028096	555	0	0	720
10620226	-1	-1	0	0	0	0	0
10629226	16180216	-1	813056	402	0	0	407
10638240	-1	-1	0	0	0	0	0
10647226	11109912	-1	729088	525	0	0	525
10656227	-1	-1	0	0	0	0	0
10665226	18010784	-1	952320	423	0	0	423
10674226	-1	-1	0	0	0	0	0
10683226	22343848	-1	1025024	367	0	0	413
10692226	-1	-1	0	0	0	0	0
10701226	17870160	-1	1009664	452	0	0	452
10710226	-1	-1	0	0	0	0	0
10719226	25848048	-1	1040384	322	0	0	322
10728226	-1	-1	0	0	0	0	0
10737227	20275200	-1	1115136	440	0	0	512
10746227	-1	-1	0	0	0	0	0
10755226	17085632	-1	922624	432	0	0	432
10764226	-1	-1	0	0	0	0	0
10773226	18634336	-1	966656	415	0	0	500
10782227	-1	-1	0	0	0	0	0
10791227	15577632	-1	870400	447	0	0	521
10800226	-1	-1	0	0	0	0	0
10809229	18300848	-1	928768	406	0	0	471
10818226	-1	-1	0	0	0	0	0
10827226	14187848	-1	833536	470	0	0	530
10836226	-1	-1	0	0	0	0	0
10845232	8744192	-1	674396	617	0	0	617
10854226	-1	-1	0	0	0	0	0
10863226	19442096	-1	1074176	442	0	0	522
10872227	-1	-1	0	0	0	0	0
10881227	8929392	-1	793600	711	0	0	711
10890230	-1	-1	0	0	0	0	0
10899227	7934856	-1	663552	669	0	0	669
10908226	-1	-1	0	0	0	0	0
10917226	7803848	-1	782336	802	0	0	802
10926235	-1	-1	0	0	0	0	0
10935233	10859560	-1	646144	476	0	0	512
10944226	-1	-1	0	0	0	0	0
10953227	5972696	-1	598016	801	0	0	801
10962226	-1	-1	0	0	0	0	0
10971228	9050016	-1	907264	802	0	0	802
10977226	-1	-1	0	0	0	0	0
10986226	8618664	-1	930816	864	0	0	864
10995226	-1	-1	0	0	0	0	0
11004226	13091520	-1	684032	418	0	0	418
11013226	-1	-1	0	0	0	0	0
11022226	8242072	-1	842752	818	0	0	818
11031226	-1	-1	0	0	0	0	0
11040226	10600296	-1	1144832	864	0	0	864
11049226	-1	-1	0	0	0	0	0
11058226	7534248	-1	645120	685	0	0	685
11067226	-1	-1	0	0	0	0	0
11076227	11692048	-1	632832	433	0	0	433
11085228	-1	-1	0	0	0	0	0
11088226	-1	-1	0	0	0	0	0
11097226	13916816	-1	1784832	1026	0	0	1026
11100226	-1	-1	0	0	0	0	0
11109226	-1	-1	0	0	0	0	0
11118226	-1	-1	0	0	0	0	0
11127226	-1	-1	0	0	0	0	0
11136233	12806392	-1	1796096	1122	0	0	1122
11145227	-1	-1	0	0	0	0	0
11154226	-1	-1	0	0	0	0	0
11163226	-1	-1	0	0	0	0	0
11172226	22975816	-1	1970176	686	0	0	686
11181227	-1	-1	0	0	0	0	0
11190227	-1	-1	0	0	0	0	0
11199226	-1	-1	0	0	0	0	0
11208230	19013112	-1	1383204	582	0	0	619
11212235	-1	-1	0	0	0	0	0
11220684	34644416	-1	5634048	1301	0	0	2124
11229684	31394776	-1	2036736	519	0	0	589
11238684	-1	-1	0	0	0	0	0
11246684	23780896	-1	1010688	340	0	0	414
11255705	-1	-1	0	0	0	0	0
11272066	17084520	-1	2122752	994	0	0	994
11282062	-1	-1	0	0	0	0	0
11290062	-1	-1	0	0	0	0	0
11296062	-1	-1	0	0	0	0	0
11301062	-1	-1	0	0	0	0	0
11309064	-1	-1	0	0	0	0	0
11317063	-1	-1	0	0	0	0	0
11326062	-1	-1	0	0	0	0	0
11335062	-1	-1	0	0	0	0	0
11340063	-1	-1	0	0	0	0	0
11349062	14489600	-1	869376	480	0	0	480
11358062	-1	-1	57344	161	0	0	165
11363062	30220488	-1	1239040	328	0	0	328
11372063	-1	-1	0	0	0	0	0
11381062	18769856	-1	1152000	491	0	0	491
11386062	-1	-1	0	0	0	0	0
11395062	-1	-1	0	0	0	0	0
11398062	-1	-1	0	0	0	0	0
11407062	22061792	-1	1356800	492	0	0	614
11414062	-1	-1	0	0	0	0	0
11423062	13632000	-1	1090560	640	0	0	640
11432062	-1	-1	0	0	0	0	0
11441062	15028080	-1	1089536	580	0	0	580
11450062	-1	-1	0	0	0	0	0
11459062	14547616	-1	1038336	571	0	0	571
11468062	-1	-1	0	0	0	0	0
11477062	14303696	-1	1133568	634	0	0	634
11486062	-1	-1	0	0	0	0	0
11495062	14700712	-1	939008	511	0	0	521
11504062	-1	-1	0	0	0	0	0
11513062	13915712	-1	974100	560	0	0	560
11522062	-1	-1	0	0	0	0	0
11531062	8433416	-1	1073152	1018	0	0	1018
11540062	-1	-1	0	0	0	0	0
11549062	17552512	-1	1445888	659	0	0	659
11558064	-1	-1	0	0	0	0	0
11567062	20661544	-1	1864704	722	0	0	722
11576062	-1	-1	0	0	0	0	0
11585062	18457928	-1	2187264	948	0	0	948
11594062	-1	-1	0	0	0	0	0
11603070	17972392	-1	1251328	557	0	0	557
11612062	-1	-1	0	0	0	0	0
11621062	11966392	-1	1009664	675	0	0	675
11630062	-1	-1	0	0	0	0	0
11639062	14770664	-1	965632	523	0	0	523
11648062	11999032	-1	1339392	893	0	0	893
11652062	-1	-1	0	0	0	0	0
11661062	-1	-1	0	0	0	0	0
11670062	13910944	-1	1382400	795	0	0	795
11678062	-1	-1	40960	189	0	0	354
11683062	14745600	-1	930816	505	0	0	505
11691062	-1	-1	0	0	0	0	0
11700062	16010224	-1	1052672	526	0	0	526
11703063	-1	-1	0	0	0	0	0
11712062	-1	-1	0	0	0	0	0
11715069	-1	-1	0	0	0	0	0
11724062	13333720	-1	2121728	1273	0	0	1273
11731062	-1	-1	0	0	0	0	0
11741062	16998112	-1	1502208	707	0	0	707
11749062	-1	-1	0	0	0	0	0
11758062	-1	-1	0	0	0	0	0
11760062	-1	-1	0	0	0	0	0
11769062	24040144	-1	3353600	1116	0	0	1116
11778062	-1	-1	0	0	0	0	0
11787062	-1	-1	0	0	0	0	0
11794062	-1	-1	0	0	0	0	0
11803062	17213208	-1	2465792	1146	0	0	1146
11812062	-1	-1	0	0	0	0	0
11821063	-1	-1	0	0	0	0	0
11830062	-1	-1	0	0	0	0	0
11837062	19293896	-1	2498560	1036	0	0	1036
11846062	-1	-1	0	0	0	0	0
11855062	-1	-1	0	0	0	0	0
11864062	-1	-1	0	0	0	0	0
11872062	17579312	-1	1746944	795	0	0	795
11880062	-1	-1	0	0	0	0	0
11888062	13481976	-1	832512	494	0	0	508
11892062	-1	-1	0	0	0	0	0
11901062	15977696	-1	1489920	746	0	0	746
11910062	-1	-1	0	0	0	0	0
11919062	-1	-1	0	0	0	0	0
11922062	-1	-1	0	0	0	0	0
11931062	15284896	-1	1068032	559	0	0	-1
11940062	-1	-1	0	0	0	0	-1
11949062	-1	-1	0	0	0	0	-1
11958062	-1	-1	0	0	0	0	-1
11961070	-1	-1	0	0	0	0	-1
11968062	-1	-1	0	0	0	0	-1
11977121	-1	-1	0	0	0	0	-1
11986062	-1	-1	0	0	0	0	-1
11995088	-1	-1	0	0	0	0	-1
