13048	11971400	-1	3717120	2484	0	0	9949
21041	7385536	-1	1069056	1158	0	0	1158
26245	7977144	-1	3877888	3889	0	0	4002
30494	14378184	-1	3838976	2136	0	0	3191
33842	20554728	-1	4506624	1754	0	0	1781
38842	12878336	-1	726016	451	0	0	465
42840	-1	-1	0	0	0	0	82
46821	14497968	-1	1031168	569	23552	19269	569
51841	7072600	494680	284672	322	313344	5067	443
55822	11885344	1111264	438272	295	555008	3995	295
59823	-1	1760328	0	0	877568	3988	0
64924	-1	904664	0	0	496640	4391	0
66925	-1	-1	0	0	0	0	0
74811	7630424	233648	4215808	4420	204800	7012	4486
76803	-1	1042112	0	0	257024	1973	0
79802	-1	978192	0	0	363520	2973	65
83817	4148360	-1	1054720	2034	130048	1230	2034
87801	-1	-1	40960	146	0	0	150
91829	7371928	-1	865280	939	0	0	939
96811	-1	-1	0	0	0	0	91
100798	7783248	-1	467968	481	0	0	481
105919	-1	-1	0	0	0	0	4
109915	12420128	-1	1251328	806	0	0	2001
113930	-1	-1	0	0	0	0	0
116919	-1	-1	0	0	0	0	0
120918	-1	-1	0	0	0	0	4
124918	8966496	-1	1766400	1576	0	0	2993
128928	-1	-1	0	0	0	0	0
132916	-1	-1	0	0	0	0	0
135917	7174696	-1	137216	153	0	0	993
137913	11032152	-1	584704	424	0	0	1000
142917	-1	-1	0	0	13312	59251	4
145914	7855488	-1	1570116	1599	5120	3908	2011
149914	-1	-1	0	0	0	0	0
154926	-1	-1	0	0	3072	8132	0
159915	-1	-1	0	0	7168	4249	0
163931	13052584	-1	1713152	1050	5120	3816	1995
165927	-1	-1	0	0	3072	3608	0
168924	-1	-1	0	0	3072	3840	0
170932	-1	-1	0	0	4096	1499	7
174918	9966592	-1	2472960	1985	0	0	2985
193589	15959984	-1	963584	483	0	0	483
197601	-1	-1	0	0	0	0	0
201591	-1	-1	0	0	0	0	0
205602	-1	-1	0	0	0	0	0
209603	-1	-1	0	0	0	0	0
214603	7625176	32208	1735680	1821	179200	44507	1821
218603	-1	581472	0	0	290816	4001	0
223602	11122728	831344	1461248	1051	515072	4956	1051
227591	-1	1108040	0	0	530432	3829	0
232593	-1	1037376	0	0	654336	5046	0
237603	-1	600024	0	0	386048	5147	2
241600	3228400	499800	560128	1388	247808	3966	1388
244594	-1	-1	0	0	52224	3007	0
249600	-1	546344	0	0	332800	4873	0
251593	8636528	603776	278528	258	162816	2157	260
255597	5345136	402832	282624	423	192512	3823	423
260592	-1	571080	0	0	367616	5149	0
264596	-1	877456	0	0	434176	3958	0
268593	4856888	1036936	1245184	2051	529408	4084	2051
270593	-1	1313720	0	0	326656	1989	0
273593	-1	1363152	0	0	512000	3004	0
278593	-1	1435784	0	0	898048	5003	0
283592	-1	1162416	0	0	726016	4996	0
286593	-1	864776	0	0	318464	2946	0
291592	-1	1051080	0	0	654336	4980	0
294604	-1	1322176	0	0	492544	2980	0
296592	-1	1398048	0	0	357376	2044	0
301592	-1	1445424	0	0	911360	5044	0
303592	-1	1442432	0	0	356352	1976	0
307593	-1	1458992	0	0	704512	3863	0
312602	-1	1446512	0	0	909312	5029	0
315590	-1	1455928	0	0	561152	3083	0
320605	-1	1694968	0	0	1059840	5002	0
323605	-1	1570936	0	0	340992	1736	0
327597	-1	565640	0	0	360448	5097	0
332599	-1	1970520	0	0	1236992	5021	0
336602	-1	912968	0	0	453632	3975	0
340594	-1	394728	0	0	197632	4005	0
341603	-1	-1	0	0	107520	962	0
346602	-1	423264	0	0	248832	4703	0
350603	-1	-1	0	0	102400	4328	0
355602	-1	542240	0	0	289792	4275	0
359601	-1	-1	0	0	112640	3887	0
362601	-1	480624	0	0	232448	3869	0
365596	-1	510928	0	0	189440	2966	0
369597	-1	-1	0	0	124928	4033	0
373600	-1	-1	0	0	113664	2014	0
378599	-1	177752	0	0	154624	6959	0
381592	-1	-1	0	0	22528	2993	0
386594	10475584	-1	1559552	1191	121856	4140	1191
389592	-1	-1	0	0	67584	3337	0
394596	5359344	-1	1739776	2597	117760	5442	2597
398592	-1	299448	0	0	153600	4103	0
402596	-1	619072	0	0	309248	3996	0
407592	7383504	631984	635904	689	395264	5003	689
410592	-1	877688	0	0	328704	2996	0
414594	-1	810136	0	0	405504	4004	0
419591	-1	1080968	0	0	676864	5009	0
420592	-1	1584592	0	0	196608	992	0
425592	-1	1082392	0	0	667648	4934	0
427591	-1	1180216	0	0	299008	2026	0
431593	-1	1182056	0	0	594944	4026	0
436590	-1	1401320	0	0	878592	5015	0
440591	-1	1433392	0	0	710656	3966	0
445591	-1	1386128	0	0	871424	5029	0
449589	-1	1698776	0	0	849920	4002	0
452590	-1	1933368	0	0	713728	2953	0
456592	-1	1710512	0	0	864256	4042	0
459597	-1	1972672	0	0	730112	2960	0
464604	-1	804792	0	0	487424	4845	0
467602	-1	603520	0	0	233472	3094	0
469602	-1	724392	0	0	186368	2058	0
474602	-1	663944	0	0	370688	4466	0
478601	-1	-1	0	0	71680	3352	0
483602	-1	357200	0	0	275456	6169	0
487602	-1	442200	0	0	179200	3242	0
489602	-1	-1	0	0	87040	2678	0
493600	-1	466280	0	0	167936	2881	0
495595	-1	-1	0	0	11264	3240	0
500600	7771328	300032	1078272	1110	187392	4996	1110
502598	-1	656968	0	0	157696	1920	0
507590	-1	699464	0	0	442368	5059	0
508590	-1	1092792	0	0	141312	1034	0
513597	4237920	1055064	1100800	2078	654336	4961	2078
517590	-1	1349240	0	0	680960	4037	0
522596	-1	1581064	0	0	986112	4989	0
525597	-1	1169856	0	0	399360	2730	0
529594	-1	1256400	0	0	632832	4029	0
532592	-1	1578256	0	0	594944	3015	0
536595	-1	1736720	0	0	870400	4009	0
540594	-1	2029280	0	0	996352	3927	0
545592	-1	2038016	0	0	1290240	5064	0
548592	-1	2670152	0	0	1007616	3018	0
553593	-1	2774512	0	0	1719296	4957	0
557593	-1	2574984	0	0	1264640	3928	0
561592	-1	2069272	0	0	1060864	4101	0
565592	-1	2731352	0	0	1354752	3968	0
568592	-1	2662792	0	0	1009664	3033	0
571591	-1	2273944	0	0	841728	2961	0
573603	-1	2182544	0	0	538624	1974	0
578591	-1	2329536	0	0	1463296	5025	0
580590	-1	2726920	0	0	696320	2042	0
585591	-1	2686040	0	0	1651712	4919	0
589589	-1	1723696	0	0	876544	4068	0
593596	-1	916856	0	0	454656	3967	0
595595	-1	1376216	0	0	338944	1970	0
598593	-1	1363240	0	0	512000	3004	0
602603	-1	1491824	0	0	749568	4019	0
606602	-1	1520440	0	0	711680	3744	0
610594	-1	1419056	0	0	754688	4254	0
614597	-1	1633464	0	0	718848	3520	0
619600	-1	-1	0	0	106496	3940	0
621593	-1	-1	0	0	54272	1992	0
625601	-1	-1	0	0	109568	4104	0
627601	-1	-1	0	0	55296	1842	0
631593	-1	-1	0	0	56320	2026	0
633597	-1	-1	0	0	0	0	0
638598	-1	-1	0	0	0	0	0
642596	-1	-1	0	0	0	0	0
646597	-1	-1	0	0	0	0	0
650593	-1	-1	0	0	0	0	0
655593	-1	-1	0	0	0	0	0
657596	-1	-1	0	0	0	0	0
662591	-1	-1	0	0	0	0	0
666595	-1	-1	0	0	0	0	0
670595	-1	-1	0	0	0	0	0
673593	-1	-1	0	0	0	0	0
678594	-1	-1	0	0	0	0	0
683594	-1	-1	0	0	0	0	0
687593	-1	-1	0	0	0	0	0
690593	-1	-1	0	0	0	0	0
693592	-1	-1	0	0	0	0	0
696593	-1	-1	0	0	32768	68022	0
700592	-1	-1	0	0	68608	4025	0
705591	-1	-1	0	0	70656	3960	0
708590	-1	-1	0	0	72704	3972	0
713590	-1	-1	0	0	74752	3986	0
716603	-1	-1	0	0	76800	3959	0
721597	-1	-1	0	0	77824	4011	0
726603	8466328	-1	1832960	1732	37888	1998	1732
731602	-1	-1	0	0	79872	8002	0
735602	11831952	-1	1434624	970	81920	4266	970
739603	-1	-1	0	0	84992	3724	0
744602	9698576	-1	1476608	1218	131072	5953	1218
747602	-1	-1	0	0	66560	3661	0
752612	12434744	582024	1995776	1284	364544	5010	1284
757593	-1	281576	0	0	176128	5003	0
761590	-1	626952	0	0	313344	3998	0
764590	6420760	-1	979968	1221	114688	2635	1221
767598	6405952	-1	1101824	1376	112640	3198	1376
771592	-1	-1	0	0	108544	3104	0
776593	-1	250936	0	0	189440	6039	0
778590	10800920	659608	1059840	785	147456	1788	823
782593	12683792	336520	705536	445	163840	3894	445
785594	-1	427832	0	0	146432	2738	0
790596	11413792	449328	1784832	1251	314368	5597	1251
794594	-1	1270976	0	0	628736	3957	0
798593	-1	1329752	0	0	669696	4028	0
802593	-1	1310816	0	0	657408	4012	0
805604	-1	1172968	0	0	435200	2968	0
809593	-1	1302480	4096	147	647168	3974	190
813593	5108600	944352	286720	449	478208	4051	449
816593	-1	962464	0	0	357376	2970	0
821593	-1	805312	0	0	504832	5015	0
825592	-1	1111272	0	0	558080	4017	0
826593	-1	1356712	0	0	163840	966	0
831590	4012720	1168624	542720	1082	718848	4921	1082
834597	9691944	1170248	172032	142	443392	3031	142
839591	-1	1162816	0	0	733184	5044	0
843590	-1	1166544	0	0	587776	4030	0
848591	-1	1248336	0	0	772096	4948	0
852602	-1	1217344	0	0	613376	4030	0
857592	-1	1370056	0	0	857088	5004	0
861592	-1	1472520	0	0	707584	3844	0
865592	-1	-1	0	0	0	0	0
867603	-1	-1	0	0	0	0	0
871603	8392232	-1	1459200	1391	0	0	1391
873603	-1	-1	0	0	0	0	0
877591	7100760	-1	1419264	1599	0	0	1599
880594	-1	-1	63488	60	0	0	60
882600	-1	-1	57344	141	0	0	163
886601	11776000	-1	1460224	992	0	0	992
888601	-1	-1	0	0	0	0	0
893593	-1	-1	0	0	0	0	0
897593	11694480	-1	817152	559	0	0	689
901589	15810272	-1	1142292	578	0	0	578
906593	-1	-1	0	0	0	0	202
910593	5854440	-1	569344	778	0	0	778
914591	11956272	-1	1753088	1173	0	0	1173
917597	11488784	-1	235520	164	0	0	164
922596	-1	-1	0	0	0	0	0
927596	16313832	-1	1904640	934	0	0	941
931593	-1	-1	0	0	0	0	0
936593	-1	-1	0	0	0	0	0
940593	14397440	-1	1439744	800	16384	40557	-1
942590	-1	-1	0	0	0	0	-1
946593	12056152	-1	1198080	795	0	0	-1
947593	-1	-1	0	0	0	0	-1
952605	12609832	-1	1324032	840	0	0	-1
956593	-1	-1	52224	45	57344	11472	-1
960592	-1	-1	0	0	57344	3971	-1
964591	-1	-1	0	0	67584	3959	-1
969604	12243184	-1	1398784	914	63488	4280	-1
972591	-1	-1	0	0	64512	3716	-1
981556	13743416	144264	2499584	1455	144384	8006	-1
988739	6572048	340344	1823744	2220	286720	6739	2937
992754	-1	668600	0	0	343040	4104	0
996754	-1	793504	0	0	399360	4026	0
999743	-1	965400	0	0	362496	3003	0
1003770	-1	901472	0	0	445440	3953	0
1008754	-1	1059224	0	0	660480	4988	0
1009769	-1	1102912	0	0	148480	1077	0
1014921	-1	988464	0	0	570368	4616	0
1018917	-1	-1	0	0	22528	1860	0
1023927	-1	-1	0	0	34816	7612	0
1027915	-1	-1	0	0	22528	3994	0
1032916	-1	-1	0	0	40960	4404	0
1034927	-1	-1	0	0	0	0	15
1037926	11420072	-1	768000	538	18432	4036	2002
1041934	-1	-1	0	0	10240	3548	0
1045921	4613224	-1	904192	1568	10240	3997	3006
1048916	-1	-1	0	0	11264	4068	0
1053919	6605776	-1	648192	785	11264	3975	1999
1057940	8192000	-1	449536	439	11264	4121	1027
1059931	7639368	-1	481280	504	11264	3904	980
1063917	-1	-1	0	0	11264	3984	0
1067918	9120000	-1	875520	768	11264	4014	2009
1071929	-1	-1	0	0	11264	3990	0
1076928	11336856	-1	1351920	954	11264	4016	2001
1080928	-1	-1	0	0	0	0	0
1083927	-1	-1	0	0	0	0	0
1086916	8377336	-1	462848	442	12288	8042	978
1089920	11305920	-1	1449984	1026	12288	3950	2001
1094920	-1	-1	0	0	12288	4079	0
1098924	-1	-1	0	0	12288	3915	0
1101934	-1	-1	0	0	12288	4100	6
1105926	9285088	-1	774144	667	12288	3975	2054
1108927	-1	-1	0	0	12288	3939	0
1112915	-1	-1	0	0	0	0	0
1114933	8266304	-1	455680	441	0	0	1008
1117923	7716064	-1	1328128	1377	0	0	1999
1121923	-1	-1	0	0	0	0	0
1126921	-1	-1	0	0	0	0	0
1130928	-1	-1	0	0	0	0	3
1134920	8515952	-1	1776640	1669	0	0	2987
1137919	-1	-1	0	0	0	0	0
1142920	-1	-1	0	0	0	0	0
1145934	-1	-1	0	0	0	0	0
1149939	10464688	-1	1037312	793	0	0	2013
1150918	-1	-1	0	0	0	0	0
1155916	7517448	-1	1106944	1178	0	0	1995
1159920	-1	-1	0	0	0	0	3
1162925	12010992	-1	1665024	1109	0	0	2002
1166920	14370712	-1	635904	354	0	0	1006
1168931	11575656	-1	465920	322	16384	60542	1001
1173920	-1	-1	0	0	11264	3761	0
1178939	10753976	-1	696320	518	11264	4048	1994
1181917	-1	-1	0	0	11264	3951	0
1186915	11203504	-1	640000	457	11264	5460	2004
1188922	-1	-1	0	0	6144	2520	0
1192924	11051376	-1	1084416	785	13312	4068	2014
1196920	-1	-1	0	0	17408	4002	0
1201916	10607808	-1	1299456	980	0	0	1993
1205929	-1	-1	0	0	0	0	0
1210927	-1	-1	0	0	0	0	0
1214928	6597992	-1	334848	406	0	0	1004
1216942	5517064	-1	202752	294	0	0	993
1220937	9928552	-1	1077248	868	0	0	2011
1222926	7630096	-1	264192	277	0	0	990
1227923	-1	-1	0	0	0	0	0
1231927	-1	-1	0	0	0	0	0
1234928	-1	-1	0	0	0	0	5
1237927	8549472	-1	587776	550	0	0	1995
1240926	-1	-1	0	0	0	0	0
1245929	9326088	-1	791552	679	0	0	1999
1249924	-1	-1	0	0	0	0	0
1251915	-1	-1	0	0	0	0	0
1256918	8927176	-1	435200	390	0	0	1003
1259920	13847696	-1	1921368	1110	16384	62016	2007
1264924	-1	-1	0	0	11264	3170	0
1268924	7225200	-1	1002496	1110	17408	4244	1998
1272917	-1	-1	0	0	11264	3827	0
1276932	10633728	-1	891904	671	5120	3895	2006
1280919	-1	-1	0	0	13312	4911	0
1285920	7001792	-1	771072	881	3072	3959	2010
1289918	-1	-1	0	0	3072	4118	0
1294918	7635480	-1	1053696	1104	8192	7054	1998
1298918	-1	-1	0	0	3072	4035	0
1301929	-1	-1	0	0	0	0	0
1305924	-1	-1	0	0	3072	4037	5
1309916	12825928	-1	4052992	2528	2048	3913	2989
1313916	-1	-1	0	0	2048	4031	0
1318915	-1	-1	0	0	1024	3919	0
1323933	8714392	-1	375808	345	0	0	1020
1325914	7921688	-1	1080320	1091	0	0	1091
1330919	-1	-1	0	0	0	0	0
1334926	9999440	-1	787456	630	0	0	1983
1339928	-1	-1	0	0	0	0	4
1342925	9709968	-1	792576	653	0	0	1985
1347930	-1	-1	0	0	0	0	0
1351921	11683296	-1	1048576	718	10240	37541	1995
1355927	-1	-1	0	0	9216	3100	0
1359931	7766632	-1	1084416	1117	16384	3997	2000
1362943	-1	-1	0	0	9216	3920	0
1367925	1885376	-1	555008	2355	9216	4078	3001
1372926	3148880	-1	393216	999	0	0	1002
1374918	3498600	-1	542720	1241	0	0	1991
1378928	4236592	-1	231424	437	0	0	437
1381919	2775704	-1	736256	2122	0	0	2122
1401694	10985944	-1	1896448	1381	71680	34968	1381
1404691	-1	1109288	0	0	420864	3035	0
1408690	-1	1113336	0	0	557056	4002	0
1413701	-1	1193640	0	0	745472	4996	0
1416701	-1	1666736	0	0	614400	2948	0
1420700	-1	1562632	0	0	784384	4015	0
1424700	-1	1578704	0	0	458752	2324	0
1427700	-1	-1	0	0	0	0	0
1431697	-1	410384	0	0	442368	8623	0
1436698	-1	1125032	0	0	172032	1223	0
1440695	-1	-1	0	0	8192	7764	0
1444696	-1	389776	0	0	197632	4056	0
1448696	-1	318576	0	0	156672	3934	0
1450696	-1	-1	0	0	77824	2071	0
1455694	-1	280032	0	0	159744	4563	0
1460693	-1	323888	0	0	218112	5387	0
1463692	-1	-1	18432	615	113664	2978	615
1467693	7861680	660288	365568	372	333824	4044	372
1471694	-1	1191072	0	0	595968	4002	29
1475693	11661672	1459016	1201152	824	729088	3997	824
1477692	7721552	737728	773120	801	186368	2021	814
1481704	9480632	1694616	421888	356	845824	3992	356
1484692	-1	1470848	0	0	548864	2985	0
1489691	6610232	2241184	693248	839	1405952	5018	839
1494691	5854416	2003880	1433600	1959	1252352	4999	1959
1496691	-1	2129568	0	0	527360	1981	0
1501705	-1	2805416	0	0	1755136	5004	0
1505695	-1	3060704	0	0	1529856	3998	0
1507698	-1	3307776	0	0	822272	1988	0
1512691	-1	3513632	0	0	2204672	5019	0
1516703	-1	4184752	0	0	2085888	3987	0
1520692	-1	4161208	0	0	2074624	3988	0
1523691	-1	4033344	0	0	1522688	3020	0
1526703	-1	3965016	0	0	1484800	2995	0
1531697	-1	4092152	0	0	2556928	4998	0
1532702	-1	3484384	0	0	433152	994	0
1537692	-1	4434648	0	0	2757632	4974	0
1540695	-1	4540624	0	0	1699840	2994	0
1545700	-1	2168704	0	0	1285120	4740	0
1548691	-1	-1	0	0	34816	3033	0
1552691	-1	3045792	0	0	1538048	4039	0
1555699	-1	3933536	0	0	1471488	2992	0
1560692	-1	3018544	0	0	1887232	5001	0
1564698	-1	3805128	0	0	1899520	3993	0
1568697	-1	3510064	0	0	1747968	3983	0
1571697	-1	3732376	0	0	1391616	2982	0
1576690	-1	3827232	0	0	2407424	5032	0
1580696	-1	3597136	0	0	1782784	3964	0
1582693	-1	3826080	0	0	971776	2031	0
1587693	-1	3983600	0	0	2484224	4988	0
1591691	-1	3605520	0	0	1800192	3994	0
1596692	-1	4380824	0	0	2656256	4850	0
1597692	-1	3717472	0	0	533504	1148	0
1601693	-1	4618024	0	0	1491968	2584	0
1606697	-1	1366168	0	0	1057792	6194	0
1608693	-1	2191920	0	0	550912	2010	0
1612692	-1	2279256	0	0	1139712	4000	0
1617692	-1	2255024	0	0	1399808	4966	0
1621692	-1	2856592	0	0	1419264	3974	0
1626690	-1	2920872	0	0	1830912	5014	0
1630706	-1	2623864	0	0	1310720	3996	0
1635705	-1	2884384	0	0	1804288	5004	0
1638695	-1	3081328	0	0	1149952	2985	0
1642695	-1	2330840	0	0	1170432	4017	0
1645703	-1	2383680	0	0	901120	3024	0
1648704	-1	2346864	0	0	872448	2974	0
1651703	-1	2330592	0	0	881664	3026	0
1655703	-1	2166992	0	0	1084416	4003	0
1659703	-1	2159928	0	0	1055744	3910	0
1663696	-1	2488880	0	0	1267712	4074	0
1668699	-1	2378096	0	0	1468416	4939	0
1672695	-1	2259656	0	0	1139712	4035	0
1677693	-1	2243824	0	0	1401856	4998	0
1680693	-1	2523688	0	0	931840	2953	0
1684694	-1	308592	0	0	149504	3875	0
1689693	-1	2500160	0	0	1565696	5009	0
1693694	-1	2833160	0	0	1417216	4001	0
1698691	-1	3349744	0	0	2074624	4954	0
1699693	-1	3585616	0	0	467968	1044	0
1704692	-1	3911424	0	0	2441216	4992	0
1708696	-1	3681104	0	0	1824768	3965	0
1711695	-1	1189664	0	0	445440	2995	0
1713693	-1	1154032	0	0	290816	2016	0
1718693	-1	1148608	0	0	720896	5021	0
1723696	-1	1171360	0	0	732160	5000	0
1727693	-1	1196464	0	0	596992	3991	0
1731690	-1	1123152	0	0	559104	3982	0
1735693	-1	1311840	0	0	653312	3984	0
1738693	-1	1353216	0	0	506880	2996	0
1742692	-1	1354936	0	0	658432	3887	0
1746692	-1	1469224	0	0	759808	4137	0
1750691	-1	1085624	0	0	535552	3946	0
1752691	-1	1106208	0	0	280576	2029	0
1756706	-1	1526400	0	0	770048	4035	0
1760692	-1	1585784	0	0	792576	3998	0
1762694	-1	1928512	0	0	471040	1953	0
1767692	-1	2172536	0	0	1370112	5045	0
1768691	-1	2110160	0	0	264192	1001	0
1772704	-1	2611504	0	0	1304576	3996	0
1777693	-1	1039688	0	0	648192	4987	0
1781697	-1	-1	0	0	37888	321	-1
1786703	-1	-1	0	0	1024	48	-1
1790697	-1	850336	0	0	959488	9026	-1
1793693	-1	3287384	0	0	1259520	3065	-1
1798693	-1	4474936	0	0	2787328	4983	-1
1802693	-1	3327216	0	0	1643520	3951	-1
1806701	-1	2056632	0	0	1031168	4011	-1
1810693	-1	2616872	0	0	1317888	4028	-1
1814693	-1	2660720	0	0	1332224	4005	-1
1817704	-1	2712184	0	0	1016832	2999	-1
1820691	-1	2994056	0	0	1115136	2979	-1
1823692	-1	2610816	0	0	988160	3027	-1
1827693	-1	2871544	0	0	1434624	3996	-1
1830697	-1	2930432	0	0	1089536	2974	-1
1834693	-1	2529304	0	0	1270784	4019	-1
1837696	-1	1174328	0	0	429056	2922	-1
1840696	-1	980744	0	0	360448	2940	-1
1845691	-1	1861600	0	0	1181696	5078	-1
1847691	-1	2259488	0	0	556032	1968	-1
1850694	-1	2525256	0	0	951296	3013	-1
1855693	-1	3071920	0	0	1917952	4994	-1
1858693	-1	2689920	0	0	1011712	3008	-1
1862694	-1	2524880	0	0	1258496	3987	-1
1865694	-1	2114328	0	0	795648	3010	-1
1869693	-1	2740056	0	0	1364992	3985	-1
1873693	-1	3070824	0	0	1537024	4004	-1
1877692	-1	3217816	0	0	1606656	3994	-1
1881704	-1	3638424	0	0	1816576	3994	-1
1883691	-1	3513624	0	0	890880	2028	-1
1887690	-1	3730736	0	0	1859584	3987	-1
1891692	-1	3734312	0	0	1855488	3975	-1
1892700	-1	1755312	0	0	226304	1031	-1
1897705	-1	1905360	0	0	1131520	4750	-1
1901690	-1	-1	0	0	0	0	-1
1903699	-1	479832	0	0	359424	5992	-1
1906691	-1	2150200	0	0	808960	3009	-1
1911700	-1	2450224	0	0	1520640	4964	-1
1915703	-1	3393920	0	0	1708032	4026	-1
1916703	-1	3635760	0	0	467968	1029	-1
1920699	-1	3547400	0	0	1762304	3974	-1
1925702	-1	2827432	0	0	1761280	4983	-1
1927703	-1	1757184	0	0	439296	1999	-1
1930701	-1	2447992	0	0	913408	2984	-1
1935701	-1	2068496	0	0	1299456	5025	-1
1939699	-1	2291016	0	0	1129472	3944	-1
1944700	-1	2033576	0	0	1245184	4898	-1
1947700	-1	1836368	0	0	727040	3167	-1
1951698	-1	2235264	0	0	1114112	3987	-1
1954690	-1	2414584	0	0	913408	3026	-1
1957694	-1	1986336	0	0	719872	2899	-1
1962697	-1	1790128	0	0	1127424	5038	-1
1964691	-1	2988488	0	0	760832	2036	-1
1969696	-1	3256736	0	0	2034688	4998	-1
1971695	-1	3047600	0	0	769024	2018	-1
1976693	-1	3636576	0	0	2263040	4978	-1
1980694	-1	3670664	0	0	1573888	3430	-1
1984693	-1	638560	0	0	351232	4400	-1
1989693	-1	3081432	0	0	1920000	4984	-1
1993693	-1	3469416	0	0	1736704	4004	-1
1998693	-1	3723640	0	0	2338816	5024	-1
2000691	-1	3488224	0	0	872448	2000	-1
2005692	-1	3946240	0	0	2451456	4969	-1
2009691	-1	3245288	0	0	1624064	4003	-1
2013700	-1	3629720	0	0	1811456	3992	-1
2018690	-1	1884160	0	0	1177600	5000	-1
2020706	-1	1286640	0	0	325632	2024	-1
2025705	-1	1557320	0	0	952320	4892	-1
2029703	-1	1686544	0	0	843776	4002	-1
2030691	-1	1242112	0	0	172032	1108	-1
2035704	-1	1582880	0	0	815104	4119	-1
2038690	-1	439944	0	0	204800	3724	-1
2042699	-1	2113688	0	0	1074176	4065	-1
2046691	-1	2573520	0	0	1278976	3975	-1
2050704	-1	2748448	0	0	1377280	4008	-1
2055702	-1	2981232	0	0	1840128	4937	-1
2059700	-1	3017936	0	0	1524736	4041	-1
2063702	-1	2769152	0	0	1380352	3987	-1
2064690	-1	3172720	0	0	387072	976	-1
2069700	-1	2973984	0	0	1876992	5049	-1
2070700	-1	3027280	0	0	371712	982	-1
2075693	-1	2903920	0	0	1817600	5007	-1
2079693	-1	2253824	0	0	1091584	3874	-1
2081694	-1	1717280	0	0	455680	2122	-1
2085699	-1	2155200	0	0	1079296	4006	-1
2088693	-1	2294920	0	0	856064	2984	-1
2091697	-1	2552264	0	0	950272	2978	-1
2094695	-1	2095744	0	0	795648	3037	-1
2099693	-1	2344488	0	0	1436672	4902	-1
2100694	-1	2449888	0	0	331776	1083	-1
2104693	-1	2877160	0	0	1436672	3994	-1
2108692	-1	2518104	0	0	1246208	3959	-1
2113698	-1	3057168	0	0	1928192	5045	-1
2117694	-1	3582688	0	0	906240	2023	-1
2121692	-1	1217624	0	0	885760	5819	-1
2124691	-1	3419288	0	0	1298432	3037	-1
2129703	-1	3398040	0	0	2114560	4978	-1
2132691	-1	3483600	0	0	1317888	3026	-1
2136693	-1	3407128	0	0	1709056	4012	-1
2140691	-1	2546048	0	0	1255424	3944	-1
2145692	-1	2030896	0	0	1246208	4909	-1
2148691	-1	2220968	0	0	871424	3138	-1
2152700	-1	2584896	0	0	1289216	3990	-1
2155691	-1	2730216	0	0	1026048	3006	-1
2160698	-1	2719040	0	0	1699840	5001	-1
2164690	-1	2688616	0	0	1348608	4012	-1
2168691	-1	2580936	0	0	1282048	3973	-1
2173691	-1	3058648	0	0	1911808	5000	-1
2175703	-1	3001392	0	0	720896	1921	-1
2179703	-1	3304792	0	0	314368	761	-1
2183702	-1	1036512	0	0	921600	7113	-1
2188690	-1	2777944	0	0	1748992	5036	-1
2193701	-1	2766736	0	0	1720320	4974	-1
2196691	-1	2922976	0	0	1094656	2996	-1
2199697	-1	2812632	0	0	1026048	2918	-1
2202702	-1	3246664	0	0	1253376	3088	-1
2204700	-1	3780048	0	0	951296	2013	-1
2209693	-1	3943536	0	0	2456576	4983	-1
2213698	-1	3919240	0	0	1965056	4011	-1
2222990	-1	2242104	0	0	537600	1918	-1
2229063	-1	1334056	0	0	835584	5010	993
2234046	-1	2824248	0	0	1730560	4902	0
2239044	-1	3418312	0	0	2168832	5075	0
2240046	-1	4188688	0	0	481280	919	0
2244063	-1	3492832	0	0	575488	1318	0
2249068	-1	750944	0	0	713728	7603	0
2253053	-1	2922448	0	0	1440768	3944	0
2257927	-1	1523648	0	0	441344	2317	0
2261925	-1	-1	0	0	50176	4029	0
2266925	-1	-1	0	0	50176	3923	0
2268929	-1	-1	0	0	50176	4086	0
2272926	-1	-1	0	0	50176	3988	0
2277931	-1	-1	0	0	50176	4005	0
2281924	-1	-1	0	0	34816	3853	0
2284925	-1	-1	0	0	34816	4005	0
2287923	-1	-1	0	0	34816	4122	0
2291923	-1	-1	0	0	35840	3894	0
2294936	-1	-1	0	0	0	0	0
2299927	-1	-1	0	0	71680	7979	0
2302922	-1	-1	0	0	0	0	0
2305922	-1	-1	0	0	35840	4027	0
2310917	-1	-1	0	0	35840	4020	0
2314915	-1	-1	0	0	35840	4002	0
2317914	-1	-1	0	0	35840	3931	0
2321920	-1	-1	0	0	35840	4018	0
2326919	-1	-1	0	0	41984	4168	0
2327923	-1	-1	0	0	44032	4081	0
2331918	-1	-1	0	0	8192	3780	0
2333922	-1	-1	0	0	0	0	0
2337917	-1	-1	0	0	7168	4278	0
2340922	-1	-1	0	0	20480	4404	0
2345916	-1	-1	0	0	10240	3585	0
2348916	-1	-1	0	0	10240	3912	0
2353916	-1	-1	0	0	10240	3838	0
2358915	-1	-1	0	0	10240	4045	0
2361914	-1	-1	0	0	10240	4006	0
2363916	-1	-1	0	0	11264	3820	0
2366915	-1	-1	0	0	0	0	0
2369914	-1	-1	0	0	27648	4074	0
2374925	-1	-1	0	0	28672	4175	0
2376912	-1	-1	0	0	11264	4923	0
2379932	-1	-1	0	0	11264	3518	0
2383927	-1	-1	0	0	5120	3451	0
2388927	-1	-1	0	0	18432	4194	0
2391929	-1	-1	0	0	12288	3927	0
2395924	-1	-1	0	0	12288	4021	0
2398927	-1	-1	0	0	0	0	0
2403056	-1	-1	0	0	0	0	0
2405041	-1	-1	0	0	0	0	0
2407053	-1	-1	0	0	0	0	0
2409049	-1	-1	0	0	0	0	0
2411057	-1	-1	0	0	0	0	0
2414053	-1	-1	0	0	0	0	0
2417064	-1	-1	0	0	0	0	0
2422051	-1	-1	0	0	0	0	0
2426073	-1	-1	0	0	0	0	0
2429071	-1	-1	0	0	0	0	0
2432063	-1	-1	0	0	0	0	0
2435069	-1	-1	0	0	0	0	0
2440053	-1	-1	0	0	24576	44525	0
2443920	-1	-1	0	0	32768	739	-1
2446926	-1	-1	0	0	0	0	-1
2450918	-1	-1	0	0	9216	6336	-1
2454917	-1	-1	0	0	10240	4168	-1
2455918	-1	-1	0	0	0	0	-1
2460917	-1	-1	0	0	16384	7558	-1
2464922	-1	-1	0	0	7168	3995	-1
2468917	-1	-1	0	0	11264	4762	-1
2471918	-1	-1	0	0	0	0	-1
2476919	-1	-1	0	0	22528	7337	-1
2480915	-1	-1	0	0	10240	4121	-1
2484915	-1	-1	0	0	6144	3833	-1
2489916	-1	-1	0	0	5120	4026	-1
2493915	-1	-1	0	0	7168	4000	-1
2498913	-1	-1	0	0	6144	4931	-1
2502912	-1	-1	0	0	6144	3208	-1
2504926	-1	-1	0	0	8192	4415	-1
2509942	-1	-1	0	0	7168	4010	-1
2513924	-1	-1	0	0	4096	4213	-1
2517923	-1	-1	0	0	8192	4853	-1
2520926	-1	-1	0	0	5120	2316	-1
2525929	-1	-1	0	0	10240	4820	-1
2528923	-1	-1	0	0	5120	3241	-1
2530918	-1	-1	0	0	0	0	-1
2535928	-1	-1	0	0	4096	4368	-1
2540924	-1	-1	0	0	5120	7420	-1
2544932	-1	-1	0	0	0	0	-1
2546916	-1	-1	0	0	0	0	-1
2551924	-1	-1	0	0	0	0	-1
2554920	-1	-1	0	0	0	0	-1
2558923	-1	-1	0	0	0	0	-1
2562923	-1	-1	0	0	0	0	-1
2566924	-1	-1	0	0	0	0	-1
2569933	-1	-1	0	0	0	0	-1
2573921	-1	-1	0	0	0	0	-1
2577921	-1	-1	0	0	0	0	-1
2582919	-1	-1	0	0	0	0	-1
2584924	-1	-1	0	0	0	0	-1
2588921	-1	-1	0	0	0	0	-1
2593918	-1	-1	0	0	0	0	-1
2594919	-1	-1	0	0	0	0	-1
2599916	-1	-1	0	0	0	0	-1
2603915	-1	-1	0	0	0	0	-1
2607915	-1	-1	0	0	0	0	-1
2612917	-1	-1	0	0	0	0	-1
2616914	-1	-1	0	0	0	0	-1
2620916	-1	-1	0	0	0	0	-1
2623915	-1	-1	0	0	0	0	-1
2628913	-1	-1	0	0	0	0	-1
2632913	-1	-1	0	0	0	0	-1
2637921	-1	-1	0	0	0	0	-1
2638927	-1	-1	0	0	0	0	-1
2643924	-1	-1	0	0	0	0	-1
2644930	-1	-1	0	0	0	0	-1
2649925	-1	-1	0	0	0	0	-1
2654924	-1	-1	0	0	0	0	-1
2655928	-1	-1	0	0	0	0	-1
2659923	-1	-1	0	0	0	0	-1
2662917	-1	-1	0	0	0	0	-1
2666918	-1	-1	0	0	0	0	-1
2668924	-1	-1	0	0	0	0	-1
2671919	-1	-1	0	0	0	0	-1
2674930	-1	-1	0	0	0	0	-1
2678916	-1	-1	0	0	0	0	-1
2683914	-1	-1	0	0	0	0	-1
2687922	-1	-1	0	0	0	0	-1
2690923	-1	-1	0	0	0	0	-1
2694915	-1	-1	0	0	0	0	-1
2698915	-1	-1	0	0	0	0	-1
2702915	-1	-1	0	0	0	0	-1
2707914	-1	-1	0	0	0	0	-1
2711920	-1	-1	0	0	0	0	-1
2713920	-1	-1	0	0	0	0	-1
2716934	-1	-1	0	0	0	0	-1
2720918	-1	-1	0	0	0	0	-1
2724919	-1	-1	0	0	0	0	-1
2729919	-1	-1	0	0	0	0	-1
2733916	-1	-1	0	0	0	0	-1
2737918	-1	-1	0	0	0	0	-1
2742916	-1	-1	0	0	0	0	-1
2746914	-1	-1	0	0	0	0	-1
2750914	-1	-1	0	0	0	0	-1
2753915	-1	-1	0	0	0	0	-1
2757914	-1	-1	0	0	0	0	-1
2758916	-1	-1	0	0	0	0	-1
2763915	-1	-1	0	0	0	0	-1
2767926	-1	-1	0	0	0	0	-1
2768924	-1	-1	0	0	0	0	-1
2772928	-1	-1	0	0	16384	230767	-1
2777924	-1	-1	0	0	8192	3524	-1
2781918	-1	-1	0	0	12288	7295	-1
2785925	-1	-1	0	0	7168	1662	-1
2790925	-1	-1	0	0	17408	7383	-1
2794931	-1	-1	0	0	6144	3531	-1
2799916	-1	-1	0	0	9216	4559	-1
2803913	-1	-1	0	0	22528	4357	-1
2808933	-1	-1	0	0	22528	3994	-1
2811915	-1	-1	0	0	25600	4297	-1
2814923	-1	-1	0	0	18432	3097	-1
2817915	-1	-1	0	0	0	0	-1
2819922	-1	-1	0	0	25600	5095	-1
2824927	-1	-1	0	0	21504	3418	-1
2825932	-1	-1	0	0	0	0	-1
2830921	-1	-1	0	0	33792	7166	-1
2834917	-1	-1	0	0	12288	4340	-1
2839915	-1	-1	0	0	12288	3714	-1
2843917	-1	-1	0	0	12288	3875	-1
2848931	-1	-1	0	0	12288	4205	-1
2862934	-1	-1	0	0	0	0	-1
2867931	-1	-1	0	0	32768	12531	-1
2872931	-1	-1	0	0	103424	5925	-1
2875931	-1	-1	0	0	35840	1918	-1
2880930	-1	927880	0	0	702464	6056	-1
2884930	-1	3177832	0	0	1595392	4016	-1
2889929	-1	3524040	0	0	2193408	4979	-1
2893929	-1	3667664	0	0	1842176	4018	-1
2898932	-1	3778864	0	0	2369536	5016	-1
2902943	-1	4282480	0	0	2125824	3971	-1
2903929	-1	3988368	0	0	502784	1008	-1
2907943	-1	4304136	0	0	2150400	3996	-1
2909943	-1	4532496	0	0	1135616	2004	-1
2913929	-1	4123096	0	0	2064384	4005	-1
2918930	-1	4186872	0	0	2609152	4985	-1
2921942	-1	4264984	0	0	1593344	2988	-1
2925940	-1	3917872	0	0	1388544	2835	-1
2930941	-1	834616	0	0	630784	6046	-1
2934940	-1	3555720	0	0	1787904	4022	-1
2939931	-1	3467712	0	0	2165760	4996	-1
2943929	-1	3893272	0	0	1927168	3960	-1
2948938	-1	4222680	0	0	2652160	5024	-1
2952937	-1	3515184	0	0	1758208	4001	-1
2957937	-1	4096904	0	0	2560000	4998	-1
2961936	-1	4914664	0	0	2455552	3997	-1
2966934	-1	5104536	0	0	3190784	5000	-1
2970933	-1	1402880	0	0	381952	2178	-1
2974935	-1	343384	0	0	237568	5534	-1
2976943	-1	2843216	0	0	742400	2088	-1
2981933	-1	3174008	0	0	1974272	4976	-1
2982931	-1	2974544	0	0	367616	988	-1
2986943	-1	3366576	0	0	1680384	3993	-1
2988932	-1	3334656	0	0	849920	2038	-1
2992933	-1	3462712	0	0	1726464	3988	-1
2996933	-1	3532856	0	0	1742848	3946	-1
3000931	-1	3788848	0	0	1920000	4054	-1
3005931	-1	3529344	0	0	2206720	5001	-1
3008930	-1	3037920	0	0	1138688	2998	-1
3011943	-1	3096736	0	0	1160192	2997	-1
3014929	-1	3381688	0	0	1249280	2955	-1
3019929	-1	3527672	0	0	2194432	4976	-1
3021935	-1	3607688	0	0	929792	2061	-1
3025944	-1	3456480	0	0	1729536	4003	-1
3028933	-1	3413792	0	0	1278976	2997	-1
3033944	-1	3385040	0	0	1699840	4017	-1
3037943	-1	-1	0	0	94208	4832	-1
3041938	-1	1939008	0	0	972800	4013	-1
3042937	-1	2088584	0	0	252928	968	-1
3046943	-1	2213392	0	0	1114112	4026	-1
3048942	-1	1945704	0	0	466944	1919	-1
3053933	-1	2011880	0	0	1278976	5085	-1
3055941	-1	2958504	0	0	742400	2007	-1
3060933	-1	3722816	0	0	2317312	4979	-1
3064936	-1	3904840	0	0	1959936	4015	-1
3065930	-1	3572448	0	0	445440	997	-1
3069938	-1	3602960	0	0	1774592	3940	-1
3073938	-1	2448512	0	0	1239040	4048	-1
3077935	-1	2305336	0	0	1142784	3965	-1
3081937	-1	2619592	0	0	1313792	4012	-1
3085937	-1	2520992	0	0	1255424	3983	-1
3089936	-1	2947416	0	0	1489920	4044	-1
3091932	-1	2934320	0	0	722944	1971	-1
3095935	-1	3320584	0	0	1652736	3981	-1
3099934	-1	3706888	0	0	1823744	3935	-1
3104929	-1	3339664	0	0	2121728	5082	-1
3106932	-1	3763344	0	0	944128	2007	-1
3111933	-1	3806008	0	0	2079744	4371	-1
3113934	-1	725856	0	0	227328	2505	-1
3116933	-1	1547144	0	0	583680	3018	-1
3118932	-1	3839160	0	0	948224	1975	-1
3123932	-1	4282616	0	0	2685952	5017	-1
3126933	-1	3857024	0	0	1421312	2948	-1
3131934	-1	4070376	0	0	2570240	5051	-1
3132933	-1	4108112	0	0	486400	947	-1
3136931	-1	3956328	0	0	1975296	3994	-1
3140931	-1	4171256	0	0	2111488	4049	-1
3144930	-1	4495056	0	0	2235392	3978	-1
3148932	-1	4893568	0	0	2437120	3984	-1
3150943	-1	5538944	0	0	1408000	2033	-1
3154929	-1	5741704	0	0	2859008	3983	-1
3159929	-1	4446088	0	0	2121728	3817	-1
3162930	-1	669232	0	0	335872	4015	-1
3165944	-1	3142776	0	0	1161216	2955	-1
3170943	-1	4118416	0	0	2586624	5024	-1
3173931	-1	4680912	0	0	1782784	3046	-1
3178943	-1	4765024	0	0	2950144	4952	-1
3180931	-1	4031000	0	0	1006592	1997	-1
3185941	-1	4770160	0	0	3005440	5040	-1
3189933	-1	3651984	0	0	1812480	3970	-1
3194933	-1	3341408	0	0	2097152	5021	-1
3197940	-1	3786856	0	0	1377280	2909	-1
3201934	-1	3659992	0	0	1822720	3984	-1
3206937	-1	3254440	0	0	1138688	2799	-1
3210937	-1	1816464	0	0	1422336	6264	-1
3213937	-1	3703512	0	0	1379328	2979	-1
3216937	-1	4134016	0	0	1564672	3027	-1
3220933	-1	5215176	0	0	2584576	3964	-1
3223935	-1	4766912	0	0	1792000	3007	-1
3227933	-1	4787720	0	0	2392064	3996	-1
3231934	-1	4868360	0	0	2409472	3959	-1
3236932	-1	5636240	0	0	3546112	5033	-1
3240934	-1	6033184	0	0	2898944	3843	-1
3244934	-1	5426888	0	0	2818048	4154	-1
3248932	-1	5598712	0	0	2801664	4003	-1
3250933	-1	4829848	0	0	1187840	1967	-1
3253932	-1	4974664	0	0	1840128	2959	-1
3255932	-1	4077304	0	0	1049600	2059	-1
3258933	-1	4040440	0	0	1515520	3000	-1
3261931	-1	3766064	0	0	1413120	3001	-1
3266931	-1	3818872	0	0	2379776	4985	-1
3269930	-1	4241200	0	0	1568768	2959	-1
3273930	-1	4050024	0	0	2052096	4053	-1
3276944	-1	4076200	0	0	1517568	2978	-1
3278930	-1	4286416	0	0	1055744	1970	-1
3283945	-1	3780976	0	0	1181696	2500	-1
3287945	-1	-1	0	0	0	0	-1
3288938	-1	-1	0	0	0	0	-1
3293944	-1	-1	0	0	0	0	-1
3296948	-1	-1	0	0	0	0	-1
3301943	-1	-1	0	0	0	0	-1
3306935	-1	-1	0	0	0	0	-1
3310938	-1	-1	0	0	0	0	-1
3315932	-1	-1	0	0	0	0	-1
3319941	-1	-1	0	0	0	0	-1
3324940	-1	-1	0	0	0	0	-1
3327940	-1	-1	0	0	0	0	-1
3332934	-1	-1	0	0	0	0	-1
3335938	-1	-1	0	0	0	0	-1
3340937	-1	-1	0	0	0	0	-1
3344933	-1	-1	0	0	0	0	-1
3348937	-1	-1	0	0	0	0	-1
3352936	-1	-1	0	0	0	0	-1
3356937	-1	-1	0	0	0	0	-1
3358935	-1	-1	0	0	0	0	-1
3362934	-1	-1	0	0	0	0	-1
3367934	-1	-1	0	0	0	0	-1
3371972	-1	-1	0	0	0	0	-1
3376934	-1	-1	0	0	0	0	-1
3380933	-1	-1	0	0	0	0	-1
3385933	-1	-1	0	0	0	0	-1
3387932	-1	-1	0	0	0	0	-1
3391932	-1	-1	0	0	0	0	-1
3393931	-1	-1	0	0	0	0	-1
3397931	-1	-1	0	0	0	0	-1
3401931	-1	-1	0	0	0	0	-1
3404930	-1	-1	0	0	0	0	-1
3409929	-1	-1	0	0	0	0	-1
3412933	-1	-1	0	0	0	0	-1
3417929	-1	-1	0	0	0	0	-1
3421945	-1	-1	0	0	0	0	-1
3426938	-1	-1	0	0	0	0	-1
3430938	-1	-1	0	0	0	0	-1
3434943	-1	-1	0	0	0	0	-1
3439942	-1	-1	0	0	0	0	-1
3443942	-1	-1	0	0	0	0	-1
3447934	-1	-1	0	0	0	0	-1
3452941	-1	-1	0	0	0	0	-1
3454940	-1	-1	0	0	0	0	-1
3458940	-1	-1	0	0	0	0	-1
3462933	-1	-1	0	0	0	0	-1
3467934	-1	-1	0	0	0	0	-1
3472933	-1	-1	0	0	0	0	-1
3476929	-1	-1	0	0	0	0	-1
3481933	-1	-1	0	0	0	0	-1
3483932	-1	-1	0	0	0	0	-1
3487936	-1	-1	0	0	0	0	-1
3499263	-1	-1	0	0	0	0	-1
3506016	-1	-1	0	0	0	0	-1
3509998	-1	-1	0	0	0	0	-1
3515015	-1	-1	0	0	0	0	-1
3518998	-1	-1	0	0	0	0	-1
3521999	-1	-1	0	0	0	0	-1
3525981	-1	-1	0	0	0	0	-1
3529981	-1	-1	0	0	0	0	-1
3532915	-1	-1	0	0	0	0	-1
3536914	-1	-1	0	0	0	0	-1
3538913	-1	-1	0	0	0	0	-1
3541916	-1	-1	0	0	0	0	-1
3544925	-1	-1	0	0	0	0	-1
3549924	-1	-1	0	0	0	0	-1
3552924	-1	-1	0	0	0	0	-1
3555924	-1	-1	0	0	0	0	-1
3560922	-1	-1	0	0	0	0	-1
3564923	-1	-1	0	0	0	0	-1
3569933	-1	-1	0	0	0	0	-1
3572923	-1	-1	0	0	0	0	-1
3576916	-1	-1	0	0	0	0	-1
3581925	-1	-1	0	0	0	0	-1
3585924	-1	-1	0	0	0	0	-1
3586925	-1	-1	0	0	0	0	-1
3591924	-1	-1	0	0	0	0	-1
3594924	-1	-1	0	0	0	0	-1
3598931	-1	-1	0	0	0	0	-1
3601921	-1	-1	0	0	0	0	-1
3604917	-1	-1	0	0	0	0	-1
3608914	-1	-1	0	0	0	0	-1
3613914	-1	-1	0	0	0	0	-1
3618917	-1	-1	0	0	0	0	-1
3622915	-1	-1	0	0	0	0	-1
3626918	-1	-1	0	0	0	0	-1
3628921	-1	-1	0	0	0	0	-1
3632918	-1	-1	0	0	0	0	-1
3634921	-1	-1	0	0	0	0	-1
3639917	-1	-1	0	0	0	0	-1
3644916	-1	-1	0	0	0	0	-1
3647914	-1	-1	0	0	0	0	-1
3652914	-1	-1	0	0	0	0	-1
3656915	-1	-1	0	0	0	0	-1
3660924	-1	-1	0	0	0	0	-1
3665913	-1	-1	0	0	0	0	-1
3668913	-1	-1	0	0	0	0	-1
3672913	-1	-1	0	0	0	0	-1
3675926	-1	-1	0	0	0	0	-1
3678923	-1	-1	0	0	0	0	-1
3680913	-1	-1	0	0	0	0	-1
3683932	-1	-1	0	0	0	0	-1
3687921	-1	-1	0	0	0	0	-1
3691944	-1	-1	0	0	0	0	-1
3695918	-1	-1	0	0	0	0	-1
3698923	-1	-1	0	0	0	0	-1
3701924	-1	-1	0	0	6144	198524	-1
3706919	-1	-1	0	0	10240	3794	-1
3710920	-1	-1	0	0	9216	4288	-1
3712915	-1	-1	0	0	0	0	-1
3716923	-1	-1	0	0	8192	4070	-1
3719914	-1	-1	0	0	10240	4000	-1
3724915	-1	-1	0	0	4096	3891	-1
3726914	-1	-1	0	0	4096	4511	-1
3730914	-1	-1	0	0	7168	3676	-1
3733918	-1	-1	0	0	6144	3605	-1
3736916	-1	-1	0	0	0	0	-1
3741913	-1	-1	0	0	4096	5275	-1
3744915	-1	-1	0	0	0	0	-1
3748921	-1	-1	0	0	0	0	-1
3753936	-1	-1	0	0	0	0	-1
3757916	-1	-1	0	0	0	0	-1
3762918	-1	-1	0	0	0	0	-1
3766917	-1	-1	0	0	0	0	-1
3770916	-1	-1	0	0	0	0	-1
3773919	-1	-1	0	0	0	0	-1
3775914	-1	-1	0	0	0	0	-1
3780915	-1	-1	0	0	0	0	-1
3781915	-1	-1	0	0	0	0	-1
3785914	-1	-1	0	0	0	0	-1
3789914	-1	-1	0	0	0	0	-1
3793914	-1	-1	0	0	0	0	-1
3797913	-1	-1	0	0	0	0	-1
3800913	-1	-1	0	0	0	0	-1
3805912	-1	-1	0	0	0	0	-1
3807913	-1	-1	0	0	0	0	-1
3810912	-1	-1	0	0	0	0	-1
3812930	-1	-1	0	0	0	0	-1
3817924	-1	-1	0	0	0	0	-1
3818917	-1	-1	0	0	0	0	-1
3822925	-1	-1	0	0	0	0	-1
3824925	-1	-1	0	0	0	0	-1
3829924	-1	-1	0	0	0	0	-1
3833922	-1	-1	0	0	0	0	-1
3838924	-1	-1	0	0	0	0	-1
3842920	-1	-1	0	0	0	0	-1
3847923	-1	-1	0	0	0	0	-1
3850924	-1	-1	0	0	0	0	-1
3852914	-1	-1	0	0	0	0	-1
3855922	-1	-1	0	0	0	0	-1
3857913	-1	-1	0	0	0	0	-1
3861922	-1	-1	0	0	0	0	-1
3864922	-1	-1	0	0	0	0	-1
3868921	-1	-1	0	0	0	0	-1
3871921	-1	-1	0	0	0	0	-1
3874923	-1	-1	0	0	0	0	-1
3878919	-1	-1	0	0	0	0	-1
3883918	-1	-1	0	0	0	0	-1
3884915	-1	-1	0	0	0	0	-1
3888918	-1	-1	0	0	0	0	-1
3893915	-1	-1	0	0	0	0	-1
