123787	23416448	-1	5107712	1745	0	0	1896
132785	17196696	-1	1625088	756	0	0	756
141785	-1	-1	0	0	0	0	0
150785	22275624	-1	1378304	495	0	0	652
159784	-1	-1	0	0	0	0	0
168784	-1	-1	0	0	0	0	0
170785	-1	-1	0	0	0	0	0
178785	20434080	-1	2278400	892	0	0	968
187784	-1	-1	0	0	0	0	0
197784	16518480	-1	1509376	731	0	0	731
206787	-1	-1	0	0	0	0	0
215785	11181568	-1	781312	559	0	0	559
224796	-1	-1	0	0	0	0	0
233784	15962032	-1	1123328	563	0	0	563
242784	9592624	-1	603136	503	0	0	503
245784	-1	-1	0	0	0	0	0
254785	-1	-1	0	0	0	0	0
262784	10940200	-1	851968	623	0	0	623
272784	-1	-1	0	0	0	0	0
281784	12624032	-1	711680	451	0	0	570
290798	-1	-1	0	0	0	0	0
297784	8595832	-1	915456	852	0	0	852
301797	-1	-1	0	0	0	0	0
310784	15327528	-1	906240	473	0	0	707
319785	-1	-1	0	0	0	0	0
328784	13418176	-1	954368	569	0	0	696
337796	-1	-1	0	0	0	0	0
345784	13618832	-1	943104	554	0	0	554
354784	-1	-1	0	0	0	0	0
363784	13052176	-1	874496	536	0	0	536
372784	-1	-1	0	0	0	0	0
379784	16477088	-1	1268736	616	0	0	744
388784	-1	-1	0	0	0	0	0
397784	8794352	-1	672768	612	0	0	690
404784	-1	-1	0	0	0	0	0
413784	14140760	-1	540884	306	0	0	448
419784	-1	-1	0	0	0	0	0
428785	5427200	-1	651264	960	0	0	1046
435784	-1	-1	0	0	0	0	0
444784	10383112	-1	538624	415	0	0	519
453784	-1	-1	0	0	0	0	0
460802	-1	-1	0	0	0	0	0
469784	10359944	-1	596992	461	0	0	617
473800	-1	-1	0	0	0	0	0
482784	7193424	-1	398336	443	0	0	480
491784	11815104	-1	831488	563	0	0	667
500784	-1	-1	0	0	0	0	0
507785	12856272	-1	891904	555	0	0	617
516784	-1	-1	0	0	0	0	0
525784	-1	-1	0	0	0	0	0
534785	15107328	-1	1017856	539	0	0	638
537784	-1	-1	0	0	0	0	0
545784	-1	-1	0	0	0	0	0
554783	10975488	-1	1631232	1189	0	0	1189
563784	-1	-1	0	0	0	0	0
572783	-1	-1	0	0	0	0	0
581784	14609760	-1	1079296	591	0	0	645
590784	-1	-1	0	0	0	0	0
599783	-1	-1	0	0	0	0	0
605784	13429688	-1	1270784	757	0	0	795
610784	-1	-1	0	0	0	0	0
619783	12982344	-1	1043456	643	0	0	735
624784	-1	-1	0	0	0	0	0
633784	13494912	-1	1104896	655	0	0	731
642784	-1	-1	0	0	0	0	0
651784	-1	-1	0	0	0	0	0
654784	-1	-1	0	0	0	0	0
663787	23507976	-1	2118656	721	0	0	852
672786	-1	-1	0	0	0	0	0
681784	-1	-1	0	0	0	0	0
690784	-1	-1	0	0	0	0	0
699784	18148864	-1	1969152	868	0	0	868
708783	-1	-1	0	0	0	0	0
717783	7299280	-1	427008	468	0	0	468
726784	-1	-1	0	0	0	0	0
735785	11139752	-1	998400	717	0	0	717
744783	-1	-1	0	0	0	0	0
753784	10191624	-1	647168	508	0	0	602
762785	-1	-1	0	0	0	0	0
771784	9762024	-1	789504	647	0	0	715
778783	-1	-1	0	0	0	0	0
787784	6995936	-1	767804	878	0	0	878
796784	-1	-1	0	0	0	0	0
805784	12755432	-1	824320	517	0	0	589
814784	-1	-1	0	0	0	0	0
820786	17842360	-1	1014784	455	0	0	603
829783	-1	-1	0	0	0	0	0
838784	15969424	-1	986112	494	0	0	620
847800	-1	-1	0	0	0	0	0
856783	14879896	-1	1134592	610	0	0	726
864783	-1	-1	0	0	0	0	0
873784	14590128	-1	999424	548	0	0	632
882783	-1	-1	0	0	0	0	0
891784	14169176	-1	1021952	577	0	0	621
900784	-1	-1	0	0	0	0	0
909784	23149304	-1	1545216	534	0	0	642
918784	-1	-1	0	0	0	0	0
927783	17331200	-1	693248	320	0	0	320
936784	-1	-1	0	0	0	0	0
943785	19646456	-1	1122304	457	0	0	649
952791	-1	-1	0	0	0	0	0
961784	19991048	-1	1276928	511	0	0	622
964784	-1	-1	0	0	0	0	0
973783	17881968	-1	1173504	525	0	0	525
982785	-1	-1	0	0	0	0	0
991784	19362912	-1	1331200	550	0	0	622
1000784	-1	-1	0	0	0	0	0
1009783	16790352	-1	1057792	504	0	0	547
1018784	-1	-1	0	0	0	0	0
1027784	17633384	-1	1271808	577	0	0	596
1036783	-1	-1	0	0	0	0	0
1045784	15698952	-1	1126400	574	0	0	700
1054790	-1	-1	0	0	0	0	0
1063784	22817584	-1	1674240	587	0	0	587
1072783	-1	-1	0	0	0	0	0
1081784	14060896	-1	824320	469	0	0	590
1090784	-1	-1	0	0	0	0	0
1099784	16190792	-1	1287168	636	0	0	732
1108784	-1	-1	0	0	0	0	0
1116784	19414208	-1	951296	392	0	0	508
1125784	-1	-1	0	0	0	0	0
1134785	17145736	-1	1313792	613	0	0	709
1143784	31070768	-1	1413720	364	0	0	417
1144784	-1	-1	0	0	0	0	0
1153783	-1	-1	0	0	0	0	0
1162787	11358136	-1	756736	533	0	0	626
1171783	-1	-1	0	0	0	0	0
1180784	19646080	-1	820224	334	0	0	407
1189787	-1	-1	0	0	0	0	0
1198783	19569776	-1	1012736	414	0	0	601
1207785	-1	-1	0	0	0	0	0
1216799	14118128	-1	912384	517	0	0	710
1220784	-1	-1	0	0	0	0	0
1228784	15972608	-1	914432	458	0	0	617
1237783	-1	-1	0	0	0	0	0
1246784	21899176	-1	971776	355	0	0	415
1255784	-1	-1	0	0	0	0	0
1264783	24221832	-1	1610752	532	0	0	627
1270789	-1	-1	0	0	0	0	0
1276784	-1	-1	0	0	0	0	0
1285783	20416112	-1	1472512	577	0	0	577
1294783	-1	-1	0	0	0	0	0
1303783	-1	-1	0	0	0	0	0
1310802	29873496	-1	2240512	600	0	0	686
1319784	-1	-1	0	0	0	0	0
1328783	12868440	-1	1600512	995	0	0	995
1337784	-1	-1	0	0	0	0	0
1346783	9246416	-1	1050624	909	0	0	1089
1355784	-1	-1	0	0	0	0	0
1363783	23520856	-1	1643520	559	0	0	638
1373784	-1	-1	0	0	0	0	0
1382784	15406672	-1	1436672	746	0	0	746
1389784	-1	-1	0	0	0	0	0
1397784	-1	-1	0	0	0	0	0
1400784	-1	-1	0	0	0	0	0
1407784	13086808	-1	788480	482	0	0	482
1416785	22473488	-1	1477632	526	0	0	625
1417784	-1	-1	0	0	0	0	0
1426804	9974520	-1	269312	216	0	0	414
1431784	15581984	-1	557056	286	0	0	286
1440793	-1	-1	0	0	0	0	0
1449783	14244176	-1	913408	513	0	0	635
1458784	-1	-1	0	0	0	0	0
1467783	11275008	-1	786432	558	0	0	698
1476784	-1	-1	0	0	0	0	0
1485784	15772488	-1	1399808	710	0	0	710
1489783	-1	-1	0	0	0	0	0
1498784	20780544	-1	1239040	477	0	0	506
1507783	-1	-1	0	0	0	0	0
1516784	6894144	-1	1017748	1181	0	0	1181
1525785	-1	-1	0	0	0	0	0
1533790	9670504	-1	904192	748	0	0	818
1542784	-1	-1	0	0	0	0	0
1551784	10941216	-1	1006592	736	0	0	760
1560784	-1	-1	0	0	0	0	0
1569784	10556400	-1	1101824	835	0	0	890
1578784	-1	-1	0	0	0	0	0
1587784	9712616	-1	1131520	932	0	0	965
1596784	-1	-1	0	0	0	0	0
1605784	8888600	-1	979968	882	0	0	882
1614784	-1	-1	0	0	0	0	0
1623839	9061768	-1	917504	810	0	0	810
1632784	-1	-1	0	0	0	0	0
1641799	8461832	-1	802816	759	0	0	842
1650801	-1	-1	0	0	0	0	0
1659784	8350216	-1	972800	932	0	0	944
1668801	-1	-1	0	0	0	0	0
1677800	8539224	-1	679936	637	0	0	637
1684784	-1	-1	0	0	0	0	0
1692784	8575200	-1	1031168	962	0	0	962
1699783	-1	-1	0	0	0	0	0
1707784	-1	-1	0	0	0	0	0
1714783	-1	-1	0	0	0	0	0
1723784	10920040	-1	1418240	1039	0	0	1039
1730786	7943760	-1	655360	660	0	0	673
1735784	15432024	-1	1261568	654	0	0	654
1744784	-1	-1	0	0	0	0	0
1753784	11842280	-1	1577984	1066	0	0	1066
1760785	-1	-1	0	0	0	0	0
1769784	4892016	-1	648192	1060	0	0	1060
1778783	-1	-1	0	0	0	0	0
1787796	9015056	-1	717824	637	0	0	721
1796786	-1	-1	0	0	0	0	0
1805785	13294728	-1	1379328	830	0	0	849
1814784	-1	-1	0	0	0	0	0
1823790	11871720	-1	1182720	797	0	0	877
1832784	-1	-1	0	0	0	0	0
1841783	10658288	-1	1004544	754	0	0	824
1850784	-1	-1	0	0	0	0	0
1859784	6556520	-1	459776	561	0	0	663
1868783	-1	-1	0	0	0	0	0
1877785	9400808	-1	815520	694	0	0	714
1886784	-1	-1	0	0	0	0	0
1892783	8615728	-1	812032	754	0	0	820
1901784	-1	-1	0	0	0	0	0
1910785	13822936	-1	834560	483	0	0	562
1919784	10733816	-1	717824	535	0	0	535
1924783	-1	-1	0	0	0	0	0
1933784	-1	-1	0	0	0	0	0
1941803	8755472	-1	620544	567	0	0	716
1950799	-1	-1	0	0	0	0	0
1959800	12809712	-1	1181696	738	0	0	849
1968800	-1	-1	0	0	0	0	0
1977800	16432960	-1	1031168	502	0	0	612
1986800	-1	-1	0	0	0	0	0
1995784	12288000	-1	1053696	686	0	0	741
2004812	-1	-1	0	0	0	0	0
2013784	12296376	-1	751616	489	0	0	489
2022784	-1	-1	0	0	0	0	0
2031788	7035896	-1	1015808	1155	0	0	1155
2075347	26061000	-1	3270656	1004	0	0	1004
2081344	-1	-1	0	0	0	0	0
2090344	-1	-1	0	0	0	0	0
2092348	-1	-1	0	0	0	0	0
2101344	-1	-1	0	0	0	0	0
2110357	-1	-1	0	0	0	0	0
2119344	18875200	-1	1668096	707	0	0	743
2128355	-1	-1	0	0	0	0	0
2137347	13155480	-1	892928	543	0	0	570
2146344	-1	-1	0	0	0	0	0
2155344	15157008	-1	1290240	681	0	0	681
2164348	-1	-1	0	0	0	0	0
2173344	22849968	-1	1762304	617	0	0	618
2182345	-1	-1	0	0	0	0	0
2191344	14970656	-1	1702912	910	0	0	910
2194344	-1	-1	0	0	0	0	0
2203344	20909104	-1	1372160	525	0	0	534
2212344	-1	-1	0	0	0	0	0
2221344	-1	-1	0	0	0	0	0
2230344	23249960	-1	2423808	834	0	0	834
2234344	-1	-1	0	0	0	0	0
2243344	-1	-1	0	0	0	0	0
2252348	-1	-1	0	0	0	0	0
2261344	13641712	-1	1202176	705	0	0	773
2270344	-1	-1	0	0	0	0	0
2279344	-1	-1	0	0	0	0	0
2286344	11311032	-1	2028916	1435	0	0	1562
2295350	-1	-1	0	0	0	0	0
2304344	-1	-1	0	0	0	0	0
2313344	-1	-1	0	0	0	0	0
2322345	16598328	-1	1427456	688	0	0	757
2331359	-1	-1	0	0	0	0	0
2340344	-1	-1	0	0	0	0	0
2349344	8925608	-1	598016	536	0	0	536
2358345	-1	-1	43008	181	0	0	220
2367344	13210520	-1	366592	222	0	0	222
2373346	12340288	-1	724992	470	0	0	510
2382348	-1	-1	0	0	0	0	0
2391344	6444672	-1	290816	361	0	0	361
2401344	13985728	-1	1134592	649	0	0	649
2405345	-1	-1	0	0	0	0	0
2414348	6745608	-1	1093632	1297	0	0	1297
2415344	-1	-1	0	0	0	0	0
2424350	-1	-1	0	0	0	0	0
2433344	12563224	-1	794624	506	0	0	518
2442348	-1	-1	0	0	0	0	0
2450343	19067256	-1	2059264	864	0	0	1147
2459344	-1	-1	0	0	0	0	0
2469343	-1	-1	0	0	0	0	0
2476344	-1	-1	0	0	0	0	0
2485344	10714496	-1	896000	669	0	0	730
2487344	-1	-1	0	0	0	0	0
2496344	5695952	-1	894976	1257	0	0	1257
2505344	-1	-1	0	0	0	0	0
2514344	10310392	-1	787456	611	0	0	668
2523347	-1	-1	0	0	0	0	0
2532351	8852472	-1	850944	769	0	0	769
2541349	-1	-1	0	0	0	0	0
2550360	11436720	-1	949248	664	0	0	666
2559360	-1	-1	0	0	0	0	0
2568344	12692488	-1	1397760	881	0	0	881
2577344	-1	-1	0	0	0	0	0
2586346	17659800	-1	1077248	488	0	0	526
2587347	-1	-1	0	0	0	0	0
2596350	-1	-1	0	0	0	0	0
2601345	-1	-1	0	0	0	0	0
2610344	17427568	-1	1368064	628	0	0	860
2618362	-1	-1	0	0	0	0	0
2620344	-1	-1	0	0	0	0	0
2629361	12067784	-1	701440	465	0	0	527
2638360	-1	-1	0	0	0	0	0
2647361	14048264	-1	849920	484	0	0	530
2656344	-1	-1	0	0	0	0	0
2662344	-1	-1	0	0	0	0	0
2671344	12318344	-1	1247232	810	0	0	892
2680343	-1	-1	0	0	0	0	0
2689344	16688432	-1	1234944	592	0	0	648
2698344	-1	-1	0	0	0	0	0
2707344	14786144	-1	1269760	687	0	0	700
2716351	-1	-1	0	0	0	0	0
2725348	15594280	-1	1516544	778	0	0	778
2727344	-1	-1	0	0	0	0	0
2736344	-1	-1	0	0	0	0	0
2743344	-1	-1	0	0	0	0	0
2752347	15218952	-1	2126848	1118	0	0	1118
2761344	-1	-1	0	0	0	0	0
2770349	-1	-1	0	0	0	0	0
2779347	21535032	-1	2487296	924	0	0	1105
2780344	-1	-1	0	0	0	0	0
2789349	-1	-1	0	0	0	0	0
2798344	12502872	-1	953344	610	0	0	657
2807344	-1	-1	0	0	0	0	0
2816344	12940144	-1	503048	311	0	0	-1
2825344	-1	-1	0	0	0	0	-1
2834344	13371272	-1	1876992	1123	0	0	-1
2843353	-1	-1	0	0	0	0	-1
2852345	13389072	-1	933888	558	0	0	-1
2861344	-1	-1	0	0	0	0	-1
2870344	-1	-1	0	0	0	0	-1
2879344	12193936	-1	730112	479	0	0	-1
3076798	4905176	-1	701440	1144	0	0	24381
3081796	-1	-1	0	0	0	0	0
3090797	19588128	-1	1821696	744	0	0	813
3097796	-1	-1	0	0	0	0	0
3106807	-1	-1	0	0	0	0	0
3116799	13946504	-1	568320	326	0	0	432
3121796	70180952	-1	850944	97	0	0	194
3130800	-1	-1	0	0	0	0	0
3139797	17426352	-1	1215488	558	0	0	558
3144796	-1	-1	0	0	0	0	0
3153797	10942600	-1	562176	411	0	0	429
3163797	-1	-1	0	0	0	0	0
3172797	19444048	-1	1249280	514	0	0	566
3177796	-1	-1	0	0	0	0	0
3184796	12047960	-1	573784	381	0	0	453
3193797	-1	-1	0	0	0	0	0
3202809	10575304	-1	1122304	849	0	0	854
3212797	-1	-1	0	0	0	0	0
3222800	-1	-1	0	0	0	0	0
3229799	14421704	-1	1249280	693	0	0	711
3233806	-1	-1	0	0	0	0	0
3242802	-1	-1	0	0	0	0	0
3251798	-1	-1	0	0	0	0	0
3256796	-1	-1	0	0	0	0	0
3264797	8716704	-1	1360896	1249	0	0	1253
3268796	-1	-1	0	0	0	0	0
3277798	-1	-1	0	0	0	0	0
3280796	-1	-1	0	0	0	0	0
3290802	6255848	-1	1703936	2179	0	0	2179
3299796	-1	-1	0	0	0	0	0
3309796	13846192	-1	1078272	623	0	0	623
3318797	12754008	-1	532480	334	0	0	341
3323799	14810272	-1	703488	380	0	0	380
3332797	-1	-1	0	0	0	0	0
3341797	9069392	-1	1037312	915	0	0	915
3350806	-1	-1	0	0	0	0	0
3359799	15597664	-1	1360896	698	0	0	758
3369796	-1	-1	0	0	0	0	0
3378796	11743008	-1	1754112	1195	0	0	1195
3387796	-1	-1	0	0	0	0	0
3396796	11101832	-1	1226752	884	0	0	884
3405796	-1	-1	0	0	0	0	0
3414796	-1	-1	0	0	0	0	0
3419799	-1	-1	0	0	0	0	0
3428796	13428200	-1	1893376	1128	0	0	1128
3437796	-1	-1	0	0	0	0	0
3446796	11038448	-1	1334272	967	0	0	967
3455796	-1	-1	0	0	0	0	0
3463796	-1	-1	0	0	0	0	0
3472796	-1	-1	0	0	0	0	0
3481801	10697632	-1	1687552	1262	0	0	1262
3490796	-1	-1	0	0	0	0	0
3499796	13753992	-1	1445888	841	0	0	841
3508796	-1	-1	0	0	0	0	0
3517796	8652360	-1	750592	694	0	0	694
3522796	-1	-1	0	0	0	0	0
3531795	7928848	-1	709632	716	0	0	716
3540796	-1	-1	0	0	0	0	0
3549802	13995200	-1	1084628	620	0	0	620
3558796	-1	-1	0	0	0	0	0
3564796	9352200	-1	949248	812	0	0	812
3573796	-1	-1	0	0	0	0	0
3581796	9137656	-1	850944	745	0	0	745
3590796	-1	-1	0	0	0	0	0
3599797	-1	-1	0	0	0	0	0
3603796	-1	-1	0	0	0	0	0
3612802	13596816	-1	1313792	773	0	0	861
3619797	-1	-1	0	0	0	0	0
3628796	-1	-1	0	0	0	0	0
3637796	-1	-1	0	0	0	0	0
3646796	10697144	-1	1198080	896	0	0	896
3655799	-1	-1	0	0	0	0	0
3662796	-1	-1	0	0	0	0	0
3671798	-1	-1	131072	321	0	0	326
3676796	15411568	-1	1071104	556	0	0	695
3686796	-1	-1	0	0	0	0	0
3694797	10224368	-1	669696	524	0	0	524
3696797	-1	-1	0	0	0	0	0
3705796	-1	-1	0	0	0	0	0
3709796	-1	-1	0	0	0	0	0
3718796	18584376	-1	1842176	793	0	0	861
3727798	-1	-1	0	0	0	0	0
3737798	11791944	-1	851968	578	0	0	578
3746796	-1	-1	0	0	0	0	0
3755795	9784888	-1	748544	612	0	0	622
3764799	-1	-1	0	0	0	0	0
3773798	-1	-1	0	0	0	0	0
3777796	-1	-1	0	0	0	0	0
3783796	16504632	-1	1541120	747	0	0	887
3792806	-1	-1	0	0	0	0	0
3802799	8090864	-1	819200	810	0	0	810
3811796	-1	-1	0	0	0	0	0
3820796	12831720	-1	906240	565	0	0	565
3828796	-1	-1	0	0	0	0	0
3835796	8957384	-1	766976	685	0	0	685
3844797	-1	-1	0	0	0	0	0
3851796	16259672	-1	1205248	593	0	0	593
3859796	-1	-1	0	0	0	0	0
3868796	-1	-1	0	0	0	0	0
3876796	-1	-1	0	0	0	0	0
3882797	12211224	-1	1872896	1227	0	0	1227
3892796	-1	-1	0	0	0	0	0
3898796	12972600	-1	1144832	706	0	0	706
3907796	-1	-1	0	0	0	0	0
3917797	12409064	-1	958600	618	0	0	618
3923796	-1	-1	0	0	0	0	0
3933797	7620024	-1	1227776	1289	0	0	1289
3942796	-1	-1	0	0	0	0	0
3951797	8352136	-1	1709056	1637	0	0	1637
3960796	-1	-1	0	0	0	0	0
3970796	10862616	-1	1049600	773	0	0	773
3979798	-1	-1	0	0	0	0	0
3988797	10783528	-1	1269760	942	0	0	942
3993796	-1	-1	0	0	0	0	0
4002796	-1	-1	0	0	0	0	0
4011796	-1	-1	0	0	0	0	0
4017796	8160160	-1	1837056	1801	0	0	1801
4026796	-1	-1	0	0	0	0	0
4035796	9985512	-1	1265664	1014	0	0	1014
4042796	-1	-1	0	0	0	0	0
4051804	9449944	-1	1261568	1068	0	0	1068
4060797	-1	-1	0	0	0	0	0
4069798	12764848	-1	1603584	1005	0	0	1005
4078800	-1	-1	0	0	0	0	0
4087803	10752544	-1	1272832	947	0	0	947
4096796	-1	-1	0	0	0	0	0
4105797	-1	-1	0	0	0	0	0
4114800	-1	-1	0	0	0	0	0
4123796	12707552	-1	1829888	1152	0	0	1152
4132858	11135568	-1	821248	590	0	0	590
4137796	-1	-1	58368	10	0	0	10
4146796	-1	-1	0	0	0	0	0
4155796	11622056	-1	1304576	898	0	0	898
4164797	-1	-1	0	0	0	0	0
4173797	-1	-1	0	0	0	0	0
4176796	-1	-1	0	0	0	0	0
4185796	10217088	-1	1141760	894	0	0	894
4194796	-1	-1	0	0	0	0	0
4203796	9739832	-1	1211392	995	0	0	995
4212796	-1	-1	0	0	0	0	0
4221797	10489472	-1	925696	706	0	0	734
4230796	-1	-1	0	0	0	0	0
4239796	10589368	-1	900096	680	0	0	720
4248797	-1	-1	0	0	0	0	0
4253796	12544000	-1	1103872	704	0	0	742
4262796	-1	-1	0	0	0	0	0
4271797	10834584	-1	755712	558	0	0	624
4280795	-1	-1	0	0	0	0	0
4289796	4324560	-1	451376	835	0	0	835
4298796	-1	-1	0	0	0	0	0
4307796	7238056	-1	621568	687	0	0	687
4316796	5331696	-1	435200	653	0	0	653
4320796	-1	-1	0	0	0	0	0
4329796	-1	-1	0	0	0	0	0
4338796	8584584	-1	671744	626	0	0	626
4347796	-1	-1	0	0	0	0	0
4356796	5141112	-1	498688	776	0	0	776
4359796	-1	-1	0	0	0	0	0
4368796	6438016	-1	650240	808	0	0	808
4377825	-1	-1	0	0	0	0	0
4386796	7266760	-1	715776	788	0	0	788
4390796	-1	-1	0	0	0	0	0
4399798	8168696	-1	717824	703	0	0	703
4407796	-1	-1	0	0	0	0	0
4416796	-1	-1	0	0	0	0	0
4419796	-1	-1	0	0	0	0	0
4428796	15313232	-1	2430976	1270	0	0	1270
4437796	-1	-1	0	0	0	0	0
4446796	10371968	-1	1086464	838	0	0	838
4455796	-1	-1	0	0	0	0	0
4464799	8568992	-1	861184	804	0	0	804
4473796	-1	-1	0	0	0	0	0
4482797	12932680	-1	1016832	629	0	0	631
4485797	-1	-1	0	0	0	0	0
4494796	8050184	-1	988160	982	0	0	982
4503797	-1	-1	0	0	0	0	0
4512796	-1	-1	0	0	0	0	0
4520796	-1	-1	0	0	0	0	0
4529799	14324712	-1	1624064	907	0	0	907
4538796	-1	-1	0	0	0	0	0
4544797	12737456	-1	1538048	966	0	0	966
4553796	-1	-1	0	0	0	0	0
4562796	18809960	-1	1095680	466	0	0	530
4571795	-1	-1	0	0	0	0	0
4580796	-1	-1	0	0	0	0	0
4587799	-1	-1	0	0	0	0	0
4595796	15279296	-1	2181120	1142	0	0	1252
4599796	-1	-1	0	0	0	0	0
4608796	-1	-1	0	0	0	0	0
4611795	-1	-1	0	0	0	0	0
4620798	13179016	-1	2029568	1232	0	0	1341
4629796	-1	-1	0	0	0	0	0
4638797	15790584	-1	1117184	566	0	0	566
4647797	-1	-1	0	0	0	0	0
4656798	-1	-1	0	0	0	0	0
4665796	7858544	-1	1317288	1341	0	0	1364
4669796	15181504	-1	206848	109	0	0	109
4678796	-1	-1	0	0	0	0	0
4687796	11646728	-1	1608704	1105	0	0	1105
4695796	-1	-1	0	0	0	0	0
4704796	-1	-1	0	0	0	0	0
4711796	-1	-1	0	0	0	0	0
4720796	12674920	-1	1945600	1228	0	0	1324
4729810	-1	-1	0	0	0	0	0
4738796	10626416	-1	1126400	848	0	0	848
4747797	-1	-1	0	0	0	0	0
4753796	11607112	-1	1667072	1149	0	0	1149
4762796	-1	-1	0	0	0	0	0
4771796	-1	-1	0	0	0	0	0
4780795	-1	-1	0	0	0	0	133
4785796	16471504	-1	2505728	1217	0	0	1217
4794798	-1	-1	131072	287	0	0	295
4799799	20557872	-1	1351680	526	0	0	526
4808797	-1	-1	0	0	0	0	0
4815796	14402512	-1	1607680	893	0	0	893
4824796	14850128	-1	1338368	721	0	0	721
4827804	-1	-1	0	0	0	0	0
4836797	-1	-1	0	0	0	0	0
4845796	16294088	-1	1670144	820	0	0	820
4852796	-1	-1	0	0	0	0	0
4862797	-1	-1	0	0	0	0	0
4871798	-1	-1	0	0	0	0	0
4877796	18465576	-1	2534400	1098	0	0	1098
4884796	-1	-1	0	0	0	0	0
4894796	9907600	-1	1655808	1337	0	0	1337
4903797	-1	-1	0	0	0	0	0
4911796	10337848	-1	784384	607	0	0	607
4920797	-1	-1	0	0	0	0	0
4929796	16469784	-1	1179648	573	0	0	573
4938795	-1	-1	0	0	0	0	0
4945796	12816688	-1	1228800	767	0	0	767
4948796	-1	-1	0	0	0	0	0
4957797	-1	-1	0	0	0	0	0
4966797	10516088	-1	1306624	994	0	0	994
4969796	-1	-1	0	0	0	0	0
4978798	13585992	-1	1377280	811	0	0	811
4979796	-1	-1	0	0	0	0	0
4988796	-1	-1	0	0	0	0	0
4997796	-1	-1	0	0	0	0	0
4998796	-1	-1	0	0	0	0	0
5007796	23940056	-1	2292260	766	0	0	943
5016796	-1	-1	0	0	0	0	0
5025796	11599944	-1	1286144	887	0	0	887
5034797	-1	-1	0	0	0	0	0
5043797	14695784	-1	1087488	592	0	0	612
5052799	-1	-1	0	0	0	0	0
5061796	10597920	-1	1281024	967	0	0	967
5070827	11799552	-1	1731584	1174	0	0	1174
5074796	-1	-1	0	0	0	0	0
5082796	-1	-1	0	0	0	0	0
5091796	-1	-1	0	0	0	0	0
5100796	-1	-1	0	0	0	0	0
5106803	20262200	-1	1476608	583	0	0	707
5113796	-1	-1	0	0	0	0	0
5120797	-1	-1	0	0	0	0	0
5126796	-1	-1	0	0	0	0	0
5135796	12308080	-1	1255424	816	0	0	914
5139803	-1	-1	0	0	0	0	0
5148796	9691368	-1	728064	601	0	0	601
5156796	-1	-1	0	0	0	0	0
5165796	-1	-1	0	0	0	0	0
5174796	7916944	-1	677888	685	0	0	709
5179796	13716288	-1	1189888	694	0	0	694
5188797	-1	-1	0	0	0	0	0
5197808	-1	-1	0	0	0	0	0
5206796	-1	-1	0	0	0	0	0
5215797	12269208	-1	1337344	872	0	0	961
5224796	-1	-1	0	0	0	0	35
5229796	11870296	-1	974848	657	0	0	657
5238796	-1	-1	0	0	0	0	0
5245796	11558936	-1	892928	618	0	0	618
5254797	-1	-1	0	0	0	0	0
5263796	11057752	-1	782336	566	0	0	617
5269796	-1	-1	0	0	0	0	0
5275796	17323808	-1	1132544	523	0	0	523
5282797	-1	-1	0	0	0	0	0
5291796	9061008	-1	875520	773	0	0	773
5300796	-1	-1	0	0	0	0	0
5309797	8607096	-1	721920	671	0	0	671
5318796	-1	-1	0	0	0	0	0
5322804	-1	-1	0	0	0	0	0
5331797	15267768	-1	1652736	866	0	0	887
5335796	-1	-1	0	0	0	0	0
5345796	-1	-1	0	0	0	0	0
5354797	-1	-1	0	0	0	0	0
5363803	-1	-1	0	0	0	0	0
5370796	14338544	-1	1442816	805	0	0	805
5379796	-1	-1	0	0	0	0	0
5385796	12497136	-1	1170044	749	0	0	749
5394797	-1	-1	0	0	0	0	0
5403795	8501736	-1	815104	767	0	0	767
5412798	-1	-1	0	0	0	0	0
5421797	-1	-1	0	0	0	0	0
5428796	-1	-1	0	0	0	0	0
5437797	14492336	-1	949248	524	0	0	524
5439796	-1	-1	0	0	0	0	0
5448796	17081192	-1	1003520	470	0	0	536
5451796	-1	-1	0	0	0	0	0
5460797	13658040	-1	990208	580	0	0	580
5469799	-1	-1	0	0	0	0	0
5478796	-1	-1	0	0	0	0	0
5480796	-1	-1	0	0	0	0	0
5489796	12581904	-1	1731584	1101	0	0	1200
5498796	-1	-1	0	0	0	0	0
5507796	-1	-1	0	0	0	0	0
5516796	-1	-1	0	0	0	0	0
5525796	9588560	-1	1153024	962	0	0	-1
5534796	-1	-1	0	0	0	0	-1
5543797	11592856	-1	1665024	1149	0	0	-1
5552797	-1	-1	0	0	0	0	-1
5561797	-1	-1	0	0	0	0	-1
5568797	-1	-1	0	0	0	0	-1
5577796	15190912	-1	1851392	975	0	0	-1
5584796	-1	-1	0	0	0	0	-1
5766465	5253664	-1	1157120	1762	0	0	23540
5771453	-1	-1	0	0	0	0	0
5780450	18298432	-1	1683456	736	0	0	875
5789458	-1	-1	0	0	0	0	0
5798448	-1	-1	0	0	0	0	0
5807448	12765352	-1	1697792	1064	0	0	1126
5810448	-1	-1	0	0	0	0	0
5818449	-1	-1	0	0	0	0	0
5827449	-1	-1	0	0	0	0	0
5836450	8804784	-1	559104	508	0	0	586
5841448	26223952	-1	1124352	343	0	0	459
5848448	-1	-1	0	0	0	0	0
5856450	-1	-1	0	0	0	0	0
5863449	17117608	-1	1576960	737	0	0	814
5867448	-1	-1	0	0	0	0	0
5876449	-1	-1	0	0	0	0	0
5885448	3449352	-1	992552	2302	0	0	2302
5894448	-1	-1	0	0	0	0	0
5903448	9180840	-1	1102848	961	0	0	961
5912449	-1	-1	0	0	0	0	0
5921449	9654856	-1	1182720	980	0	0	980
5930448	-1	-1	0	0	0	0	0
5938448	9852008	-1	1027072	834	0	0	834
5946448	-1	-1	0	0	0	0	0
5950448	-1	-1	0	0	0	0	0
5957448	-1	-1	0	0	0	0	0
5963448	9898368	-1	1401856	1133	0	0	1187
5972449	-1	-1	0	0	0	0	0
5981448	9981712	-1	1256448	1007	0	0	1007
5990448	-1	-1	0	0	0	0	0
5999448	9588856	-1	1349632	1126	0	0	1126
6008448	-1	-1	0	0	0	0	0
6017448	11987840	-1	1329152	887	0	0	887
6025448	-1	-1	0	0	0	0	0
6034448	8605040	-1	1408000	1309	0	0	1309
6043449	-1	-1	0	0	0	0	0
6052448	8184208	-1	1075200	1051	0	0	1051
6061448	-1	-1	0	0	0	0	0
6070448	7649016	-1	995328	1041	0	0	1041
6079448	-1	-1	0	0	0	0	0
6088448	8967664	-1	1160192	1035	0	0	1035
6097448	-1	-1	0	0	0	0	0
6106450	8771152	-1	1178624	1075	0	0	1075
6109447	-1	-1	0	0	0	0	0
6117448	-1	-1	0	0	0	0	0
6126456	-1	-1	0	0	0	0	0
6133448	10918504	-1	1792000	1313	0	0	1313
6142455	-1	-1	0	0	0	0	0
6148449	11277960	-1	1137664	807	0	0	807
6157448	-1	-1	0	0	0	0	0
6166448	10061912	-1	1157120	920	0	0	920
6175448	-1	-1	0	0	0	0	0
6184448	8652656	-1	1154048	1067	0	0	1067
6193447	-1	-1	0	0	0	0	0
6202448	-1	-1	0	0	0	0	0
6204451	-1	-1	0	0	0	0	0
6212455	7844968	-1	1643520	1676	0	0	1676
6221448	-1	-1	0	0	0	0	0
6230448	9245032	-1	1222656	1058	0	0	1058
6239448	-1	-1	0	0	0	0	0
6248451	6880904	-1	1284148	1493	0	0	1493
6257447	-1	-1	0	0	0	0	0
6266448	6712680	-1	924672	1102	0	0	1102
6275451	-1	-1	0	0	0	0	0
6282453	8507080	-1	1133568	1066	0	0	1066
6291447	-1	-1	0	0	0	0	0
6300448	-1	-1	0	0	0	0	0
6309448	10379512	-1	1428480	1101	0	0	1210
6313448	11458432	-1	452608	316	0	0	316
6322448	-1	-1	0	0	0	0	0
6331448	6111808	-1	631808	827	0	0	827
6338447	-1	-1	0	0	0	0	0
6347448	9949936	-1	1159168	932	0	0	932
6356448	-1	-1	0	0	0	0	0
6364448	10595752	-1	1128448	852	0	0	852
6373448	-1	-1	0	0	0	0	0
6382448	13162872	-1	1016832	618	0	0	618
6386450	-1	-1	0	0	0	0	0
6394449	14390312	-1	1153024	641	0	0	641
6403448	-1	-1	0	0	0	0	0
6407448	-1	-1	0	0	0	0	0
6415448	-1	-1	0	0	0	0	0
6424448	17148464	-1	1860608	868	0	0	868
6433448	-1	-1	0	0	0	0	0
6442447	10367432	-1	1166336	900	0	0	900
6447450	-1	-1	0	0	0	0	0
6456450	8906416	-1	1531904	1376	0	0	1376
6465449	-1	-1	0	0	0	0	0
6474448	8776056	-1	1184768	1080	0	0	1080
6483448	-1	-1	0	0	0	0	0
6492448	6961992	-1	886784	1019	0	0	1019
6501449	-1	-1	0	0	0	0	0
6510448	9709448	-1	1775616	1463	0	0	1463
6519448	-1	-1	0	0	0	0	0
6528448	-1	-1	0	0	0	0	0
6532448	-1	-1	0	0	0	0	0
6541448	10944368	-1	1893376	1384	0	0	1384
6551448	-1	-1	0	0	0	0	0
6559449	-1	-1	0	0	0	0	0
6563448	-1	-1	0	0	0	0	0
6572449	10010152	-1	1984512	1586	0	0	1586
6578448	-1	-1	0	0	0	0	0
6587447	-1	-1	0	0	0	0	0
6596449	-1	-1	0	0	0	0	0
6604453	10278696	-1	1699840	1323	0	0	1323
6608447	-1	-1	0	0	0	0	0
6615448	7715184	-1	997188	1034	0	0	1034
6624448	-1	-1	0	0	0	0	45
6629447	13262720	-1	1240064	748	0	0	748
6637448	-1	-1	0	0	0	0	0
6646448	15837864	-1	1514496	765	0	0	765
6655448	-1	-1	0	0	0	0	0
6664451	-1	-1	0	0	0	0	0
6667457	-1	-1	0	0	0	0	0
6676448	19223752	-1	1864704	776	0	0	945
6680448	-1	-1	0	0	0	0	0
6689448	12249360	-1	973824	636	0	0	636
6696448	-1	-1	0	0	0	0	0
6705451	16395256	-1	1491968	728	0	0	728
6714448	17024416	-1	1306624	614	0	0	614
6718448	-1	-1	0	0	0	0	0
6726448	-1	-1	0	0	0	0	0
6735451	8917632	-1	956416	858	0	0	858
6744452	-1	-1	0	0	0	0	0
6753448	10074504	-1	997376	792	0	0	792
6762451	-1	-1	32768	203	0	0	212
6767455	18728864	-1	1275904	545	0	0	545
6776447	-1	-1	0	0	0	0	0
6785448	13579640	-1	1195008	704	0	0	704
6794448	-1	-1	0	0	0	0	0
6803448	11244120	-1	1158144	824	0	0	824
6810449	-1	-1	0	0	0	0	0
6817448	-1	-1	0	0	0	0	0
6825453	5447984	-1	278528	409	0	0	411
6830448	20658088	-1	2019328	782	0	0	782
6839448	-1	-1	0	0	0	0	0
6848448	-1	-1	0	0	0	0	0
6857447	-1	-1	0	0	0	0	0
6866448	24539040	-1	2039808	665	0	0	768
6875448	-1	-1	0	0	0	0	0
6883448	-1	-1	0	0	0	0	0
6887448	-1	-1	0	0	0	0	0
6895448	13437752	-1	1531904	912	0	0	912
6904448	-1	-1	0	0	0	0	0
6911448	14071192	-1	1482752	843	0	0	843
6919448	-1	-1	0	0	0	0	0
6929448	-1	-1	0	0	0	0	0
6931448	-1	-1	0	0	0	0	0
6940449	14210984	-1	1600512	901	0	0	901
6949448	8694904	-1	672768	619	0	0	747
6954448	16815160	-1	638976	304	0	0	304
6962447	-1	-1	0	0	0	0	0
6971448	5940408	-1	1174716	1582	0	0	1582
6978454	-1	-1	0	0	0	0	0
6986454	-1	-1	0	0	0	0	0
6994448	-1	-1	0	0	0	0	0
7000448	16886920	-1	1547264	733	0	0	851
7008448	-1	-1	0	0	0	0	0
7017448	19364104	-1	1510400	624	0	0	624
7026449	-1	-1	0	0	0	0	0
7035448	13859976	-1	1282048	740	0	0	740
7044447	-1	-1	0	0	0	0	0
7053448	-1	-1	0	0	0	0	0
7062448	-1	-1	0	0	0	0	0
7068447	17144080	-1	1662976	776	0	0	776
7077448	-1	-1	0	0	0	0	0
7086450	18482176	-1	1037312	449	0	0	449
7094448	-1	-1	0	0	0	0	0
7100456	16127000	-1	1028096	510	0	0	510
7109447	-1	-1	0	0	0	0	0
7118448	20926840	-1	1150976	440	0	0	440
7127447	-1	-1	0	0	0	0	0
7136448	13404048	-1	1192960	712	0	0	712
7145448	-1	-1	0	0	0	0	0
7154448	15635984	-1	1327104	679	0	0	679
7163448	-1	-1	0	0	0	0	0
7170448	23310944	-1	1547264	531	0	0	531
7179448	-1	-1	0	0	0	0	0
7188448	18025616	-1	1146880	509	0	0	519
7196447	-1	-1	0	0	0	0	0
7204458	-1	-1	0	0	0	0	0
7214447	22823296	-1	1840128	645	0	0	692
7215448	-1	-1	0	0	0	0	0
7224448	-1	-1	0	0	0	0	0
7232448	-1	-1	0	0	0	0	0
7239448	-1	-1	0	0	0	0	0
7245448	23405712	-1	1863680	637	0	0	690
7254449	-1	-1	0	0	0	0	0
7263448	25180576	-1	1705984	542	0	0	542
7272452	-1	-1	0	0	0	0	0
7279448	16292976	-1	1099776	540	0	0	540
7288448	-1	-1	0	0	0	0	0
7297448	14641024	-1	774144	423	0	0	423
7327450	13864272	-1	1233920	712	0	0	751
7329448	-1	-1	0	0	0	0	0
7337448	-1	-1	0	0	0	0	0
7346448	20996616	-1	1747968	666	0	0	666
7355448	-1	-1	0	0	0	0	0
7364448	6748664	-1	996272	1181	0	0	1181
7369448	-1	-1	0	0	0	0	0
7378449	9558776	-1	1131520	947	0	0	947
7384448	13847800	-1	1750016	1011	0	0	1011
7388448	-1	-1	0	0	0	0	0
7397448	-1	-1	0	0	0	0	0
7406448	-1	-1	0	0	0	0	0
7414449	12787368	-1	2268160	1419	0	0	1419
7417450	-1	-1	0	0	0	0	0
7426448	12626288	-1	1414144	896	0	0	896
7429448	-1	-1	0	0	0	0	0
7438448	8346856	-1	551936	529	0	0	577
7443447	12225304	-1	599040	392	0	0	392
7451448	-1	-1	0	0	0	0	0
7459448	15814392	-1	1563648	791	0	0	791
7468448	-1	-1	0	0	0	0	0
7478449	13288408	-1	1802240	1085	0	0	1085
7484448	-1	-1	0	0	0	0	0
7493448	12700520	-1	1560576	983	0	0	983
7498448	-1	-1	0	0	0	0	0
7507449	-1	-1	0	0	0	0	0
7513472	-1	-1	0	0	0	0	0
7522459	17640936	-1	2471936	1121	0	0	1122
7530448	-1	-1	0	0	0	0	0
7537448	10467552	-1	1248256	954	0	0	954
7541451	-1	-1	0	0	0	0	0
7550448	-1	-1	0	0	0	0	0
7556447	-1	-1	0	0	0	0	0
7565448	15339856	-1	2241536	1169	0	0	1275
7574448	-1	-1	0	0	0	0	0
7584449	13028768	-1	1530880	940	0	0	940
7589448	-1	-1	0	0	0	0	0
7598448	9998184	-1	1037312	830	0	0	830
7607447	-1	-1	0	0	0	0	0
7616449	14349112	-1	1400832	781	0	0	781
7625450	-1	-1	0	0	0	0	0
7632448	10519184	-1	1379328	1049	0	0	1049
7641448	15255064	-1	1618944	849	0	0	849
7645448	-1	-1	0	0	0	0	0
7655449	-1	-1	0	0	0	0	0
7664449	14122264	-1	1860608	1054	0	0	1054
7673449	-1	-1	0	0	0	0	0
7678453	-1	-1	0	0	0	0	0
7685452	-1	-1	0	0	0	0	0
7693449	14057472	-1	2196480	1250	0	0	1280
7702448	-1	-1	0	0	0	0	0
7711448	13280472	-1	1240064	747	0	0	772
7718450	-1	-1	0	0	0	0	0
7727470	5714640	-1	1175788	1646	0	0	1646
7736448	-1	-1	0	0	0	0	0
7745448	12325088	-1	1190912	773	0	0	773
7754447	-1	-1	0	0	0	0	0
7763448	14393208	-1	1288192	716	0	0	716
7772448	-1	-1	0	0	0	0	0
7781448	16721952	-1	1266688	606	0	0	606
7790448	-1	-1	0	0	0	0	0
7799448	12294312	-1	997376	649	0	0	649
7807449	-1	-1	0	0	0	0	0
8087453	13730984	-1	1086464	633	0	0	633
8096448	-1	-1	0	0	0	0	0
8105448	-1	-1	0	0	0	0	0
8107448	-1	-1	0	0	0	0	0
8116449	12232824	-1	1475584	965	0	0	1009
8125448	-1	-1	0	0	0	0	0
8134448	13448536	-1	806912	480	0	0	480
8141448	-1	-1	0	0	0	0	0
8149448	13697120	-1	1174528	686	0	0	686
8159448	-1	-1	0	0	0	0	0
8169448	-1	-1	0	0	0	0	0
8174448	-1	-1	0	0	0	0	0
8183449	18595112	-1	2626560	1130	0	0	1180
8191453	-1	-1	0	0	0	0	0
8198448	-1	-1	0	0	0	0	0
8207448	-1	-1	0	0	0	0	0
8215448	10783408	-1	1823744	1353	0	0	1353
8224448	-1	-1	0	0	0	0	0
8233448	7421280	-1	611328	659	0	0	659
8242448	-1	-1	0	0	0	0	0
8248448	11097152	-1	868352	626	0	0	626
8252448	-1	-1	0	0	0	0	0
8259448	8595904	-1	849920	791	0	0	791
8266448	-1	-1	0	0	0	0	0
8272447	11017480	-1	1189888	864	0	0	864
8278448	-1	-1	0	0	0	0	0
8286448	12704312	-1	968704	610	0	0	610
8295453	-1	-1	0	0	0	0	0
8304449	-1	-1	0	0	0	0	0
8307448	-1	-1	0	0	0	0	0
8316449	15495376	-1	1714176	885	0	0	1013
8321448	-1	-1	0	0	0	0	0
8330448	-1	-1	0	0	0	0	0
8335460	-1	-1	0	0	0	0	0
8344448	15222224	-1	1569792	825	0	0	912
8352448	-1	-1	0	0	0	0	0
8361448	10419552	-1	937760	720	0	0	739
8369448	-1	-1	0	0	0	0	0
8378448	11736760	-1	1569792	1070	0	0	1133
8387448	-1	-1	0	0	0	0	0
8396448	-1	-1	0	0	0	0	0
8404454	-1	-1	0	0	0	0	0
8413448	18145936	-1	1835008	809	0	0	843
8422448	-1	-1	0	0	0	0	0
8431449	12889784	-1	1019904	633	0	0	633
8436449	-1	-1	0	0	0	0	0
8445449	13623232	-1	1081344	635	0	0	635
8454448	-1	-1	0	0	0	0	0
8463448	9775584	-1	986112	807	0	0	807
8472450	-1	-1	0	0	0	0	0
8481447	11080512	-1	479232	346	0	0	-1
8491448	-1	-1	0	0	0	0	-1
8498450	10535168	-1	1781760	1353	0	0	-1
8508450	-1	-1	0	0	0	0	-1
8516450	-1	-1	0	0	0	0	-1
8525448	-1	-1	0	0	0	0	-1
8534448	15629472	-1	1336320	684	0	0	-1
8543449	-1	-1	0	0	0	0	-1
8687708	16837136	-1	1940480	922	0	0	22156
8690712	-1	-1	0	0	0	0	0
8699717	-1	-1	0	0	0	0	0
8708708	-1	-1	0	0	0	0	0
8712707	-1	-1	0	0	0	0	0
8721707	-1	-1	0	0	0	0	0
8730709	10917056	-1	664576	487	0	0	585
8739707	-1	-1	0	0	0	0	0
8748707	12909032	-1	947200	587	0	0	639
8757707	-1	-1	0	0	0	0	0
8766708	-1	-1	0	0	0	0	0
8775709	18524256	-1	1799168	777	0	0	869
8777713	-1	-1	0	0	0	0	0
8786706	-1	-1	0	0	0	0	0
8795707	-1	-1	0	0	0	0	0
8804707	-1	-1	0	0	0	0	0
8812707	7293616	-1	1052104	1154	0	0	1239
8821707	-1	-1	0	0	0	0	0
8830710	8911568	-1	824320	740	0	0	740
8835707	-1	-1	0	0	0	0	0
8844712	-1	-1	0	0	0	0	0
8847707	-1	-1	0	0	0	0	0
8856708	13053184	-1	1336320	819	0	0	924
8865708	-1	-1	0	0	0	0	0
8870708	-1	-1	0	0	0	0	0
8877713	-1	-1	0	0	0	0	0
8883707	19132992	-1	1425408	596	0	0	750
8892706	-1	-1	0	0	0	0	0
8901710	9927848	-1	667648	538	0	0	538
8910707	-1	-1	0	0	0	0	0
8919707	14317040	-1	773120	432	0	0	439
8928707	-1	-1	0	0	0	0	0
8937707	12535600	-1	907264	579	0	0	579
8946713	-1	-1	0	0	0	0	0
8955707	-1	-1	0	0	0	0	0
8959706	-1	-1	0	0	0	0	0
8968713	13903144	-1	1652736	951	0	0	1024
8977707	-1	-1	0	0	0	0	0
8986707	8153480	-1	650240	638	0	0	638
8995710	-1	-1	0	0	0	0	0
9004706	11964208	-1	756736	506	0	0	532
9013707	-1	-1	0	0	0	0	0
9023708	-1	-1	0	0	0	0	0
9029708	14597344	-1	1572864	862	0	0	912
9033707	-1	-1	0	0	0	0	0
9042709	-1	-1	0	0	0	0	0
9052715	-1	-1	0	0	0	0	0
9058706	-1	-1	0	0	0	0	0
9067707	12598856	-1	1411072	896	0	0	1017
9076706	-1	-1	0	0	0	0	0
9085706	11625160	-1	700416	482	0	0	520
9094709	-1	-1	0	0	0	0	0
9103706	12262400	-1	980992	640	0	0	640
9112707	-1	-1	0	0	0	0	0
9120706	10797232	-1	1145856	849	0	0	849
9129707	-1	-1	0	0	0	0	0
9139707	11970152	-1	1021952	683	0	0	683
9143706	-1	-1	0	0	0	0	0
9152708	-1	-1	0	0	0	0	0
9161708	-1	-1	0	0	0	0	59
9166707	8650624	-1	1055376	976	0	0	976
9172707	-1	-1	0	0	0	0	0
9181708	-1	-1	0	0	0	0	0
9182707	-1	-1	0	0	0	0	0
9191714	15085560	-1	1308672	694	0	0	834
9200708	-1	-1	0	0	0	0	0
9209706	12315712	-1	1137664	739	0	0	739
9218707	-1	-1	0	0	0	0	0
9227707	4940288	-1	524288	849	0	0	849
9236712	-1	-1	0	0	0	0	0
9245708	12041256	-1	749568	498	0	0	524
9254708	-1	-1	0	0	0	0	0
9263708	10581336	-1	730112	552	0	0	583
9271707	-1	-1	0	0	0	0	0
9277709	4645104	-1	641024	1104	0	0	1104
9286707	-1	-1	0	0	0	0	0
9293710	-1	-1	0	0	0	0	0
9297710	-1	-1	0	0	0	0	0
9306707	12577872	-1	1021952	650	0	0	755
9315707	-1	-1	0	0	0	0	0
9324707	8769288	-1	653312	596	0	0	596
9333707	-1	-1	0	0	0	0	0
9342707	10197272	-1	916480	719	0	0	719
9351706	-1	-1	0	0	0	0	0
9360707	8929504	-1	805888	722	0	0	722
9369707	-1	-1	0	0	0	0	0
9378709	-1	-1	0	0	0	0	0
9387707	-1	-1	0	0	0	0	0
9393707	13476304	-1	1039360	617	0	0	714
9402707	-1	-1	0	0	0	0	0
9408717	6578808	-1	534528	650	0	0	650
9417707	-1	-1	0	0	0	0	0
9426709	8001488	-1	688128	688	0	0	688
9435710	-1	-1	0	0	0	0	0
9444707	12149624	-1	899072	592	0	0	592
9453708	-1	-1	0	0	0	0	0
9462707	10364728	-1	659456	509	0	0	509
9471707	-1	-1	0	0	0	0	0
9480714	9351664	-1	644096	551	0	0	551
9485707	-1	-1	0	0	0	0	0
9494706	9441008	-1	789504	669	0	0	669
9503707	6196128	-1	212992	275	0	0	295
9508708	14058952	-1	662528	377	0	0	377
9517707	-1	-1	0	0	0	0	0
9525707	9484616	-1	544180	459	0	0	528
9532707	-1	-1	0	0	0	0	0
9541754	8469832	-1	1092608	1032	0	0	1032
9545710	-1	-1	0	0	0	0	0
9554715	9900048	-1	611328	494	0	0	532
9563710	5828648	-1	411648	565	0	0	571
9568707	13860200	-1	686080	396	0	0	396
9577707	-1	-1	0	0	0	0	0
9586707	-1	-1	0	0	0	0	0
9595707	12110728	-1	1329152	878	0	0	878
9598707	-1	-1	0	0	0	0	0
9607718	-1	-1	0	0	0	0	0
9616713	15404840	-1	1627136	845	0	0	845
9619710	-1	-1	0	0	0	0	0
9628708	-1	-1	0	0	0	0	0
9637706	-1	-1	0	0	0	0	0
9643706	12733080	-1	2021376	1270	0	0	1317
9651707	-1	-1	0	0	0	0	0
9659707	-1	-1	0	0	0	0	0
9666707	9409448	-1	933888	794	0	0	871
9670707	-1	-1	0	0	0	0	0
9677708	-1	-1	0	0	0	0	0
9686706	8886920	-1	680960	613	0	0	613
9696706	9470280	-1	705536	596	0	0	596
9698710	-1	-1	0	0	0	0	0
9707706	-1	-1	0	0	0	0	0
9714707	-1	-1	0	0	0	0	0
9723707	14322784	-1	1387520	775	0	0	869
9728706	-1	-1	0	0	0	0	0
9737707	-1	-1	0	0	0	0	0
9746707	-1	-1	0	0	0	0	0
9755707	-1	-1	0	0	0	0	0
9764706	20734488	-1	1752064	676	0	0	756
9773706	-1	-1	0	0	0	0	0
9782706	10486824	-1	804864	614	0	0	614
9791707	-1	-1	0	0	0	0	0
9800707	10700664	-1	987136	738	0	0	738
9809706	-1	-1	0	0	0	0	0
9818707	-1	-1	0	0	0	0	0
9827713	12796488	-1	2100224	1313	0	0	1313
9831711	-1	-1	0	0	0	0	0
9839707	-1	-1	0	0	0	0	0
9846707	15236624	-1	1264640	664	0	0	664
9855706	-1	-1	0	0	0	0	0
9864707	-1	-1	0	0	0	0	0
9872706	13524576	-1	2581504	1527	0	0	1527
9874707	-1	-1	0	0	0	0	0
9883707	-1	-1	0	0	0	0	0
9892706	8623848	-1	1454196	1349	0	0	1349
9900707	-1	-1	0	0	0	0	0
9909707	15371376	-1	1383424	720	0	0	720
9918707	-1	-1	0	0	0	0	0
9927707	10722688	-1	1006592	751	0	0	751
9936707	-1	-1	0	0	0	0	0
9945708	-1	-1	0	0	0	0	0
9947708	-1	-1	0	0	0	0	0
9956706	17482024	-1	1451008	664	0	0	786
9965711	-1	-1	81920	391	0	0	398
9970708	22284344	-1	866304	311	0	0	311
9979707	-1	-1	0	0	0	0	0
9988707	17980744	-1	1060864	472	0	0	472
9997707	-1	-1	0	0	0	0	0
10006707	16622392	-1	1570816	756	0	0	756
10015707	-1	-1	0	0	0	0	0
10024707	16901888	-1	1470464	696	0	0	696
10033707	-1	-1	0	0	0	0	0
10042711	15256528	-1	1094656	574	0	0	574
10051707	-1	-1	0	0	0	0	0
10060706	13241496	-1	1009664	610	0	0	610
10069707	-1	-1	0	0	0	0	0
10078706	-1	-1	0	0	0	0	0
10082707	-1	-1	0	0	0	0	0
10091707	16713208	-1	2235392	1070	0	0	1070
10098707	-1	-1	0	0	0	0	0
10107708	-1	-1	0	0	0	0	0
10116715	-1	-1	0	0	0	0	0
10125706	21763416	-1	1632256	600	0	0	720
10134708	-1	-1	0	0	0	0	0
10143706	11154288	-1	936960	672	0	0	672
10152707	-1	-1	0	0	0	0	0
10161707	10274712	-1	909312	708	0	0	708
10170708	6156296	-1	641024	833	0	0	833
10172708	-1	-1	0	0	0	0	0
10180711	-1	-1	0	0	0	0	0
10189709	12809312	-1	968704	605	0	0	605
10198707	-1	-1	0	0	0	0	0
10206706	15354712	-1	1115136	581	0	0	581
10212707	-1	-1	0	0	0	0	0
10221709	14854824	-1	974848	525	0	0	537
10229708	-1	-1	0	0	0	0	0
10238707	-1	-1	0	0	0	0	0
10241707	-1	-1	0	0	0	0	0
10250707	11954936	-1	2679400	1793	0	0	1793
10259707	-1	-1	0	0	0	0	0
10268706	-1	-1	0	0	0	0	0
10277707	-1	-1	0	0	0	0	0
10286708	10422936	-1	1196032	918	0	0	918
10295707	13155800	-1	1164288	708	0	0	708
10297714	-1	-1	0	0	0	0	0
10306706	-1	-1	0	0	0	0	0
10315707	9123136	-1	943104	827	0	0	827
10324708	-1	-1	0	0	0	0	0
10333707	13047336	-1	1205248	739	0	0	739
10342707	-1	-1	0	0	0	0	0
10351707	10728224	-1	866304	646	0	0	646
10360717	-1	-1	0	0	0	0	0
10367713	11666536	-1	845824	580	0	0	580
10376706	-1	-1	0	0	0	0	0
10385707	10209184	-1	932864	731	0	0	731
10394714	-1	-1	0	0	0	0	0
10403707	12308864	-1	906240	589	0	0	589
10412706	-1	-1	0	0	0	0	0
10421817	11238720	-1	910336	648	0	0	648
10430707	-1	-1	0	0	0	0	0
10439708	9688328	-1	656384	542	0	0	618
10448707	-1	-1	0	0	0	0	0
10457706	10269400	-1	804864	627	0	0	635
10466706	-1	-1	0	0	0	0	0
10475707	8243784	-1	815104	791	0	0	791
10484707	-1	-1	0	0	0	0	0
10493707	14638416	-1	978944	535	0	0	535
10502707	-1	-1	0	0	0	0	0
10511708	13221648	-1	899072	544	0	0	544
10520706	-1	-1	0	0	0	0	0
10529707	14489152	-1	1041408	575	0	0	575
10538706	-1	-1	0	0	0	0	0
10547708	15098200	-1	1166336	618	0	0	618
10556706	-1	-1	0	0	0	0	0
10565706	13808704	-1	1213440	703	0	0	703
10574707	-1	-1	0	0	0	0	0
10583707	10393672	-1	952320	733	0	0	733
10592707	-1	-1	0	0	0	0	0
10601706	9697664	-1	1002496	827	0	0	827
10610708	-1	-1	0	0	0	0	0
10619726	14495568	-1	802692	443	0	0	470
10628707	-1	-1	0	0	0	0	0
10637709	11945464	-1	1267712	849	0	0	849
10646708	-1	-1	0	0	0	0	0
10652707	14928232	-1	1155072	619	0	0	619
10661706	-1	-1	0	0	0	0	0
10670707	20728240	-1	1368064	528	0	0	528
10679707	-1	-1	0	0	0	0	0
10688707	-1	-1	0	0	0	0	0
10694707	-1	-1	0	0	0	0	0
10703706	20755560	-1	2275328	877	0	0	1015
10709707	-1	-1	0	0	0	0	0
10716707	-1	-1	0	0	0	0	0
10725706	17031360	-1	1481728	696	0	0	730
10728706	-1	-1	0	0	0	0	0
10737707	-1	-1	0	0	0	0	0
10746707	11043496	-1	935936	678	0	0	678
10755710	-1	-1	0	0	0	0	0
10765706	13957200	-1	1160192	665	0	0	665
10774707	-1	-1	0	0	0	0	0
10783710	20662984	-1	1503232	582	0	0	582
10791708	-1	-1	0	0	0	0	0
10800707	17749336	-1	1131520	510	0	0	516
10809706	-1	-1	0	0	0	0	0
10818707	13695128	-1	1006592	588	0	0	612
10827706	-1	-1	0	0	0	0	0
10836707	-1	-1	0	0	0	0	0
10845706	14271816	-1	1252352	702	0	0	702
10849706	-1	-1	0	0	0	0	0
10856707	-1	-1	0	0	0	0	0
10865709	-1	-1	0	0	0	0	0
10874706	-1	-1	0	0	0	0	0
10883707	24289192	-1	1387520	457	0	0	640
10892708	12630000	-1	813056	515	0	0	541
10894707	-1	-1	0	0	0	0	0
10903707	-1	-1	0	0	0	0	0
10912706	-1	-1	0	0	0	0	0
10921707	13192072	-1	1464320	888	0	0	888
10925712	-1	-1	0	0	0	0	0
10934707	-1	-1	0	0	0	0	0
10943707	-1	-1	0	0	0	0	0
10952706	-1	-1	0	0	0	0	0
10961713	17287944	-1	1566720	725	0	0	767
10970707	-1	-1	0	0	0	0	0
10979707	-1	-1	0	0	0	0	0
10988707	-1	-1	0	0	0	0	0
10997707	10949248	-1	1142828	835	0	0	1007
11006708	-1	-1	0	0	0	0	0
11015706	14888224	-1	876544	471	0	0	471
11024707	-1	-1	0	0	0	0	0
11033707	11756816	-1	1019904	694	0	0	694
11042708	-1	-1	0	0	0	0	0
11051707	8286944	-1	625664	604	0	0	604
11060706	-1	-1	0	0	0	0	0
11069709	16844800	-1	1684480	800	0	0	973
11078706	-1	-1	0	0	0	0	0
11087707	12866736	-1	1468416	913	0	0	913
11096707	-1	-1	0	0	0	0	0
11105707	15647392	-1	1435648	734	0	0	734
11114708	-1	-1	0	0	0	0	0
11121706	-1	-1	0	0	0	0	0
11127707	-1	-1	0	0	0	0	0
11136707	11231248	-1	658432	469	0	0	-1
11145712	-1	-1	0	0	0	0	-1
11150715	12897512	-1	2632704	1633	0	0	-1
11159706	-1	-1	0	0	0	0	-1
11168707	-1	-1	0	0	0	0	-1
11177707	-1	-1	0	0	0	0	-1
11186706	17034936	-1	1420288	667	0	0	-1
11320893	14938744	-1	2296832	1230	0	0	21247
11323891	-1	-1	0	0	0	0	0
11332891	-1	-1	0	0	0	0	0
11341891	-1	-1	0	0	0	0	0
11346891	-1	-1	0	0	0	0	0
11355892	13535104	-1	1211392	716	0	0	763
11357891	-1	-1	0	0	0	0	0
11366891	19640712	-1	1401856	571	0	0	571
11375891	-1	-1	0	0	0	0	0
11384891	10602568	-1	1107968	836	0	0	836
11393893	-1	-1	0	0	0	0	0
11399893	10898288	-1	915456	672	0	0	672
11408891	-1	-1	0	0	0	0	0
11417891	-1	-1	0	0	0	0	0
11426898	14785568	-1	1282648	694	0	0	909
11430893	8351328	-1	644096	617	0	0	617
11439891	-1	-1	0	0	0	0	0
11448892	21897848	-1	1138688	416	0	0	424
11457891	-1	-1	0	0	0	0	0
11466892	15282784	-1	1165312	610	0	0	610
11474892	-1	-1	0	0	0	0	0
11481891	17215520	-1	1144832	532	0	0	555
11490892	-1	-1	0	0	0	0	0
11499891	12109456	-1	1180672	780	0	0	780
11508891	-1	-1	0	0	0	0	0
11517892	13808488	-1	911360	528	0	0	528
11526896	-1	-1	0	0	0	0	0
11535891	14102208	-1	1158144	657	0	0	768
11544891	-1	-1	0	0	0	0	0
11553891	-1	-1	0	0	0	0	0
11562985	17050512	-1	1440768	676	0	0	915
11567891	20414464	-1	637952	250	0	0	250
11576891	-1	-1	0	0	0	0	0
11585891	-1	-1	0	0	0	0	0
11594891	-1	-1	0	0	0	0	0
11603893	20156448	-1	1499136	595	0	0	739
11612891	-1	-1	0	0	0	0	0
11621891	13187824	-1	937984	569	0	0	569
11630965	12242992	-1	835584	546	0	0	546
11635893	-1	-1	104448	17	0	0	17
11644891	-1	-1	0	0	0	0	0
11653891	15201392	-1	1263616	665	0	0	665
11662894	-1	-1	0	0	0	0	0
11671891	16818976	-1	1187840	565	0	0	565
11680891	-1	-1	0	0	0	0	0
11688891	23820128	-1	1193984	401	0	0	535
11697891	-1	-1	0	0	0	0	0
11706890	15556408	-1	1328128	683	0	0	683
11713891	-1	-1	0	0	0	0	0
11722891	15266080	-1	852992	447	0	0	447
11731894	-1	-1	0	0	0	0	0
11740899	-1	-1	0	0	0	0	0
11749891	-1	-1	0	0	0	0	0
11755891	14367832	-1	693248	386	0	0	386
11764891	14205472	-1	807936	455	0	0	455
11767890	-1	-1	0	0	0	0	0
11776894	14249112	-1	587776	330	0	0	444
11781892	26564680	-1	408432	123	0	0	123
11790891	-1	-1	0	0	0	0	0
11799891	5425256	-1	821248	1211	0	0	1211
11808892	-1	-1	0	0	0	0	0
11817891	9673528	-1	909312	752	0	0	752
11826891	-1	-1	0	0	0	0	0
11835891	8152168	-1	1257472	1234	0	0	1234
11844891	-1	-1	0	0	0	0	0
11853891	8471832	-1	1240064	1171	0	0	1171
11862891	-1	-1	0	0	0	0	0
11871891	10291568	-1	1430528	1112	0	0	1112
11880895	-1	-1	0	0	0	0	0
11889891	-1	-1	0	0	0	0	0
11898891	7997128	-1	1134592	1135	0	0	1282
11902891	7078072	-1	312320	353	0	0	353
11911891	-1	-1	0	0	0	0	0
11920891	8688080	-1	663552	611	0	0	611
11929891	-1	-1	0	0	0	0	0
11938905	8744448	-1	1134592	1038	0	0	1038
11947891	-1	-1	0	0	0	0	0
11956891	9426512	-1	1266688	1075	0	0	1075
11965891	-1	-1	0	0	0	0	0
11974891	9358192	-1	1002496	857	0	0	857
11983891	-1	-1	0	0	0	0	0
11992892	8030704	-1	968704	965	0	0	965
12001891	-1	-1	0	0	0	0	0
12010891	10333200	-1	1106944	857	0	0	857
12018891	-1	-1	0	0	0	0	0
12027891	8613256	-1	1172480	1089	0	0	1089
12036892	-1	-1	0	0	0	0	0
12045891	12024512	-1	771072	513	0	0	513
12054891	-1	-1	0	0	0	0	0
12063892	6215400	-1	846848	1090	0	0	1090
12072891	-1	-1	0	0	0	0	0
12081891	-1	-1	0	0	0	0	0
12083891	-1	-1	0	0	0	0	0
12092891	9856728	-1	1303552	1058	0	0	1058
12101891	-1	-1	0	0	0	0	0
12110891	7531624	-1	922624	980	0	0	980
12119891	-1	-1	0	0	0	0	0
12128892	8389592	-1	1043456	995	0	0	995
12138891	-1	-1	0	0	0	0	0
12147891	6734688	-1	399872	475	0	0	527
12156891	-1	-1	0	0	0	0	0
12165891	-1	-1	0	0	0	0	0
12166893	-1	-1	0	0	0	0	0
12175893	10993784	-1	2004992	1459	0	0	1459
12184891	-1	-1	0	0	0	0	0
12193891	10284968	-1	1288192	1002	0	0	1002
12196891	-1	-1	0	0	0	0	0
12205895	10381856	-1	1199104	924	0	0	924
12214891	-1	-1	0	0	0	0	0
12223891	-1	-1	0	0	0	0	0
12226893	-1	-1	0	0	0	0	0
12235892	12284872	-1	2010112	1309	0	0	1354
12244892	-1	-1	0	0	0	0	0
12253891	10022720	-1	1110016	886	0	0	886
12262891	-1	-1	0	0	0	0	0
12271893	10039216	-1	896000	714	0	0	714
12280891	-1	-1	0	0	0	0	0
12286891	-1	-1	0	0	0	0	0
12295891	10785808	-1	1694720	1257	0	0	1257
12297891	-1	-1	0	0	0	0	0
12306892	-1	-1	0	0	0	0	0
12315891	14593192	-1	1176576	645	0	0	645
12324891	-1	-1	0	0	0	0	0
12333891	10521832	-1	1146880	872	0	0	872
12342891	-1	-1	0	0	0	0	0
12351891	9027728	-1	1006592	892	0	0	892
12360891	-1	-1	0	0	0	0	0
12369891	-1	-1	0	0	0	0	0
12373890	-1	-1	0	0	0	0	0
12382904	10443656	-1	1168384	895	0	0	899
12391891	-1	-1	0	0	0	0	0
12400891	12275368	-1	1492992	973	0	0	973
12409891	-1	-1	0	0	0	0	0
12418891	11805792	-1	1090560	739	0	0	739
12427891	-1	-1	0	0	0	0	0
12436891	-1	-1	0	0	0	0	0
12439891	-1	-1	0	0	0	0	0
12448891	7012248	-1	1083392	1236	0	0	1236
12450896	-1	-1	0	0	0	0	0
12459891	10634832	-1	958464	721	0	0	721
12465891	-1	-1	0	0	0	0	0
12474891	7418552	-1	697344	752	0	0	752
12483891	-1	-1	0	0	0	0	0
12492892	10467552	-1	1059840	810	0	0	810
12501891	-1	-1	0	0	0	0	0
12509891	7275720	-1	683008	751	0	0	751
12518891	-1	-1	0	0	0	0	0
12527892	8719144	-1	1512772	1388	0	0	1444
12536891	-1	-1	0	0	0	0	0
12545891	13755848	-1	1007616	586	0	0	586
12553891	-1	-1	0	0	0	0	0
12562891	-1	-1	0	0	0	0	0
12571891	-1	-1	0	0	0	0	0
12578890	18721200	-1	1624064	694	0	0	790
12586891	-1	-1	0	0	0	0	0
12595893	9464328	-1	868352	734	0	0	734
12604891	-1	-1	0	0	0	0	0
12612891	9076248	-1	914432	806	0	0	806
12621891	-1	-1	0	0	0	0	0
12630891	16397448	-1	1248256	609	0	0	609
12639891	-1	-1	0	0	0	0	0
12648891	14023152	-1	1113088	635	0	0	641
12656892	-1	-1	0	0	0	0	0
12665891	13721344	-1	1377280	803	0	0	803
12674891	-1	-1	0	0	0	0	0
12683890	14380200	-1	1499136	834	0	0	834
12692891	-1	-1	0	0	0	0	0
12701892	11332544	-1	698368	493	0	0	527
12710891	-1	-1	0	0	0	0	0
12719891	9211888	-1	573440	498	0	0	498
12728891	-1	-1	0	0	0	0	0
12737894	10337520	-1	868352	672	0	0	672
12740892	-1	-1	0	0	0	0	0
12749891	-1	-1	0	0	0	0	0
12751891	-1	-1	0	0	0	0	0
12760891	7783792	-1	859136	883	0	0	883
12769891	-1	-1	0	0	0	0	6
12774891	14048808	-1	763904	435	0	0	435
12783898	8634808	-1	319488	296	0	0	388
12788891	17852768	-1	883712	396	0	0	396
12797891	-1	-1	0	0	0	0	0
12807891	12179152	-1	1088512	715	0	0	715
12816891	-1	-1	0	0	0	0	0
12825891	13829960	-1	1336320	773	0	0	773
12834891	-1	-1	0	0	0	0	0
12843891	12125720	-1	956416	631	0	0	631
12852891	-1	-1	0	0	0	0	0
12861891	14361848	-1	1280000	713	0	0	713
12870891	-1	-1	0	0	0	0	0
12879891	13114064	-1	1501560	916	57344	4556	916
12888891	-1	516944	0	0	582656	9016	0
12897891	-1	923416	0	0	1038336	8995	0
12906891	-1	1306664	0	0	158720	971	0
12915892	-1	-1	0	0	0	0	0
12920891	-1	-1	0	0	0	0	0
12929891	12907160	-1	1387520	860	0	0	860
12938892	-1	-1	0	0	0	0	0
12948895	-1	-1	0	0	0	0	0
12953890	-1	-1	0	0	0	0	0
12962891	16406848	-1	2940928	1434	0	0	1434
12971891	-1	-1	0	0	0	0	0
12980892	-1	-1	0	0	0	0	0
12989893	-1	35096	0	0	399360	91027	0
12998892	14963616	1851856	927744	496	2079744	8984	496
13007894	-1	2626368	0	0	2954240	8998	0
13016896	-1	3133128	0	0	3524608	8999	0
13026898	-1	2840152	0	0	3500032	9858	0
13035893	-1	3124976	0	0	3523584	9020	0
13044894	-1	2279448	0	0	2536448	8901	0
13052892	-1	2841080	0	0	609280	1715	0
13061891	-1	-1	0	0	0	0	0
13070891	-1	651760	0	0	1835008	22523	0
13079891	-1	-1	0	0	0	0	0
13087891	-1	-1	0	0	0	0	0
13090891	-1	-1	0	0	0	0	0
13099891	-1	69768	0	0	268288	30764	0
13108893	-1	2422016	0	0	1566720	5174	0
13112891	-1	-1	0	0	0	0	0
13121909	-1	-1	0	0	0	0	0
13130891	-1	122616	0	0	395264	25788	0
13137891	-1	2135456	0	0	915456	3429	0
13146891	-1	-1	0	0	0	0	0
13155898	-1	-1	0	0	0	0	0
13164891	-1	345032	0	0	1310720	30390	0
13173891	-1	-1	0	0	0	0	0
13182890	-1	388952	0	0	786432	16175	0
13184890	-1	-1	0	0	0	0	0
13193893	-1	-1	0	0	0	0	0
13199891	-1	346232	0	0	786432	18171	0
13208891	-1	693184	0	0	786432	9076	0
13217891	-1	-1	0	0	0	0	0
13226891	-1	-1	0	0	0	0	0
13234893	-1	-1	0	0	0	0	0
13242891	-1	384784	0	0	1572864	32701	0
13248890	-1	-1	0	0	0	0	0
13257891	-1	-1	0	0	0	0	0
13263891	-1	72424	0	0	208896	23075	0
13272893	-1	2741696	0	0	1363968	3979	0
13281891	-1	98144	0	0	172032	14023	0
13290894	-1	2209960	0	0	614400	2224	0
13299978	-1	517712	0	0	1022976	15807	0
13308894	-1	2192352	0	0	2421760	8837	0
13317893	-1	3835416	0	0	4313088	8996	0
13326895	-1	3991888	0	0	1305600	2616	0
13335895	-1	-1	0	0	0	0	0
13336892	-1	-1	0	0	0	0	0
13345891	-1	-1	0	0	0	0	0
13354891	-1	-1	0	0	0	0	0
13363892	-1	-1	0	0	0	0	0
13372891	-1	-1	0	0	0	0	0
13381891	-1	-1	0	0	0	0	0
13390890	-1	-1	0	0	0	0	0
13399897	-1	-1	0	0	0	0	0
13403893	-1	-1	0	0	0	0	0
13412891	-1	-1	0	0	0	0	0
13421891	-1	-1	0	0	0	0	0
13430891	-1	-1	0	0	0	0	0
13434890	-1	-1	0	0	0	0	0
13443891	-1	-1	0	0	0	0	0
13452890	-1	-1	0	0	0	0	0
13461893	-1	-1	0	0	0	0	0
13470896	-1	-1	0	0	0	0	0
13479891	-1	-1	0	0	0	0	0
13488891	-1	-1	0	0	0	0	0
13489891	-1	-1	0	0	0	0	0
13498891	-1	-1	0	0	0	0	0
13507897	-1	-1	0	0	0	0	0
13510894	-1	-1	0	0	0	0	0
13519891	-1	-1	0	0	0	0	0
13526891	-1	-1	0	0	0	0	0
13535891	-1	-1	0	0	0	0	0
13538891	-1	-1	0	0	0	0	0
13547891	-1	-1	0	0	0	0	0
13556890	-1	-1	0	0	0	0	0
13565893	-1	-1	0	0	0	0	0
13574893	-1	-1	0	0	0	0	0
13583891	-1	-1	0	0	0	0	0
13586891	-1	-1	0	0	0	0	0
13595891	-1	-1	0	0	0	0	0
13604891	-1	-1	0	0	0	0	0
13613891	-1	-1	0	0	0	0	0
13622891	-1	-1	0	0	0	0	0
13631906	-1	-1	0	0	0	0	0
13640891	-1	-1	0	0	0	0	0
13644894	-1	-1	0	0	0	0	0
13653895	-1	-1	0	0	0	0	0
13660891	-1	-1	0	0	0	0	0
13669891	-1	-1	0	0	0	0	0
13678893	-1	-1	0	0	0	0	0
13682899	-1	-1	0	0	0	0	0
13691891	-1	-1	0	0	0	0	0
13700891	-1	-1	0	0	0	0	0
13704891	-1	-1	0	0	0	0	0
13713891	-1	-1	0	0	0	0	0
13722898	-1	-1	0	0	0	0	0
13731891	-1	-1	0	0	0	0	0
13740891	-1	-1	0	0	0	0	0
13749891	3213072	-1	247808	617	0	0	-1
13758891	-1	-1	0	0	0	0	-1
13767948	13691288	482856	2093056	1223	198656	3291	-1
13776908	-1	3099256	0	0	3477504	8976	-1
13785894	-1	3428168	0	0	3777536	8815	-1
13791957	-1	4064256	0	0	3062784	6028	-1
13798894	-1	4436048	0	0	3876864	6991	-1
13804894	-1	4635632	0	0	3483648	6011	-1
13947562	-1	4257248	0	0	12047360	22638	21386
13956542	-1	-1	0	0	0	0	0
13965543	-1	-1	0	0	0	0	0
13970543	-1	-1	0	0	0	0	0
13979542	-1	-1	0	0	0	0	0
13985542	-1	-1	0	0	0	0	0
13994546	-1	-1	0	0	0	0	0
13998545	-1	-1	0	0	0	0	0
14007547	-1	-1	0	0	0	0	0
14016545	-1	-1	0	0	0	0	0
14025544	-1	-1	0	0	0	0	0
14034543	-1	-1	0	0	0	0	0
14043543	-1	-1	0	0	0	0	0
14052543	-1	-1	0	0	0	0	0
14061543	-1	-1	0	0	0	0	0
14068542	-1	-1	0	0	0	0	0
14077542	-1	-1	0	0	0	0	0
14086544	-1	-1	0	0	0	0	0
14095543	-1	-1	0	0	0	0	0
14104542	-1	-1	0	0	0	0	0
14113543	-1	-1	0	0	0	0	0
14122544	-1	-1	0	0	0	0	0
14131542	-1	-1	0	0	0	0	0
14140543	-1	-1	0	0	0	0	0
14149544	3670496	-1	437248	953	0	0	953
14158543	10727088	-1	992256	740	0	0	740
14162545	-1	-1	0	0	0	0	0
14168542	-1	-1	0	0	0	0	0
14177545	11760072	38576	661504	450	1683456	349118	450
14186545	-1	3894664	0	0	4383744	9004	0
14195543	-1	3395272	0	0	373760	880	0
14204544	-1	-1	0	0	0	0	0
14205542	-1	-1	0	0	0	0	0
14214542	-1	-1	0	0	0	0	0
14222543	-1	-1	0	0	0	0	0
14231542	-1	-1	0	0	0	0	0
14234543	-1	-1	0	0	0	0	0
14243542	-1	-1	0	0	0	0	0
14252542	-1	-1	0	0	0	0	0
14261542	-1	-1	0	0	0	0	0
14267542	-1	-1	0	0	0	0	0
14276543	-1	-1	0	0	0	0	0
14285547	-1	-1	0	0	0	0	0
14295542	-1	-1	0	0	0	0	0
14304542	-1	-1	0	0	0	0	0
14312542	-1	-1	0	0	0	0	0
14321542	-1	-1	0	0	0	0	0
14323542	-1	-1	0	0	0	0	0
14332543	-1	-1	0	0	0	0	0
14341542	-1	-1	0	0	0	0	0
14350545	-1	-1	0	0	0	0	0
14359542	-1	-1	0	0	0	0	0
14360542	-1	-1	0	0	0	0	0
14369542	-1	-1	0	0	0	0	0
14378542	-1	-1	0	0	0	0	0
14387544	-1	-1	0	0	0	0	0
14395542	15118568	39136	1859584	984	1013760	207236	984
14404544	-1	2304904	0	0	2812928	9763	0
14409543	-1	3708456	0	0	2316288	4996	0
14418542	-1	3711528	0	0	4169728	8987	0
14427547	-1	3746424	0	0	4210688	8991	0
14436546	-1	3954824	0	0	4421632	8944	0
14445544	-1	4163256	0	0	4697088	9025	0
14454544	-1	5161424	0	0	5806080	8999	0
14463544	10018016	4779888	1432576	1144	3349504	5605	1144
14472544	-1	-1	0	0	0	0	0
14481562	-1	-1	0	0	0	0	0
14488542	-1	-1	0	0	0	0	0
14497544	11005664	536112	905216	658	2505728	37391	658
14506544	-1	4865296	0	0	5458944	8976	0
14515544	-1	5053352	0	0	5662720	8964	0
14524550	-1	5007232	0	0	5618688	8976	0
14532546	-1	4788448	0	0	1207296	2017	0
14538546	-1	-1	0	0	0	0	0
14548542	-1	-1	0	0	0	0	0
14556542	-1	-1	0	0	0	0	0
14565542	-1	-1	0	0	0	0	0
14574542	-1	-1	0	0	0	0	0
14578542	-1	-1	0	0	0	0	0
14587542	-1	-1	0	0	0	0	0
14596542	8277336	-1	496640	480	0	0	564
14600547	-1	-1	0	0	0	0	0
14609556	5273008	277888	344064	522	2883584	83014	522
14618562	-1	5043024	0	0	5689344	9025	0
14627544	-1	5127224	0	0	5685248	8870	0
14636545	-1	4890696	0	0	5538816	9060	0
14645544	-1	5004056	0	0	4106240	6564	0
14654542	-1	-1	0	0	0	0	0
14658542	-1	-1	0	0	0	0	0
14667542	-1	-1	0	0	0	0	0
14671547	-1	-1	0	0	0	0	0
14680551	-1	-1	0	0	0	0	0
14689542	11974480	-1	1212416	810	0	0	810
14691542	-1	-1	0	0	0	0	0
14700542	12928344	-1	1199104	742	0	0	742
14709542	-1	-1	0	0	0	0	0
14718543	7502744	64384	679936	725	606208	75320	779
14727544	-1	3693776	0	0	4136960	8959	0
14736544	-1	4856048	0	0	5437440	8957	0
14745545	-1	5149552	0	0	5816320	9035	0
14754545	-1	5149672	0	0	4015104	6237	0
14763543	-1	-1	0	0	0	0	0
14772546	-1	-1	0	0	0	0	0
14781543	-1	-1	0	0	0	0	0
14790542	-1	-1	0	0	0	0	0
14796542	-1	-1	0	0	0	0	0
14805542	-1	-1	0	0	0	0	0
14814545	-1	-1	0	0	0	0	0
14823542	-1	-1	0	0	0	0	0
14832542	-1	-1	0	0	0	0	0
14841542	-1	-1	0	0	0	0	0
14850543	-1	-1	0	0	0	0	0
14857542	-1	-1	0	0	0	0	0
14866542	-1	-1	0	0	0	0	0
14874547	5694560	133384	600064	843	2046976	122768	968
14883546	-1	4696088	0	0	5204992	8866	0
14890546	-1	5230736	0	0	4622336	7069	0
14897547	-1	5068776	0	0	4450304	7023	0
14906550	-1	4951600	0	0	5562368	8986	0
14915550	-1	4977504	0	0	749568	1204	0
14924542	-1	-1	0	0	0	0	0
14928542	-1	-1	0	0	0	0	0
14937542	-1	-1	0	0	0	0	0
14942542	-1	-1	0	0	0	0	0
14947542	-1	-1	0	0	0	0	0
14956543	-1	-1	0	0	0	0	0
14965547	9445296	182424	848896	719	1314816	57658	785
14974546	-1	3755600	0	0	3214336	6847	0
14983543	-1	-1	0	0	0	0	0
14992544	-1	-1	0	0	0	0	0
15001544	-1	-1	0	0	0	0	0
15010542	-1	-1	0	0	0	0	0
15016543	-1	-1	0	0	0	0	0
15025542	-1	-1	0	0	0	0	0
15034542	-1	-1	0	0	0	0	0
15037543	-1	-1	0	0	0	0	0
15046542	-1	-1	0	0	0	0	0
15055542	-1	-1	0	0	0	0	0
15064542	-1	-1	0	0	0	0	0
15073545	-1	-1	0	0	0	0	0
15082542	-1	-1	0	0	0	0	0
15091543	-1	-1	0	0	0	0	0
15100549	14178824	83024	1547264	873	1331200	128273	873
15109546	-1	3324384	0	0	1620992	3900	0
15118544	-1	1628000	0	0	2861056	14059	0
15127544	-1	3717872	0	0	4169728	8972	0
15136543	-1	3709072	0	0	4173824	9002	0
15145543	-1	4190520	0	0	4705280	8982	0
15151545	-1	5207328	0	0	3908608	6004	0
15160545	-1	5112776	0	0	3860480	6040	0
15169543	-1	-1	0	0	0	0	0
15178544	-1	-1	0	0	0	0	0
15187542	5387624	-1	548864	815	0	0	815
15196542	-1	-1	0	0	0	0	0
15205547	11197104	-1	835584	597	0	0	597
15213543	-1	-1	0	0	0	0	0
15222543	10141224	303536	394240	311	2463744	64934	311
15231545	-1	4851088	0	0	5458944	9002	0
15240547	-1	4983296	0	0	5597184	8985	0
15249545	-1	5159632	0	0	4667392	7236	0
15256543	-1	-1	0	0	0	0	0
15265543	-1	-1	0	0	0	0	0
15274543	-1	-1	0	0	0	0	0
15283542	-1	-1	0	0	0	0	0
15292542	-1	-1	0	0	0	0	0
15301542	-1	-1	0	0	0	0	0
15310543	7886016	-1	580608	589	0	0	589
15315542	-1	-1	0	0	0	0	0
15324543	-1	-1	0	0	0	0	0
15333542	-1	-1	0	0	0	0	0
15342543	-1	-1	0	0	0	0	0
15351542	-1	-1	0	0	0	0	0
15359542	-1	-1	0	0	0	0	0
15362542	-1	-1	0	0	0	0	0
15372543	-1	-1	0	0	0	0	0
15377542	-1	-1	0	0	0	0	0
15386543	12837400	-1	1208320	753	0	0	818
15395542	-1	-1	0	0	0	0	0
15404544	10913168	-1	784384	575	0	0	575
15413543	-1	-1	0	0	0	0	0
15422542	12007456	-1	986112	657	0	0	657
15431543	-1	-1	0	0	0	0	0
15440542	12575952	-1	1095680	697	0	0	697
15449542	-1	-1	0	0	0	0	0
15458544	12940584	-1	954368	590	0	0	590
15467542	-1	-1	0	0	0	0	0
15476543	12047056	-1	716800	476	0	0	540
15484542	-1	-1	0	0	0	0	0
15493542	9011200	-1	450560	400	0	0	415
15502542	-1	-1	0	0	0	0	0
15511542	10991144	-1	876544	638	0	0	638
15520542	-1	-1	0	0	0	0	0
15530542	-1	-1	0	0	0	0	0
15538542	6471000	-1	761960	942	0	0	998
15541542	-1	-1	0	0	0	0	0
15550542	-1	-1	0	0	0	0	0
15557544	10331096	-1	1567744	1214	0	0	1324
15566542	-1	-1	0	0	0	0	0
15572542	-1	-1	0	0	0	0	0
15576542	-1	-1	0	0	0	0	0
15585542	12068568	-1	1520640	1008	0	0	1095
15588546	-1	-1	0	0	0	0	0
15597542	-1	-1	0	0	0	0	0
15598543	-1	-1	0	0	0	0	0
15607543	8600176	-1	927744	863	0	0	863
15611542	-1	-1	0	0	0	0	0
15620543	11443104	-1	1185792	829	0	0	829
15629542	-1	-1	0	0	0	0	0
15635550	14696024	-1	1274880	694	0	0	694
15644542	-1	-1	0	0	0	0	0
15653542	11317760	-1	1104896	781	0	0	781
15662542	-1	-1	0	0	0	0	0
15671542	9272440	-1	1177600	1016	0	0	1016
15680542	-1	-1	0	0	0	0	0
15689542	9999408	-1	872448	698	0	0	698
15698543	-1	-1	0	0	0	0	0
15707542	10797328	-1	1234944	915	0	0	915
15716542	-1	-1	0	0	0	0	0
15725542	-1	-1	0	0	0	0	0
15733549	-1	-1	0	0	0	0	0
15742542	8328760	-1	1247232	1198	0	0	1198
15751542	-1	-1	0	0	0	0	0
15759542	-1	-1	0	0	0	0	0
15769542	-1	-1	0	0	0	0	0
15775542	12819952	-1	1727488	1078	0	0	1104
15784543	-1	-1	0	0	0	0	0
15794542	7074912	-1	622592	704	0	0	704
15803542	-1	-1	0	0	0	0	0
15812542	6710624	-1	463872	553	0	0	553
15817542	-1	-1	0	0	0	0	0
15826542	7046096	-1	591872	672	0	0	672
15835548	-1	-1	0	0	0	0	0
15844548	10788680	-1	1374208	1019	0	0	1019
15853542	-1	-1	0	0	0	0	0
15862542	-1	-1	0	0	0	0	0
15866542	-1	-1	0	0	0	0	0
15875542	13970960	-1	2086912	1195	0	0	1209
15878542	-1	-1	0	0	0	0	0
15887543	10807920	-1	1042964	772	0	0	772
15895542	-1	-1	0	0	0	0	0
15904542	-1	-1	0	0	0	0	0
15905542	-1	-1	0	0	0	0	0
15914542	8440800	-1	937984	889	0	0	889
15918542	-1	-1	0	0	0	0	0
15927542	15018664	-1	878592	468	0	0	468
15936542	-1	-1	0	0	0	0	0
15943550	14115448	-1	917504	520	0	0	520
15952553	-1	-1	0	0	0	0	0
15961542	12644848	-1	834560	528	0	0	528
15968543	-1	-1	0	0	0	0	0
15977542	12606496	-1	871424	553	0	0	553
15986544	-1	-1	0	0	0	0	0
15995543	12898736	-1	811008	503	0	0	503
16004542	-1	-1	0	0	0	0	0
16013543	14874944	-1	706560	380	0	0	416
16022543	-1	-1	0	0	0	0	0
16031543	9524824	-1	1200128	1008	0	0	1008
16040542	-1	-1	0	0	0	0	0
16049542	12559560	-1	1136640	724	0	0	724
16058542	-1	-1	0	0	0	0	0
16067542	8497872	-1	654336	616	0	0	616
16076543	-1	-1	0	0	0	0	0
16085542	9998200	-1	878592	703	0	0	703
16094549	-1	-1	0	0	0	0	0
16103542	9759280	-1	758784	622	0	0	622
16107542	-1	-1	0	0	0	0	0
16116542	10492672	-1	807936	616	0	0	616
16125542	-1	-1	0	0	0	0	0
16134543	-1	-1	0	0	0	0	0
16143542	12052848	-1	1128448	749	0	0	848
16147542	-1	-1	0	0	0	0	0
16156543	-1	-1	0	0	0	0	0
16165543	9722512	-1	793600	653	0	0	653
16174542	-1	-1	0	0	0	0	0
16183543	11773360	-1	855040	581	0	0	581
16192545	-1	-1	0	0	0	0	0
16201545	13235984	-1	757760	458	0	0	458
16210542	-1	-1	0	0	0	0	0
16219542	10680584	-1	1129472	846	0	0	846
16228547	-1	-1	0	0	0	0	0
16237544	11227472	-1	1219584	869	0	0	869
16246542	-1	-1	0	0	0	0	0
16255542	7955424	-1	1199280	1206	0	0	1206
16264543	-1	-1	0	0	0	0	0
16273542	10865704	-1	1106944	815	0	0	815
16282543	-1	-1	0	0	0	0	0
16291542	16302352	-1	1226752	602	0	0	602
16300543	-1	-1	0	0	0	0	0
16309544	-1	-1	0	0	0	0	0
16311543	-1	-1	0	0	0	0	0
16320542	9161632	-1	1035264	904	0	0	904
16322544	-1	-1	0	0	0	0	0
16331545	12505872	-1	1175552	752	0	0	752
16340544	-1	-1	0	0	0	0	0
16349543	11159920	-1	850944	610	0	0	626
16358545	-1	-1	0	0	0	0	0
16367547	8341192	-1	629760	604	0	0	-1
16376542	-1	-1	0	0	0	0	-1
16384569	7867376	-1	1265664	1287	0	0	-1
16393544	-1	-1	0	0	0	0	-1
16399543	9588104	-1	850944	710	0	0	-1
16408543	-1	-1	0	0	0	0	-1
16415544	-1	-1	0	0	0	0	-1
16424542	-1	-1	0	0	0	0	-1
16430543	15600200	-1	631808	324	0	0	-1
16580346	14432272	-1	1688576	936	0	0	23023
16588247	-1	-1	0	0	0	0	0
16597246	-1	-1	0	0	0	0	0
16606245	-1	-1	0	0	0	0	0
16615246	-1	-1	0	0	0	0	0
16624249	-1	-1	0	0	0	0	0
16633253	8158360	-1	993280	974	0	0	1142
16642245	-1	-1	0	0	0	0	0
16651246	12941208	-1	862208	533	0	0	543
16660254	-1	-1	0	0	0	0	0
16669246	14007696	-1	688128	393	0	0	465
16678246	-1	-1	0	0	0	0	0
16687246	5163672	-1	460212	713	0	0	713
16696250	-1	-1	0	0	0	0	0
16702246	9135584	-1	654336	573	0	0	623
16711245	-1	-1	0	0	0	0	0
16720246	7478016	-1	407552	436	0	0	436
16725246	-1	-1	0	0	0	0	0
16732246	15921176	-1	704512	354	0	0	420
16741245	-1	-1	0	0	0	0	0
16750245	13601152	-1	800768	471	0	0	471
16753245	-1	-1	0	0	0	0	0
16762246	15989952	-1	789504	395	0	0	423
16771250	-1	-1	0	0	0	0	0
16780246	-1	-1	0	0	0	0	0
16789245	14615568	-1	1150976	630	0	0	688
16791245	-1	-1	0	0	0	0	0
16800245	-1	-1	0	0	0	0	0
16809245	13116488	-1	867328	529	0	0	529
16818245	-1	-1	0	0	0	0	0
16827246	14620552	-1	933888	511	0	0	511
16836246	-1	-1	0	0	0	0	0
16845245	15085912	-1	880640	467	0	0	467
16854245	-1	-1	0	0	0	0	0
16863245	20183696	-1	1185792	470	0	0	470
16870247	-1	-1	0	0	0	0	0
16879247	-1	-1	0	0	0	0	0
16888245	21343952	-1	1758208	659	0	0	853
16891246	-1	-1	0	0	0	0	0
16900245	-1	-1	0	0	0	0	0
16909245	22189536	-1	990208	357	0	0	415
16918246	-1	-1	0	0	0	0	0
16927245	12911792	-1	879616	545	0	0	545
16935245	-1	-1	0	0	0	0	0
16944246	15426496	-1	890880	462	0	0	474
16953245	-1	-1	0	0	0	0	0
16962245	19834328	-1	1006592	406	0	0	515
16971249	-1	-1	0	0	0	0	0
16980248	11961408	-1	900096	602	0	0	602
16989246	-1	-1	0	0	0	0	0
16998245	8201296	-1	903168	881	0	0	881
17007245	-1	-1	0	0	0	0	0
17016246	15281576	-1	1745920	914	0	0	914
17025246	-1	-1	0	0	0	0	0
17034245	21515592	-1	2138112	795	0	0	795
17043245	-1	-1	0	0	0	0	0
17052250	12072872	-1	1752076	1161	0	0	1161
17060246	-1	-1	0	0	0	0	0
17069245	-1	-1	0	0	0	0	0
17077246	15823928	-1	2169856	1097	0	0	1097
17080245	-1	-1	0	0	0	0	0
17089245	11611432	-1	1300480	896	0	0	896
17091245	-1	-1	0	0	0	0	0
17100246	-1	-1	0	0	0	0	0
17109245	15591224	-1	1329152	682	0	0	682
17118245	-1	-1	0	0	0	0	0
17126245	11801200	-1	1228800	833	0	0	833
17135251	14410352	-1	1091584	606	0	0	606
17139246	-1	-1	0	0	0	0	0
17148245	-1	-1	0	0	0	0	0
17154246	18845776	-1	1387520	589	0	0	589
17163245	-1	-1	0	0	0	0	0
17171245	17852144	-1	1481728	664	0	0	664
17180245	-1	-1	0	0	0	0	0
17189245	3540208	-1	988160	2233	0	0	2233
17198247	-1	-1	0	0	0	0	0
17202248	-1	-1	0	0	0	0	0
17211246	18898704	-1	1762304	746	0	0	820
17215245	-1	-1	0	0	0	0	0
17224248	-1	-1	0	0	0	0	0
17233253	-1	-1	0	0	0	0	0
17242245	-1	-1	0	0	0	0	0
17251245	18136240	-1	1664000	734	0	0	831
17260246	-1	-1	0	0	0	0	0
17269252	15190384	-1	1238016	652	0	0	652
17278245	-1	-1	0	0	0	0	0
17287246	11268928	-1	877568	623	0	0	630
17296245	-1	-1	0	0	0	0	0
17305245	12527064	-1	804864	514	0	0	543
17461247	-1	-1	0	0	0	0	0
17470246	8169056	-1	729088	714	0	0	726
17479249	-1	-1	0	0	0	0	0
17488245	14464424	-1	1095680	606	0	0	606
17497245	-1	-1	0	0	0	0	0
17506245	12193080	-1	855040	561	0	0	561
17515245	-1	-1	0	0	0	0	0
17524245	10198920	-1	889856	698	0	0	698
17533246	-1	-1	0	0	0	0	0
17542254	9449736	-1	869376	736	0	0	739
17550245	-1	-1	0	0	0	0	0
17560245	12821544	-1	799744	499	0	0	532
17569245	-1	-1	0	0	0	0	0
17576246	9413640	-1	1215536	1033	0	0	1033
17585248	-1	-1	0	0	0	0	0
17594245	12363216	-1	925696	599	0	0	617
17603245	-1	-1	0	0	0	0	0
17612245	13642584	-1	866304	508	0	0	516
17621246	-1	-1	0	0	0	0	0
17630245	-1	-1	0	0	0	0	0
17639246	12205872	-1	1217536	798	0	0	798
17643245	-1	-1	0	0	0	0	0
17652250	-1	-1	0	0	0	0	0
17661246	10982232	-1	818176	596	0	0	596
17670245	-1	-1	0	0	0	0	0
17679246	10902592	-1	1112064	816	0	0	816
17688245	-1	-1	0	0	0	0	0
17697247	9612936	-1	796672	663	0	0	663
17706245	-1	-1	0	0	0	0	0
17715245	13301864	-1	1007616	606	0	0	606
17724246	-1	-1	0	0	0	0	0
17733247	9927848	-1	1001472	807	0	0	807
17742246	-1	-1	0	0	0	0	0
17751245	-1	-1	0	0	0	0	0
17754245	-1	-1	0	0	0	0	0
17763246	17496040	-1	1449984	663	0	0	724
17772245	-1	-1	0	0	0	0	0
17781245	5828664	-1	449536	617	0	0	617
17790245	-1	-1	0	0	0	0	0
17799245	11713248	-1	824320	563	0	0	563
17808245	-1	-1	0	0	0	0	0
17817245	-1	-1	0	0	0	0	0
17821245	-1	-1	0	0	0	0	0
17830245	15100720	-1	1915904	1015	0	0	1015
17839245	-1	-1	0	0	0	0	0
17848245	-1	-1	0	0	0	0	0
17850245	-1	-1	0	0	0	0	0
17859245	11975016	-1	901120	602	0	0	602
17868245	-1	-1	0	0	0	0	0
17875245	9777208	-1	941056	770	0	0	770
17881246	-1	-1	0	0	0	0	0
17890245	13818992	-1	882688	511	0	0	526
17899245	-1	-1	0	0	0	0	0
17908245	12314560	-1	1186816	771	0	0	771
17917245	-1	-1	0	0	0	0	0
17926245	14421448	-1	1339392	743	0	0	745
17935245	-1	-1	0	0	0	0	0
17944246	6108184	-1	941424	1233	0	0	1233
17953246	-1	-1	0	0	0	0	0
17962245	7946328	-1	960512	967	0	0	967
17969246	-1	-1	0	0	0	0	0
17978245	10164416	-1	722944	569	0	0	569
17987245	-1	-1	0	0	0	0	0
17996245	9787104	-1	879616	719	0	0	719
18005245	-1	-1	0	0	0	0	0
18012246	8947288	-1	788480	705	0	0	705
18021245	-1	-1	0	0	0	0	0
18030245	9069256	-1	719872	635	0	0	635
18039245	-1	-1	0	0	0	0	0
18048246	8571032	-1	717824	670	0	0	723
18057245	-1	-1	0	0	0	0	0
18066245	11589024	-1	848896	586	0	0	586
18075245	-1	-1	0	0	0	0	0
18084245	10411344	-1	1306624	1004	0	0	1004
18093248	-1	-1	0	0	0	0	0
18102245	-1	-1	0	0	0	0	0
18111246	7742240	-1	740352	765	0	0	765
18114250	-1	-1	0	0	0	0	0
18123245	12543464	-1	1508352	962	0	0	962
18126245	-1	-1	0	0	0	0	0
18135245	-1	-1	0	0	0	0	0
18144245	-1	-1	0	0	0	0	0
18150245	-1	-1	0	0	0	0	0
18159246	12811336	-1	1880064	1174	0	0	1355
18168245	-1	-1	0	0	0	0	0
18177246	9351840	-1	916480	784	0	0	784
18186245	-1	-1	0	0	0	0	0
18195245	9332984	-1	745472	639	0	0	732
18202245	-1	-1	0	0	0	0	0
18211246	10394984	-1	961536	740	0	0	756
18220246	9232256	-1	1017856	882	0	0	882
18224246	-1	-1	0	0	0	0	0
18233245	-1	-1	0	0	0	0	0
18242246	9648120	-1	943104	782	0	0	782
18251246	-1	-1	0	0	0	0	0
18260245	-1	-1	0	0	0	0	0
18269245	10876096	-1	1514496	1114	0	0	1116
18270247	-1	-1	0	0	0	0	0
18279245	-1	-1	0	0	0	0	0
18288245	8938696	-1	845824	757	0	0	757
18297246	-1	-1	0	0	0	0	0
18306245	6446344	-1	866228	1075	0	0	1075
18315245	-1	-1	0	0	0	0	0
18324246	-1	-1	0	0	0	0	0
18333246	22674288	-1	1428480	504	0	0	610
18336245	-1	-1	0	0	0	0	0
18345246	-1	-1	0	0	0	0	0
18354246	14452680	-1	919552	509	0	0	532
18363245	-1	-1	0	0	0	0	0
18372245	6711800	-1	877568	1046	0	0	1046
18381245	-1	-1	0	0	0	0	0
18390247	10018592	-1	926720	740	0	0	740
18399252	-1	-1	0	0	0	0	0
18408246	-1	-1	0	0	0	0	0
18412245	-1	-1	0	0	0	0	0
18421245	13510632	-1	1906688	1129	0	0	1198
18430246	-1	-1	0	0	0	0	0
18439245	9586120	-1	795648	664	0	0	664
18445245	-1	-1	0	0	0	0	0
18454245	7518816	-1	812032	864	0	0	864
18463245	-1	-1	0	0	0	0	0
18472245	6480656	-1	709632	876	0	0	943
18479245	-1	-1	0	0	0	0	0
18488246	-1	-1	0	0	0	0	0
18497250	-1	-1	0	0	0	0	0
18503245	16426936	-1	1958912	954	0	0	954
18511246	-1	-1	0	0	0	0	0
18518245	-1	-1	0	0	0	0	0
18526246	-1	-1	0	0	0	0	0
18535246	16433424	-1	1361920	663	0	0	718
18544245	-1	-1	0	0	0	0	0
18553246	16835872	-1	1182720	562	0	0	562
18562245	-1	-1	0	0	0	0	0
18571245	16712872	-1	1144832	548	0	0	548
18580245	-1	-1	0	0	0	0	0
18584245	-1	-1	0	0	0	0	0
18591248	22162088	-1	2077696	750	0	0	751
18595246	-1	-1	0	0	0	0	0
18604245	-1	-1	0	0	0	0	0
18613245	-1	-1	0	0	0	0	0
18622245	-1	-1	0	0	0	0	0
18631245	16927240	-1	1595392	754	0	0	789
18640245	-1	-1	0	0	0	0	0
18649246	-1	-1	0	0	0	0	0
18658245	-1	-1	0	0	0	0	0
18667245	11964304	-1	984064	658	0	0	658
18676246	6384352	-1	762132	955	0	0	955
18677246	-1	-1	0	0	0	0	0
18686245	-1	-1	0	0	0	0	0
18695252	16562640	-1	1329152	642	0	0	642
18704245	-1	-1	0	0	0	0	0
18713246	13495792	-1	1315840	780	0	0	780
18722245	-1	-1	0	0	0	0	0
18731245	11460824	-1	1177600	822	0	0	822
18740246	-1	-1	0	0	0	0	0
18746246	11936600	-1	1113088	746	0	0	746
18755246	-1	-1	0	0	0	0	0
18764246	12456656	-1	1058816	680	0	0	680
18773245	-1	-1	0	0	0	0	0
18782246	-1	-1	0	0	0	0	0
18791245	14076824	-1	1418240	806	0	0	900
18794245	-1	-1	0	0	0	0	0
18803246	-1	-1	0	0	0	0	0
18812245	14358024	-1	1335296	744	0	0	744
18821245	-1	-1	0	0	0	0	0
18830245	12885728	-1	1048576	651	0	0	651
18839245	-1	-1	0	0	0	0	0
18848245	10001024	-1	996352	797	0	0	797
18857245	-1	-1	0	0	0	0	0
18866246	16696216	-1	1149952	551	0	0	551
18875245	-1	-1	0	0	0	0	0
18884245	-1	-1	0	0	0	0	0
18887246	-1	-1	0	0	0	0	0
18896245	15146304	-1	2004992	1059	0	0	1109
18905245	-1	-1	0	0	0	0	0
18914245	17777408	-1	1188864	535	0	0	535
18923246	-1	-1	0	0	0	0	0
18932246	13127072	-1	1217536	742	0	0	742
18939245	-1	-1	0	0	0	0	0
18948247	9728000	-1	778240	640	0	0	640
18958246	-1	-1	0	0	0	0	0
18966246	9770392	-1	766976	628	0	0	628
18975245	-1	-1	0	0	0	0	0
18984248	10601408	-1	833536	629	0	0	629
18993245	-1	-1	0	0	0	0	0
19002270	-1	-1	0	0	0	0	0
19004247	-1	-1	0	0	0	0	0
19013246	13639632	-1	1358848	797	0	0	829
19020245	-1	-1	0	0	0	0	0
19029247	12953504	-1	861408	532	0	0	532
19038245	-1	-1	0	0	0	0	0
19047245	5143816	-1	387072	602	0	0	735
19056245	9610728	-1	430080	358	0	0	358
19065245	13797056	-1	950272	551	0	0	551
19074246	-1	-1	0	0	0	0	0
19083245	20828984	-1	1161216	446	0	0	446
19092246	-1	-1	0	0	0	0	0
19101245	20758696	-1	1258496	485	0	0	521
19110247	-1	-1	0	0	0	0	0
19119245	9972872	-1	1175552	943	0	0	943
19128245	-1	-1	0	0	0	0	0
19137250	-1	-1	0	0	0	0	0
19145246	19722384	-1	2492416	1011	0	0	1011
19147245	-1	-1	0	0	0	0	0
19156245	-1	-1	0	0	0	0	0
19165245	-1	-1	0	0	0	0	0
19174245	-1	-1	0	0	0	0	0
19183245	11739872	-1	603136	411	0	0	-1
19192245	-1	-1	0	0	0	0	-1
19197246	10424208	-1	1477632	1134	0	0	-1
19206252	25719072	-1	1105920	344	0	0	-1
19208250	-1	-1	0	0	0	0	-1
19217246	-1	-1	0	0	0	0	-1
19226245	12222464	-1	1145856	750	0	0	-1
19235251	-1	-1	0	0	0	0	-1
19342177	11012776	-1	1918976	1394	0	0	19584
19348173	-1	-1	0	0	0	0	0
19357174	-1	-1	0	0	0	0	0
19359173	-1	-1	0	0	0	0	0
19368178	-1	-1	0	0	0	0	0
19377173	10800624	-1	966656	716	0	0	716
19386173	-1	-1	0	0	0	0	0
19395173	11218152	-1	751616	536	0	0	536
19404174	-1	-1	0	0	0	0	0
19413173	7179376	-1	1292288	1440	0	0	1440
19422173	12553376	-1	557056	355	0	0	390
19427174	22447568	-1	928768	331	0	0	331
19436172	-1	-1	0	0	0	0	0
19445181	-1	-1	0	0	0	0	0
19451183	-1	-1	0	0	0	0	0
19460172	16606272	-1	2150512	1036	0	0	1036
19466173	-1	-1	0	0	0	0	0
19474174	16557680	-1	1757184	849	0	0	849
19483173	-1	-1	0	0	0	0	0
19492173	17598728	-1	1216512	553	0	0	553
19501172	-1	-1	0	0	0	0	0
19510173	11968896	-1	1171456	783	0	0	783
19519173	-1	-1	0	0	0	0	0
19528173	-1	-1	0	0	0	0	0
19537175	18721944	-1	2082816	890	0	0	938
19541174	-1	-1	0	0	0	0	0
19550172	-1	-1	0	0	0	0	0
19559173	-1	-1	0	0	0	0	0
19567172	-1	-1	0	0	0	0	0
19575173	12232824	-1	1475584	965	0	0	968
19584173	-1	-1	0	0	0	0	0
19593173	10826080	-1	841728	622	0	0	622
19599173	-1	-1	0	0	0	0	0
19608172	12334808	-1	1079296	700	0	0	700
19617173	-1	-1	0	0	0	0	0
19626173	11257096	-1	1252352	890	0	0	890
19635172	-1	-1	0	0	0	0	0
19644174	15045344	-1	1058816	563	0	0	563
19653177	-1	-1	0	0	0	0	0
19662174	11996040	-1	1430528	954	0	0	954
19668172	-1	-1	0	0	0	0	0
19677173	14645464	-1	1078272	589	0	0	589
19686173	-1	-1	0	0	0	0	0
19695176	-1	-1	0	0	0	0	0
19704173	-1	-1	0	0	0	0	0
19712173	17165224	-1	1619968	755	0	0	912
19721173	-1	-1	0	0	0	0	0
19727173	14796624	-1	1069056	578	0	0	627
19736172	-1	-1	0	0	0	0	0
19745173	12915760	-1	1063936	659	0	0	659
19754173	-1	-1	0	0	0	0	0
19763173	16002624	-1	1074176	537	0	0	537
19772172	-1	-1	0	0	0	0	0
19781173	11783168	-1	1051648	714	0	0	714
19790173	-1	-1	0	0	0	0	0
19799173	11797280	-1	1206272	818	0	0	818
19808173	-1	-1	0	0	0	0	0
19817172	5005464	-1	996088	1592	0	0	1592
19826174	-1	-1	0	0	0	0	0
19835172	8586544	-1	846848	789	0	0	789
19844173	-1	-1	0	0	0	0	0
19852173	-1	-1	0	0	0	0	0
19861173	15780296	-1	2114560	1072	0	0	1072
19864174	-1	-1	0	0	0	0	0
19872176	-1	-1	0	0	0	0	0
19881173	16280400	-1	2252800	1107	0	0	1107
19890173	-1	-1	0	0	0	0	0
19899173	-1	-1	0	0	0	0	0
19902173	-1	-1	0	0	0	0	0
19911173	17006272	-1	2378752	1119	0	0	1119
19916172	-1	-1	0	0	0	0	0
19924174	10254272	-1	1471488	1148	0	0	1148
19932173	-1	-1	0	0	0	0	0
19942173	11885016	-1	1011712	681	0	0	681
19948174	-1	-1	0	0	0	0	0
19957182	12370208	-1	1309696	847	0	0	847
19964176	-1	-1	0	0	0	0	0
19974173	-1	-1	0	0	0	0	0
19979184	-1	-1	0	0	0	0	0
19988173	9770640	-1	2009088	1645	0	0	1645
19990173	-1	-1	0	0	0	0	0
19998173	8942032	-1	1098752	983	0	0	983
20007177	-1	-1	0	0	0	0	0
20016174	14505944	-1	1289216	711	0	0	711
20023172	-1	-1	0	0	0	0	0
20032173	15050024	-1	901120	479	0	0	540
20038173	-1	-1	0	0	0	0	0
20047173	11241944	-1	1370112	975	0	0	975
20056173	-1	-1	0	0	0	0	0
20065173	10992240	-1	1294336	942	0	0	942
20073173	-1	-1	0	0	0	0	0
20081173	11889856	-1	1116160	751	0	0	751
20089173	-1	-1	0	0	0	0	0
20096173	-1	-1	0	0	0	0	0
20105172	13283712	-1	1803264	1086	0	0	1229
20109173	-1	-1	0	0	0	0	0
20116173	-1	-1	0	0	0	0	0
20125173	12050288	-1	1349632	896	0	0	896
20134173	-1	-1	0	0	0	0	0
20143173	8946528	-1	1104896	988	0	0	988
20152173	-1	-1	0	0	0	0	0
20161173	-1	-1	0	0	0	0	0
20170173	10126536	-1	1827840	1444	0	0	1444
20171173	-1	-1	0	0	0	0	0
20180174	-1	-1	0	0	0	0	0
20189173	12226440	-1	1684192	1102	0	0	1161
20198173	-1	-1	0	0	0	0	0
20206173	11107640	-1	1209344	871	0	0	871
20215173	-1	-1	0	0	0	0	0
20224176	14096776	-1	1236992	702	0	0	702
20233172	-1	-1	0	0	0	0	0
20242173	-1	-1	0	0	0	0	0
20251178	9642664	-1	578560	480	0	0	652
20256173	18738024	-1	1222656	522	0	0	522
20265174	-1	-1	0	0	0	0	0
20274172	18651608	-1	934912	401	0	0	426
20283173	-1	-1	0	0	0	0	0
20292174	19730336	-1	929792	377	0	0	426
20301174	-1	-1	0	0	0	0	0
20310173	9948192	-1	951296	765	0	0	765
20318172	-1	-1	0	0	0	0	0
20327173	12847096	-1	1082368	674	0	0	674
20336173	-1	-1	0	0	0	0	0
20345173	7730480	-1	754688	781	0	0	781
20354173	-1	-1	0	0	0	0	0
20363173	15477376	-1	1957888	1012	0	0	1012
20372173	-1	-1	0	0	0	0	0
20381174	10624488	-1	1386496	1044	0	0	1044
20390177	-1	-1	0	0	0	0	0
20399173	19896792	-1	1502208	604	0	0	604
20408173	-1	-1	0	0	0	0	0
20417175	15265592	-1	1076224	564	0	0	645
20424173	-1	-1	0	0	0	0	0
20433194	14012056	-1	1306624	746	0	0	746
20438173	-1	-1	0	0	0	0	0
20446173	8983624	-1	1034240	921	0	0	921
20455173	-1	-1	0	0	0	0	0
20464173	11453824	-1	1096704	766	0	0	766
20473172	-1	-1	0	0	0	0	0
20482172	-1	-1	0	0	0	0	0
20491175	7625816	-1	882688	926	0	0	947
20495173	54387488	-1	904192	133	0	0	155
20504172	-1	-1	0	0	0	0	0
20513173	19520936	-1	1000448	410	0	0	412
20522172	-1	-1	0	0	0	0	0
20531173	20665736	-1	1082368	419	0	0	447
20540174	-1	-1	0	0	0	0	0
20549172	6485584	-1	664772	820	0	0	820
20558173	-1	-1	0	0	0	0	0
20567172	8325200	-1	1024000	984	0	0	984
20570172	-1	-1	0	0	0	0	0
20579172	9618104	-1	1215488	1011	0	0	1011
20588172	-1	-1	0	0	0	0	0
20597173	19267584	-1	1204224	500	0	0	500
20606172	-1	-1	0	0	0	0	0
20615173	-1	-1	0	0	0	0	0
20617174	-1	-1	0	0	0	0	0
20626172	22568304	-1	1576960	559	0	0	686
20635173	-1	-1	0	0	0	0	0
20644173	18457280	-1	1121280	486	0	0	486
20653173	-1	-1	0	0	0	0	0
20661173	17706472	-1	987136	446	0	0	456
20670172	-1	-1	0	0	0	0	0
20679173	20900104	-1	1018880	390	0	0	417
20688172	-1	-1	0	0	0	0	0
20697173	13302776	-1	738304	444	0	0	452
20706173	-1	-1	0	0	0	0	0
20715175	12896088	-1	575488	357	0	0	465
20717172	-1	-1	0	0	0	0	0
20726173	13389680	-1	970752	580	0	0	580
20735173	-1	-1	0	0	0	0	0
20744173	15459984	-1	1147904	594	0	0	620
20753173	-1	-1	0	0	0	0	0
20762173	17606120	-1	944128	429	0	0	429
20771172	-1	-1	0	0	0	0	0
20774175	-1	-1	0	0	0	0	0
20783173	19858288	-1	1668096	672	0	0	715
20787176	-1	-1	0	0	0	0	0
20794174	-1	-1	0	0	0	0	0
20803173	21351216	-1	840704	315	0	0	315
20812172	-1	-1	0	0	0	0	0
20821174	15791448	-1	1091584	553	0	0	553
20829173	-1	-1	0	0	0	0	0
20838172	17482928	-1	1075200	492	0	0	511
20847173	-1	-1	0	0	0	0	0
20856172	-1	-1	0	0	0	0	0
20858172	-1	-1	0	0	0	0	0
20867173	22285296	-1	2092032	751	0	0	871
20876172	-1	-1	0	0	0	0	0
20885173	18002976	-1	1138688	506	0	0	540
20894173	-1	-1	0	0	0	0	0
20903173	13568056	-1	997252	588	0	0	588
20912173	-1	-1	0	0	0	0	0
20921172	11798848	-1	1222656	829	0	0	829
20930173	-1	-1	0	0	0	0	0
20939172	-1	-1	0	0	0	0	0
20943173	-1	-1	0	0	0	0	0
20952176	23872768	-1	1981440	664	0	0	756
20961177	-1	-1	0	0	0	0	0
20968173	15476928	-1	1677312	867	0	0	867
20976173	-1	-1	0	0	0	0	0
20984172	14686648	-1	1479680	806	0	0	806
20993174	-1	-1	0	0	0	0	0
21002172	-1	-1	0	0	0	0	0
21004173	-1	-1	0	0	0	0	0
21013173	11024040	-1	1187840	862	0	0	862
21019172	-1	-1	0	0	0	0	0
21028173	20447360	-1	1283072	502	0	0	526
21033173	-1	-1	0	0	0	0	0
21043172	16264120	-1	1250304	615	0	0	620
21051173	-1	-1	0	0	0	0	0
21060173	16695264	-1	1208320	579	0	0	579
21070173	-1	-1	0	0	0	0	0
21078174	11175960	-1	1234944	884	0	0	884
21087172	-1	-1	0	0	0	0	0
21096174	19239032	-1	1214464	505	0	0	522
21105175	-1	-1	0	0	0	0	0
21114173	20435688	-1	1652736	647	0	0	647
21123172	-1	-1	0	0	0	0	0
21132172	14185760	-1	918528	518	0	0	532
21141173	-1	-1	0	0	0	0	0
21150172	21216688	-1	1474560	556	0	0	556
21159173	-1	-1	0	0	0	0	0
21168176	11644264	-1	1046528	719	0	0	719
21177174	16336576	-1	1411072	691	0	0	734
21180173	-1	-1	0	0	0	0	0
21189172	-1	-1	0	0	0	0	0
21198173	11108080	-1	674816	486	0	0	550
21207180	-1	-1	0	0	0	0	7
21212172	15637992	-1	1137664	582	0	0	614
21221173	-1	-1	0	0	0	0	0
21228173	-1	-1	0	0	0	0	0
21232172	-1	-1	0	0	0	0	0
21241173	18415824	-1	1457152	633	0	0	673
21245173	-1	-1	0	0	0	0	0
21254173	-1	-1	0	0	0	0	0
21261173	27035736	-1	1294336	383	0	0	477
21266172	-1	-1	0	0	0	0	0
21274178	12229528	-1	752116	492	0	0	492
21277172	-1	-1	0	0	0	0	0
21286173	-1	-1	0	0	0	0	0
21294172	6676416	-1	523264	627	0	0	645
21297173	-1	-1	0	0	0	0	0
21305173	9141944	-1	916480	802	0	0	802
21307179	-1	-1	0	0	0	0	0
21316173	-1	-1	0	0	0	0	0
21325175	16990192	-1	2066432	973	0	0	1076
21329173	-1	-1	0	0	0	0	0
21338172	-1	-1	0	0	0	0	0
21347173	15809792	-1	1268736	642	0	0	642
21352172	-1	-1	0	0	0	0	0
21357172	-1	-1	0	0	0	0	0
21362173	-1	-1	0	0	0	0	0
21371172	9934392	-1	1839104	1481	0	0	1571
21380172	-1	-1	0	0	0	0	0
21389174	18210472	-1	2062336	906	0	0	906
21398172	-1	-1	0	0	0	0	0
21407173	19180944	-1	1481728	618	0	0	618
21416173	-1	-1	0	0	0	0	0
21425173	9652848	-1	879616	729	0	0	729
21434172	-1	-1	0	0	0	0	0
21443172	17747440	-1	1599488	721	0	0	721
21449173	-1	-1	0	0	0	0	0
21456177	13750856	-1	1251328	728	0	0	728
21464173	-1	-1	0	0	0	0	0
21473173	14980552	-1	1475584	788	0	0	788
21482173	-1	-1	0	0	0	0	0
21491173	-1	-1	0	0	0	0	0
21493177	-1	-1	0	0	0	0	0
21501173	14081384	-1	1302528	740	0	0	740
21504172	-1	-1	0	0	0	0	0
21512173	15733288	-1	1386496	705	0	0	705
21521172	-1	-1	0	0	0	0	0
21530179	22636608	-1	1494016	528	0	0	528
21539172	-1	-1	0	0	0	0	0
21548172	16369904	-1	1188864	581	0	0	581
21557173	-1	-1	0	0	0	0	0
21566173	12380952	-1	1022976	661	0	0	661
21575173	-1	-1	0	0	0	0	0
21584172	-1	-1	0	0	0	0	0
21593176	13823400	-1	1470464	851	0	0	988
21597173	-1	-1	0	0	0	0	0
21605173	-1	-1	0	0	0	0	0
21614173	9487480	-1	1019904	860	0	0	860
21623173	-1	-1	0	0	0	0	0
21632173	12729368	-1	1527524	960	0	0	960
21641175	-1	-1	0	0	0	0	0
21650172	7180840	-1	930816	1037	0	0	1037
21659173	-1	-1	0	0	0	0	0
21668174	11023696	-1	1303552	946	0	0	946
21677174	-1	-1	0	0	0	0	0
21686173	17765448	-1	1316864	593	0	0	628
21695172	-1	-1	0	0	0	0	0
21704173	14376608	-1	1268736	706	0	0	706
21708172	-1	-1	0	0	0	0	0
21717173	-1	-1	0	0	0	0	0
21726173	10737928	-1	1269760	946	0	0	995
21730172	14336000	-1	157696	88	0	0	88
21739173	-1	-1	0	0	0	0	0
21748173	11380832	-1	1059840	745	0	0	745
21757173	-1	-1	0	0	0	0	0
21766179	9366016	-1	735232	628	0	0	-1
21775180	-1	-1	0	0	0	0	-1
21784173	10580264	-1	843776	638	0	0	-1
21793172	-1	-1	0	0	0	0	-1
21799173	-1	-1	0	0	0	0	-1
21808173	11974776	-1	1017856	680	0	0	-1
21810172	-1	-1	0	0	0	0	-1
21818173	-1	-1	0	0	0	0	-1
21827173	9846952	-1	609280	495	0	0	-1
21831173	-1	-1	0	0	0	0	-1
21976546	6729144	-1	635904	756	0	0	22164
21979544	-1	-1	0	0	0	0	0
21988544	8885600	-1	485376	437	0	0	437
21997545	-1	-1	0	0	0	0	0
22006544	9342712	-1	698368	598	0	0	598
22015543	-1	-1	0	0	0	0	0
22024544	10381784	-1	674816	520	0	0	520
22033543	-1	-1	0	0	0	0	0
22042544	11914128	-1	734208	493	0	0	535
22051543	6130256	-1	228352	298	0	0	427
22056543	12801832	-1	446464	279	0	0	279
22065548	-1	-1	0	0	0	0	0
22074545	13681256	-1	1113312	651	0	0	651
22083544	-1	-1	0	0	0	0	0
22092544	9323280	-1	978944	840	0	0	840
22101549	-1	-1	0	0	0	0	0
22110545	17997576	-1	1484800	660	0	0	660
22119543	-1	-1	0	0	0	0	0
22125543	-1	-1	0	0	0	0	0
22134545	13536352	-1	1382400	817	0	0	869
22136543	-1	-1	0	0	0	0	0
22145545	-1	-1	0	0	0	0	0
22154544	9362288	-1	589824	504	0	0	504
22163544	-1	-1	0	0	0	0	0
22172544	-1	-1	0	0	0	0	0
22181543	9472688	-1	878592	742	0	0	742
22184543	-1	-1	0	0	0	0	0
22193543	-1	-1	0	0	0	0	0
22202543	11606608	-1	776192	535	0	0	535
22211543	-1	-1	0	0	0	0	0
22220543	8074968	-1	635904	630	0	0	630
22229543	-1	-1	0	0	0	0	0
22238544	8952576	-1	578560	517	0	0	517
22247543	-1	-1	0	0	0	0	0
22254543	9664000	-1	618496	512	0	0	512
22263543	-1	-1	0	0	0	0	0
22272544	-1	-1	0	0	0	0	0
22276545	-1	-1	0	0	0	0	0
22285544	12303256	-1	1651712	1074	0	0	1074
22294543	-1	-1	0	0	0	0	0
22303543	10144888	-1	819200	646	0	0	646
22312543	-1	-1	0	0	0	0	0
22321544	11165904	-1	830464	595	0	0	595
22326543	-1	-1	0	0	0	0	0
22335543	8763536	-1	847872	774	0	0	774
22344543	-1	-1	0	0	0	0	0
22353543	-1	-1	0	0	0	0	0
22360544	-1	-1	0	0	0	0	0
22369543	13228064	-1	1412096	854	0	0	854
22376548	-1	-1	0	0	0	0	0
22385543	-1	-1	0	0	0	0	0
22394543	-1	-1	0	0	0	0	0
22403544	13972192	-1	1405952	805	0	0	901
22412543	-1	-1	0	0	0	0	0
22421544	9418880	-1	754688	641	0	0	641
22430543	-1	-1	0	0	0	0	0
22439543	-1	-1	0	0	0	0	0
22445544	-1	-1	0	0	0	0	0
22454544	11528464	-1	1492936	1036	0	0	1037
22463544	-1	-1	0	0	0	0	0
22471543	-1	-1	0	0	0	0	0
22480543	-1	-1	0	0	0	0	0
22489544	17426848	-1	1420288	652	0	0	798
22498544	-1	-1	0	0	0	0	0
22507543	23913504	-1	1922048	643	0	0	643
22516543	-1	-1	0	0	0	0	0
22525544	23778000	-1	1952768	657	0	0	657
22534544	-1	-1	0	0	0	0	0
22543544	19477840	-1	1940480	797	0	0	797
22552543	-1	-1	0	0	0	0	0
22559543	17870872	-1	1932288	865	0	0	865
22568544	-1	-1	0	0	0	0	0
22577547	12206488	-1	1840128	1206	0	0	1206
22586544	-1	-1	0	0	0	0	0
22595543	9092816	-1	1540096	1355	0	0	1355
22604544	-1	-1	0	0	0	0	0
22613544	16263048	-1	1514496	745	0	0	745
22622543	-1	-1	0	0	0	0	0
22631559	20401536	-1	1996800	783	0	0	783
22640543	-1	-1	0	0	0	0	0
22649543	15515024	-1	1883136	971	0	0	971
22658543	-1	-1	0	0	0	0	0
22666543	9785024	-1	2031616	1661	0	0	1661
22675545	-1	-1	0	0	0	0	0
22684543	19892832	-1	1439744	579	0	0	579
22693545	-1	-1	0	0	0	0	0
22703548	19458008	-1	1238016	509	0	0	509
22710544	-1	-1	0	0	0	0	0
22718543	-1	-1	0	0	0	0	0
22728544	13041832	-1	1266688	777	0	0	866
22732543	-1	-1	0	0	0	0	0
22741543	-1	-1	0	0	0	0	0
22750543	10724864	-1	758784	566	0	0	566
22759543	-1	-1	0	0	0	0	0
22768548	9926776	-1	738304	595	0	0	595
22777543	-1	-1	0	0	0	0	0
22786543	11297672	-1	730112	517	0	0	517
22795543	-1	-1	0	0	0	0	0
22804543	10159448	-1	628616	495	0	0	495
22813543	-1	-1	0	0	0	0	0
22822543	13375304	-1	1839104	1100	0	0	1136
22831543	-1	-1	0	0	0	0	0
22840544	11685648	-1	993280	680	0	0	680
22849543	-1	-1	0	0	0	0	0
22858543	8202136	-1	828416	808	0	0	808
22867543	-1	-1	0	0	0	0	0
22876545	-1	-1	0	0	0	0	0
22879543	-1	-1	0	0	0	0	0
22887543	9780968	-1	1134592	928	0	0	1054
22896543	-1	-1	0	0	0	0	0
22905544	14592000	-1	933888	512	0	0	512
22914543	-1	-1	0	0	0	0	0
22923544	7512760	-1	747520	796	0	0	796
22930544	-1	-1	0	0	0	0	0
22939543	-1	-1	0	0	0	0	0
22946547	4971696	-1	270336	435	0	0	447
22951543	12341504	-1	1062912	689	0	0	689
22960543	-1	-1	0	0	0	0	0
22967544	13745648	-1	965632	562	0	0	562
22976543	-1	-1	0	0	0	0	0
22985544	9479312	-1	746496	630	0	0	630
22994543	-1	-1	0	0	0	0	0
23003544	9873936	-1	1021952	828	0	0	828
23012543	-1	-1	0	0	0	0	0
23021543	11230744	-1	821248	585	0	0	585
23030543	-1	-1	0	0	0	0	0
23039543	14812472	-1	907264	490	0	0	490
23048547	-1	-1	0	0	0	0	0
23057545	8513672	-1	813056	764	0	0	764
23066543	-1	-1	0	0	0	0	0
23075543	17299184	-1	793600	367	0	0	422
23084543	-1	-1	0	0	0	0	0
23093543	7472504	-1	744448	797	0	0	797
23102543	-1	-1	0	0	0	0	0
23111544	7427272	-1	726016	782	0	0	782
23120544	-1	-1	0	0	0	0	0
23129544	9966632	-1	1138688	914	0	0	914
23136543	-1	-1	0	0	0	0	0
23145543	7519736	-1	801792	853	0	0	853
23154543	-1	-1	0	0	0	0	0
23163543	12983576	-1	1004604	619	0	0	619
23172544	-1	-1	0	0	0	0	0
23181543	5049864	-1	460800	730	0	0	730
23190544	-1	-1	0	0	0	0	0
23199543	10515432	-1	987136	751	0	0	751
23204543	-1	-1	0	0	0	0	0
23212543	12506040	-1	822272	526	0	0	526
23221544	-1	-1	0	0	0	0	0
23230548	11475304	-1	722944	504	0	0	504
23239544	-1	-1	0	0	0	0	0
23248543	-1	-1	0	0	0	0	0
23249543	-1	-1	0	0	0	0	0
23258545	14656888	-1	1590272	868	0	0	982
23267543	-1	-1	0	0	0	0	0
23276544	13244128	-1	1148928	694	0	0	715
23285543	-1	-1	0	0	0	0	0
23294543	9473520	-1	598016	505	0	0	512
23303543	-1	-1	0	0	0	0	0
23312543	12198064	-1	763904	501	0	0	515
23317543	-1	-1	0	0	0	0	0
23324543	14236096	-1	875520	492	0	0	524
23333544	-1	-1	0	0	0	0	0
23342543	13039704	-1	870400	534	0	0	538
23351543	-1	-1	0	0	0	0	0
23360543	-1	-1	0	0	0	0	0
23366544	11807704	-1	1120256	759	0	0	818
23370551	-1	-1	0	0	0	0	0
23379544	-1	-1	0	0	0	0	0
23388543	-1	-1	0	0	0	0	0
23396543	13813744	-1	1293312	749	0	0	796
23399543	-1	-1	0	0	0	0	0
23408543	-1	-1	0	0	0	0	0
23417543	13679976	-1	1051648	615	0	0	624
23426543	-1	-1	0	0	0	0	0
23435543	-1	-1	0	0	0	0	0
23440544	-1	-1	0	0	0	0	0
23449543	14507800	-1	1361920	751	0	0	855
23458543	-1	-1	0	0	0	0	0
23467544	-1	-1	0	0	0	0	0
23477543	-1	-1	0	0	0	0	0
23484543	10531232	-1	1147904	872	0	0	970
23493543	-1	-1	0	0	0	0	0
23502544	13474048	-1	1000448	594	0	0	594
23508545	-1	-1	0	0	0	0	0
23517545	11346064	-1	814080	574	0	0	574
23526543	-1	-1	0	0	0	0	0
23535544	13681256	-1	935456	547	0	0	547
23544544	-1	-1	0	0	0	0	0
23553543	-1	-1	0	0	0	0	0
23554544	-1	-1	0	0	0	0	0
23563544	9401824	-1	1217536	1036	0	0	1158
23572543	-1	-1	0	0	0	0	0
23581543	8384544	-1	980992	936	0	0	936
23590544	-1	-1	0	0	0	0	0
23599543	13036728	-1	909312	558	0	0	558
23608543	-1	-1	0	0	0	0	0
23617543	9807528	-1	702464	573	0	0	573
23626544	-1	-1	0	0	0	0	0
23633543	9206144	-1	836608	727	0	0	727
23642543	-1	-1	0	0	0	0	0
23651545	9696656	-1	772096	637	0	0	637
23660544	-1	-1	0	0	0	0	0
23669543	15390216	-1	1173504	610	0	0	620
23678543	-1	-1	0	0	0	0	0
23687544	-1	-1	0	0	0	0	0
23693544	-1	-1	0	0	0	0	0
23702543	10941840	-1	973824	712	0	0	712
23711543	13878008	-1	822272	474	0	0	517
23715543	-1	-1	0	0	0	0	0
23724549	14493536	-1	824320	455	0	0	455
23729543	-1	-1	0	0	0	0	0
23736544	-1	-1	0	0	0	0	0
23745543	-1	-1	0	0	0	0	0
23753549	17444312	-1	1229824	564	0	0	641
23757543	-1	-1	0	0	0	0	0
23766548	-1	-1	0	0	0	0	0
23775544	11278288	-1	1212416	860	0	0	860
23784543	-1	-1	0	0	0	0	0
23793549	-1	-1	0	0	0	0	0
23802543	21408424	-1	1605632	600	0	0	750
23803544	-1	-1	0	0	0	0	0
23812543	-1	-1	0	0	0	0	0
23821544	11663744	-1	1090560	748	0	0	748
23827543	-1	-1	0	0	0	0	0
23836545	10984504	-1	1152000	839	0	0	839
23845543	-1	-1	0	0	0	0	0
23854544	11735464	-1	1000448	682	0	0	682
23863544	-1	-1	0	0	0	0	0
23872543	12877912	-1	1184768	736	0	0	749
23881544	-1	-1	0	0	0	0	0
23890544	11236928	-1	903168	643	0	0	643
23899543	-1	-1	0	0	0	0	0
23908544	8589224	-1	810608	755	0	0	755
23917543	-1	-1	0	0	0	0	0
23926543	8936728	-1	1499136	1342	0	0	3518
23935543	-1	-1	0	0	0	0	0
23944543	-1	-1	0	0	0	0	0
23953543	-1	-1	0	0	0	0	0
23962544	15475928	-1	1640448	848	0	0	848
23971543	-1	-1	0	0	0	0	0
23977544	-1	-1	0	0	0	0	0
23983544	-1	-1	0	0	0	0	0
23992543	20711600	-1	1602560	619	0	0	619
24001544	-1	-1	0	0	0	0	0
24005544	-1	-1	0	0	0	0	0
24014543	-1	-1	0	0	0	0	0
24023543	15632240	-1	1447936	741	0	0	796
24032543	-1	-1	0	0	0	0	0
24036543	-1	-1	0	0	0	0	0
24045544	17593736	-1	1370112	623	0	0	695
24049565	-1	-1	0	0	0	0	0
24058543	-1	-1	0	0	0	0	0
24067544	19878648	-1	897024	361	0	0	414
24076543	-1	-1	0	0	0	0	0
24085544	-1	-1	0	0	0	0	0
24094543	18040984	-1	1192960	529	0	0	707
24096543	-1	-1	0	0	0	0	0
24105543	-1	-1	0	0	0	0	0
24114543	11945936	-1	697344	467	0	0	574
24123544	-1	-1	0	0	0	0	0
24132544	-1	-1	0	0	0	0	0
24140543	19191224	-1	1540096	642	0	0	759
24143544	-1	-1	0	0	0	0	0
24152543	-1	-1	0	0	0	0	0
24161543	18767128	-1	1032192	440	0	0	440
24170543	-1	-1	0	0	0	0	0
24179545	13092568	-1	733184	448	0	0	448
24188544	-1	-1	0	0	0	0	0
24195544	12037552	-1	762880	507	0	0	554
24204543	-1	-1	0	0	0	0	0
24213544	17146552	-1	805888	376	0	0	416
24222543	-1	-1	0	0	0	0	0
24231543	11768576	-1	812032	552	0	0	563
24240543	-1	-1	0	0	0	0	0
24249544	21383224	-1	1042432	390	0	0	482
24258546	-1	-1	0	0	0	0	0
24267543	20094944	-1	758584	302	0	0	312
24276543	-1	-1	0	0	0	0	0
24285544	7407944	-1	841728	909	0	0	909
24294543	-1	-1	0	0	0	0	0
24303543	12208656	-1	1260544	826	0	0	826
24312543	-1	-1	0	0	0	0	0
24321548	11339912	-1	936960	661	0	0	661
24330543	-1	-1	0	0	0	0	0
24339544	9830400	-1	946176	770	0	0	770
24348543	-1	-1	0	0	0	0	0
24357544	-1	-1	0	0	0	0	0
24366544	13904256	-1	1929216	1110	0	0	1110
24369543	-1	-1	0	0	0	0	0
24378543	-1	-1	0	0	0	0	0
24387545	13028104	-1	1180672	725	0	0	725
24396544	-1	-1	0	0	0	0	0
24405545	9014984	-1	975872	866	0	0	-1
24414543	-1	-1	0	0	0	0	-1
24423544	7847936	-1	980992	1000	0	0	-1
24432545	-1	-1	0	0	0	0	-1
24441545	-1	-1	0	0	0	0	-1
24445543	-1	-1	0	0	0	0	-1
24454543	13749992	-1	1747968	1017	0	0	-1
24463550	-1	-1	0	0	0	0	-1
24472543	13881944	-1	1119232	645	0	0	-1
24478544	-1	-1	0	0	0	0	-1
24589456	3093984	-1	1008640	2608	0	0	5534
24597454	-1	-1	0	0	0	0	0
24606456	6334336	-1	1277952	1614	0	0	1694
24615468	-1	-1	0	0	0	0	0
24624454	14793792	-1	943104	510	0	0	510
24633459	-1	-1	0	0	0	0	0
24642454	10178792	-1	1106944	870	0	0	870
24650454	-1	-1	0	0	0	0	0
24659454	13096328	-1	987136	603	0	0	603
24668454	-1	-1	0	0	0	0	0
24674455	16988216	-1	1238016	583	0	0	583
24683454	-1	-1	0	0	0	0	0
24692455	8763880	-1	1013324	925	0	0	925
24701454	-1	-1	0	0	0	0	0
24709455	13560768	-1	1200128	708	0	0	708
24718454	-1	-1	0	0	0	0	0
24727454	12653368	-1	1010688	639	0	0	639
24736455	-1	-1	0	0	0	0	0
24745462	-1	-1	0	0	0	0	0
24749455	-1	-1	0	0	0	0	0
24758453	16510832	-1	2266112	1098	0	0	1098
24767453	-1	-1	0	0	0	0	0
24776462	-1	-1	0	0	0	0	0
24785453	-1	-1	0	0	0	0	0
24794453	23147072	-1	2919424	1009	0	0	1009
24803453	-1	-1	0	0	0	0	0
24812453	-1	-1	0	0	0	0	0
24821453	-1	-1	0	0	0	0	0
24830453	24883336	-1	2404352	773	0	0	821
24839454	-1	-1	0	0	0	0	0
24848454	15266032	-1	1622016	850	0	0	850
24856453	-1	-1	0	0	0	0	0
24865453	19269232	-1	1531904	636	0	0	646
24873454	-1	-1	0	0	0	0	0
24882453	13587648	-1	1482752	873	0	0	873
24887453	-1	-1	0	0	0	0	0
24896453	-1	-1	0	0	0	0	0
24900454	-1	-1	0	0	0	0	0
24909454	12677144	-1	1617920	1021	0	0	1110
24918453	-1	-1	0	0	0	0	0
24926453	12257752	-1	1037312	677	0	0	677
24935453	-1	-1	0	0	0	0	0
24944467	11613976	-1	1032192	711	0	0	711
24953453	-1	-1	0	0	0	0	0
24962454	13452272	-1	982016	584	0	0	584
24969454	-1	-1	0	0	0	0	0
24978458	18217176	-1	1628160	715	0	0	760
24987458	-1	-1	0	0	0	0	0
24996453	-1	-1	0	0	0	0	0
25005454	-1	-1	0	0	0	0	0
25014453	15074424	-1	1614848	857	0	0	857
25023454	-1	-1	0	0	0	0	128
25028454	14527272	-1	1594368	878	0	0	878
25037453	-1	-1	0	0	0	0	0
25045454	14970352	-1	1188272	635	0	0	635
25054459	-1	-1	0	0	0	0	0
25064455	9590200	-1	1095680	914	0	0	914
25072453	-1	-1	0	0	0	0	0
25081454	10847544	-1	1133568	836	0	0	836
25090453	10535640	-1	501760	381	0	0	464
25095453	11511912	-1	546816	380	0	0	380
25104453	-1	-1	0	0	0	0	0
25112453	-1	-1	0	0	0	0	0
25120457	-1	-1	0	0	0	0	0
25129454	11737792	-1	1474560	1005	0	0	1168
25138453	-1	-1	0	0	0	0	0
25144471	13780184	-1	1409024	818	0	0	818
25152455	-1	-1	0	0	0	0	0
25161465	11127464	-1	1168384	840	0	0	840
25170455	-1	-1	0	0	0	0	0
25179453	11842920	-1	940032	635	0	0	635
25188453	-1	-1	0	0	0	0	0
25197453	10488320	-1	1005568	767	0	0	767
25206461	-1	-1	0	0	0	0	0
25215454	13472792	-1	1222656	726	0	0	726
25220453	-1	-1	0	0	0	0	0
25229454	9090288	-1	953344	839	0	0	839
25237453	-1	-1	0	0	0	0	0
25245453	-1	-1	0	0	0	0	0
25250453	-1	-1	0	0	0	0	0
25259454	29778432	-1	2080768	559	0	0	714
25268457	-1	-1	0	0	0	0	0
25277455	9309088	-1	1152000	990	0	0	990
25286453	-1	-1	0	0	0	0	0
25295454	18386488	-1	1344512	585	0	0	585
25301453	-1	-1	0	0	0	0	0
25310454	-1	-1	0	0	0	0	0
25317454	-1	-1	0	0	0	0	0
25324453	15311240	-1	1929216	1008	0	0	1054
25333461	-1	-1	0	0	0	0	0
25342466	11659512	-1	1377280	945	0	0	945
25348453	-1	-1	0	0	0	0	0
25357454	16242088	-1	1289216	635	0	0	635
25366453	-1	-1	0	0	0	0	0
25375454	-1	-1	0	0	0	0	0
25381455	9160944	-1	532480	465	0	0	467
25386453	42116520	-1	1342464	255	0	0	346
25395453	-1	-1	0	0	0	0	0
25403454	10247168	-1	1097728	857	0	0	857
25413454	-1	-1	0	0	0	0	0
25419454	14498336	-1	1143556	631	0	0	631
25427453	-1	-1	0	0	0	0	0
25436454	9974000	-1	1180672	947	0	0	947
25445453	-1	-1	0	0	0	0	0
25454453	11551312	-1	1204224	834	0	0	834
25463454	-1	-1	0	0	0	0	0
25472454	13803456	-1	1161216	673	0	0	673
25479454	-1	-1	0	0	0	0	0
25488453	13520776	-1	1218560	721	0	0	721
25497453	-1	-1	0	0	0	0	0
25506463	16384000	-1	1349632	659	0	0	659
25515453	-1	-1	0	0	0	0	0
25524453	21136024	-1	1963008	743	0	0	749
25533453	-1	-1	0	0	0	0	0
25542454	15379112	-1	1441792	750	0	0	750
25551459	-1	-1	0	0	0	0	0
25561453	23546920	-1	1780736	605	0	0	605
25569453	-1	-1	0	0	0	0	0
25576453	-1	-1	0	0	0	0	0
25585456	16276208	-1	2164736	1064	0	0	1138
25587456	-1	-1	0	0	0	0	0
25597453	-1	-1	0	0	0	0	0
25606454	-1	-1	0	0	0	0	0
25608454	-1	-1	0	0	0	0	0
25617455	11476808	-1	1760256	1227	0	0	1227
25621458	-1	-1	0	0	0	0	0
25630453	15692600	-1	1533952	782	0	0	782
25632453	-1	-1	0	0	0	0	0
25641453	14223592	-1	1328128	747	0	0	747
25650454	-1	-1	0	0	0	0	0
25658453	-1	-1	0	0	0	0	0
25667453	17683496	-1	1741824	788	0	0	827
25672454	43869312	-1	586752	107	0	0	107
25681453	-1	-1	0	0	0	0	0
25689456	15153232	-1	1575936	832	0	0	832
25698454	-1	-1	0	0	0	0	0
25707454	10341936	-1	1142784	884	0	0	884
25716453	-1	-1	0	0	0	0	0
25723454	15111456	-1	1361920	721	0	0	721
25732453	-1	-1	0	0	0	0	0
25741453	12710152	-1	1140736	718	0	0	718
25751454	-1	-1	0	0	0	0	0
25760456	16106976	-1	1250304	621	0	0	664
25769453	-1	-1	0	0	0	0	0
25778453	11185816	-1	1157732	828	0	0	828
25787454	-1	-1	0	0	0	0	0
25796455	-1	-1	0	0	0	0	0
25799453	-1	-1	0	0	0	0	0
25807453	13835776	-1	1579008	913	0	0	992
25816453	-1	-1	0	0	0	0	0
25824454	-1	-1	0	0	0	0	0
25827455	-1	-1	0	0	0	0	0
25836461	20078176	-1	1586176	632	0	0	682
25842453	-1	-1	0	0	0	0	0
25851454	10280368	-1	977920	761	0	0	761
25860455	-1	-1	0	0	0	0	0
25869469	12453368	-1	1002496	644	0	0	644
25877455	-1	-1	0	0	0	0	0
25886453	16208208	-1	944128	466	0	0	494
25895453	-1	-1	0	0	0	0	0
25904465	20547784	-1	1086464	423	0	0	423
25914453	-1	-1	0	0	0	0	0
25922454	14523496	-1	1031168	568	0	0	568
25930453	-1	-1	0	0	0	0	0
25940457	19516856	-1	944128	387	0	0	442
25948453	-1	-1	0	0	0	0	0
25958454	16960240	-1	1115136	526	0	0	574
25966453	-1	-1	0	0	0	0	0
25975453	-1	-1	0	0	0	0	0
25984454	-1	-1	0	0	0	0	0
25991453	29775656	-1	3301376	887	0	0	939
26000453	-1	-1	0	0	0	0	0
26009453	17141792	-1	1343488	627	0	0	627
26018453	-1	-1	0	0	0	0	0
26025454	-1	-1	0	0	0	0	0
26034453	-1	-1	0	0	0	0	0
26041454	25018808	-1	2314240	740	0	0	770
26050454	-1	-1	0	0	0	0	0
26058453	-1	-1	0	0	0	0	0
26067454	-1	-1	0	0	0	0	0
26074454	21485664	-1	2100224	782	0	0	859
26083455	-1	-1	0	0	0	0	0
26092453	13932656	-1	1140736	655	0	0	655
26101453	-1	-1	0	0	0	0	0
26110454	22214008	-1	1213440	437	0	0	437
26119453	-1	-1	0	0	0	0	0
26128454	-1	-1	0	0	0	0	0
26132453	-1	-1	0	0	0	0	0
26141455	19127096	-1	1623412	679	0	0	814
26150457	-1	-1	0	0	0	0	0
26159453	8145096	-1	1067008	1048	0	0	1048
26168453	-1	-1	0	0	0	0	0
26177453	11908416	-1	1381376	928	0	0	928
26186453	-1	-1	0	0	0	0	0
26195454	12955536	-1	1242112	767	0	0	767
26204454	-1	-1	0	0	0	0	0
26213455	8997048	-1	1041408	926	0	0	926
26222456	-1	-1	0	0	0	0	0
26231454	10615600	-1	991232	747	0	0	747
26237453	-1	-1	0	0	0	0	0
26246453	11705776	-1	1173504	802	0	0	802
26255454	-1	-1	0	0	0	0	0
26264454	9554400	-1	1113088	932	0	0	932
26273454	-1	-1	0	0	0	0	0
26282453	9394896	-1	1095680	933	0	0	933
26291459	-1	-1	0	0	0	0	0
26299453	8690312	-1	1178624	1085	0	0	1085
26308453	-1	-1	0	0	0	0	0
26317454	8010224	-1	1353728	1352	0	0	1352
26326453	-1	-1	0	0	0	0	0
26335454	16242960	-1	1415168	697	0	0	697
26404856	21560352	-1	2840576	1054	0	0	1054
26413855	-1	-1	0	0	0	0	0
26422855	-1	-1	0	0	0	0	0
26430854	-1	-1	0	0	0	0	0
26439855	-1	-1	0	0	0	0	0
26448854	-1	-1	0	0	0	0	0
26457854	-1	-1	0	0	0	0	0
26466855	-1	-1	0	0	0	0	0
26471854	-1	-1	0	0	0	0	0
26480855	-1	-1	0	0	0	0	0
26489857	-1	-1	0	0	0	0	0
26497854	-1	-1	0	0	0	0	0
26506855	-1	-1	0	0	0	0	0
26512855	11615880	-1	1973248	1359	0	0	1370
26521855	-1	-1	0	0	0	0	0
26530854	-1	-1	0	0	0	0	0
26539855	13938736	-1	1967104	1129	0	0	1160
26541855	-1	-1	0	0	0	0	0
26550854	-1	-1	0	0	0	0	0
26559855	9330784	-1	1194340	1024	0	0	1024
26568857	-1	-1	0	0	0	0	0
26577854	9537232	-1	1052672	883	0	0	886
26586855	-1	-1	0	0	0	0	0
26595854	14132656	-1	996352	564	0	0	564
26604855	-1	-1	0	0	0	0	0
26613856	-1	-1	0	0	0	0	0
26614857	-1	-1	0	0	0	0	0
26623854	18007416	-1	1476608	656	0	0	776
26632855	-1	-1	0	0	0	0	0
26641855	6806848	-1	996352	1171	0	0	1171
26650858	-1	-1	0	0	0	0	0
26659854	12193480	-1	1188864	780	0	0	780
26668855	-1	-1	0	0	0	0	0
26677855	12992952	-1	1094656	674	0	0	674
26684857	-1	-1	0	0	0	0	0
26693857	12222288	-1	1142784	748	0	0	748
26702854	-1	-1	0	0	0	0	0
26711855	11190160	-1	1028096	735	0	0	735
26720854	-1	-1	0	0	0	0	0
26729855	10646240	-1	972800	731	0	0	731
26738854	-1	-1	0	0	0	0	0
26746861	9929696	-1	1024000	825	0	0	825
26755855	-1	-1	0	0	0	0	0
26764854	13882160	-1	931840	537	0	0	537
26773855	-1	-1	0	0	0	0	0
26781854	9808480	-1	1099776	897	0	0	897
26790855	-1	-1	0	0	0	0	0
26799855	12128560	-1	1129472	745	0	0	745
26808854	-1	-1	0	0	0	0	0
26816854	16003328	-1	1076224	538	0	0	538
26825856	-1	-1	0	0	0	0	0
26833856	13354264	-1	1051648	630	0	0	630
26841854	-1	-1	0	0	0	0	0
26850855	10034224	-1	1048576	836	0	0	836
26859855	-1	-1	0	0	0	0	0
26868854	8199072	-1	1186816	1158	0	0	1158
26877855	-1	-1	0	0	0	0	0
26886854	15298672	-1	1053696	551	0	0	551
26895854	-1	-1	0	0	0	0	0
26904855	10355552	-1	1078272	833	0	0	833
26913855	-1	-1	0	0	0	0	0
26922855	12256344	-1	991232	647	0	0	647
26931856	-1	-1	0	0	0	0	0
26940855	8033688	-1	1468156	1462	0	0	1462
26949854	-1	-1	0	0	0	0	0
26956855	8295208	-1	658432	635	0	0	673
26965855	-1	-1	0	0	0	0	0
26974855	12355888	-1	1118208	724	0	0	724
26983855	-1	-1	0	0	0	0	0
26992859	10588496	-1	1135616	858	0	0	858
27001895	11672984	-1	971776	666	0	0	666
27006855	-1	-1	0	0	0	0	0
27015854	-1	-1	0	0	0	0	0
27023855	-1	-1	0	0	0	0	0
27032855	14403984	-1	1735680	964	0	0	1003
27034855	-1	-1	0	0	0	0	0
27043854	-1	-1	0	0	0	0	0
27052854	8825688	-1	984064	892	0	0	892
27061854	-1	-1	0	0	0	0	0
27070854	7560048	-1	661504	700	0	0	700
27079859	-1	-1	0	0	0	0	0
27087855	12997600	-1	947200	583	0	0	583
27096854	9445320	-1	532480	451	0	0	-1
27100858	-1	-1	0	0	0	0	-1
27109859	-1	-1	0	0	0	0	-1
27118857	10359856	-1	1017856	786	0	0	-1
27126855	-1	-1	0	0	0	0	-1
27135855	-1	-1	0	0	0	0	-1
27140859	-1	-1	0	0	0	0	-1
27145857	12871744	-1	1343488	835	0	0	-1
27154855	-1	-1	0	0	0	0	-1
27161854	-1	-1	0	0	0	0	-1
27309690	6077352	-1	2077696	2735	0	0	23467
27318682	-1	-1	0	0	0	0	0
27327682	11932856	-1	774144	519	0	0	539
27334682	-1	-1	0	0	0	0	0
27341682	-1	-1	0	0	0	0	0
27344682	-1	-1	0	0	0	0	0
27353682	14752808	-1	1676288	909	0	0	909
27360682	-1	-1	0	0	0	0	0
27369682	-1	-1	0	0	0	0	0
27378684	-1	-1	0	0	0	0	0
27387682	9997368	-1	980992	785	0	0	849
27396682	-1	-1	0	0	0	0	0
27405684	-1	-1	0	0	0	0	0
27414682	6929232	-1	461660	533	0	0	762
27419682	3779912	-1	293888	622	0	0	622
27428682	-1	-1	0	0	0	0	0
27437683	8117528	-1	446464	440	0	0	445
27446685	7360384	-1	607232	660	0	0	660
27449683	-1	-1	0	0	0	0	0
27458682	-1	-1	0	0	0	0	0
27467684	-1	-1	0	0	0	0	0
27476682	9663216	-1	887808	735	0	0	855
27479683	-1	-1	0	0	0	0	0
27488682	-1	-1	0	0	0	0	0
27489682	-1	-1	0	0	0	0	0
27498682	13242360	-1	1484800	897	0	0	1003
27502682	-1	-1	0	0	0	0	0
27511681	-1	-1	0	0	0	0	0
27520685	9463176	-1	754688	638	0	0	638
27529681	-1	-1	0	0	0	0	0
27538706	9239984	-1	641024	555	0	0	555
27547684	-1	-1	0	0	0	0	0
27556682	-1	-1	0	0	0	0	0
27558681	-1	-1	0	0	0	0	0
27567682	11565176	-1	1228800	850	0	0	966
27576682	-1	-1	0	0	0	0	0
27583684	-1	-1	0	0	0	0	0
27588683	-1	-1	0	0	0	0	0
27597682	10198360	-1	1379328	1082	0	0	1206
27606792	-1	-1	0	0	0	0	0
27608718	-1	-1	0	0	0	0	0
