24293	14008920	-1	4572160	2611	0	0	2779
34279	-1	-1	0	0	0	0	0
40792	11051672	-1	1052672	762	0	0	1492
49170	15335336	-1	6843392	3570	53248	7946	3663
58169	-1	-1	0	0	24576	2066	0
66210	-1	-1	0	0	0	0	0
76153	9594792	-1	1267712	1057	0	0	1177
78179	-1	-1	0	0	0	0	0
87190	-1	-1	0	0	0	0	0
96145	18368440	-1	3033088	1321	0	0	1321
101150	-1	-1	0	0	0	0	0
111206	16729040	-1	1539072	736	0	0	736
123051	24570520	-1	9186304	2991	0	0	3334
132031	16807896	-1	1745920	831	0	0	831
140033	-1	-1	0	0	0	0	0
150047	19388512	-1	2537472	1047	0	0	1047
159033	-1	-1	0	0	0	0	0
165050	21353056	-1	3018788	1131	0	0	1131
174051	-1	-1	0	0	0	0	0
181028	10447008	-1	2661376	2038	0	0	2038
186046	-1	-1	0	0	0	0	0
193023	9143160	-1	1092608	956	0	0	956
202045	-1	-1	0	0	0	0	0
209060	6556880	-1	2455552	2996	66560	46811	2996
218045	-1	141760	0	0	141312	7974	0
227033	10638712	150624	2301952	1731	188416	10007	1731
231027	-1	-1	0	0	78848	4016	0
240030	16535304	165816	2350080	1137	165888	8003	1137
247050	-1	174184	0	0	174080	7995	0
257027	13927056	183696	2170880	1247	230400	10033	1247
263047	-1	192232	0	0	145408	6051	0
272025	12165192	203064	862208	567	200704	7907	567
279042	-1	210464	0	0	210944	8018	0
289025	15603512	220616	2558976	1312	275456	9988	1312
298043	-1	230592	0	0	230400	7993	0
305023	14074432	236648	1859584	1057	239616	8100	1057
314058	-1	251960	0	0	248832	7900	0
324033	12731408	258008	1484800	933	323584	10033	933
334049	-1	269520	0	0	336896	9999	0
341024	13670368	276176	3012608	1763	280576	8127	1763
351036	-1	294920	0	0	362496	9833	0
361057	-1	300528	0	0	376832	10031	0
370340	-1	302328	0	0	312320	8264	0
383035	12620632	-1	6624256	4199	79872	1851	4290
388036	16053536	-1	1890304	942	0	0	942
397071	-1	-1	0	0	0	0	0
406054	14624736	-1	1115136	610	0	0	610
412063	17586496	-1	958464	436	0	0	642
416041	17959384	-1	642048	286	0	0	286
425070	-1	-1	0	0	0	0	0
435034	18778224	-1	1638400	698	0	0	760
443036	-1	-1	0	0	0	0	0
452066	17379200	-1	1931264	889	0	0	932
461065	-1	-1	0	0	0	0	0
471036	15600728	-1	2361560	1211	0	0	1211
480031	-1	-1	0	0	0	0	0
487032	10934992	-1	1816576	1329	0	0	1329
495047	-1	-1	0	0	0	0	0
501030	18642104	-1	4860928	2086	0	0	2086
511037	-1	-1	0	0	0	0	0
520029	-1	-1	0	0	0	0	0
529050	13634192	-1	2188288	1284	0	0	1284
534045	22396768	-1	1441792	515	0	0	515
543034	13481440	-1	5407744	3209	0	0	3209
545061	11766688	-1	242688	165	0	0	165
557795	-1	-1	0	0	0	0	185
566817	8418472	-1	1103872	1049	0	0	1049
574784	-1	-1	0	0	0	0	0
583809	12005392	-1	1718272	1145	0	0	1145
592798	-1	-1	0	0	0	0	0
599813	11130056	-1	1978368	1422	0	0	1422
607809	-1	-1	0	0	0	0	0
615807	9919640	-1	1775616	1432	0	0	1432
624808	-1	-1	0	0	0	0	0
630779	9334488	-1	1915904	1642	0	0	1642
638780	-1	-1	0	0	0	0	0
646811	10772664	-1	1201152	892	0	0	934
656799	-1	-1	0	0	0	0	62
665789	3081056	-1	1872896	4863	0	0	4863
673789	-1	-1	0	0	0	0	0
681787	12864112	-1	1874944	1166	0	0	1166
690786	-1	-1	0	0	0	0	0
699808	16582688	-1	3333120	1608	0	0	1608
709840	-1	-1	0	0	0	0	0
718819	13175016	-1	2745344	1667	0	0	1667
725795	9351144	-1	859136	735	0	0	735
729792	-1	-1	0	0	0	0	0
736800	-1	-1	0	0	0	0	0
745792	12748800	-1	3314688	2080	0	0	2080
750821	-1	-1	0	0	0	0	0
756800	-1	-1	0	0	0	0	0
763784	-1	-1	0	0	0	0	0
769789	10269840	-1	3235000	2520	0	0	2520
778810	-1	-1	0	0	0	0	0
787812	16846864	-1	2348032	1115	0	0	1115
792801	-1	-1	0	0	0	0	0
802787	-1	-1	0	0	0	0	0
806838	-1	-1	0	0	0	0	0
815784	16438552	-1	3702784	1802	0	0	-1
823815	-1	-1	0	0	0	0	-1
832796	12521672	-1	3841024	2454	0	0	-1
841787	-1	-1	0	0	0	0	-1
850814	20738664	-1	3735552	1441	0	0	-1
860796	-1	-1	0	0	0	0	-1
870817	-1	-1	0	0	0	0	-1
880798	-1	-1	0	0	0	0	-1
887899	11478528	-1	4348928	3031	0	0	8434
897506	-1	-1	0	0	0	0	0
903494	-1	-1	0	0	0	0	0
907521	-1	-1	0	0	0	0	0
915526	-1	-1	0	0	0	0	0
924510	17045648	-1	4774912	2241	0	0	2241
933515	-1	-1	0	0	0	0	0
939508	17135128	-1	1495040	698	0	0	698
949513	-1	-1	0	0	0	0	0
959528	-1	-1	0	0	0	0	0
962546	-1	-1	0	0	0	0	0
971507	16601104	-1	2349056	1132	0	0	1257
980506	-1	-1	0	0	0	0	0
990531	15023264	-1	1673216	891	0	0	891
999535	-1	-1	0	0	0	0	0
1008505	17428952	-1	1810432	831	0	0	831
1016505	-1	-1	0	0	0	0	0
1026521	10846352	-1	1552384	1145	0	0	1145
1031530	-1	-1	0	0	0	0	0
1039523	-1	-1	0	0	0	0	0
1044508	-1	-1	0	0	0	0	0
1053504	19595080	-1	4274176	1745	0	0	1745
1062529	-1	-1	0	0	0	0	0
1071564	16640864	-1	1857536	893	0	0	893
1078530	-1	-1	0	0	0	0	0
1088517	8068992	-1	2050532	2033	0	0	2033
1096516	-1	-1	0	0	0	0	0
1104517	11258752	-1	1646592	1170	0	0	1170
1113500	-1	-1	0	0	0	0	0
1121500	4785832	-1	1083392	1811	0	0	1811
1127499	-1	-1	0	0	0	0	0
1134504	17436408	-1	3613696	1658	0	0	1658
1144506	-1	-1	0	0	0	0	0
1152513	-1	-1	0	0	0	0	0
1159515	-1	-1	0	0	0	0	0
1167518	16763640	-1	2893824	1381	0	0	1381
1175515	-1	-1	0	0	0	0	0
1182497	-1	-1	0	0	0	0	0
1186500	-1	-1	0	0	0	0	0
1192517	17599528	-1	4210688	1914	0	0	1914
1202535	-1	-1	0	0	0	0	0
1211527	11719552	-1	1129472	771	0	0	771
1220518	-1	-1	0	0	0	0	0
1229498	14309304	-1	1921024	1074	0	0	1074
1236512	-1	-1	0	0	0	0	0
1244516	14459104	-1	992256	549	0	0	549
1252518	-1	-1	0	0	0	0	0
1260517	11733800	-1	943104	643	0	0	643
1269514	-1	-1	0	0	0	0	0
1278493	12849984	-1	1217536	758	0	0	758
1285504	-1	-1	0	0	0	0	0
1292549	13093128	-1	1715200	1048	0	0	1048
1300517	-1	-1	0	0	0	0	0
1310507	-1	-1	0	0	0	0	0
1316546	-1	-1	0	0	0	0	0
1324563	14720360	-1	2627584	1428	0	0	1428
1330525	13168448	-1	704512	428	0	0	449
1335528	20902600	-1	1975296	756	0	0	756
1343527	-1	-1	0	0	0	0	0
1352504	16965512	-1	3077120	1451	0	0	1451
1354509	-1	-1	0	0	0	0	0
1362505	-1	-1	0	0	0	0	0
1367513	-1	-1	0	0	0	0	0
1375522	16024248	-1	3785728	1890	0	0	1956
1383522	-1	-1	0	0	0	0	0
1388510	-1	-1	0	0	0	0	0
1395522	-1	-1	0	0	0	0	0
1403519	19399112	-1	4190208	1728	0	0	1728
1412521	-1	-1	0	0	0	0	0
1421505	14617576	-1	1847296	1011	0	0	1011
1428521	-1	-1	0	0	0	0	0
1438534	17593264	-1	2905088	1321	0	0	1321
1448512	-1	-1	0	0	0	0	0
1457502	12719352	-1	1256036	790	41984	369663	790
1464516	11605672	-1	2899968	1999	0	0	1999
1467521	-1	-1	0	0	0	0	0
1477503	-1	-1	0	0	0	0	0
1486522	8215848	-1	2116608	2061	0	0	2061
1494521	-1	-1	0	0	0	0	0
1500506	17458176	-1	4809728	2204	0	0	2204
1508516	-1	-1	0	0	0	0	0
1516516	7161048	-1	2902016	3242	0	0	3242
1523522	-1	-1	0	0	0	0	0
1529516	16870248	-1	2096128	994	0	0	994
1539522	-1	-1	0	0	0	0	0
1548515	11850768	-1	1734656	1171	20480	90902	1171
1554495	-1	-1	0	0	0	0	0
1561511	5718216	-1	1519616	2126	0	0	2126
1571517	-1	-1	0	0	0	0	0
1579524	10060568	-1	1665024	1324	8192	29838	1324
1587523	-1	-1	0	0	0	0	0
1594522	6184440	-1	1526784	1975	0	0	1975
1602532	-1	-1	0	0	0	0	0
1611527	8720520	-1	2297856	2108	0	0	2108
1619505	-1	-1	0	0	0	0	0
1628511	-1	-1	0	0	0	0	0
1631523	-1	-1	0	0	0	0	0
1640509	22265568	20136	4539392	1631	157696	62664	1631
1649509	-1	-1	0	0	0	0	0
1658501	12234312	-1	1983488	1297	20480	16853	1297
1667523	-1	-1	0	0	0	0	0
1676512	9797312	-1	1637376	1337	0	0	1337
1685505	-1	-1	0	0	0	0	0
1694541	-1	139072	0	0	712704	40998	0
1701507	18539792	1691448	3126272	1349	533504	2523	1349
1704536	-1	-1	0	0	0	0	0
1713501	-1	-1	0	0	0	0	0
1721504	10503880	-1	2516992	1917	0	0	1917
1731523	-1	-1	0	0	0	0	0
1740511	10259704	-1	1732608	1351	0	0	1351
1747524	-1	-1	0	0	0	0	0
1754495	6460032	-1	1329152	1646	0	0	1646
1763522	-1	-1	0	0	0	0	0
1772510	12979416	26440	3037184	1872	237568	71879	1872
1782531	-1	-1	0	0	0	0	0
1792524	-1	-1	0	0	0	0	0
1800511	-1	-1	0	0	0	0	0
1810502	18297032	42064	3192832	1396	196608	37391	1398
1817502	-1	-1	0	0	0	0	0
1825498	12892240	-1	1440708	894	0	0	894
1831517	-1	-1	0	0	0	0	0
1841501	12209080	-1	2455552	1609	0	0	1609
1851499	-1	-1	0	0	0	0	0
1860514	18379000	-1	3462144	1507	0	0	1507
1870532	-1	-1	0	0	0	0	0
1879515	16711496	-1	3657728	1751	0	0	1751
1889513	-1	-1	0	0	0	0	0
1898523	-1	-1	0	0	0	0	0
1899498	-1	-1	0	0	0	0	0
1908516	18717024	-1	5076992	2170	0	0	2170
1915500	-1	-1	0	0	0	0	0
1922543	16384000	-1	2273280	1110	0	0	1110
1929502	-1	-1	0	0	0	0	0
1938496	-1	-1	0	0	0	0	0
1945500	-1	-1	0	0	0	0	0
1953500	19657752	-1	2643968	1076	0	0	1077
1962496	-1	-1	0	0	0	0	0
1970494	15379488	-1	1818624	946	0	0	946
1978543	-1	-1	0	0	0	0	0
1987494	21258296	-1	3831808	1442	0	0	1442
1996510	-1	-1	0	0	0	0	0
2005501	-1	-1	0	0	0	0	0
2014545	-1	-1	0	0	0	0	0
2022530	19432184	-1	4700160	1935	0	0	1935
2030540	-1	-1	0	0	0	0	0
2038545	16565072	-1	2716672	1312	0	0	1312
2047493	-1	-1	0	0	0	0	0
2055523	18667016	-1	3273728	1403	0	0	1403
2064510	-1	-1	0	0	0	0	0
2074502	13912808	-1	1153024	663	0	0	663
2083504	-1	-1	0	0	0	0	0
2092521	12404144	-1	820224	529	0	0	529
2102521	16906240	-1	1690624	800	0	0	800
2106504	22021504	-1	256000	93	0	0	93
2115523	-1	-1	0	0	0	0	0
2125504	15355056	-1	1986560	1035	0	0	1035
2130525	-1	-1	0	0	0	0	0
2138533	18064656	-1	1926144	853	0	0	853
2145504	-1	-1	0	0	0	0	0
2154534	14905296	-1	1548288	831	0	0	831
2159501	-1	-1	0	0	0	0	0
2168511	16717752	-1	2256896	1080	0	0	1080
2176510	-1	-1	0	0	0	0	0
2185501	-1	-1	0	0	0	0	0
2192509	-1	-1	0	0	0	0	0
2202512	10466392	-1	2748736	2101	0	0	2101
2211518	-1	-1	0	0	0	0	0
2217515	11483480	-1	1922048	1339	0	0	1339
2227520	-1	1365712	0	0	1674240	9807	0
2234540	-1	3238184	0	0	2857984	7060	0
2244511	-1	3496704	0	0	4332544	9912	0
2252509	-1	3472136	0	0	3491840	8045	0
2259518	-1	3768008	0	0	3304448	7015	0
2267515	-1	3611888	0	0	3607552	7990	0
2269501	-1	3697648	0	0	920576	1991	0
2278507	-1	3420056	0	0	3843072	8989	0
2288493	-1	3548240	0	0	4434944	9999	0
2296512	-1	3457048	0	0	3428352	7933	0
2324969	15660880	-1	9447424	4826	0	0	22350
2337451	16800992	-1	7096320	3379	0	0	4437
2348512	13135976	-1	7479296	4555	0	0	5907
2355520	20639240	-1	2388992	926	0	0	926
2362525	20294016	-1	2402304	947	0	0	947
2366557	-1	-1	0	0	0	0	72
2371522	16953944	-1	2284544	1078	0	0	1078
2377530	-1	-1	0	0	0	0	0
2383525	14181472	-1	1668096	941	0	0	941
2403962	22599904	-1	2494464	883	0	0	-1
2414238	17157904	-1	13303808	6203	0	0	24429
2424328	21448184	-1	10083328	3761	0	0	3761
2436169	26936328	-1	5784576	1718	0	0	5088
2447138	28141432	-1	4073472	1158	0	0	4582
2456219	23891344	-1	6146048	2058	0	0	2058
2462209	16591832	-1	2942976	1419	0	0	1419
2479840	25599512	-1	6761472	2113	0	0	11601
2485835	-1	-1	0	0	0	0	0
2490843	14234928	-1	2055168	1155	0	0	1155
2493853	-1	-1	0	0	0	0	0
2499833	6885000	-1	1591296	1849	0	0	1849
2528473	22653912	-1	10777600	3806	0	0	21153
2533473	-1	-1	0	0	0	0	0
2539485	20937248	-1	2227200	851	0	0	851
2545474	21201720	-1	2316288	874	0	0	874
2549487	-1	-1	0	0	0	0	0
2555486	-1	-1	0	0	0	0	0
2561475	22458800	-1	3074048	1095	0	0	1095
2567485	-1	-1	0	0	0	0	0
2573473	-1	-1	0	0	0	0	0
2577473	19604568	-1	3141632	1282	0	0	1282
2580499	-1	-1	0	0	0	0	0
2587482	17535312	-1	811008	370	0	0	381
2592480	16683592	-1	1824768	875	0	0	875
2598468	-1	-1	0	0	0	0	0
2604482	-1	-1	0	0	0	0	0
2610465	17756712	-1	2874368	1295	0	0	1295
2612477	-1	-1	0	0	0	0	0
2628646	11516600	-1	5526528	3839	0	0	11987
2635621	12262472	-1	3689472	2407	0	0	2407
2653337	17973272	-1	12837408	5714	0	0	16741
2656329	-1	-1	0	0	0	0	0
2662329	10637560	-1	1719296	1293	0	0	1293
2665346	-1	-1	0	0	0	0	0
2671329	-1	-1	122880	397	0	0	454
2676314	14514088	-1	1001472	552	0	0	552
2680313	-1	-1	0	0	0	0	473
2685316	9147496	-1	1999872	1749	0	0	1749
2689340	-1	-1	0	0	0	0	0
2694345	11498360	-1	2788352	1940	0	0	1940
2699328	-1	-1	0	0	0	0	0
2705344	10049760	-1	2420736	1927	0	0	1927
2711334	-1	-1	0	0	0	0	0
2717327	6011232	-1	1089536	1450	0	0	1450
2719329	-1	-1	0	0	0	0	0
2725308	8934064	-1	1873920	1678	0	0	1678
2731322	5707632	-1	545792	765	0	0	980
2735332	12918880	-1	702464	435	0	0	435
2741340	-1	-1	0	0	0	0	0
2747333	9351520	-1	1651712	1413	0	0	1413
2752329	-1	-1	0	0	0	0	0
2757356	10375792	-1	1916928	1478	0	0	1478
2763326	9367536	-1	1827840	1561	0	0	1561
2766345	-1	-1	0	0	0	0	0
2772325	-1	-1	0	0	0	0	0
2778340	-1	-1	0	0	0	0	0
2782405	7679440	-1	874496	911	0	0	1112
2786340	14588256	-1	1746944	958	0	0	958
2792325	-1	-1	0	0	0	0	0
2798340	-1	-1	0	0	0	0	0
2799339	-1	-1	0	0	0	0	0
2805320	13706456	-1	3082240	1799	0	0	1799
2811340	-1	-1	24576	551	0	0	613
2816313	18223912	-1	2129920	935	0	0	935
2822334	-1	-1	0	0	0	0	0
2828319	13452232	-1	2762752	1643	0	0	1643
2835351	-1	-1	0	0	0	0	19
2840315	5476832	-1	603136	881	0	0	-1
2846343	-1	-1	0	0	0	0	-1
2852338	13904488	-1	2664448	1533	0	0	-1
2857339	18335056	-1	1549312	676	0	0	-1
2862336	16725336	-1	351232	168	0	0	-1
2868316	22030312	-1	2561024	930	0	0	-1
2870335	-1	-1	0	0	0	0	-1
2936332	-1	-1	0	0	0	0	-1
2942335	-1	-1	0	0	0	0	-1
2947869	13291184	-1	5148672	3099	0	0	19940
2951268	11064032	-1	2110464	1526	0	0	1526
2954283	-1	-1	0	0	0	0	0
2957311	18580536	-1	1056768	455	0	0	483
2961282	9541592	-1	1447936	1214	0	0	1214
2965295	-1	-1	0	0	0	0	0
2972262	12706144	-1	1446912	911	0	0	911
2980288	-1	-1	0	0	0	0	0
2986267	17059096	-1	1345536	631	0	0	672
2993260	-1	-1	0	0	0	0	0
3000283	14905744	-1	1734656	931	0	0	931
3005251	13598936	-1	1280000	753	0	0	754
3013710	17528176	-1	9756620	4453	0	0	4767
3017697	-1	-1	0	0	0	0	0
3025697	18599784	-1	3859456	1660	0	0	1660
3032709	-1	-1	0	0	0	0	0
3038691	18581456	-1	3532800	1521	0	0	1521
3045712	-1	-1	0	0	0	0	0
3051695	-1	-1	0	0	0	0	0
3054685	-1	-1	0	0	0	0	0
3062690	19748504	-1	5625856	2279	0	0	2279
3068675	-1	-1	0	0	0	0	0
3075676	17254680	-1	2333696	1082	0	0	1082
3094906	22537552	-1	11784324	4183	0	0	12738
3106977	20887376	-1	4331520	1659	0	0	4020
3112991	14630400	-1	1170432	640	0	0	640
3117025	-1	-1	0	0	0	0	0
3135691	24749664	-1	4232192	1368	0	0	4277
3141673	-1	-1	0	0	0	0	0
3143676	-1	-1	0	0	0	0	0
3150687	16038744	-1	3139584	1566	0	0	1665
3157700	-1	-1	0	0	0	0	0
3165670	13559424	-1	1922048	1134	0	0	1134
3169699	-1	-1	0	0	0	0	0
3176681	-1	-1	0	0	0	0	0
3177670	-1	-1	0	0	0	0	0
3184668	14936816	-1	2335744	1251	0	0	1251
3191684	13085312	-1	1714176	1048	0	0	1048
3194687	-1	-1	0	0	0	0	0
3202690	-1	-1	0	0	0	0	152
3207674	20111232	-1	4690944	1866	0	0	1866
3215677	-1	-1	0	0	0	0	0
3223675	16113696	-1	4578304	2273	0	0	2273
3230683	15447288	-1	4788660	2480	0	0	2480
3233667	-1	-1	0	0	0	0	0
3240667	-1	111464	0	0	167936	12053	0
3246685	15957856	605448	2914304	1461	450560	5953	1461
3253698	-1	990184	0	0	868352	7015	0
3259685	14205552	-1	1115136	628	20480	290	628
3265664	8889480	-1	1331200	1198	0	0	1198
3269667	-1	-1	0	0	0	0	0
3274703	-1	-1	0	0	0	0	0
3282699	10917192	-1	1361920	998	0	0	998
3283682	-1	-1	0	0	0	0	0
3291680	-1	-1	0	0	0	0	0
3298693	9914704	-1	1107968	894	0	0	1103
3302696	2079672	-1	201728	776	0	0	776
3308678	-1	-1	0	0	0	0	0
3311680	-1	-1	0	0	0	0	0
3318686	-1	-1	0	0	0	0	0
3339330	12907080	-1	2892800	1793	0	0	6770
3344350	9458272	-1	374784	317	0	0	317
3351332	-1	-1	0	0	0	0	0
3357344	13154288	-1	3032064	1844	0	0	1844
3364351	-1	-1	0	0	0	0	0
3368351	-1	-1	0	0	0	0	0
3375328	-1	-1	0	0	0	0	0
3382335	15186176	-1	3278316	1727	0	0	1727
3389346	-1	-1	0	0	0	0	0
3396346	-1	-1	0	0	0	0	0
3403324	18371408	-1	2716672	1183	0	0	1227
3407361	16687408	-1	619520	297	0	0	297
3415361	-1	-1	0	0	0	0	0
3422343	-1	-1	0	0	0	0	0
3428346	17033320	-1	4620288	2170	0	0	2170
3430342	-1	-1	0	0	0	0	0
3437348	12444640	-1	1911808	1229	0	0	1229
3439325	-1	-1	0	0	0	0	0
3447345	-1	-1	0	0	0	0	9
3452345	14178264	-1	2784256	1571	0	0	1571
3459324	-1	-1	0	0	0	0	0
3463372	-1	-1	0	0	0	0	0
3465390	11838288	-1	997376	674	0	0	770
3469353	14317456	-1	1383424	773	0	0	773
3473325	-1	-1	0	0	0	0	0
3478362	12205088	-1	1884160	1235	0	0	1428
3483355	-1	-1	0	0	0	0	0
3490341	13010824	-1	1797120	1105	0	0	1105
3497346	-1	-1	0	0	0	0	0
3504343	13745536	-1	1984512	1155	0	0	1155
3511358	-1	-1	0	0	0	0	0
3518331	16532048	-1	1372160	664	0	0	664
3526342	10631168	-1	2302976	1733	0	0	1733
3528345	-1	-1	0	0	0	0	0
3534339	-1	-1	0	0	0	0	0
3541349	16136016	-1	1932288	958	0	0	958
3547324	-1	-1	0	0	0	0	0
3554336	14633200	-1	2772992	1516	0	0	1516
3561342	-1	-1	0	0	0	0	0
3567326	-1	-1	0	0	0	0	0
3572347	-1	-1	0	0	0	0	0
3579355	18153048	-1	4581376	2019	0	0	2019
3586336	-1	-1	0	0	0	0	0
3592354	16690656	-1	3511296	1683	0	0	1683
3600327	-1	-1	0	0	0	0	0
3606336	12384280	-1	5466112	3531	0	0	3531
3613347	-1	-1	0	0	0	0	0
3620351	15374024	-1	5611520	2920	0	0	2920
3628350	-1	-1	0	0	0	0	0
3635356	14365072	-1	1391616	775	0	0	775
3641360	-1	-1	0	0	0	0	0
3654462	24167536	-1	6543360	2166	0	0	5067
3660449	-1	-1	0	0	0	0	0
3664480	-1	-1	0	0	0	0	0
3671461	-1	-1	0	0	0	0	0
3678466	20175424	-1	5901312	2340	0	0	2340
3686465	-1	-1	0	0	0	0	0
3693478	17128176	-1	2898944	1354	0	0	1354
3701466	-1	-1	0	0	0	0	60
3706466	13920976	-1	1313792	755	0	0	755
3711455	-1	-1	0	0	0	0	0
3716445	19064640	-1	3772416	1583	0	0	1583
3721480	-1	-1	0	0	0	0	0
3728475	14379280	-1	1615872	899	0	0	899
3734480	-1	-1	0	0	0	0	0
3742465	17579224	-1	2680832	1220	0	0	1220
3748464	-1	-1	0	0	0	0	0
3755448	20376552	-1	3731456	1465	0	0	1465
3758517	-1	-1	0	0	0	0	53
3763450	15018664	-1	2106368	1122	0	0	1122
3771457	-1	-1	0	0	0	0	0
3775453	-1	-1	0	0	0	0	0
3782458	21656216	-1	4807680	1776	0	0	1776
3784458	-1	-1	0	0	0	0	0
3791449	-1	-1	0	0	0	0	0
3796458	-1	-1	0	0	0	0	0
3801475	-1	-1	0	0	0	0	0
3809475	17875664	-1	4515840	2021	0	0	2021
3813467	17547168	-1	1081344	493	0	0	514
3818471	22154512	-1	3204096	1157	0	0	1157
3825475	-1	-1	0	0	0	0	0
3832457	16617600	-1	2112512	1017	0	0	1017
3836475	-1	-1	0	0	0	0	0
3843460	17656840	-1	2997248	1358	0	0	1358
3851449	10236272	-1	702464	549	0	0	549
3856449	21085008	-1	1552384	589	0	0	589
3863453	21043608	-1	6576128	2500	0	0	2500
3866459	29015016	-1	736256	203	0	0	203
3874473	-1	-1	0	0	0	0	0
3880451	-1	-1	0	0	0	0	0
3885468	-1	-1	0	0	0	0	0
3891456	19847296	-1	7725560	3114	0	0	3114
3897477	-1	-1	0	0	0	0	0
3903456	-1	-1	0	0	0	0	0
3911300	19356280	-1	8969216	3707	0	0	3707
3919298	14010984	-1	3663872	2092	0	0	2092
3926305	-1	-1	0	0	0	0	0
3932288	19834752	-1	5020672	2025	0	0	2025
3941830	21019352	-1	13554856	5159	0	0	5233
3948806	-1	-1	0	0	0	0	0
3955850	18463368	-1	2109440	914	0	0	914
3964504	21063984	-1	5300224	2013	0	0	2013
3977423	21238128	-1	6196224	2334	0	0	3881
3984445	-1	-1	0	0	0	0	0
3990428	21902560	-1	2743296	1002	0	0	1002
4000185	19024944	-1	6152192	2587	0	0	2587
4006184	-1	-1	0	0	0	0	0
4145180	-1	-1	0	0	0	0	0
4148179	-1	-1	0	0	0	0	0
4155180	-1	-1	0	0	0	0	0
4160179	-1	-1	0	0	0	0	0
4165173	-1	-1	0	0	0	0	0
4171188	-1	-1	0	0	0	0	0
4175188	-1	-1	0	0	0	0	0
4179173	-1	-1	0	0	0	0	0
4183174	-1	-1	0	0	0	0	0
4187188	-1	-1	0	0	0	0	0
4191173	-1	-1	0	0	0	0	0
4195193	-1	-1	0	0	0	0	0
4200176	12275320	-1	991232	646	0	0	658
4204188	19127544	-1	1013760	424	0	0	424
4208183	5838400	-1	327680	449	0	0	481
4212178	19567176	-1	1712128	700	0	0	700
4216188	15157984	-1	557056	294	0	0	311
4220184	19740240	-1	2035712	825	0	0	825
4225178	19483672	-1	991232	407	0	0	430
4229184	19973160	-1	2723840	1091	0	0	1091
4234185	-1	-1	0	0	0	0	0
4239173	20208656	-1	1601536	634	0	0	634
4243188	-1	-1	0	0	0	0	0
4248185	16625328	-1	5149696	2478	0	0	2478
4251175	-1	-1	0	0	0	0	0
4253184	-1	-1	0	0	0	0	0
4256176	10797120	-1	1056768	783	0	0	826
4260187	14853776	-1	5319508	2865	0	0	2865
4263180	-1	-1	0	0	0	0	0
4267185	-1	-1	0	0	0	0	0
4271185	21280848	-1	5224448	1964	0	0	1964
4273186	-1	-1	0	0	0	0	0
4278172	-1	-1	0	0	0	0	0
4284252	21744160	-1	7335936	2699	0	0	-1
4289269	-1	-1	0	0	0	0	-1
4299931	5427576	-1	548864	809	0	0	11406
4303783	7198792	-1	1855488	2062	0	0	2237
4308801	17191888	-1	1089536	507	0	0	507
4312800	-1	-1	0	0	0	0	0
4316767	-1	-1	0	0	0	0	0
4320795	-1	-1	0	0	0	0	60
4324789	15670344	-1	1596416	815	0	0	815
4329768	7021712	-1	172032	196	0	0	230
4333788	17130560	-1	869376	406	0	0	406
4337785	-1	-1	0	0	0	0	0
4340067	19441608	-1	4668416	1921	0	0	2132
4342969	26234256	-1	2705408	825	0	0	897
4350015	16980880	-1	5535768	2608	0	0	2608
4354009	18789160	-1	1063936	453	0	0	453
4357998	-1	-1	0	0	0	0	0
4363008	10546240	-1	564224	428	0	0	434
4368008	14846496	-1	632832	341	0	0	397
4371996	24308872	-1	279552	92	0	0	92
4375008	-1	-1	0	0	0	0	0
4379001	-1	-1	0	0	0	0	0
4383994	15626592	-1	802816	411	0	0	511
4387999	21936968	-1	408576	149	0	0	253
4392020	16906040	-1	431104	204	0	0	246
4406911	19101864	-1	4763528	1995	0	0	10689
4409912	-1	-1	0	0	0	0	0
4413925	12852120	-1	536576	334	0	0	382
4418927	-1	-1	0	0	0	0	0
4423908	10230472	-1	549888	430	0	0	430
4426910	13503816	-1	585728	347	0	0	440
4428910	-1	-1	0	0	0	0	0
4432907	-1	-1	0	0	0	0	0
4436925	-1	-1	0	0	0	0	0
4442241	20313496	-1	4997120	1968	0	0	2593
4448295	20110608	-1	6299648	2506	0	0	2976
4453293	20284952	-1	1703936	672	0	0	672
4456326	-1	-1	0	0	0	0	0
4460288	-1	-1	40960	54	0	0	85
4464323	17273416	-1	1511424	700	0	0	700
4478569	21482992	-1	8378368	3120	0	0	7757
4486394	-1	-1	0	0	0	0	7051
4494403	12231496	-1	4371232	2859	0	0	4915
4498404	-1	-1	0	0	0	0	0
4503389	-1	-1	0	0	0	0	0
4507391	17273360	-1	1789952	829	0	0	885
4510409	-1	-1	0	0	0	0	0
4513403	13901576	-1	401408	231	0	0	272
4517406	15873592	-1	636928	321	0	0	321
4521406	-1	-1	0	0	0	0	0
4525384	-1	-1	0	0	0	0	0
4527401	18575136	-1	1727488	744	0	0	860
4531388	-1	-1	76800	37	0	0	37
4536417	13375208	-1	541696	324	0	0	376
4540422	19204200	-1	439296	183	0	0	183
4545420	-1	-1	0	0	0	0	0
4550404	13635648	-1	1315840	772	0	0	772
4553405	-1	-1	0	0	0	0	0
4558405	12573376	-1	766976	488	0	0	488
4562398	-1	-1	0	0	0	0	78
4566395	19394488	-1	1372160	566	0	0	566
4571400	-1	-1	0	0	0	0	0
4576417	-1	-1	0	0	0	0	0
4579387	14760752	-1	1396736	757	0	0	1009
4581420	-1	-1	0	0	0	0	0
4585403	-1	-1	0	0	0	0	188
4589418	7284416	-1	1257472	1381	0	0	1381
4594405	13291312	-1	1315840	792	0	0	792
4597405	-1	-1	0	0	0	0	0
4600417	-1	-1	0	0	0	0	0
4605412	13777456	-1	1212416	704	0	0	704
4610401	12503576	-1	772096	494	0	0	513
4613408	-1	-1	0	0	0	0	0
4617407	9881352	-1	754688	611	0	0	611
4620415	10280160	-1	262144	204	0	0	204
4625404	9892224	-1	589824	477	0	0	477
4641129	3904424	-1	2410496	4939	0	0	12799
4644122	12461536	-1	1889480	1213	0	0	1418
4649166	13499232	-1	747520	443	0	0	533
4653164	3635584	-1	1402880	3087	0	0	3087
4662139	23752776	-1	5436416	1831	0	0	2536
4669650	21944200	-1	5379072	1961	0	0	4688
4673628	-1	-1	0	0	0	0	133
4677633	5586184	-1	1069056	1531	0	0	1531
4682631	-1	-1	0	0	0	0	0
4687632	17325472	-1	1451008	670	0	0	670
4691642	20006720	-1	2380800	952	0	0	952
4694663	-1	-1	0	0	0	0	0
4697630	-1	-1	0	0	0	0	0
4702630	7844840	-1	1666048	1699	0	0	1699
4706627	-1	-1	0	0	0	0	167
4710665	994912	-1	507904	4084	0	0	4084
4714664	7747856	-1	1125376	1162	0	0	1162
4718661	-1	-1	0	0	0	0	0
4720642	11206136	-1	1065984	761	0	0	925
4723651	12968256	-1	917504	566	0	0	566
4728643	-1	-1	0	0	0	0	3351
4742467	9268616	-1	4045752	3492	0	0	12499
4745480	-1	-1	0	0	0	0	0
4750511	6999096	-1	678912	776	0	0	776
4754510	-1	-1	0	0	0	0	0
4758498	-1	-1	0	0	0	0	0
4760477	-1	-1	0	0	0	0	0
4764478	15185704	-1	713728	376	0	0	-1
4769481	-1	-1	0	0	0	0	-1
4773476	17446672	-1	2656256	1218	0	0	-1
4777464	14717296	-1	958464	521	0	0	-1
4782494	28873440	-1	220160	61	0	0	-1
4785478	-1	-1	0	0	0	0	-1
4790571	-1	-1	0	0	0	0	-1
4798970	10414456	-1	1818624	1397	0	0	14257
4801194	1672936	-1	446464	2135	0	0	2135
4805190	-1	-1	0	0	0	0	0
4808158	-1	-1	0	0	0	0	0
4811176	-1	-1	0	0	0	0	0
4815176	-1	-1	0	0	0	0	0
4820176	14330760	-1	1400832	782	0	0	889
4824194	-1	-1	0	0	0	0	0
4829179	-1	-1	0	0	0	0	0
4831165	-1	-1	0	0	0	0	88
4835176	15841480	-1	1495040	755	0	0	776
4838171	-1	-1	0	0	0	0	0
4843175	14444832	-1	747520	414	0	0	414
4844191	-1	-1	0	0	0	0	0
4849219	-1	-1	0	0	0	0	0
4853180	-1	-1	0	0	0	0	602
4857190	9536512	-1	1641472	1377	0	0	1377
4862173	7377328	-1	500736	543	0	0	543
4866189	-1	-1	0	0	0	0	0
4869186	-1	-1	0	0	0	0	135
4873156	16540680	-1	1513472	732	0	0	732
4878158	-1	-1	0	0	0	0	134
4882176	3522264	-1	858112	1949	0	0	1949
4887172	9978736	-1	909312	729	0	0	729
4890173	-1	-1	0	0	0	0	0
4894179	-1	-1	0	0	0	0	63
4898178	5298864	-1	1043876	1576	0	0	1576
4899168	-1	-1	0	0	0	0	0
4904188	14066176	-1	814080	463	0	0	499
4909183	14812928	-1	270336	146	0	0	155
4913186	16271264	-1	886784	436	0	0	436
4917181	18866424	-1	700416	297	0	0	381
4921186	-1	-1	0	0	0	0	0
4924187	-1	-1	0	0	0	0	0
4937275	5353040	-1	3290112	4917	0	0	11803
4939272	21598112	-1	1968128	729	0	0	729
4942282	-1	-1	0	0	0	0	0
4945249	15320688	-1	1047552	547	0	0	663
4949254	26663136	-1	1046528	314	0	0	314
4953247	12664856	-1	1049600	663	0	0	783
4956266	-1	-1	0	0	0	0	0
4961248	-1	-1	0	0	0	0	0
4966269	18525088	-1	1018880	440	0	0	524
4969251	-1	-1	0	0	0	0	0
4974246	18299312	-1	812032	355	0	0	462
4978268	-1	-1	0	0	0	0	0
4982268	-1	-1	0	0	0	0	0
4984249	19936280	-1	563200	226	0	0	366
4988277	27789784	-1	903168	260	0	0	294
4990253	-1	-1	0	0	0	0	0
4995264	21751176	-1	946176	348	0	0	387
4998305	-1	-1	0	0	0	0	59
5002269	18298208	-1	910336	398	0	0	406
5006248	-1	-1	0	0	0	0	0
5011253	20679808	-1	847872	328	0	0	405
5014269	6486920	-1	697344	860	0	0	885
5017263	-1	-1	0	0	0	0	0
5022271	18187176	-1	1198080	527	0	0	527
5025249	-1	-1	0	0	0	0	0
5030288	15706976	-1	237568	121	0	0	142
5034268	22090248	-1	775920	281	0	0	392
5039266	13854840	-1	1149952	664	0	0	664
5042244	-1	-1	0	0	0	0	0
5046243	-1	-1	0	0	0	0	0
5050269	-1	-1	0	0	0	0	0
5052263	13783728	-1	1226752	712	0	0	759
5056264	-1	-1	0	0	0	0	0
5060262	7671872	-1	724992	756	0	0	756
5063263	-1	-1	0	0	0	0	0
5067258	-1	-1	0	0	0	0	65
5071263	4568032	-1	1996800	3497	0	0	3497
5073252	-1	-1	0	0	0	0	0
5087549	13085712	-1	6609920	4041	0	0	9703
5098594	24687272	-1	10223616	3313	0	0	5745
5110593	19814808	-1	10645504	4298	0	0	5161
5116576	-1	-1	0	0	0	0	0
5124577	14595832	-1	2315264	1269	0	0	1269
5130595	-1	-1	0	0	0	0	0
5138591	19959792	-1	2023424	811	0	0	811
5141598	-1	-1	0	0	0	0	0
5149578	20611424	-1	1927168	748	0	0	748
5155592	-1	-1	0	0	0	0	0
5162591	-1	-1	0	0	0	0	0
5168572	18727088	-1	1088512	465	0	0	535
5173574	23375080	-1	2232320	764	0	0	764
5181606	-1	-1	0	0	0	0	0
5189608	-1	-1	0	0	0	0	0
5196575	-1	-1	0	0	0	0	0
5202588	16805432	-1	2327552	1108	0	0	1140
5210592	-1	-1	24576	164	0	0	225
5215577	17646800	-1	1674240	759	0	0	759
5221574	-1	-1	0	0	0	0	0
5228579	19400520	-1	2640896	1089	0	0	1089
5236579	-1	-1	0	0	0	0	0
5244571	18726504	-1	1416192	605	0	0	605
5251585	-1	-1	0	0	0	0	0
5258588	7023632	-1	1026328	1169	0	0	1169
5264581	-1	-1	0	0	0	0	0
5271583	15983224	-1	3430400	1717	0	0	1717
5276581	-1	-1	0	0	0	0	0
5282600	11831456	-1	1884160	1274	0	0	1274
5289600	-1	-1	0	0	0	0	0
5296575	17258872	-1	1999872	927	0	0	927
5301602	-1	-1	0	0	0	0	0
5308583	-1	-1	0	0	0	0	0
5312575	11224400	-1	507904	362	0	0	400
5317600	19733240	-1	4072448	1651	0	0	1651
5325583	-1	-1	0	0	0	0	0
5333569	12415048	-1	2501632	1612	0	0	1612
5340571	-1	-1	0	0	0	0	0
5346588	17322080	-1	2193408	1013	0	0	1013
5352579	-1	-1	0	0	0	0	0
5359582	16742600	-1	2151424	1028	0	0	1028
5363588	-1	-1	0	0	0	0	100
5368581	17886360	-1	3742720	1674	0	0	1674
5376582	-1	-1	0	0	0	0	0
5383577	-1	-1	0	0	0	0	0
5391577	-1	-1	0	0	0	0	50
5396574	19190256	-1	2772992	1156	0	0	1156
5404577	13029184	-1	1881088	1155	0	0	1155
5408573	-1	-1	0	0	0	0	0
5415579	-1	-1	0	0	0	0	0
5421570	-1	-1	0	0	0	0	0
5428585	16903208	-1	3300352	1562	0	0	1562
5430596	-1	-1	0	0	0	0	0
5437599	-1	-1	0	0	0	0	0
5442594	-1	-1	0	0	0	0	0
5449623	-1	-1	0	0	0	0	44
5454594	19986256	-1	4414464	1767	0	0	1767
5462595	-1	-1	0	0	0	0	0
5470594	18352968	-1	2080768	907	0	0	907
5477571	-1	-1	0	0	0	0	0
5483580	15155200	-1	1477632	780	0	0	780
5487592	-1	-1	0	0	0	0	0
5495578	19525224	-1	2094080	858	0	0	858
5503592	-1	-1	0	0	0	0	0
5509599	13371040	-1	1681408	1006	0	0	1006
5516575	-1	-1	0	0	0	0	0
5523594	15104000	-1	1812480	960	0	0	960
5528575	-1	-1	0	0	0	0	0
5535578	18834888	-1	1723392	732	0	0	732
5542589	16886000	-1	4065304	1926	0	0	1926
5545604	-1	-1	0	0	0	0	0
5552573	-1	-1	0	0	0	0	0
5559587	18533840	-1	5543936	2393	0	0	2393
5563587	-1	-1	0	0	0	0	0
5571579	-1	-1	0	0	0	0	0
5577599	-1	-1	0	0	0	0	0
5583585	17339560	-1	5091328	2349	0	0	2349
5589605	-1	-1	0	0	0	0	0
5595585	16641872	-1	2841600	1366	0	0	1366
5603577	14251648	-1	1081344	607	0	0	645
5608574	25468376	-1	4383744	1377	0	0	1377
5615579	-1	129392	0	0	320512	19816	0
5623592	11505848	533904	6424576	4467	532480	7978	4467
5631586	-1	1067024	0	0	1055744	7915	0
5639583	21012496	950312	6889472	2623	544768	4586	2623
5645568	-1	-1	0	0	0	0	0
5652582	22131504	-1	5015552	1813	0	0	1813
5659584	-1	-1	0	0	0	0	0
5665570	21218968	-1	5145600	1940	0	0	1940
5672578	-1	-1	0	0	0	0	0
5680581	-1	-1	0	0	0	0	0
5687581	-1	-1	0	0	0	0	0
5693597	20801720	-1	4932608	1897	0	0	1897
5701601	-1	-1	0	0	0	0	0
5707582	14238824	-1	2963456	1665	0	0	1665
5714588	-1	-1	0	0	0	0	0
5733213	12202952	-1	7021272	4603	0	0	8133
5738211	-1	-1	0	0	0	0	0
5744227	20830616	-1	3923968	1507	0	0	1507
5751210	-1	-1	0	0	0	0	0
5759240	-1	-1	0	0	0	0	0
5763238	-1	-1	0	0	0	0	0
5770213	24358664	-1	4475904	1470	0	0	1470
5778212	-1	-1	0	0	0	0	0
5784218	-1	-1	0	0	0	0	0
5786235	-1	-1	0	0	0	0	0
5793223	23101440	-1	2310144	800	0	0	800
5799218	-1	-1	0	0	0	0	0
5805217	19622472	-1	2097152	855	0	0	855
5811208	-1	-1	0	0	0	0	0
5817223	23528840	-1	2991104	1017	0	0	1017
5824222	-1	-1	0	0	0	0	0
5832222	21639960	-1	3524608	1303	0	0	1303
5839207	-1	-1	0	0	0	0	0
5847206	13440000	-1	860160	512	0	0	512
5854206	23706136	-1	2539520	857	0	0	857
5858207	30720000	-1	645120	168	0	0	168
5865220	-1	-1	0	0	0	0	0
5873221	20523576	-1	1929216	752	0	0	752
5880224	-1	-1	0	0	0	0	0
5888224	-1	-1	0	0	0	0	0
5893218	7901504	-1	139264	141	0	0	242
5898200	25238520	-1	2886656	915	0	0	915
5901212	-1	-1	0	0	0	0	0
5907208	-1	-1	0	0	0	0	0
5913285	-1	-1	0	0	0	0	46
5918208	26708304	-1	5515264	1652	0	0	1652
5925220	-1	-1	0	0	0	0	0
5932219	15110824	-1	2126848	1126	0	0	1126
5939233	-1	-1	0	0	0	0	0
5947228	15835472	-1	1803264	911	0	0	961
5954207	-1	-1	0	0	0	0	0
5960229	-1	-1	0	0	0	0	0
5962213	-1	-1	0	0	0	0	0
5969219	22865704	-1	2149376	752	0	0	752
5975231	17669816	-1	2237440	1013	0	0	1013
5977231	-1	-1	0	0	0	0	0
5984229	-1	-1	0	0	0	0	337
5989233	18743584	-1	6344704	2708	0	0	2708
5997219	-1	151768	0	0	373760	19701	0
6004219	23832184	849128	2427904	815	747520	7042	815
6010210	-1	1185560	0	0	887808	5990	0
6017215	-1	1274448	0	0	1108992	6961	0
6024231	-1	1279952	0	0	848896	5305	0
6032231	8192000	-1	836608	817	64512	4459	817
6040234	17405680	-1	959488	441	0	0	441
6044220	-1	-1	0	0	0	0	0
6051219	19722520	-1	719872	292	0	0	354
6055232	-1	-1	0	0	0	0	0
6061215	-1	-1	0	0	0	0	0
6067228	11905704	-1	1562624	1050	0	0	1050
6074210	-1	-1	0	0	0	0	0
6082210	-1	-1	0	0	0	0	0
6086212	-1	-1	0	0	0	0	0
6094210	11844744	-1	1477632	998	0	0	998
6101211	-1	-1	0	0	0	0	0
6107227	12111680	-1	914432	604	0	0	-1
6114209	5880032	-1	330752	450	0	0	-1
6117216	-1	-1	0	0	0	0	-1
6125208	13636832	-1	1692672	993	0	0	-1
6129209	16952888	-1	152576	72	0	0	-1
6136226	-1	-1	0	0	0	0	-1
6144225	-1	-1	0	0	0	0	-1
6151226	-1	-1	0	0	0	0	-1
6157217	20329312	-1	1519616	598	0	0	-1
6164227	-1	-1	0	0	0	0	-1
6178441	11557032	-1	2307072	1597	0	0	5177
6185456	-1	-1	0	0	0	0	0
6193460	-1	-1	0	0	0	0	0
6201460	-1	-1	0	0	0	0	0
6207425	-1	-1	0	0	0	0	0
6214425	-1	-1	0	0	0	0	0
6220445	-1	-1	0	0	0	0	0
6228421	-1	-1	0	0	0	0	0
6234434	-1	-1	0	0	0	0	0
6240441	-1	-1	0	0	0	0	0
6244445	-1	-1	0	0	0	0	0
6251438	-1	-1	0	0	0	0	0
6259421	-1	-1	0	0	0	0	0
6267437	17267560	-1	1620992	751	0	0	751
6274435	-1	-1	0	0	0	0	0
6282426	8230784	-1	1086464	1056	0	0	1086
6290435	-1	-1	0	0	0	0	0
6295425	-1	-1	0	0	0	0	0
6299423	-1	-1	0	0	0	0	0
6305417	15970152	-1	1541120	772	0	0	879
6310456	-1	-1	0	0	0	0	0
6325921	13144760	-1	4587520	2792	0	0	6983
6332920	14602472	-1	982016	538	0	0	540
6337967	-1	-1	0	0	0	0	0
6349765	14006952	-1	3988480	2278	0	0	3173
6364733	20414432	-1	4782080	1874	0	0	6810
6369736	15299112	-1	707584	370	0	0	370
6376735	-1	-1	0	0	0	0	0
6383748	15183320	-1	1022976	539	0	0	539
6391747	-1	-1	0	0	0	0	0
6398727	14106744	-1	945152	536	0	0	547
6404732	-1	-1	0	0	0	0	0
6411721	15784584	-1	970752	492	0	0	516
6417726	-1	-1	0	0	0	0	0
6425724	16014128	-1	1197056	598	0	0	598
6432736	-1	-1	0	0	0	0	0
6439742	16161392	-1	1115136	552	0	0	552
6445731	-1	-1	0	0	0	0	0
6453726	3245312	-1	654336	1613	0	0	1613
6460732	3438760	-1	300032	698	0	0	1019
6464731	-1	-1	0	0	0	0	0
6471747	-1	-1	0	0	0	0	0
6507724	-1	-1	0	0	0	0	0
6514754	-1	-1	0	0	0	0	0
6527012	-1	-1	0	0	0	0	199
6536063	27302960	-1	2511872	736	0	0	736
6543054	-1	-1	0	0	0	0	0
6548027	-1	-1	0	0	0	0	0
6555038	3519184	-1	293852	668	0	0	726
6560031	23420720	-1	685056	234	0	0	314
6566052	-1	-1	0	0	0	0	0
6572034	14521680	-1	1341440	739	0	0	739
6579043	-1	-1	0	0	0	0	0
6585057	13589080	-1	866304	510	0	0	512
6590056	-1	-1	0	0	0	0	0
6598052	14189376	-1	768000	433	0	0	433
6606052	-1	-1	0	0	0	0	0
6609036	-1	-1	0	0	0	0	0
6634316	25213360	-1	1377280	437	0	0	2551
6639335	-1	-1	0	0	0	0	0
6645306	-1	-1	0	0	0	0	0
6650315	22464896	-1	1002496	357	0	0	371
6655334	-1	-1	0	0	0	0	0
6663334	-1	-1	0	0	0	0	0
6670331	19947632	-1	940032	377	0	0	449
6884312	24391216	-1	405504	133	0	0	200
6900992	26612688	-1	2408448	724	0	0	2814
6916206	13560952	-1	1169632	690	0	0	690
6936538	22581736	-1	1936384	686	0	0	815
7126433	25331896	-1	2745344	867	0	0	6605
7141473	7322632	-1	4812800	5258	0	0	11281
7146208	9122800	-1	1967104	1725	0	0	1725
7154214	-1	-1	0	0	0	0	0
7173891	22645304	-1	3014656	1065	0	0	7554
7183945	17575176	-1	5046272	2297	0	0	4369
7190944	-1	-1	0	0	0	0	0
7198944	8785256	-1	953200	868	0	0	868
7204928	-1	-1	0	0	0	0	0
7210950	-1	-1	0	0	0	0	0
7215932	18930432	-1	1964032	830	0	0	830
7219944	-1	-1	0	0	0	0	0
7224932	-1	-1	0	0	0	0	0
7232930	-1	-1	0	0	0	0	0
7235935	-1	-1	0	0	0	0	0
7241951	21090040	-1	2106368	799	0	0	883
7247931	-1	-1	0	0	0	0	0
7254938	14764808	-1	1101824	597	0	0	597
7261953	-1	-1	0	0	0	0	0
7269954	12265216	-1	2756608	1798	0	0	1798
7276930	-1	-1	0	0	0	0	0
7282923	12919008	-1	2390016	1480	0	0	1480
7286950	-1	-1	0	0	0	0	0
7291932	-1	-1	0	0	0	0	0
7302858	19994496	-1	5988352	2396	0	0	2396
7320915	22996152	-1	4262912	1483	0	0	1521
7325888	-1	-1	0	0	0	0	0
7331886	-1	-1	0	0	0	0	0
7339875	17793376	-1	4343808	1953	0	0	1966
7346886	-1	-1	0	0	0	0	0
7354885	8184216	-1	4304896	4208	0	0	4208
7361885	-1	-1	0	0	0	0	0
7369865	11046408	-1	2254848	1633	0	0	1633
7383934	17467344	-1	10021888	4590	0	0	5803
7492939	-1	-1	0	0	0	0	0
7498926	14172424	-1	3326976	1878	0	0	1878
7505924	-1	-1	0	0	0	0	0
7517510	19200000	-1	7372800	3072	0	0	4924
7525509	-1	-1	0	0	0	0	0
7530507	-1	-1	0	0	0	0	252
7561249	22326432	-1	10264576	3678	0	0	21045
7595164	19427968	-1	12509184	5151	0	0	19838
7601168	-1	-1	0	0	0	0	0
7608171	-1	-1	0	0	0	0	0
7616168	-1	-1	0	0	0	0	0
7622168	18135944	-1	3042304	1342	0	0	1397
7628165	-1	-1	0	0	0	0	0
7778164	16066176	-1	2070528	1031	0	0	1031
7785177	-1	-1	0	0	0	0	0
7792181	13169336	-1	2510404	1525	0	0	1525
7799166	-1	-1	0	0	0	0	0
7806164	15155200	-1	1326080	700	0	0	700
7814163	-1	-1	0	0	0	0	0
7820182	17175816	-1	2376704	1107	0	0	1107
7827177	-1	-1	0	0	0	0	0
7833179	-1	-1	0	0	0	0	0
7841162	17999080	-1	4268032	1897	0	0	1897
7844177	20733736	-1	878592	339	0	0	339
7852180	-1	-1	0	0	0	0	0
7859167	20682144	-1	4976640	1925	0	0	1925
7866163	22218064	-1	3743744	1348	0	0	1517
7870175	26984656	-1	6435840	1908	0	0	1908
7878186	-1	-1	0	0	0	0	0
7885166	20686656	-1	3997696	1546	0	0	1546
7892176	-1	-1	0	0	0	0	0
7899165	21504632	-1	4330496	1611	0	0	1611
7902163	-1	-1	0	0	0	0	0
7924884	10571736	-1	987136	747	0	0	-1
7957780	14258304	-1	3805184	2135	0	0	-1
7965953	-1	-1	0	0	0	0	20026
7973955	-1	-1	0	0	0	0	0
7980935	-1	-1	0	0	0	0	0
7987942	-1	-1	0	0	0	0	0
7997538	18654920	-1	7091200	3041	0	0	3326
8001535	12154432	-1	1118208	736	0	0	736
8102520	13075120	-1	2253824	1379	0	0	1379
8104532	-1	-1	0	0	0	0	0
8111532	-1	-1	0	0	0	0	0
8119535	10858440	-1	1788928	1318	0	0	1318
8125530	-1	-1	0	0	0	0	0
8132531	-1	-1	0	0	0	0	0
8138530	-1	-1	0	0	0	0	0
8144532	11741552	-1	2530304	1724	0	0	1767
8150524	-1	-1	0	0	0	0	0
8157526	10353168	-1	2178048	1683	0	0	1683
8164529	-1	-1	0	0	0	0	0
8170529	21318712	-1	6049184	2270	0	0	2270
8176533	-1	-1	0	0	0	0	0
8184529	22497512	-1	4344832	1545	0	0	1545
8190525	-1	-1	0	0	0	0	0
8194528	-1	-1	0	0	0	0	0
8198534	-1	-1	0	0	0	0	0
8205525	22848560	-1	5255168	1840	0	0	1840
8210524	-1	-1	0	0	0	0	0
8218533	23828656	-1	4244480	1425	0	0	1425
8225526	-1	-1	0	0	0	0	0
8231525	21638280	-1	3032064	1121	0	0	1121
8239525	-1	-1	0	0	0	0	0
8247533	20300320	-1	2834432	1117	0	0	1117
8257968	31771976	-1	14535680	3660	0	0	5509
8265951	-1	-1	0	0	0	0	0
8271957	30242424	-1	7197696	1904	0	0	1904
8277965	-1	-1	0	0	0	0	0
8285960	22516696	-1	12068948	4288	0	0	4288
8293274	24625720	-1	4057088	1318	0	0	1361
8295274	-1	-1	0	0	0	0	0
8305001	18774976	-1	12696576	5410	0	0	6413
