10335	15361840	-1	6402048	3334	0	0	6704
19870	16966880	-1	10432512	4919	0	0	5473
31870	11796448	-1	14511104	9841	0	0	10791
38877	17937760	-1	5946368	2652	0	0	2652
48862	-1	-1	0	0	0	0	0
51869	-1	-1	0	0	0	0	0
60861	-1	-1	0	0	0	0	0
69853	-1	-1	0	0	0	0	0
73854	-1	-1	0	0	0	0	0
82846	-1	-1	0	0	0	0	0
83870	-1	-1	0	0	0	0	0
92862	-1	-1	0	0	0	0	0
101853	-1	-1	0	0	0	0	0
109853	-1	-1	0	0	0	0	0
115869	-1	-1	0	0	0	0	0
122878	-1	-1	0	0	0	0	0
131868	17022256	-1	5298176	2490	0	0	2490
139869	-1	-1	0	0	0	0	0
148862	14012720	-1	1553660	887	0	0	887
155869	-1	-1	0	0	0	0	0
164860	16202888	-1	3572736	1764	0	0	1764
172860	-1	-1	0	0	0	0	0
181853	17136456	-1	7019520	3277	0	0	3277
184861	-1	-1	0	0	0	0	0
193854	-1	-1	0	0	0	0	0
199869	-1	-1	0	0	0	0	0
208860	17352128	-1	11727872	5407	0	0	5407
216860	16887152	-1	1099776	521	0	0	521
225852	-1	-1	0	0	0	0	0
232861	-1	-1	0	0	0	0	0
239869	17539920	-1	11249664	5131	0	0	5131
249853	18325456	-1	396288	173	0	0	173
258846	15963296	-1	2797568	1402	0	0	1402
268861	-1	-1	0	0	0	0	0
275869	-1	-1	0	0	0	0	0
283869	-1	-1	0	0	0	0	0
294365	16613752	-1	14439424	6953	0	0	6953
304382	-1	-1	0	0	0	0	0
313375	14552144	-1	1740800	957	0	0	957
318364	-1	-1	0	0	0	0	0
328382	15748160	-1	2181120	1108	0	0	1108
336382	-1	-1	0	0	0	0	0
346366	15753272	-1	2148352	1091	0	0	1091
355360	-1	-1	0	0	0	0	0
361373	-1	-1	0	0	0	0	0
368380	-1	-1	0	0	0	0	0
375425	15699608	-1	2325504	1185	0	0	1185
384381	14788664	-1	1547264	837	0	0	837
387358	-1	-1	0	0	0	0	0
396382	-1	-1	0	0	0	0	0
406364	17043608	-1	5424128	2546	0	0	2546
415360	-1	-1	0	0	0	0	0
425363	-1	-1	0	0	0	0	0
434368	-1	-1	0	0	0	0	0
442365	17032704	-1	6291456	2955	0	0	2955
450365	-1	-1	0	0	0	0	0
460411	16459112	-1	3590144	1745	0	0	1745
468395	-1	-1	0	0	0	0	0
477418	16546968	-1	3119104	1508	0	0	1508
484382	-1	-1	0	0	0	0	0
493374	15876528	-1	2242560	1130	0	0	1130
502383	-1	-1	0	0	0	0	0
511414	16847104	-1	5037284	2392	0	0	2392
520381	-1	-1	0	0	0	0	0
527376	-1	-1	0	0	0	0	0
536375	15773920	-1	4580352	2323	0	0	2323
539359	-1	-1	0	0	0	0	0
547389	-1	-1	0	0	0	0	0
555389	16519032	-1	3006464	1456	0	0	1456
564380	-1	-1	0	0	0	0	0
571360	15237640	-1	4192256	2201	0	0	2201
581372	-1	-1	0	0	0	0	0
590365	15213712	-1	1970176	1036	0	0	1036
599358	11471024	-1	1056768	737	0	0	737
604386	17219824	-1	3923968	1823	0	0	1823
611358	-1	-1	0	0	0	0	0
618365	-1	-1	0	0	0	0	0
627358	16938608	-1	1501184	709	0	0	798
632381	18106960	-1	1754112	775	0	0	775
639359	-1	-1	0	0	0	0	0
648381	-1	-1	0	0	0	0	0
650366	-1	-1	0	0	0	0	0
658364	17298328	-1	5269504	2437	0	0	2437
666366	-1	-1	0	0	0	0	0
675359	12822976	-1	4786176	2986	0	0	2986
685373	-1	-1	0	0	0	0	0
694365	16404560	-1	3268608	1594	0	0	1594
702364	-1	-1	0	0	0	0	0
708381	17339640	-1	3084288	1423	0	0	1423
716381	-1	-1	0	0	0	0	0
726367	15875048	-1	2331648	1175	0	0	1175
734365	-1	-1	0	0	0	0	0
743359	15725784	-1	2030592	1033	0	0	1033
749444	-1	-1	0	0	0	0	0
758365	16530376	-1	3469312	1679	0	0	1679
764382	-1	-1	0	0	0	0	0
773373	16409520	-1	3292160	1605	0	0	1605
781373	-1	-1	0	0	0	0	0
787361	17058544	-1	4661248	2186	0	0	2186
795361	-1	-1	0	0	0	0	0
804381	-1	-1	0	0	0	0	0
810364	-1	-1	0	0	0	0	0
817404	17282040	-1	7586816	3512	0	0	3512
824381	-1	-1	0	0	0	0	0
833365	16920248	-1	4555776	2154	0	0	2154
841373	-1	-1	0	0	0	0	0
851412	16206992	-1	3000320	1481	0	0	1481
859408	-1	-1	0	0	0	0	0
868422	-1	-1	0	0	0	0	0
875363	15518312	-1	991232	511	0	0	515
880381	17066552	-1	3714108	1741	0	0	1741
889373	-1	-1	0	0	0	0	0
898365	14538208	-1	2871296	1580	0	0	1580
907359	-1	-1	0	0	0	0	0
916381	17554288	-1	2519040	1148	0	0	1148
922366	-1	-1	0	0	0	0	0
930365	15948640	-1	2250752	1129	0	0	1129
937372	-1	-1	0	0	0	0	0
946364	15354240	-1	2045952	1066	0	0	1066
954365	15869160	-1	1073152	541	0	0	543
959388	17303312	-1	3681280	1702	0	0	1702
966366	-1	-1	0	0	0	0	0
975360	17483376	-1	10747904	4918	0	0	4918
982365	-1	-1	0	0	0	0	0
991389	17306624	-1	7145472	3303	0	0	3303
1000382	-1	-1	0	0	0	0	0
1006364	-1	-1	0	0	0	0	0
1011359	-1	-1	0	0	0	0	0
1018365	17710400	-1	6521856	2946	0	0	2946
1022364	-1	-1	0	0	0	0	0
1031389	-1	-1	0	0	0	0	0
1036382	-1	-1	0	0	0	0	0
1042365	17090256	-1	5996544	2807	0	0	2807
1051360	-1	-1	0	0	0	0	0
1058364	16833456	-1	4909056	2333	0	0	2333
1061373	-1	-1	0	0	0	0	0
1071389	-1	-1	0	0	0	0	0
1079358	-1	-1	0	0	0	0	0
1088380	17454728	-1	10232832	4690	0	0	4690
1097399	-1	-1	0	0	0	0	0
1106365	-1	-1	0	0	0	0	0
1113373	-1	-1	0	0	0	0	0
1120381	17158528	-1	9754624	4548	0	0	4548
1130365	-1	-1	0	0	0	0	0
1138366	16642744	-1	3886080	1868	0	0	1868
1147358	-1	-1	0	0	0	0	0
1156382	16477768	-1	3958784	1922	0	0	1922
1164382	-1	-1	0	0	0	0	0
1172381	-1	-1	0	0	0	0	0
1180382	17048464	-1	7592960	3563	0	0	3710
1182370	16729792	-1	4161536	1990	0	0	1990
1191358	15328696	-1	877568	458	0	0	458
1200383	9485296	-1	5797888	4890	0	0	4890
1209374	17386896	-1	5272576	2426	0	0	2426
1219359	-1	-1	0	0	0	0	0
1228381	-1	-1	0	0	0	0	0
1236382	16851472	-1	4577280	2173	0	0	2173
1243388	-1	-1	0	0	0	0	0
1250383	16571960	-1	3246032	1567	0	0	1567
1255359	-1	-1	0	0	0	0	0
1264383	14251248	-1	2367488	1329	0	0	1329
1273375	16498576	-1	1769472	858	0	0	865
1277373	16489840	-1	1595392	774	0	0	774
1286364	-1	-1	0	0	0	0	0
1294365	15181928	-1	5729280	3019	0	0	3019
1302364	-1	-1	0	0	0	0	0
1309369	17078056	-1	6400000	2998	0	0	2998
1317374	-1	-1	0	0	0	0	0
1325374	16954136	-1	5785600	2730	0	0	2730
1332381	-1	-1	0	0	0	0	0
1339358	-1	-1	0	0	0	0	0
1345372	-1	-1	0	0	0	0	0
1351359	17103384	-1	5842944	2733	0	0	2733
1361372	-1	-1	0	0	0	0	0
1370364	16467448	-1	3637248	1767	0	0	1767
1380381	-1	-1	0	0	0	0	0
1389373	17825528	-1	3912704	1756	0	0	1756
1396381	-1	-1	0	0	0	0	0
1403400	16561376	-1	3633152	1755	0	0	1755
1412420	-1	-1	0	0	0	0	0
1422364	-1	-1	0	0	0	0	0
1431389	16917280	-1	5749760	2719	0	0	2719
1434365	17818928	-1	2403328	1079	0	0	1079
1443358	-1	-1	0	0	0	0	0
1452381	16435232	-1	3284992	1599	0	0	1599
1460381	-1	-1	0	0	0	0	0
1469373	16977576	-1	5447680	2567	0	0	2567
1479362	-1	-1	0	0	0	0	0
1485374	-1	-1	0	0	0	0	0
1493374	-1	-1	0	0	0	0	0
1503358	17515304	-1	8545280	3903	0	0	3903
1509373	-1	-1	0	0	0	0	0
1518365	17193264	-1	6026240	2804	0	0	2804
1527358	-1	-1	0	0	0	0	0
1534365	16833824	-1	3985408	1894	0	0	1894
1544383	-1	-1	0	0	0	0	0
1554364	-1	-1	0	0	0	0	0
1558365	-1	-1	0	0	0	0	0
1567360	16871112	-1	5639168	2674	0	0	2674
1574364	-1	-1	0	0	0	0	0
1584381	-1	-1	0	0	0	0	0
1593372	-1	-1	0	0	0	0	0
1600380	17276416	-1	8722432	4039	0	0	4039
1609373	-1	-1	0	0	0	0	0
1618364	-1	-1	0	0	0	0	0
1628382	-1	-1	0	0	0	0	0
1635359	16408472	-1	7350996	3584	0	0	3584
1642364	-1	-1	0	0	0	0	0
1651388	16681744	-1	4245504	2036	0	0	2036
1659360	-1	-1	0	0	0	0	0
1669373	13065960	-1	2141184	1311	0	0	1311
1677374	-1	-1	0	0	0	0	0
1685373	-1	-1	0	0	0	0	0
1694364	16090848	-1	3035136	1509	0	0	1509
1696381	-1	-1	0	0	0	0	0
1705374	16308896	-1	2890752	1418	0	0	1418
1708381	-1	-1	0	0	0	0	0
1717378	-1	-1	0	0	0	0	0
1726370	16281096	-1	2916352	1433	0	0	1433
1735473	-1	-1	0	0	0	0	0
1744382	-1	-1	0	0	0	0	0
1750365	14901832	-1	761856	409	0	0	414
1755359	17261376	-1	3767296	1746	0	0	1746
1764382	-1	-1	0	0	0	0	0
1774366	16994904	-1	4728832	2226	0	0	2226
1782367	-1	-1	0	0	0	0	0
1790365	16524784	-1	3846144	1862	0	0	1862
1798366	-1	-1	0	0	0	0	0
1807358	-1	-1	0	0	0	0	0
1812382	-1	-1	0	0	0	0	0
1818364	16935256	-1	5190656	2452	0	0	2452
1827358	-1	-1	0	0	0	0	0
1835358	16198808	-1	3045376	1504	0	0	1504
1843358	-1	-1	0	0	0	0	0
1852384	15871600	-1	2537472	1279	0	0	1279
1861374	-1	-1	0	0	0	0	0
1871413	15894496	-1	2260992	1138	0	0	1138
1876382	-1	-1	0	0	0	0	0
1885373	15648824	-1	2136064	1092	0	0	1092
1890365	-1	-1	0	0	0	0	0
1898365	15937552	-1	2302976	1156	0	0	1156
1907388	-1	-1	0	0	0	0	0
1913375	16663024	-1	3913728	1879	0	0	1879
1922365	-1	-1	0	0	0	0	0
1930364	15743152	-1	2087936	1061	0	0	1061
1938365	-1	-1	0	0	0	0	0
1945373	-1	-1	0	0	0	0	0
1948381	-1	-1	0	0	0	0	0
1956407	16913304	-1	4940800	2337	0	0	2337
1962365	15084272	-1	2079744	1103	0	0	1103
1966364	17741256	-1	374784	169	0	0	169
1975389	-1	-1	0	0	0	0	0
1985373	16490592	-1	2982736	1447	0	0	1447
1994365	14450768	-1	2288640	1267	0	0	1267
1998371	-1	-1	0	0	0	0	0
2006366	-1	-1	0	0	0	0	0
2015415	16361648	-1	2998272	1466	0	0	1474
2024427	-1	-1	0	0	0	0	0
2033374	16808304	-1	4097024	1950	0	0	1950
2038364	-1	-1	0	0	0	0	0
2047358	16727624	-1	3738624	1788	0	0	1788
2056381	-1	-1	0	0	0	0	0
2062366	-1	-1	0	0	0	0	0
2065373	-1	-1	0	0	0	0	0
2072382	17134272	-1	4887552	2282	0	0	2282
2076381	-1	-1	0	0	0	0	0
2084382	-1	-1	0	0	0	0	0
2089373	-1	-1	0	0	0	0	0
2099359	16715656	-1	6193152	2964	0	0	2964
2108381	-1	-1	0	0	0	0	0
2116382	16022656	-1	3587072	1791	0	0	1791
2126365	-1	-1	0	0	0	0	0
2135359	16310456	-1	2952192	1448	0	0	1448
2143439	-1	-1	0	0	0	0	0
2149373	-1	-1	0	0	0	0	0
2158365	16771664	-1	4031488	1923	0	0	1923
2161372	-1	-1	0	0	0	0	0
2170364	-1	-1	0	0	0	0	0
2179359	15935224	-1	2290688	1150	0	0	1150
2188380	-1	-1	0	0	0	0	0
2195358	16857384	-1	4302848	2042	0	0	2042
2203358	-1	-1	0	0	0	0	0
2213373	-1	-1	0	0	0	0	0
2216381	-1	-1	0	0	0	0	0
2226365	16427032	-1	3127296	1523	0	0	1631
2232383	-1	-1	0	0	0	0	0
2241373	15944800	-1	2565120	1287	0	0	1287
2250366	15752496	-1	1839104	934	0	0	934
2254365	17971056	-1	788480	351	0	0	351
2263358	-1	-1	0	0	0	0	0
2270375	-1	-1	0	0	0	0	0
2277374	16549456	-1	4813824	2327	0	0	2327
2280381	17949752	-1	2934784	1308	0	0	1308
2289373	-1	-1	0	0	0	0	0
2298364	-1	-1	0	0	0	0	0
2302366	-1	-1	0	0	0	0	0
2310366	17218760	-1	6231040	2895	0	0	2895
2319359	13519664	-1	483328	286	0	0	290
2324380	16596552	-1	1918976	925	0	0	925
2333373	-1	-1	0	0	0	0	0
2340380	-1	-1	0	0	0	0	0
2348381	-1	-1	0	0	0	0	0
2355393	16074320	-1	3986432	1984	0	0	1984
2363380	-1	-1	0	0	0	0	0
2372386	15831416	-1	2347008	1186	0	0	-1
2381420	-1	-1	0	0	0	0	-1
2390365	11719544	-1	1541120	1052	0	0	-1
2399388	-1	-1	0	0	0	0	-1
2407389	13431248	-1	908288	541	0	0	-1
2414366	-1	-1	0	0	0	0	-1
2421373	14555744	-1	1271808	699	0	0	-1
2429373	-1	-1	0	0	0	0	-1
2438366	-1	-1	0	0	0	0	-1
2444382	-1	-1	0	0	0	0	-1
2450846	17493904	-1	5891072	2694	0	0	5114
2455837	-1	-1	0	0	0	0	0
2456829	-1	-1	0	0	0	0	0
2464829	-1	-1	0	0	0	0	0
2472840	16844448	-1	4307968	2046	0	0	2046
2482845	-1	-1	0	0	0	0	0
2488829	15866816	-1	2544640	1283	0	0	1283
2497853	-1	-1	0	0	0	0	0
2506845	15397760	-1	1774592	922	0	0	922
2515837	-1	-1	0	0	0	0	0
2524829	-1	-1	0	0	0	0	0
2526845	-1	-1	0	0	0	0	0
2535837	15812304	-1	2322432	1175	0	0	1175
2544830	-1	-1	0	0	0	0	0
2552830	15147888	-1	2120704	1120	0	0	1120
2562845	-1	-1	0	0	0	0	0
2570845	-1	-1	0	0	0	0	0
2579837	16218168	-1	3004416	1482	0	0	1482
2583838	-1	-1	0	0	0	0	0
2590846	-1	-1	0	0	0	0	0
2597853	-1	-1	0	0	0	0	0
2606846	14803816	-1	729088	394	0	0	408
2611838	16005704	-1	2512896	1256	0	0	1256
2619838	-1	-1	0	0	0	0	0
2626848	-1	-1	0	0	0	0	0
2635838	15425360	-1	1812480	940	0	0	1023
2639837	-1	-1	57056	16	0	0	16
2648831	-1	-1	0	0	0	0	0
2654846	14151552	-1	2278400	1288	0	0	1288
2664830	-1	-1	0	0	0	0	0
2670845	-1	-1	0	0	0	0	0
2674845	-1	-1	0	0	0	0	0
2683837	16487304	-1	3268608	1586	0	0	1586
2692828	-1	-1	0	0	0	0	0
2701862	-1	-1	0	0	0	0	0
2709852	16436640	-1	2557952	1245	0	0	1245
2713853	17959384	-1	233472	104	0	0	104
2720829	-1	-1	0	0	0	0	0
2726845	16253608	-1	2935808	1445	0	0	1445
2734845	-1	-1	0	0	0	0	0
2741854	-1	-1	0	0	0	0	0
2746845	-1	-1	0	0	0	0	0
2756831	16127616	-1	2705408	1342	0	0	1342
2764830	-1	-1	0	0	0	0	0
2773853	15108360	-1	1552384	822	0	0	822
2779836	-1	-1	0	0	0	0	0
2787837	17193560	-1	1826816	850	0	0	850
2797855	-1	-1	0	0	0	0	0
2806845	-1	-1	0	0	0	0	0
2808829	-1	-1	0	0	0	0	0
2817853	10874104	-1	2980864	2193	0	0	2193
2825852	-1	-1	0	0	0	0	0
2833854	14833920	-1	1685504	909	0	0	909
2843837	-1	-1	0	0	0	0	0
2851838	16608496	-1	3863552	1861	0	0	1861
2859843	-1	-1	0	0	0	0	0
2868828	17586928	-1	2679808	1219	0	0	1219
2873829	-1	-1	0	0	0	0	0
2882844	-1	-1	0	0	0	0	0
2887836	-1	-1	0	0	0	0	0
2896830	16032200	-1	4573184	2282	0	0	2282
2905862	-1	-1	0	0	0	0	0
2913852	15386080	-1	1736704	903	0	0	903
2921854	-1	-1	0	0	0	0	0
2931836	-1	-1	0	0	0	0	0
2939840	-1	-1	0	0	0	0	0
2946844	7778960	-1	3818496	3927	0	0	3927
2952829	-1	-1	0	0	0	0	0
2957852	-1	-1	0	0	0	0	0
2962846	-1	-1	0	0	0	0	0
2971836	17180560	-1	6294528	2931	0	0	2931
2981854	-1	-1	0	0	0	0	0
2990844	16730472	-1	3609600	1726	0	0	1726
2998845	-1	-1	0	0	0	0	0
3006844	-1	-1	0	0	0	0	0
3015836	-1	-1	0	0	0	0	0
3022845	8140176	-1	4914632	4830	0	0	4830
3032829	-1	-1	0	0	0	0	0
3041865	16525808	-1	3579904	1733	0	0	1733
3048828	-1	-1	0	0	0	0	0
3056828	16073224	-1	2648064	1318	0	0	1318
3065853	-1	-1	0	0	0	0	0
3074844	15979000	-1	2666496	1335	0	0	1335
3081853	-1	-1	0	0	0	0	0
3087837	-1	-1	0	0	0	0	0
3095838	-1	-1	0	0	0	0	0
3102844	17121800	-1	5750784	2687	0	0	2687
3111837	-1	-1	0	0	0	0	0
3121853	15771264	-1	2424832	1230	0	0	1230
3128829	-1	-1	0	0	0	0	0
3137852	15906248	-1	2318336	1166	0	0	1166
3144830	-1	-1	0	0	0	0	0
3152829	15825944	-1	2265088	1145	0	0	1145
3161852	-1	-1	0	0	0	0	0
3167836	14574264	-1	1393664	765	0	0	768
3174845	-1	-1	0	0	0	0	0
3182844	17005488	-1	4483072	2109	0	0	2109
3191837	-1	-1	0	0	0	0	0
3197852	-1	-1	0	0	0	0	0
3204828	-1	-1	0	0	0	0	1405
3208830	4902496	-1	3239936	5287	0	0	5287
3217853	17824352	-1	1622016	728	0	0	728
3226845	15611456	-1	3186688	1633	0	0	1633
3231836	-1	-1	0	0	0	0	0
3240831	16344536	-1	2968576	1453	0	0	1453
3242845	-1	-1	0	0	0	0	0
3251836	-1	-1	0	0	0	0	0
3255836	-1	-1	0	0	0	0	0
3264830	17269416	-1	6890496	3192	0	0	3192
3270845	-1	-1	0	0	0	0	0
3279837	-1	-1	0	0	0	0	0
3284829	-1	-1	0	0	0	0	0
3293853	17219600	-1	6773760	3147	0	0	3147
3301853	-1	-1	0	0	0	0	0
3306844	17077792	-1	5368832	2515	0	0	2515
3315837	-1	-1	0	0	0	0	0
3323837	-1	-1	0	0	0	0	0
3328829	-1	-1	0	0	0	0	0
3335837	17142424	-1	7105536	3316	0	0	3316
3344830	-1	-1	0	0	0	0	0
3353852	17639808	-1	4013056	1820	0	0	1820
3361852	-1	-1	0	0	0	0	0
3369852	17095776	-1	8169644	3823	0	0	3823
3378846	-1	-1	0	0	0	0	0
3385852	15185368	-1	3917824	2064	0	0	2064
3394845	-1	-1	0	0	0	0	0
3403837	16189384	-1	2725888	1347	0	0	1347
3409853	-1	-1	0	0	0	0	0
3415836	-1	-1	0	0	0	0	0
3420829	-1	-1	0	0	0	0	0
3428828	13064464	-1	5384192	3297	0	0	3297
3435837	-1	-1	0	0	0	0	0
3444829	-1	-1	0	0	0	0	0
3449853	-1	-1	0	0	0	0	0
3459837	16527080	-1	9344000	4523	0	0	4523
3465852	-1	-1	0	0	0	0	0
3474844	17173200	-1	6506496	3031	0	0	3031
3482844	-1	-1	0	0	0	0	0
3491836	-1	-1	0	0	0	0	0
3495837	-1	-1	0	0	0	0	0
3501853	16972896	-1	4958208	2337	0	0	2337
3511837	-1	-1	0	0	0	0	0
3519837	17055632	-1	5538816	2598	0	0	2598
3528828	-1	-1	0	0	0	0	0
3537853	16531240	-1	3793920	1836	0	0	1836
3546844	-1	-1	0	0	0	0	0
3554846	16287568	-1	3459072	1699	0	0	1699
3564830	-1	-1	0	0	0	0	0
3572829	9181584	-1	4541440	3957	0	0	3957
3580831	12723368	-1	1466368	922	0	0	931
3584829	17182192	-1	3350528	1560	0	0	1560
3593853	-1	-1	0	0	0	0	0
3603838	16323440	-1	3036160	1488	0	0	1488
3611837	-1	-1	0	0	0	0	0
3618844	17229112	-1	8580096	3984	0	0	3984
3625852	15765736	-1	1253376	636	0	0	639
3630845	16924072	-1	3048448	1441	0	0	1441
3637853	-1	-1	0	0	0	0	0
3647837	14626656	-1	3349504	1832	0	0	1832
3656830	-1	-1	0	0	0	0	0
3666845	-1	-1	0	0	0	0	0
3675852	17673760	-1	4869120	2204	0	0	2204
3678845	-1	-1	0	0	0	0	0
3687837	-1	-1	0	0	0	0	0
3696830	16721248	-1	4366336	2089	0	0	2089
3704832	-1	-1	0	0	0	0	0
3714846	15959784	-1	2850816	1429	0	0	1429
3722845	-1	-1	0	0	0	0	0
3731837	-1	-1	0	0	0	0	0
3738845	-1	-1	0	0	0	0	0
3746844	16231616	-1	3834720	1890	0	0	1890
3755837	-1	-1	0	0	0	0	0
3764830	15496336	-1	4612096	2381	0	0	2381
3771838	-1	-1	0	0	0	0	0
3781852	16384000	-1	2996224	1463	0	0	1463
3789852	-1	-1	0	0	0	0	0
3797852	16042096	-1	2402304	1198	0	0	1198
3805852	-1	-1	0	0	0	0	0
3815836	17124808	-1	6107136	2853	0	0	2853
3819837	-1	-1	0	0	0	0	0
3828829	16939120	-1	4374528	2066	0	0	2066
3836830	-1	-1	0	0	0	0	0
3844830	16749504	-1	5912576	2824	0	0	2824
3853853	-1	-1	0	0	0	0	0
3861853	-1	-1	0	0	0	0	0
3869852	14741592	-1	753664	409	0	0	412
3874844	17647696	-1	7793664	3533	0	0	3533
3883836	-1	-1	0	0	0	0	0
3892829	16741752	-1	3785728	1809	0	0	1809
3900828	-1	-1	0	0	0	0	0
3909852	16737072	-1	5291008	2529	0	0	2529
3919837	-1	-1	0	0	0	0	0
3928829	-1	-1	0	0	0	0	0
3932829	-1	-1	0	0	0	0	0
3941852	17206504	-1	6940672	3227	0	0	3227
3946846	-1	-1	0	0	0	0	0
3955837	17070400	-1	6239232	2924	0	0	2924
3957852	-1	-1	0	0	0	0	0
3966844	-1	-1	0	0	0	0	0
3972829	-1	-1	0	0	0	0	0
3982845	16915904	-1	5112832	2418	0	0	2418
3987837	-1	-1	0	0	0	0	0
3995837	16549352	-1	3587072	1734	0	0	1734
4003838	-1	-1	0	0	0	0	0
4011838	15569968	-1	2467840	1268	0	0	1268
4016829	-1	-1	0	0	0	0	0
4025852	16363496	-1	3268608	1598	0	0	1598
4034845	-1	-1	0	0	0	0	0
4041852	16236400	-1	2703360	1332	0	0	1332
4048829	-1	-1	0	0	0	0	0
4054845	17088448	-1	5489664	2570	0	0	2570
4063836	-1	-1	0	0	0	0	0
4070845	16469384	-1	3752960	1823	0	0	1823
4077852	-1	-1	0	0	0	0	0
4085852	16659480	-1	3529728	1695	0	0	1695
4095837	-1	-1	0	0	0	0	0
4103838	16513624	-1	3261440	1580	0	0	1580
4108829	-1	-1	0	0	0	0	0
4117853	15463136	-1	4644740	2403	0	0	2403
4126845	-1	-1	0	0	0	0	0
4135838	-1	-1	0	0	0	0	0
4143837	14629752	-1	1810432	990	0	0	1086
4147836	17886608	-1	3291136	1472	0	0	1472
4154846	-1	-1	0	0	0	0	0
4164828	-1	-1	0	0	0	0	0
4170845	-1	-1	0	0	0	0	0
4180834	16742712	-1	5878784	2809	0	0	2845
4184829	-1	-1	0	0	0	0	0
4194845	14644328	-1	2991104	1634	0	0	1634
4204830	-1	-1	0	0	0	0	0
4213853	16821456	-1	4173824	1985	0	0	1985
4221853	-1	-1	0	0	0	0	0
4230845	-1	-1	0	0	0	0	0
4239836	-1	-1	0	0	0	0	28
4244828	17041040	-1	5391360	2531	0	0	2531
4253853	15828224	-1	2128896	1076	0	0	1076
4256829	-1	-1	0	0	0	0	0
4264830	-1	-1	0	0	0	0	0
4273852	15081680	-1	3308544	1755	0	0	1755
4278845	-1	-1	0	0	0	0	0
4287844	13863016	-1	2978816	1719	0	0	1719
4295837	-1	-1	0	0	0	0	0
4304829	16274408	-1	3041280	1495	0	0	1495
4313852	-1	-1	0	0	0	0	0
4321854	-1	-1	0	0	0	0	0
4324828	-1	-1	0	0	0	0	0
4331838	16303000	-1	3091456	1517	0	0	1517
4335837	-1	-1	0	0	0	0	0
4341853	16503520	-1	3393536	1645	0	0	1645
4351838	-1	-1	0	0	0	0	0
4359837	8229816	-1	3565568	3466	0	0	3466
4368828	-1	-1	0	0	0	0	0
4378845	16582792	-1	3673088	1772	0	0	1772
4385853	-1	-1	0	0	0	0	0
4394845	17213000	-1	7016448	3261	0	0	3261
4404831	-1	-1	0	0	0	0	0
4413853	17199952	-1	7598080	3534	0	0	3534
4423837	-1	-1	0	0	0	0	0
4432829	17158632	-1	7530496	3511	0	0	3511
4441856	-1	-1	0	0	0	0	0
4451838	-1	-1	0	0	0	0	0
4459838	2615856	-1	614400	1879	0	0	1882
4463838	17834712	-1	8912896	3998	0	0	4000
4471838	16236840	-1	7456768	3674	0	0	3674
4475837	15400712	-1	2970412	1543	0	0	1543
4483838	-1	-1	0	0	0	0	0
4489852	16682904	-1	5200896	2494	0	0	2494
4499838	-1	-1	0	0	0	0	0
4508831	-1	-1	0	0	0	0	0
4513853	-1	-1	0	0	0	0	0
4521852	17238176	-1	7873536	3654	0	0	3654
4529852	-1	-1	0	0	0	0	0
4539836	16260216	-1	3766272	1853	0	0	1853
4548831	-1	-1	0	0	0	0	0
4557853	16697872	-1	3813376	1827	0	0	1827
4566846	-1	-1	0	0	0	0	0
4575838	-1	-1	0	0	0	0	0
4585878	16460208	-1	442368	215	0	0	215
4590844	17912736	-1	6155264	2749	0	0	2749
4600829	-1	-1	0	0	0	0	0
4609853	16143464	-1	3573760	1771	0	0	1771
4617853	-1	-1	0	0	0	0	0
4625853	15310904	-1	2235392	1168	0	0	1168
4633853	-1	-1	0	0	0	0	0
4641854	15674816	-1	1765376	901	0	0	901
4646845	-1	-1	0	0	0	0	0
4655836	16226464	-1	3902464	1924	0	0	1924
4664829	-1	-1	0	0	0	0	0
4671838	16994336	-1	4390912	2067	0	0	2067
4680829	-1	-1	0	0	0	0	0
4689853	-1	-1	0	0	0	0	0
4696830	16032912	-1	2946048	1470	0	0	1494
4700831	17420632	-1	4766720	2189	0	0	2189
4706844	-1	-1	0	0	0	0	0
4715838	-1	-1	0	0	0	0	0
4720828	-1	-1	0	0	0	0	0
4727838	16787320	-1	4517888	2153	0	0	2153
4734844	-1	-1	0	0	0	0	0
4743837	13271984	-1	2886656	1740	0	0	1740
4753852	16115408	-1	1351680	671	0	0	671
4758844	17208048	-1	3271680	1521	0	0	1521
4763837	-1	-1	0	0	0	0	0
4772830	15448208	-1	2062336	1068	0	0	1068
4781853	-1	-1	0	0	0	0	0
4790845	16146552	-1	2646016	1311	0	0	1311
4799836	-1	-1	0	0	0	0	0
4805852	-1	-1	0	0	0	0	0
4810844	-1	-1	0	0	0	0	0
4820829	14980016	-1	3703808	1978	0	0	1978
4827837	-1	-1	0	0	0	0	0
4835837	16101288	-1	2507776	1246	0	0	1246
4842845	-1	-1	0	0	0	0	0
4851836	-1	-1	0	0	0	0	0
4853853	-1	-1	0	0	0	0	0
4862846	16239104	-1	2983936	1470	0	0	-1
4872830	-1	-1	0	0	0	0	-1
4881852	11136768	-1	2095104	1505	0	0	-1
4888829	-1	-1	0	0	0	0	-1
4896828	-1	-1	0	0	0	0	-1
4900828	-1	-1	0	0	0	0	-1
4909852	15052112	-1	1689600	898	0	0	-1
4917853	-1	-1	0	0	0	0	-1
4926845	-1	-1	0	0	0	0	-1
4930846	-1	-1	0	0	0	0	-1
4936735	16654520	-1	2458624	1181	0	0	23222
4958460	16126488	-1	4104192	2036	0	0	3254
4963454	-1	-1	28672	13	0	0	13
4971454	-1	-1	0	0	0	0	0
4979453	15152064	-1	2229248	1177	0	0	1177
4985469	-1	-1	0	0	0	0	0
4992445	-1	-1	0	0	0	0	0
4996444	-1	-1	0	0	0	0	0
5005469	15313056	-1	2254848	1178	0	0	1178
5013469	-1	-1	0	0	0	0	0
5020446	-1	-1	0	0	0	0	0
5029469	-1	-1	0	0	0	0	0
5035454	15512992	-1	2115584	1091	0	0	1091
5041493	-1	-1	0	0	0	0	0
5051454	15968632	-1	2125824	1065	0	0	1065
5059453	-1	-1	0	0	0	0	0
5068445	12284376	-1	1097916	715	0	0	715
5076446	-1	-1	0	0	0	0	0
5085469	16042400	-1	2548736	1271	0	0	1271
5095453	-1	-1	0	0	0	0	0
5103453	13332976	-1	894976	537	0	0	537
5112454	-1	-1	0	0	0	0	0
5122463	16445888	-1	5170176	2515	0	0	2515
5129469	-1	-1	0	0	0	0	0
5138461	16891904	-1	1055744	500	0	0	500
5145469	-1	-1	0	0	0	0	0
5154461	15684032	-1	2707456	1381	0	0	1381
5160445	-1	-1	0	0	0	0	0
5170462	-1	-1	0	0	0	0	0
5177468	16472200	-1	3251200	1579	0	0	1579
5180459	-1	-1	0	0	0	0	0
5188445	-1	-1	0	0	0	0	0
5194467	-1	-1	0	0	0	0	0
5199453	-1	-1	0	0	0	0	0
5205469	15912960	-1	2386944	1200	0	0	1200
5213468	-1	-1	0	0	0	0	0
5218461	14918928	-1	1480704	794	0	0	794
5226462	-1	-1	0	0	0	0	0
5235453	14845840	-1	1759232	948	0	0	948
5245502	-1	-1	0	0	0	0	1153
5249469	5069080	-1	1835008	2896	0	0	2896
5256445	-1	-1	0	0	0	0	0
5262462	15813864	-1	2158592	1092	0	0	1092
5271454	-1	-1	0	0	0	0	0
5279452	14503544	-1	1484800	819	0	0	819
5285468	-1	-1	0	0	0	0	0
5294462	15936248	-1	2587648	1299	0	0	1299
5301469	-1	-1	0	0	0	0	0
5310462	-1	-1	0	0	0	0	0
5318462	15353928	-1	1617920	843	0	0	863
5322461	17756712	-1	410624	185	0	0	185
5330460	-1	-1	0	0	0	0	0
5336445	-1	-1	0	0	0	0	0
5343454	-1	-1	0	0	0	0	0
5351455	15447560	-1	2145280	1111	0	0	1111
5358463	-1	-1	0	0	0	0	0
5367452	17165832	-1	6115328	2850	0	0	2850
5377469	-1	-1	0	0	0	0	0
5386463	15777928	-1	4025344	2041	0	0	2041
5392463	-1	-1	0	0	0	0	0
5401468	16303464	-1	2902016	1424	0	0	1424
5410462	-1	-1	0	0	0	0	0
5418463	-1	-1	0	0	0	0	0
5425468	12307232	-1	327680	213	0	0	219
5430460	17416888	-1	3065372	1408	0	0	1567
5439453	-1	-1	0	0	0	0	0
5448445	15037008	-1	3497984	1861	0	0	1861
5457468	-1	-1	0	0	0	0	0
5466461	13315984	-1	1711104	1028	0	0	1028
5474461	-1	-1	0	0	0	0	0
5483453	16787600	-1	4727808	2253	0	0	2253
5492444	-1	-1	0	0	0	0	0
5501468	-1	-1	0	0	0	0	0
5503453	-1	-1	0	0	0	0	0
5512444	17072848	-1	7537664	3532	0	0	3532
5521470	-1	-1	0	0	0	0	0
5529468	-1	-1	0	0	0	0	0
5534461	-1	-1	0	0	0	0	0
5542461	17434840	-1	10142720	4654	0	0	4654
5550461	-1	-1	0	0	0	0	0
5558462	8302312	-1	5009408	4827	0	0	4827
5567452	-1	-1	0	0	0	0	0
5576445	16856896	-1	4745216	2252	0	0	2252
5585468	-1	-1	0	0	0	0	0
5592445	16656944	-1	4624384	2221	0	0	2221
5601468	-1	-1	0	0	0	0	0
5611452	16179040	-1	2586624	1279	0	0	1279
5617455	-1	-1	0	0	0	0	0
5625446	16304464	-1	2728960	1339	0	0	1339
5633468	-1	-1	0	0	0	0	0
5641473	7170184	-1	4196352	4682	0	0	4682
5647452	-1	-1	0	0	0	0	0
5655454	17025600	-1	5624832	2643	0	0	2643
5664446	-1	-1	0	0	0	0	0
5672455	16189904	-1	2904064	1435	0	0	1435
5678463	-1	-1	0	0	0	0	0
5687455	15902520	-1	2367488	1191	0	0	1191
5694461	15265128	-1	1997824	1047	0	0	1047
5698462	17961720	-1	1212416	540	0	0	540
5707452	-1	-1	0	0	0	0	0
5715453	15764576	-1	2892800	1468	0	0	1468
5724447	-1	-1	0	0	0	0	0
5733478	-1	-1	0	0	0	0	0
5739453	-1	-1	0	0	0	0	0
5747453	16219360	-1	3329024	1642	0	0	1642
5754466	12711728	-1	368640	232	0	0	239
5759454	17265856	-1	3809280	1765	0	0	1765
5768445	-1	-1	0	0	0	0	0
5777470	15078680	-1	1715200	910	0	0	910
5781470	-1	-1	0	0	0	0	0
5791453	15530664	-1	2422784	1248	0	0	1248
5800446	13434040	-1	2010068	1197	0	0	1249
5804452	18135640	-1	1049600	463	0	0	463
5812445	-1	-1	0	0	0	0	0
5820444	14688704	-1	2590720	1411	0	0	1411
5829468	-1	-1	0	0	0	0	0
5836446	-1	-1	0	0	0	0	0
5841470	-1	-1	0	0	0	0	0
5848444	2088216	-1	1488896	5704	0	0	5726
5854461	17828016	-1	3287040	1475	0	0	1475
5863454	-1	-1	0	0	0	0	0
5868446	-1	-1	0	0	0	0	0
5874461	16949840	-1	6871040	3243	0	0	3243
5883454	-1	-1	0	0	0	0	0
5892445	-1	-1	0	0	0	0	0
5901470	16781160	-1	3591168	1712	0	0	1712
5905449	-1	-1	0	0	0	0	0
5911453	-1	-1	0	0	0	0	0
5918463	16275288	-1	2606080	1281	0	0	1281
5926461	-1	-1	0	0	0	0	0
5932446	8868304	-1	3330048	3004	0	0	3004
5941470	-1	-1	0	0	0	0	0
5950461	14818216	-1	2006016	1083	0	0	1083
5957479	-1	-1	0	0	0	0	0
5967455	15121736	-1	1827840	967	0	0	967
5974462	-1	-1	0	0	0	0	0
5981472	15943152	-1	2925568	1468	0	0	1468
5991454	17114416	-1	2783232	1301	0	0	1378
5995453	16722368	-1	1923072	920	0	0	920
6003454	-1	-1	0	0	0	0	0
6012445	16608784	-1	3404800	1640	0	0	1640
6019454	-1	-1	0	0	0	0	0
6027454	16780384	-1	7282688	3472	0	0	3472
6036446	-1	-1	0	0	0	0	0
6041468	-1	-1	0	0	0	0	0
6049469	-1	-1	0	0	0	0	0
6056445	16250480	-1	3863552	1902	0	0	1902
6060446	-1	-1	0	0	0	0	0
6067454	15862688	-1	3489792	1760	0	0	1760
6075459	-1	-1	0	0	0	0	0
6084446	16612248	-1	4099072	1974	0	0	1974
6089468	-1	-1	0	0	0	0	0
6098461	17188440	-1	5841920	2719	0	0	2719
6107453	-1	-1	0	0	0	0	0
6114461	-1	-1	0	0	0	0	0
6122460	-1	-1	0	0	0	0	0
6129470	16786752	-1	4268032	2034	0	0	2034
6136445	10416320	-1	196608	151	0	0	160
6141469	16906608	-1	2550784	1207	0	0	1207
6148445	4616696	-1	3091456	5357	0	0	5357
6153469	-1	-1	0	0	0	0	0
6158460	14312456	-1	622592	348	0	0	349
6163452	13768032	-1	3474708	2019	0	0	2019
6172445	-1	-1	0	0	0	0	0
6182461	-1	-1	0	0	0	0	0
6184444	-1	-1	0	0	0	0	0
6192446	16964232	-1	7574528	3572	0	0	3572
6201469	15463864	-1	3373056	1745	0	0	1745
6203459	-1	-1	0	0	0	0	0
6212449	-1	-1	0	0	0	0	0
6221469	16772944	-1	4989952	2380	0	0	2380
6228446	-1	-1	0	0	0	0	0
6234465	16687864	-1	4161536	1995	0	0	1995
6243454	-1	-1	0	0	0	0	0
6253469	17599192	-1	3841024	1746	0	0	1746
6262461	-1	-1	0	0	0	0	0
6271453	16893856	-1	4546560	2153	0	0	2153
6278463	-1	-1	0	0	0	0	2
6283453	15611608	-1	2732032	1400	0	0	1400
6292446	-1	-1	0	0	0	0	0
6300445	15984280	-1	3562496	1783	0	0	1783
6308445	-1	-1	0	0	0	0	0
6314461	17030272	-1	4911104	2307	0	0	2307
6321469	-1	-1	0	0	0	0	0
6329468	-1	-1	0	0	0	0	0
6332445	-1	-1	0	0	0	0	0
6340445	16405488	-1	4689920	2287	0	0	2287
6346462	-1	-1	0	0	0	0	0
6354460	15771048	-1	3899392	1978	0	0	1978
6359454	-1	-1	0	0	0	0	0
6367483	17811736	-1	5212160	2341	0	0	2341
6377468	-1	-1	0	0	0	0	0
6386460	16461192	-1	3493888	1698	0	0	1698
6395453	-1	-1	0	0	0	0	0
6404447	-1	-1	0	0	0	0	0
6409468	-1	-1	0	0	0	0	0
6416445	16598440	-1	7054336	3400	0	0	3400
6422464	-1	-1	0	0	0	0	0
6431453	16511072	-1	4257792	2063	0	0	2063
6441471	11264000	-1	270336	192	0	0	193
6446460	17554712	-1	6080512	2771	0	0	2771
6452445	-1	-1	0	0	0	0	0
6462460	16832784	-1	5146624	2446	0	0	2446
6467454	-1	-1	0	0	0	0	0
6476445	15287088	-1	4267008	2233	0	0	2233
6484444	-1	-1	0	0	0	0	0
6493468	16594304	-1	3474432	1675	0	0	1675
6499453	-1	-1	0	0	0	0	0
6508446	16772016	-1	3939328	1879	0	0	1879
6516447	-1	-1	0	0	0	0	0
6524445	16558952	-1	2808812	1357	0	0	1357
6532445	-1	-1	0	0	0	0	0
6536444	15136024	-1	5414912	2862	0	0	2869
6542463	16838024	-1	3531776	1678	0	0	1678
6551453	-1	-1	0	0	0	0	0
6574141	15882792	-1	2920448	1471	0	0	9569
6583133	-1	-1	0	0	0	0	0
6584156	-1	-1	0	0	0	0	0
6593149	-1	-1	0	0	0	0	0
6596156	-1	-1	0	0	0	0	0
6605134	15566576	-1	1794048	922	0	0	922
6611132	-1	-1	0	0	0	0	0
6620156	15255000	-1	1729536	907	0	0	907
6627133	-1	-1	0	0	0	0	0
6634153	-1	-1	0	0	0	0	0
6642140	-1	-1	0	0	0	0	0
6649150	16612776	-1	3866624	1862	0	0	1862
6658140	-1	-1	0	0	0	0	0
6666141	15930856	-1	2304000	1157	0	0	1157
6672156	-1	-1	0	0	0	0	0
6682141	14932568	-1	2486272	1332	0	0	1332
6691132	-1	-1	0	0	0	0	0
6701134	16084592	-1	3355648	1669	0	0	1669
6708156	-1	-1	0	0	0	0	0
6718153	16202336	-1	2922496	1443	0	0	1443
6723133	-1	-1	0	0	0	0	0
6732157	16103720	-1	3353600	1666	0	0	1666
6742140	-1	-1	0	0	0	0	0
6749170	10011728	-1	4760576	3804	0	0	3804
6758145	-1	-1	0	0	0	0	0
6763133	-1	-1	0	0	0	0	0
6770140	-1	-1	0	0	0	0	0
6779134	16554120	-1	5779456	2793	0	0	2793
6786140	-1	-1	0	0	0	0	0
6795134	16454488	-1	2953580	1436	0	0	1436
6804133	-1	-1	0	0	0	0	0
6810142	16109736	-1	3668992	1822	0	0	1822
6820156	-1	-1	0	0	0	0	0
6829149	-1	-1	0	0	0	0	0
6835133	-1	-1	0	0	0	0	0
6843133	17100480	-1	7552000	3533	0	0	3533
6851136	-1	-1	0	0	0	0	0
6859134	16723936	-1	3576832	1711	0	0	1711
6866142	-1	-1	0	0	0	0	0
6875147	10006936	-1	6199296	4956	0	0	4956
6883133	-1	-1	0	0	0	0	0
6893149	17149904	-1	6030336	2813	0	0	2813
6902141	-1	-1	0	0	0	0	0
6911133	17086168	-1	5157888	2415	0	0	2415
6919133	-1	-1	0	0	0	0	0
6929151	16929448	-1	5053440	2388	0	0	2388
6938141	-1	-1	0	0	0	0	0
6947133	14779576	-1	2405376	1302	0	0	1302
6957161	-1	-1	0	0	0	0	0
6966145	15280512	-1	1673216	876	0	0	876
6974142	-1	-1	0	0	0	0	0
6983133	15383272	-1	2030592	1056	0	0	1056
6990141	-1	-1	0	0	0	0	0
6997148	15732632	-1	2745344	1396	0	0	1396
7004158	-1	-1	0	0	0	0	0
7014142	17016576	-1	5536768	2603	0	0	2603
7022141	-1	-1	0	0	0	0	0
7032157	-1	-1	0	0	0	0	0
7038141	-1	-1	0	0	0	0	0
7045149	17468960	-1	6199296	2839	0	0	2839
7055133	-1	-1	0	0	0	0	0
7060157	-1	-1	0	0	0	0	0
7066142	-1	-1	0	0	0	0	0
7074141	16736824	-1	5343232	2554	0	0	2554
7081149	-1	-1	0	0	0	0	0
7091133	16988360	-1	4720640	2223	0	0	2223
7101136	-1	-1	0	0	0	0	0
7110141	16829304	-1	4489216	2134	0	0	2134
7119133	-1	-1	0	0	0	0	0
7128156	-1	-1	0	0	0	0	0
7135159	-1	-1	0	0	0	0	0
7141148	16757792	-1	4912128	2345	0	0	2345
7150141	-1	-1	0	0	0	0	0
7156157	-1	-1	0	0	0	0	0
7163133	-1	-1	0	0	0	0	0
7170141	17598272	-1	4155392	1889	0	0	1889
7179133	-1	-1	0	0	0	0	0
7186140	16455160	-1	3788800	1842	0	0	1842
7193148	-1	-1	0	0	0	0	0
7203173	12349592	-1	1231872	798	0	0	-1
7209150	-1	-1	0	0	0	0	-1
7215135	12278320	-1	3895296	2538	0	0	-1
7224157	-1	-1	0	0	0	0	-1
7231132	-1	-1	0	0	0	0	-1
7237149	-1	-1	0	0	0	0	-1
7242141	13306096	-1	4329472	2603	0	0	-1
7248156	-1	-1	0	0	0	0	-1
7257149	-1	-1	0	0	0	0	-1
7264156	-1	-1	0	0	0	0	-1
7278429	16399976	-1	6305792	3076	0	0	19749
7280413	-1	-1	0	0	0	0	0
7289455	-1	-1	0	0	0	0	0
7297427	15128184	-1	2121728	1122	0	0	1122
7306429	-1	-1	0	0	0	0	0
7313436	15106960	-1	1635328	866	0	0	866
7322432	-1	-1	0	0	0	0	0
7331432	-1	-1	0	0	0	0	0
7338430	-1	-1	0	0	0	0	0
7344414	15839280	-1	2292736	1158	0	0	1158
7353437	-1	-1	0	0	0	0	0
7361437	16924696	-1	1698816	803	0	0	803
7370431	-1	-1	0	0	0	0	0
7378429	15347040	-1	1818624	948	0	0	948
7387421	-1	-1	0	0	0	0	0
7396414	14649424	-1	1746944	954	0	0	954
7403421	-1	-1	0	0	0	0	0
7413458	15004968	-1	1682432	897	0	0	897
7422431	-1	-1	0	0	0	0	0
7429436	15419752	-1	2336092	1212	0	0	1298
7439420	-1	-1	0	0	0	0	0
7448419	15591480	-1	4069376	2088	0	0	2088
7456415	-1	-1	0	0	0	0	0
7464414	-1	-1	0	0	0	0	0
7473489	-1	-1	0	0	0	0	0
7479422	14635784	-1	2374656	1298	0	0	1298
7487421	-1	-1	0	0	0	0	0
7493437	15909888	-1	2714624	1365	0	0	1365
7503421	16452552	-1	2949120	1434	0	0	1434
7505437	-1	-1	0	0	0	0	0
7514429	-1	-1	0	0	0	0	0
7523421	-1	-1	0	0	0	0	0
7532413	16536496	-1	3553280	1719	0	0	1719
7535421	-1	-1	0	0	0	0	0
7544413	-1	-1	0	0	0	0	0
7552416	-1	-1	0	0	0	0	0
7561437	17003784	-1	6714368	3159	0	0	3159
7563421	15326424	-1	934912	488	0	0	488
7572414	-1	-1	0	0	0	0	0
7581437	16346376	-1	3559424	1742	0	0	1742
7590429	-1	-1	0	0	0	0	0
7600413	16266624	-1	3405824	1675	0	0	1675
7609437	-1	-1	0	0	0	0	0
7618431	-1	-1	0	0	0	0	0
7619634	-1	-1	0	0	0	0	0
7628416	3727552	-1	2305024	4947	0	0	4993
7637437	18030200	-1	2366464	1050	0	0	1050
7647422	16032480	-1	3222528	1608	0	0	1608
7653437	-1	-1	0	0	0	0	0
7662429	-1	-1	0	0	0	0	0
7667421	-1	-1	0	0	0	0	0
7674428	15683368	-1	2383872	1216	0	0	1216
7683421	-1	-1	0	0	0	0	0
7692413	-1	-1	0	0	0	0	0
7698415	15427704	-1	1866752	968	0	0	968
7702429	-1	-1	0	0	0	0	0
7712413	-1	-1	0	0	0	0	0
7720415	14502368	-1	1294336	714	0	0	714
7728413	14806160	-1	1902592	1028	0	0	1028
7731420	-1	-1	0	0	0	0	0
7740414	-1	-1	0	0	0	0	0
7749437	14008728	-1	1062912	607	0	0	607
7757409	-1	-1	0	0	0	0	0
7765442	6976368	-1	1980416	2271	0	0	2271
7773437	-1	-1	0	0	0	0	0
7779422	15171504	-1	1524736	804	0	0	804
7786429	-1	-1	0	0	0	0	0
7793437	15548272	-1	1836640	945	0	0	945
7803423	-1	-1	0	0	0	0	0
7811420	13630176	-1	2209792	1297	0	0	1297
7816414	-1	-1	0	0	0	0	0
7825436	14441568	-1	2101248	1164	0	0	1164
7832414	-1	-1	0	0	0	0	0
7840412	15205632	-1	1651712	869	0	0	869
7846429	-1	-1	0	0	0	0	0
7855421	15086064	-1	2368512	1256	0	0	1256
7864414	-1	-1	0	0	0	0	0
7870428	14482288	-1	1520640	840	0	0	840
7876414	-1	-1	0	0	0	0	0
7884422	14566248	-1	1230848	676	0	0	676
7893437	-1	-1	0	0	0	0	0
7900415	13580952	-1	1409024	830	0	0	830
7905437	-1	-1	0	0	0	0	0
7914429	14165592	-1	1170432	661	0	0	661
7923421	-1	-1	0	0	0	0	0
7930428	15995224	-1	2359296	1180	0	0	1180
7939421	10853096	-1	212992	157	0	0	159
7944414	16311320	-1	1608704	789	0	0	789
7953436	-1	-1	0	0	0	0	0
7961437	14840736	-1	1437696	775	0	0	775
7970429	-1	-1	0	0	0	0	0
7979422	-1	-1	0	0	0	0	0
7988413	15765432	-1	3001344	1523	0	0	1523
7991421	-1	-1	0	0	0	0	0
8000413	-1	-1	0	0	0	0	0
8009436	10181584	-1	1561600	1227	0	0	1227
8018428	-1	-1	0	0	0	0	0
8027421	13060296	-1	3307520	2026	0	0	2026
8035421	-1	-1	0	0	0	0	0
8042428	3434520	-1	2046976	4768	0	0	4768
8051422	-1	-1	0	0	0	0	0
8057437	14344736	-1	1260544	703	0	0	703
8064414	-1	-1	0	0	0	0	0
8073437	-1	-1	0	0	0	0	0
8080414	15892768	-1	2252800	1134	0	0	1134
8084413	-1	-1	48128	19	0	0	19
8093438	-1	-1	0	0	0	0	0
8103421	14635016	-1	1328128	726	0	0	726
8109437	-1	-1	0	0	0	0	0
8118429	-1	-1	0	0	0	0	0
8126429	-1	-1	0	0	0	0	0
8135421	15927624	-1	3573760	1795	0	0	1795
8144414	-1	-1	0	0	0	0	0
8151482	15713696	-1	3144704	1601	0	0	1601
8160414	-1	-1	0	0	0	0	0
8167421	6572792	-1	2203528	2682	0	0	2682
8176413	-1	-1	0	0	0	0	0
8186428	-1	-1	0	0	0	0	0
8193457	-1	-1	0	0	0	0	1234
8197437	2505600	-1	1630208	5205	0	0	5205
8206429	15727256	-1	1863680	948	0	0	948
8216414	14865416	-1	2185216	1176	0	0	1176
8225437	-1	-1	0	0	0	0	0
8234428	-1	-1	0	0	0	0	0
8236412	-1	-1	0	0	0	0	0
8247613	16601280	-1	8684544	4185	0	0	4185
8256605	-1	-1	0	0	0	0	0
8263613	14690064	-1	1083392	590	0	0	590
8267613	-1	-1	0	0	0	0	0
8276606	15212408	-1	1701888	895	0	0	895
8285598	-1	-1	0	0	0	0	0
8294592	15066408	-1	1615872	858	0	0	858
8303612	-1	-1	0	0	0	0	0
8309598	-1	-1	0	0	0	0	0
8316604	14748408	-1	2151424	1167	0	0	1167
8320606	-1	-1	0	0	0	0	0
8326588	-1	-1	0	0	0	0	0
8335612	15736608	-1	1941504	987	0	0	987
8344635	-1	-1	0	0	0	0	0
8350588	15850368	-1	2250752	1136	0	0	1136
8357597	-1	-1	0	0	0	0	0
8366589	15233888	-1	1546240	812	0	0	812
8376623	15607824	-1	1894400	971	0	0	971
8380604	17917960	-1	562176	251	0	0	251
8388605	-1	-1	0	0	0	0	55
8393601	15258248	-1	1804288	946	0	0	946
8402589	-1	-1	0	0	0	0	0
8410590	14646304	-1	3322880	1815	0	0	1815
8419612	-1	-1	0	0	0	0	0
8437973	11636296	-1	5805056	3991	0	0	3991
8445972	-1	-1	0	0	0	0	0
8451972	16172832	-1	2666496	1319	0	0	1319
8460973	-1	-1	0	0	0	0	0
8470021	-1	-1	0	0	0	0	0
8472972	-1	-1	0	0	0	0	0
8481972	16137160	-1	3503780	1737	0	0	1737
8490972	-1	-1	0	0	0	0	0
8499972	6058576	-1	2087936	2757	0	0	2757
8505972	-1	-1	0	0	0	0	0
8514974	16784288	-1	4336640	2067	0	0	2067
8523992	-1	-1	0	0	0	0	0
8533973	-1	-1	0	0	0	0	0
8538974	-1	-1	0	0	0	0	0
8547972	16470144	-1	3915776	1902	0	0	1902
8557972	-1	-1	0	0	0	0	0
8564973	-1	-1	0	0	0	0	0
8573972	15388712	-1	2469888	1284	0	0	1284
8577972	-1	-1	101376	51	0	0	51
8586972	13428752	-1	898048	535	0	0	535
8591972	17832744	-1	693248	311	0	0	311
8600972	-1	-1	0	0	0	0	0
8610973	11253488	-1	2055168	1461	0	0	1461
8614051	-1	-1	0	0	0	0	0
8622973	12091992	-1	2463744	1630	0	0	1630
8631972	-1	-1	0	0	0	0	0
8639972	-1	-1	0	0	0	0	0
8647972	-1	-1	0	0	0	0	0
8656974	16494136	-1	3220480	1562	0	0	1562
8662973	-1	-1	0	0	0	0	0
8671973	16433920	-1	3034112	1477	0	0	1477
8679979	-1	-1	0	0	0	0	0
8687972	16407040	-1	6562816	3200	0	0	3200
8698008	-1	-1	0	0	0	0	0
8706989	16628160	-1	4044800	1946	0	0	1946
8714977	-1	-1	0	0	0	0	0
8724063	17124840	-1	5325824	2488	0	0	2488
8732974	-1	-1	0	0	0	0	0
8741059	16830256	-1	6488064	3084	0	0	3084
8747973	-1	-1	0	0	0	0	0
8753972	-1	-1	0	0	0	0	0
8758000	-1	-1	0	0	0	0	0
8766973	17167872	-1	8410112	3919	0	0	3919
8775973	-1	-1	0	0	0	0	0
8784973	17016152	-1	4024320	1892	0	0	1892
8793972	-1	-1	0	0	0	0	0
8802972	16974864	-1	5207040	2454	0	0	2454
8811973	-1	-1	0	0	0	0	0
8821972	16842832	-1	5149696	2446	0	0	2446
8829972	-1	-1	0	0	0	0	0
8835972	16231352	-1	2939904	1449	0	0	1449
8844972	-1	-1	0	0	0	0	0
8853973	15661688	-1	2233748	1141	0	0	1141
8863973	-1	-1	0	0	0	0	0
8872973	11454792	-1	4856832	3392	0	0	3392
8882973	-1	-1	0	0	0	0	0
8891988	16802680	-1	4643840	2211	0	0	2211
8900018	-1	-1	0	0	0	0	0
8909973	16531464	-1	3329024	1611	0	0	1611
8917973	-1	-1	0	0	0	0	0
8926972	-1	-1	0	0	0	0	0
8930973	-1	-1	0	0	0	0	0
8939973	17277928	-1	8807424	4078	0	0	4078
8948973	-1	-1	0	0	0	0	0
8958997	17746184	-1	6736896	3037	0	0	3037
8968087	-1	-1	0	0	0	0	0
8976045	16292472	-1	2916352	1432	0	0	1432
8985035	-1	-1	0	0	0	0	0
8991973	-1	-1	0	0	0	0	0
9000972	-1	-1	0	0	0	0	0
9005973	16851680	-1	4501504	2137	0	0	2137
9013972	-1	-1	0	0	0	0	0
9022973	17033224	-1	5346304	2511	0	0	2511
9031972	-1	-1	0	0	0	0	0
9040973	17171896	-1	9775104	4554	0	0	4554
9047994	-1	-1	0	0	0	0	0
9057973	-1	-1	0	0	0	0	0
9061973	-1	-1	0	0	0	0	0
9068987	15593584	-1	10706944	5493	0	0	5493
9072973	-1	-1	0	0	0	0	0
9081972	-1	-1	0	0	0	0	0
9084973	-1	-1	0	0	0	0	0
9092972	16243656	-1	3200000	1576	0	0	1576
9101972	15824376	-1	2721792	1376	0	0	1376
9104974	-1	-1	0	0	0	0	0
9113972	-1	-1	0	0	0	0	0
9120973	14936168	-1	4943872	2648	0	0	2648
9129973	-1	-1	0	0	0	0	0
9138972	-1	-1	0	0	0	0	0
9148973	17092216	-1	5708800	2672	0	0	2672
9149972	-1	-1	0	0	0	0	0
9158972	-1	-1	0	0	0	0	0
9168972	-1	-1	0	0	0	0	0
9176972	16647768	-1	3360768	1615	0	0	1615
9180972	17800904	-1	1119232	503	0	0	503
9188972	-1	-1	0	0	0	0	0
9196020	16090696	-1	2415616	1201	0	0	1201
9203986	-1	-1	0	0	0	0	0
9212972	16935648	-1	5029888	2376	0	0	2376
9222972	-1	-1	0	0	0	0	0
9231972	-1	-1	0	0	0	0	0
9234972	-1	-1	0	0	0	0	0
9242973	14347896	-1	2575448	1436	0	0	1436
9250973	-1	-1	0	0	0	0	0
9256972	15822392	-1	3490816	1765	0	0	1765
9265972	-1	-1	0	0	0	0	0
9272973	16389296	-1	3169280	1547	0	0	1547
9282083	-1	-1	0	0	0	0	0
9290043	-1	-1	0	0	0	0	0
9299007	16445200	-1	3852288	1874	0	0	1874
9299972	-1	-1	0	0	0	0	0
9307973	-1	-1	0	0	0	0	0
9314974	16451920	-1	3224576	1568	0	0	1568
9324045	-1	-1	0	0	0	0	0
9332993	14499504	-1	3064832	1691	0	0	1691
9339992	-1	-1	0	0	0	0	0
9347973	-1	-1	0	0	0	0	0
9352973	-1	-1	0	0	0	0	0
9360973	16942984	-1	5400576	2550	0	0	2550
9368973	-1	-1	0	0	0	0	0
9378973	16564280	-1	3198976	1545	0	0	1545
9386972	-1	-1	0	0	0	0	0
9394972	-1	-1	0	0	0	0	0
9396972	-1	-1	0	0	0	0	0
9404974	16977968	-1	5063680	2386	0	0	2386
9412972	-1	-1	0	0	0	0	0
9419972	-1	-1	0	0	0	0	0
9425973	-1	-1	0	0	0	0	0
9434972	17377832	-1	8111104	3734	0	0	3734
9443972	-1	-1	0	0	0	0	0
9448972	16938128	-1	5352448	2528	0	0	2528
9457974	-1	-1	0	0	0	0	0
9466972	16140784	-1	2990080	1482	0	0	1482
9476972	-1	-1	0	0	0	0	0
9484973	-1	-1	0	0	0	0	0
9486972	-1	-1	0	0	0	0	0
9495972	16807456	-1	4470784	2128	0	0	2128
9505984	15412864	-1	1007616	523	0	0	523
9510972	15415776	-1	1874944	973	0	0	973
9519972	-1	-1	0	0	0	0	0
9525972	17353040	-1	8325120	3838	0	0	3838
9533006	-1	-1	0	0	0	0	0
9540071	-1	-1	0	0	0	0	0
9547983	15603808	-1	4956160	2541	0	0	2541
9549973	-1	-1	0	0	0	0	0
9558973	16661696	-1	1720320	826	0	0	829
9562972	15256968	-1	928768	487	0	0	487
9570973	-1	-1	0	0	0	0	0
9579985	15189528	-1	1653760	871	0	0	871
9585973	-1	-1	0	0	0	0	0
9594973	15191160	-1	2660352	1401	0	0	1401
9603973	-1	-1	0	0	0	0	0
9612973	-1	-1	0	0	0	0	0
9616973	-1	-1	0	0	0	0	0
9624080	14845288	-1	1402880	756	0	0	-1
9628973	-1	-1	0	0	0	0	-1
9637972	13338112	-1	2484224	1490	0	0	-1
9641973	-1	-1	0	0	0	0	-1
9650974	13447560	-1	825344	491	0	0	-1
9654973	-1	-1	0	0	0	0	-1
9663972	15153736	-1	1589248	839	0	0	-1
9669972	-1	-1	0	0	0	0	-1
9674065	-1	-1	0	0	0	0	-1
9687740	11599808	-1	1432576	988	0	0	18493
9695712	16601360	-1	3519488	1696	0	0	1696
