137506	14084568	-1	3255296	1849	0	0	-1
264124	15900768	1351136	3537920	1780	4952064	29320	94186
270125	-1	-1	0	0	0	0	0
279126	-1	-1	0	0	0	0	0
287118	-1	-1	0	0	0	0	0
294112	-1	-1	0	0	0	0	0
302116	-1	-1	0	0	0	0	0
306115	-1	-1	0	0	0	0	0
312118	-1	-1	0	0	0	0	0
322122	-1	-1	0	0	0	0	0
323115	-1	-1	0	0	0	0	0
332122	-1	-1	0	0	0	0	0
340113	14476976	-1	2891776	1598	0	0	1598
349110	17538816	-1	995328	454	0	0	454
354111	22303768	-1	381952	137	0	0	137
362110	-1	-1	0	0	0	0	0
372126	18994640	-1	2376704	1001	0	0	1001
377119	-1	-1	0	0	0	0	0
385116	-1	-1	0	0	0	0	0
391118	18584088	-1	2283520	983	0	0	1023
395128	-1	-1	0	0	0	0	0
404124	-1	-1	0	0	0	0	0
413121	-1	-1	0	0	0	0	0
419126	-1	-1	0	0	0	0	0
425115	20253128	-1	3382272	1336	0	0	1336
433125	-1	-1	0	0	0	0	0
443114	17943568	-1	1072128	478	0	0	478
452115	-1	-1	0	0	0	0	0
461113	19861368	-1	2922104	1177	0	0	1177
471114	-1	-1	0	0	0	0	0
476127	17775800	-1	1948672	877	0	0	877
485117	-1	-1	0	0	0	0	0
494115	-1	-1	0	0	0	0	0
501114	-1	-1	0	0	0	0	0
508115	21533616	-1	5305344	1971	0	0	1971
513113	-1	-1	0	0	0	0	0
520117	20915936	-1	2358272	902	0	0	902
530114	-1	-1	0	0	0	0	0
538115	-1	-1	0	0	0	0	0
548129	20748208	-1	3208192	1237	0	0	1237
552113	-1	-1	0	0	0	0	0
560117	-1	-1	0	0	0	0	0
569120	20800848	-1	2555904	983	0	0	983
577114	-1	-1	0	0	0	0	0
585113	20744456	-1	3453952	1332	0	0	1332
595118	-1	-1	0	0	0	0	0
603113	18258568	-1	1266688	555	0	0	555
608111	-1	-1	0	0	0	0	0
618129	19828040	-1	1432576	578	0	0	578
626115	-1	-1	0	0	0	0	0
635119	20426944	-1	1971200	772	0	0	772
645110	19292624	-1	1073152	445	0	0	507
650114	21991144	-1	566272	206	0	0	206
659114	-1	-1	0	0	0	0	0
667112	-1	-1	0	0	0	0	0
676114	-1	-1	90112	66	0	0	68
681114	19524528	-1	2552832	1046	0	0	1046
690117	-1	-1	0	0	0	0	0
695119	-1	-1	0	0	0	0	0
704114	20691928	-1	2749440	1063	0	0	1063
707113	-1	-1	0	0	0	0	0
716124	-1	-1	0	0	0	0	0
724114	19816976	-1	1377280	556	0	0	556
733121	-1	-1	0	0	0	0	0
738114	19646616	-1	1134592	462	0	0	462
747114	-1	-1	0	0	0	0	0
753113	-1	-1	0	0	0	0	0
761115	-1	-1	0	0	0	0	0
767121	21082216	-1	4516864	1714	0	0	1714
776120	-1	-1	0	0	0	0	0
785109	-1	-1	0	0	0	0	0
794114	-1	-1	0	0	0	0	0
802116	21271512	-1	3618816	1361	0	0	1361
811114	-1	-1	0	0	0	0	0
819109	14269936	-1	1492992	837	0	0	837
825114	-1	-1	0	0	0	0	0
898959	19031312	-1	4467600	1878	0	0	1936
907954	14583784	-1	1476608	810	0	0	810
916963	-1	-1	0	0	0	0	0
926956	17770560	-1	1286144	579	0	0	579
934952	-1	-1	0	0	0	0	0
944959	18858008	-1	1529856	649	0	0	649
953954	-1	-1	0	0	0	0	0
963956	19005440	-1	1247232	525	0	0	525
970956	-1	-1	0	0	0	0	0
979954	20720944	-1	1805312	697	0	0	697
988961	-1	-1	0	0	0	0	0
997964	20493608	-1	1542144	602	0	0	602
1006970	-1	-1	0	0	0	0	0
1015965	21231288	-1	2561024	965	0	0	965
1024965	-1	-1	0	0	0	0	0
1032953	-1	-1	0	0	0	0	0
1041962	20557800	-1	2299904	895	0	0	895
1046964	-1	-1	0	0	0	0	0
1055954	-1	-1	0	0	0	0	0
1064953	20188336	-1	1630208	646	0	0	646
1073953	-1	-1	0	0	0	0	0
1081957	20580208	-1	1682432	654	0	0	654
1090954	-1	-1	0	0	0	0	0
1099951	19780264	-1	1186816	480	0	0	480
1108963	-1	-1	0	0	0	0	0
1114959	19760976	-1	1252352	507	0	0	507
1123954	-1	-1	0	0	0	0	0
1131954	20580416	-1	1993728	775	0	0	817
1141953	-1	-1	0	0	0	0	0
1151956	20704784	-1	1697792	656	0	0	656
1161962	-1	-1	0	0	0	0	0
1169962	18558952	-1	1983488	855	0	0	855
1178962	-1	-1	0	0	0	0	0
1184962	-1	-1	0	0	0	0	0
1193968	-1	-1	0	0	0	0	0
1199954	18048736	-1	1965056	871	0	0	871
1206967	-1	-1	0	0	0	0	0
1209955	-1	-1	0	0	0	0	0
1216973	-1	-1	0	0	0	0	0
1223972	19082336	-1	3425280	1436	0	0	1436
1232959	-1	-1	0	0	0	0	0
1241962	20319536	-1	2463744	970	0	0	970
1250951	13276688	-1	385024	232	0	0	234
1255954	21052496	-1	2044724	777	0	0	777
1264955	-1	-1	0	0	0	0	0
1273953	15068632	-1	2522112	1339	0	0	1339
1283955	-1	-1	0	0	0	0	0
1291962	18208416	-1	1563648	687	0	0	687
1297962	-1	-1	0	0	0	0	0
1304953	17646288	-1	1402880	636	0	0	636
1313953	19009744	-1	2350080	989	0	0	989
1317962	22048072	-1	1187840	431	0	0	431
1326954	-1	-1	0	0	0	0	0
1335956	12985248	-1	2660352	1639	0	0	1639
1345964	-1	-1	0	0	0	0	0
1354960	17393400	-1	3811328	1753	0	0	1753
1358962	-1	-1	0	0	0	0	0
1367962	-1	-1	0	0	0	0	0
1370964	-1	-1	0	0	0	0	0
1380954	19092288	-1	2620416	1098	0	0	1098
1389967	-1	-1	0	0	0	0	0
1391954	-1	-1	0	0	0	0	0
1400962	-1	-1	0	0	0	0	0
1408956	17862560	-1	2288640	1025	0	0	1025
1415953	-1	-1	0	0	0	0	0
1424955	18210448	-1	1725440	758	0	0	758
1433953	-1	-1	0	0	0	0	0
1441954	17635712	-1	1615872	733	0	0	733
1449959	-1	-1	0	0	0	0	0
1459956	18062880	-1	1553408	688	0	0	688
1466953	-1	-1	0	0	0	0	0
1476959	18277472	-1	2392064	1047	0	0	1047
1485962	-1	-1	0	0	0	0	0
1493965	19576528	-1	2473984	1011	0	0	1016
1502962	-1	-1	0	0	0	0	0
1511970	-1	-1	0	0	0	0	0
1519954	-1	-1	0	0	0	0	0
1528955	19020608	-1	2208768	929	0	0	1024
1536963	-1	-1	0	0	0	0	0
1545962	17087920	-1	1715200	803	0	0	803
1552963	-1	-1	0	0	0	0	0
1561961	18286984	-1	1840128	805	0	0	805
1570954	-1	-1	0	0	0	0	0
1578954	17372920	-1	1331200	613	0	0	613
1588957	-1	-1	0	0	0	0	0
1597953	-1	-1	0	0	0	0	0
1602950	-1	-1	0	0	0	0	107
1607953	17808304	-1	2010112	903	0	0	922
1616964	-1	-1	0	0	0	0	0
1625965	17328472	-1	1459924	674	0	0	674
1634965	-1	-1	0	0	0	0	0
1644968	16438576	-1	2776064	1351	0	0	1351
1652954	-1	-1	0	0	0	0	0
1660960	-1	-1	0	0	0	0	0
1668951	-1	-1	16384	36	0	0	38
1673959	21370952	-1	1829888	685	0	0	685
1682959	-1	-1	16384	43	0	0	55
1687954	5797312	-1	877568	1211	0	0	1211
1697964	-1	-1	0	0	0	0	0
1703963	18059256	-1	1103872	489	0	0	512
1708954	-1	-1	0	0	0	0	0
1717964	21607656	-1	4189184	1551	0	0	1551
1726960	-1	-1	0	0	0	0	0
1735957	-1	-1	0	0	0	0	0
1742964	-1	-1	0	0	0	0	0
1749966	18092240	-1	1963008	868	0	0	868
1753954	-1	-1	0	0	0	0	0
1761959	-1	-1	0	0	0	0	0
1770960	-1	-1	0	0	0	0	0
1776957	21020504	-1	2548736	970	0	0	970
1785955	-1	-1	0	0	0	0	0
1793956	18681528	-1	1015808	435	0	0	435
1802954	-1	-1	0	0	0	0	0
1893224	15467184	-1	2936832	1519	0	0	2099
1901228	16715720	-1	1186816	568	0	0	568
1911223	-1	-1	0	0	0	0	2
1921223	19302608	-1	1191936	494	0	0	494
1929227	-1	-1	0	0	0	0	0
1935225	20547304	-1	2188288	852	0	0	852
1944226	-1	-1	0	0	0	0	0
1949228	-1	-1	0	0	0	0	0
1957224	-1	-1	0	0	0	0	0
1964227	21159456	-1	3938304	1489	0	0	1489
1973236	-1	-1	0	0	0	0	0
1983240	-1	-1	0	0	0	0	0
1986229	-1	-1	0	0	0	0	0
1994228	20125160	-1	2352128	935	0	0	935
2003226	-1	-1	0	0	0	0	0
2006226	-1	-1	0	0	0	0	0
2015224	18504280	-1	393216	170	0	0	172
2020229	21181568	-1	2581504	975	0	0	975
2029226	-1	-1	0	0	0	0	0
2037241	18975928	-1	1027072	433	0	0	433
2041240	-1	-1	0	0	0	0	0
2050229	18898136	-1	1608704	681	0	0	681
2056225	-1	-1	0	0	0	0	0
2065226	20524768	-1	1878016	732	0	0	732
2071226	-1	-1	0	0	0	0	0
2080235	-1	-1	0	0	0	0	0
2085226	-1	-1	0	0	0	0	0
2091232	11285920	-1	1151164	816	0	0	929
2100236	14291848	-1	2154496	1206	0	0	1206
2102226	-1	-1	0	0	0	0	0
2111228	-1	-1	0	0	0	0	0
2121228	19761056	101568	1533952	621	440320	34682	621
2126226	-1	876240	0	0	546816	4992	0
2136231	-1	1457344	0	0	1821696	10000	0
2146226	-1	1671584	0	0	2087936	9992	0
2150230	-1	1739696	0	0	866304	3983	0
2160227	-1	1598168	0	0	1999872	10010	0
2161238	-1	1599624	0	0	202752	1014	0
2169226	-1	1768192	0	0	1751040	7922	0
2177230	-1	1787448	0	0	1802240	8066	0
2186226	-1	1933360	0	0	2150400	8898	0
2194225	-1	1904976	0	0	1927168	8093	0
2203227	-1	2005136	0	0	2262016	9024	0
2211226	-1	2076336	0	0	2061312	7942	0
2216240	-1	2139024	0	0	1347584	5039	0
2225227	-1	2146568	0	0	2415616	9002	0
2234226	-1	2309608	0	0	2590720	8973	0
2239240	-1	2355608	0	0	1453056	4934	0
2248225	-1	2195344	0	0	2464768	8981	0
2256226	-1	2312792	0	0	952320	3294	0
2263224	-1	1276304	0	0	1860608	11662	0
2272227	-1	2637608	0	0	2944000	8929	0
2281223	-1	2537000	0	0	2855936	9005	0
2290234	-1	2756320	0	0	3121152	9058	0
2298227	-1	2888544	0	0	2859008	7918	0
2304226	-1	2773816	0	0	2106368	6074	0
2311226	-1	2898704	0	0	2511872	6932	0
2320224	-1	2942048	0	0	3326976	9046	0
2327225	-1	3372048	0	0	2955264	7011	0
2335226	-1	3117720	0	0	3117056	7998	0
2343236	-1	3342608	0	0	915456	2191	0
2352226	-1	1204760	0	0	2097152	13925	0
2357238	-1	-1	0	0	0	0	0
2362228	-1	469896	0	0	634880	10808	0
2370226	-1	2872128	0	0	2510848	6993	0
2379229	-1	864632	0	0	1048576	9701	0
2388226	-1	-1	0	0	0	0	0
2397225	-1	486864	0	0	1117184	18357	0
2401227	-1	2655728	0	0	193536	583	0
2410231	-1	1024712	0	0	1048576	8186	0
2416237	-1	-1	0	0	0	0	0
2424227	-1	457864	0	0	1040384	18178	0
2431226	-1	2997544	0	0	1581056	4219	0
2440226	-1	-1	0	0	0	0	0
2449231	-1	-1	0	0	0	0	0
2456226	-1	488528	0	0	1701888	27869	0
2465226	-1	3820840	0	0	4272128	8944	0
2473224	-1	-1	0	0	55296	184	0
2481230	-1	463608	0	0	919552	15867	0
2490231	-1	3653728	0	0	4111360	9001	0
2498226	-1	3227528	0	0	211968	525	0
2507235	-1	251944	0	0	516096	16387	0
2517224	-1	3207896	0	0	3153920	7865	0
2525240	-1	-1	0	0	0	0	0
2530225	-1	-1	0	0	0	0	0
2533225	-1	-1	0	0	0	0	0
2542227	-1	-1	0	0	0	0	0
2550240	-1	-1	0	0	0	0	0
2556238	-1	-1	0	0	0	0	0
2566224	-1	-1	0	0	0	0	0
2576236	-1	-1	0	0	0	0	0
2578225	-1	-1	0	0	0	0	0
2587224	-1	-1	0	0	0	0	0
2596227	-1	-1	0	0	0	0	0
2605239	-1	-1	0	0	0	0	0
2614236	-1	-1	0	0	0	0	0
2621226	-1	-1	0	0	0	0	0
2630227	-1	-1	0	0	0	0	0
2638226	-1	-1	0	0	0	0	0
2644226	-1	-1	0	0	0	0	0
2653226	-1	-1	0	0	0	0	0
2663239	-1	-1	0	0	0	0	0
2669229	-1	-1	0	0	0	0	0
2675239	-1	-1	0	0	0	0	0
2682226	-1	-1	0	0	0	0	0
2690234	-1	-1	0	0	0	0	0
2695240	-1	-1	0	0	0	0	0
2705226	-1	-1	0	0	0	0	0
2715234	-1	-1	0	0	0	0	0
2724234	-1	-1	0	0	0	0	0
2725233	-1	-1	0	0	0	0	0
2734226	-1	-1	0	0	0	0	0
2743237	-1	-1	0	0	0	0	0
2752238	-1	-1	0	0	0	0	0
2761226	-1	-1	0	0	0	0	0
2770226	-1	-1	0	0	0	0	0
2774235	-1	-1	0	0	0	0	0
2782234	-1	-1	0	0	0	0	0
2791238	-1	-1	0	0	0	0	0
2797226	-1	-1	0	0	0	0	0
2803226	-1	-1	0	0	0	0	0
2810226	-1	-1	0	0	0	0	0
2818236	-1	-1	0	0	0	0	0
2826226	-1	-1	0	0	0	0	0
2835228	-1	-1	0	0	0	0	0
2836237	-1	-1	0	0	0	0	0
2845228	-1	-1	0	0	0	0	0
2852240	-1	-1	61440	301	0	0	-1
2861240	-1	-1	0	0	0	0	-1
2870226	12582208	-1	4226048	2687	0	0	-1
2879241	-1	335920	0	0	530432	12632	-1
2888229	-1	1127520	0	0	1264640	8972	-1
2896225	-1	1548272	0	0	1547264	7994	-1
2902225	-1	1634960	0	0	1226752	6002	-1
3094610	3444776	-1	1738752	4038	0	0	22051
3099604	-1	-1	0	0	0	0	0
3106607	-1	-1	0	0	0	0	0
3114609	-1	-1	0	0	0	0	0
3120610	-1	-1	0	0	0	0	0
3129609	-1	-1	0	0	0	0	0
3139610	-1	-1	0	0	0	0	0
3150609	-1	-1	0	0	0	0	0
3158610	-1	-1	0	0	0	0	0
3165623	-1	-1	0	0	0	0	0
3171602	-1	-1	0	0	0	0	0
3179607	-1	-1	0	0	0	0	0
3185626	-1	-1	0	0	0	0	0
3194610	-1	-1	0	0	0	0	0
3201609	-1	-1	0	0	0	0	0
3210611	-1	-1	0	0	0	0	0
3218617	-1	-1	0	0	0	0	0
3225619	-1	-1	0	0	0	0	0
3230610	-1	-1	0	0	0	0	0
3237624	-1	-1	0	0	0	0	0
3246610	-1	-1	0	0	0	0	0
3249618	-1	-1	0	0	0	0	0
3258609	-1	-1	0	0	0	0	0
3267635	-1	-1	0	0	0	0	0
3277619	-1	-1	0	0	0	0	0
3286610	-1	-1	0	0	0	0	0
3288641	-1	-1	0	0	0	0	0
3297617	-1	-1	0	0	0	0	0
3304609	-1	-1	0	0	0	0	0
3308625	-1	-1	0	0	0	0	0
3317627	-1	-1	0	0	0	0	0
3327609	-1	-1	0	0	0	0	0
3336633	-1	-1	0	0	0	0	0
3342609	15122152	-1	2319360	1227	0	0	1299
3347634	-1	-1	0	0	0	0	0
3356625	-1	-1	0	0	0	0	0
3363641	-1	-1	0	0	0	0	0
3368603	12784608	-1	3295232	2062	0	0	2062
3378609	-1	-1	0	0	0	0	0
3387609	-1	-1	0	0	0	0	0
3395633	-1	-1	0	0	0	0	0
3404625	16657240	-1	3246080	1559	0	0	1559
3413620	-1	-1	0	0	0	0	0
3419639	16232624	-1	1866752	920	0	0	920
3428635	-1	-1	0	0	0	0	0
3436610	15193216	-1	1084416	571	0	0	571
3445618	-1	-1	0	0	0	0	0
3454610	14867872	-1	1245184	670	0	0	670
3463615	-1	-1	0	0	0	0	0
3472626	13371864	-1	1086464	650	0	0	650
3481618	-1	-1	0	0	0	0	0
3490623	13043368	-1	627712	385	0	0	385
3499633	-1	-1	0	0	0	0	0
3507634	14198576	-1	1084416	611	0	0	611
3515635	-1	-1	0	0	0	0	0
3525617	17420104	-1	1842176	846	0	0	846
3533619	-1	-1	0	0	0	0	0
3543606	12789736	-1	717824	449	0	0	476
3550609	-1	-1	0	0	0	0	0
3558610	13096240	-1	978944	598	0	0	598
3566609	-1	-1	0	0	0	0	0
3575647	9973400	-1	842752	676	0	0	676
3583611	15252296	-1	1214464	637	0	0	637
3587635	-1	-1	0	0	0	0	0
3596637	-1	-1	0	0	0	0	0
3605618	-1	-1	0	0	0	0	0
3609619	-1	-1	0	0	0	0	0
3617617	17027176	-1	2060288	968	0	0	1080
3626609	-1	-1	0	0	0	0	0
3635613	13364592	-1	552960	331	0	0	378
3644627	-1	-1	0	0	0	0	0
3718113	13021696	-1	2308096	1418	0	0	1418
3726113	-1	-1	0	0	0	0	0
3734116	-1	-1	0	0	0	0	0
3740122	-1	-1	0	0	0	0	0
3750126	-1	-1	0	0	0	0	0
3755127	-1	-1	0	0	0	0	0
3765127	-1	-1	0	0	0	0	0
3772127	15261016	-1	1085440	569	0	0	569
3778115	-1	-1	0	0	0	0	0
3786119	-1	-1	0	0	0	0	0
3793121	4778664	-1	594944	996	0	0	1152
3797121	19014064	-1	451584	190	0	0	190
3804119	-1	-1	0	0	0	0	0
3811114	-1	-1	0	0	0	0	0
3821115	-1	-1	24576	45	0	0	47
3826114	19771776	-1	1386496	561	0	0	561
3835112	-1	-1	0	0	0	0	0
3844118	16813272	-1	1443840	687	0	0	709
3854114	-1	-1	0	0	0	0	0
3860115	-1	-1	0	0	0	0	0
3869123	-1	-1	0	0	0	0	0
3878114	16431488	-1	1417216	690	0	0	716
3886114	-1	-1	0	0	0	0	0
3894129	17099360	-1	1517568	710	0	0	710
3902113	-1	-1	0	0	0	0	0
3909118	19197416	-1	950272	396	0	0	533
3919122	-1	-1	0	0	0	0	0
3928114	19461744	-1	1301504	535	0	0	535
3938126	-1	-1	0	0	0	0	0
3947120	16728648	-1	646144	309	0	0	309
3956115	-1	-1	0	0	0	0	0
3963116	15096688	-1	396288	210	0	0	210
3967114	-1	-1	0	0	0	0	0
3975112	15213712	-1	425984	224	0	0	224
3977116	-1	-1	0	0	0	0	0
3986122	17595496	-1	624640	284	0	0	305
3988114	-1	-1	0	0	0	0	0
3997124	16905120	-1	1660928	786	0	0	786
4006111	-1	-1	0	0	0	0	0
4014111	-1	-1	0	0	0	0	0
4022120	15002792	-1	967680	516	0	0	516
4025114	-1	-1	0	0	0	0	0
4033114	18160080	-1	1350656	595	0	0	595
4037117	-1	-1	0	0	0	0	0
4044121	-1	-1	0	0	0	0	0
4051122	-1	-1	0	0	0	0	0
4056122	-1	-1	0	0	0	0	0
4062126	18143760	-1	1224704	540	0	0	633
4070120	-1	-1	0	0	0	0	0
4079125	17354104	-1	824320	380	0	0	380
4089114	-1	-1	0	0	0	0	0
4098114	9522664	306216	579692	487	198656	5189	487
4107114	-1	2751864	0	0	3119104	9067	0
4113114	-1	3964576	0	0	2965504	5984	0
4121115	-1	4221328	0	0	4225024	8006	0
4126122	-1	4432080	0	0	2777088	5012	0
4132116	-1	4485080	0	0	3346432	5968	0
4142113	-1	4346816	0	0	5425152	9984	0
4151114	-1	3661864	0	0	2069504	4521	0
4159118	-1	-1	0	0	0	0	0
4164117	-1	-1	0	0	0	0	0
4174114	-1	-1	0	0	0	0	0
4180121	-1	-1	0	0	0	0	0
4187127	-1	-1	0	0	0	0	0
4196113	-1	-1	0	0	0	0	0
4201126	-1	-1	0	0	0	0	0
4211123	-1	-1	0	0	0	0	0
4219115	-1	-1	0	0	0	0	0
4228114	-1	-1	0	0	0	0	0
4237117	-1	-1	0	0	0	0	0
4245118	-1	-1	0	0	0	0	0
4254113	-1	-1	0	0	0	0	0
4263112	-1	-1	0	0	0	0	0
4266127	-1	-1	0	0	0	0	0
4275113	-1	-1	0	0	0	0	0
4284117	-1	-1	0	0	0	0	0
4292116	-1	-1	0	0	0	0	0
4301120	-1	-1	0	0	0	0	0
4305115	-1	-1	0	0	0	0	0
4314114	-1	-1	0	0	0	0	0
4320121	-1	-1	0	0	0	0	0
4326119	-1	-1	0	0	0	0	0
4335122	-1	-1	0	0	0	0	0
4344115	-1	-1	0	0	0	0	0
4353115	-1	-1	0	0	0	0	0
4358115	-1	-1	0	0	0	0	0
4368122	-1	-1	0	0	0	0	0
4376125	-1	-1	0	0	0	0	0
4385125	-1	-1	0	0	0	0	0
4392111	-1	-1	0	0	0	0	0
4398112	-1	-1	0	0	0	0	0
4406112	-1	-1	0	0	0	0	0
4413114	-1	-1	0	0	0	0	0
4421114	-1	-1	0	0	0	0	0
4428116	-1	-1	0	0	0	0	0
4433126	-1	-1	0	0	0	0	0
4442122	-1	-1	0	0	0	0	0
4450117	-1	-1	0	0	0	0	0
4459125	-1	-1	0	0	0	0	0
4462114	-1	-1	0	0	0	0	0
4471116	-1	-1	0	0	0	0	0
4480114	13263576	-1	1928192	1163	0	0	1163
4489116	-1	-1	0	0	0	0	0
4495126	17176264	-1	1110016	517	0	0	531
4501122	-1	-1	0	0	0	0	0
4509114	17396096	-1	1496064	688	0	0	688
4516111	-1	-1	0	0	0	0	0
4526122	-1	-1	0	0	0	0	0
4534118	14685488	-1	2151424	1172	0	0	1172
4537114	-1	-1	0	0	0	0	0
4546116	-1	-1	0	0	0	0	0
4555114	16064256	-1	1491968	743	0	0	743
4564124	-1	-1	0	0	0	0	0
4571114	17538328	-1	1929216	880	0	0	880
4580114	-1	-1	0	0	0	0	0
4590130	15963896	-1	2256896	1131	0	0	1131
4600114	-1	-1	0	0	0	0	0
4610113	17315640	-1	1103872	510	0	0	510
4617114	-1	-1	0	0	0	0	0
4671585	18771840	-1	2149376	916	0	0	916
4680571	-1	-1	0	0	0	0	0
4689573	-1	-1	0	0	0	0	0
4699562	-1	-1	0	0	0	0	0
4708578	-1	-1	0	0	0	0	0
4718570	-1	-1	0	0	0	0	0
4722584	-1	-1	0	0	0	0	0
4732565	-1	-1	0	0	0	0	0
4740570	16030392	-1	835584	417	0	0	417
4749571	-1	-1	0	0	0	0	0
4756572	14432600	-1	764928	424	0	0	424
4766576	13541880	-1	663552	392	0	0	392
4771577	-1	-1	0	0	0	0	0
4780564	-1	-1	0	0	0	0	0
4789564	-1	-1	0	0	0	0	0
4799564	15606552	-1	1110016	569	0	0	628
4801572	-1	-1	0	0	0	0	0
4810570	-1	-1	0	0	0	0	0
4819572	11520816	-1	453632	315	0	0	325
4829576	-1	-1	0	0	0	0	0
4838578	14783264	-1	643072	348	0	0	348
4847581	-1	-1	0	0	0	0	0
4855570	17838080	-1	891904	400	0	0	400
4864571	-1	-1	0	0	0	0	0
4873570	16902096	-1	798624	378	60416	4889	420
4878565	-1	2408640	0	0	1507328	5006	0
4886573	-1	3817200	0	0	3833856	8034	0
4893566	-1	3686736	0	0	3213312	6972	0
4899583	-1	3855328	0	0	2905088	6028	0
4908569	-1	3750104	0	0	4213760	8989	0
4917568	-1	3489216	0	0	3868672	8869	0
4923567	-1	3612312	0	0	2137088	4732	0
4932565	-1	2405064	0	0	3082240	10252	0
4940570	-1	3812400	0	0	3806208	7987	0
4948563	-1	3482888	0	0	3486720	8008	0
4956568	-1	3663000	0	0	3652608	7977	0
4965578	-1	4060728	0	0	2487296	4900	0
4970577	-1	-1	0	0	0	0	0
4979564	-1	-1	0	0	0	0	0
4987580	-1	-1	0	0	0	0	0
4997577	-1	-1	0	0	0	0	0
5006570	-1	-1	0	0	0	0	0
5016570	-1	-1	0	0	0	0	0
5025574	-1	-1	0	0	0	0	0
5031564	-1	-1	0	0	0	0	0
5037570	-1	-1	0	0	0	0	0
5043584	-1	-1	0	0	0	0	0
5051565	-1	-1	0	0	0	0	0
5059573	-1	-1	0	0	0	0	0
5066564	-1	-1	0	0	0	0	0
5074570	-1	-1	0	0	0	0	0
5082562	-1	-1	0	0	0	0	0
5085578	-1	-1	0	0	0	0	0
5093574	-1	-1	0	0	0	0	0
5102583	-1	-1	0	0	0	0	0
5110573	-1	-1	0	0	0	0	0
5120584	-1	-1	0	0	0	0	0
5130574	-1	-1	0	0	0	0	0
5139575	-1	-1	0	0	0	0	0
5148563	-1	-1	0	0	0	0	0
5157574	-1	-1	0	0	0	0	0
5161575	-1	-1	0	0	0	0	0
5168584	-1	-1	0	0	0	0	0
5178573	-1	-1	0	0	0	0	0
5187581	-1	-1	0	0	0	0	0
5196566	-1	-1	0	0	0	0	0
5203576	-1	-1	0	0	0	0	0
5212575	-1	-1	0	0	0	0	0
5217570	-1	-1	0	0	0	0	0
5226583	-1	-1	0	0	0	0	0
5232562	-1	-1	0	0	0	0	0
5240571	-1	-1	0	0	0	0	0
5247576	-1	-1	0	0	0	0	0
5257563	-1	-1	0	0	0	0	0
5266576	-1	-1	0	0	0	0	0
5272579	-1	-1	0	0	0	0	0
5280563	-1	-1	0	0	0	0	0
5286573	-1	-1	0	0	0	0	0
5295565	-1	-1	0	0	0	0	0
5304570	-1	-1	0	0	0	0	0
5313570	-1	-1	0	0	0	0	0
5315569	-1	-1	0	0	0	0	0
5323575	-1	-1	0	0	0	0	0
5329570	-1	-1	0	0	0	0	0
5336579	-1	-1	0	0	0	0	0
5346581	-1	-1	0	0	0	0	0
5354570	-1	-1	0	0	0	0	0
5362566	-1	-1	0	0	0	0	0
5371563	-1	-1	0	0	0	0	0
5378565	-1	-1	0	0	0	0	0
5386570	-1	-1	0	0	0	0	0
5395574	-1	-1	0	0	0	0	0
5400574	-1	-1	0	0	0	0	0
5409573	-1	-1	0	0	0	0	0
5414573	-1	-1	0	0	0	0	0
5423570	-1	-1	0	0	0	0	0
5430570	-1	-1	0	0	0	0	0
5438572	-1	-1	0	0	0	0	0
5446573	-1	-1	0	0	0	0	0
5455576	-1	-1	0	0	0	0	0
5463576	-1	-1	0	0	0	0	0
5469564	-1	-1	0	0	0	0	0
5476582	-1	-1	0	0	0	0	0
5482565	-1	-1	0	0	0	0	0
5491586	-1	-1	0	0	0	0	0
5499572	-1	-1	0	0	0	0	0
5509572	-1	-1	0	0	0	0	0
5516574	-1	-1	0	0	0	0	0
5524575	-1	-1	0	0	0	0	0
5530564	-1	-1	0	0	0	0	0
5539567	-1	-1	0	0	0	0	0
5549566	-1	-1	0	0	0	0	0
5556567	-1	-1	0	0	0	0	0
5566564	-1	-1	0	0	0	0	0
5574574	-1	-1	0	0	0	0	0
5581579	-1	-1	0	0	0	0	0
5591569	-1	-1	0	0	0	0	0
5599582	-1	-1	0	0	0	0	0
5608562	-1	-1	0	0	0	0	0
5612572	-1	-1	0	0	0	0	0
5621562	-1	-1	89088	658	0	0	-1
5630570	-1	-1	0	0	0	0	-1
5639562	11067712	-1	1797120	1299	0	0	-1
5646572	-1	-1	0	0	0	0	-1
5651572	-1	-1	0	0	0	0	-1
5658570	-1	-1	0	0	0	0	-1
5664573	15601080	-1	836608	429	0	0	-1
5672583	-1	-1	0	0	0	0	-1
5681575	-1	-1	0	0	0	0	-1
5844861	5136680	-1	1852416	2885	0	0	22070
5854859	-1	-1	0	0	0	0	0
5860862	-1	-1	0	0	0	0	0
5864870	-1	-1	0	0	0	0	0
5873865	14122032	-1	709632	402	0	0	402
5877865	-1	-1	0	0	0	0	0
5886868	-1	-1	0	0	0	0	0
5895858	16044368	-1	1209344	603	0	0	603
5904862	-1	-1	0	0	0	0	0
5913864	-1	-1	0	0	0	0	0
5919856	16962256	-1	1261568	595	0	0	727
5923866	-1	-1	0	0	0	0	0
5930858	-1	-1	0	0	0	0	0
5939866	14626800	-1	605184	331	0	0	331
5945858	-1	-1	0	0	0	0	0
5952868	8253320	-1	1378304	1336	0	0	1336
5960857	-1	-1	0	0	0	0	0
5968858	-1	-1	0	0	0	0	0
5970862	-1	-1	0	0	0	0	0
5979859	15215752	-1	1093632	575	0	0	575
5985866	-1	-1	0	0	0	0	0
5994863	-1	-1	0	0	0	0	0
6000858	16699944	-1	1515520	726	0	0	726
6004858	-1	-1	0	0	0	0	0
6011863	-1	-1	0	0	0	0	0
6020859	-1	-1	0	0	0	0	0
6026858	-1	-1	0	0	0	0	0
6035862	7047360	-1	1133744	1287	16384	4225	1287
6043865	-1	2902584	0	0	2882560	7944	0
6049858	-1	4111168	0	0	3136512	6103	0
6057866	-1	4246696	0	0	4243456	7993	0
6066863	-1	4171152	0	0	4691968	8998	0
6074858	-1	4206448	0	0	4213760	8013	0
6078871	-1	4073600	0	0	2038784	4003	0
6086858	-1	4139920	0	0	4116480	7954	0
6089861	-1	4226224	0	0	1585152	3000	0
6097861	-1	2470584	0	0	2415616	7822	0
6104865	-1	2673200	0	0	2338816	6999	0
6110858	-1	4089336	0	0	3048448	5963	0
6116861	-1	4171752	0	0	3146752	6034	0
6125858	-1	4246856	0	0	4788224	9019	0
6135859	-1	4066672	0	0	5075968	9985	0
6145867	-1	4034408	0	0	5050368	10014	0
6150865	-1	3825240	0	0	2392064	5002	0
6159861	-1	4197208	0	0	2624512	5002	0
6168864	-1	1891120	0	0	3031040	12822	0
6176858	-1	3977632	0	0	3938304	7920	0
6184867	-1	4196248	0	0	4245504	8093	0
6192860	-1	4166240	0	0	4157440	7983	0
6197861	-1	4213664	0	0	2634752	5002	0
6207858	-1	2312160	0	0	2864128	9909	0
6215857	-1	3771432	0	0	3768320	7993	0
6223862	-1	4421640	0	0	4390912	7944	0
6232856	-1	4504968	0	0	5104640	9064	0
6241858	-1	4437464	0	0	4924416	8877	0
6251858	-1	1299808	0	0	1618944	9964	0
6257864	-1	3340760	0	0	2513920	6020	0
6264860	-1	3919480	0	0	3415040	6970	0
6274868	-1	4097920	0	0	5127168	10009	0
6284870	-1	4083064	0	0	5106688	10005	0
6292860	-1	3860960	0	0	3860480	7999	0
6301858	-1	3972016	0	0	4041728	8140	0
6310860	-1	2213896	0	0	2697216	9746	0
6320858	-1	4033472	0	0	5046272	10008	0
6329872	-1	4145736	0	0	4660224	8992	0
6337865	-1	4234856	0	0	4236288	8002	0
6347863	-1	4219256	0	0	4593664	8709	0
6354862	-1	-1	0	0	0	0	0
6361858	-1	-1	0	0	0	0	0
6370867	-1	-1	0	0	0	0	0
6379867	-1	-1	0	0	0	0	0
6385871	-1	-1	0	0	0	0	0
6394858	-1	-1	0	0	0	0	0
6396857	-1	-1	0	0	0	0	0
6465134	-1	-1	0	0	0	0	430
6469127	-1	-1	0	0	0	0	0
6479129	-1	-1	0	0	0	0	0
6489129	-1	-1	0	0	0	0	0
6493121	-1	-1	0	0	0	0	0
6502124	-1	-1	0	0	0	0	0
6503132	-1	-1	0	0	0	0	0
6512137	-1	-1	0	0	0	0	0
6519123	-1	-1	0	0	0	0	0
6523121	-1	-1	0	0	0	0	0
6531125	-1	-1	0	0	0	0	0
6540121	-1	-1	0	0	0	0	0
6548128	-1	-1	0	0	0	0	0
6554122	-1	-1	0	0	0	0	0
6562129	-1	-1	0	0	0	0	0
6571119	-1	-1	0	0	0	0	0
6579129	-1	-1	0	0	0	0	0
6587122	-1	-1	0	0	0	0	0
6596123	-1	-1	0	0	0	0	0
6604125	-1	-1	0	0	0	0	0
6611128	-1	-1	0	0	0	0	0
6620131	-1	-1	0	0	0	0	0
6629122	-1	-1	0	0	0	0	0
6636134	-1	-1	0	0	0	0	0
6645120	-1	-1	0	0	0	0	0
6654122	-1	-1	0	0	0	0	0
6663128	-1	-1	0	0	0	0	0
6672130	-1	-1	0	0	0	0	0
6681122	-1	-1	0	0	0	0	0
6686131	-1	-1	0	0	0	0	0
6693129	-1	-1	0	0	0	0	0
6702129	-1	-1	0	0	0	0	0
6711122	-1	-1	0	0	0	0	0
6720127	-1	-1	0	0	0	0	0
6729124	-1	-1	0	0	0	0	0
6737128	-1	-1	0	0	0	0	0
6744123	-1	-1	0	0	0	0	0
6754123	-1	-1	0	0	0	0	0
6759133	-1	-1	0	0	0	0	0
6769122	-1	-1	0	0	0	0	0
6779122	-1	-1	0	0	0	0	0
6787133	-1	-1	0	0	0	0	0
6796120	-1	-1	0	0	0	0	0
6806122	-1	-1	0	0	0	0	0
6816121	-1	-1	0	0	0	0	0
6821135	-1	-1	0	0	0	0	0
6830129	-1	-1	0	0	0	0	0
6840132	-1	-1	0	0	0	0	0
6847125	-1	-1	0	0	0	0	0
6856122	-1	-1	0	0	0	0	0
6863127	-1	-1	0	0	0	0	0
6872130	-1	-1	0	0	0	0	0
6878121	-1	-1	0	0	0	0	0
6885123	-1	-1	0	0	0	0	0
6892122	-1	-1	0	0	0	0	0
6900120	-1	-1	0	0	0	0	0
6908123	-1	-1	0	0	0	0	0
6918122	-1	-1	0	0	0	0	0
6927127	-1	-1	0	0	0	0	0
6933126	-1	-1	0	0	0	0	0
6937133	-1	-1	0	0	0	0	0
6947131	-1	-1	0	0	0	0	0
6955129	-1	-1	0	0	0	0	0
6965120	-1	-1	0	0	0	0	0
6974123	-1	-1	0	0	0	0	0
6982121	-1	-1	0	0	0	0	0
6992120	-1	-1	0	0	0	0	0
6999121	-1	-1	0	0	0	0	0
7008121	-1	-1	0	0	0	0	0
7014132	-1	-1	0	0	0	0	0
7021119	-1	-1	0	0	0	0	0
7031124	-1	-1	0	0	0	0	0
7039119	-1	-1	0	0	0	0	0
7048122	-1	-1	0	0	0	0	0
7056123	-1	-1	0	0	0	0	0
7058119	-1	-1	0	0	0	0	0
7067130	-1	-1	0	0	0	0	0
7072132	-1	-1	0	0	0	0	0
7081122	-1	-1	0	0	0	0	0
7085122	-1	-1	0	0	0	0	0
7092134	-1	-1	0	0	0	0	0
7100124	-1	-1	0	0	0	0	0
7108121	-1	-1	0	0	0	0	0
7118127	-1	-1	0	0	0	0	0
7127121	-1	-1	0	0	0	0	0
7133130	-1	-1	0	0	0	0	0
7142136	-1	-1	0	0	0	0	0
7148138	-1	-1	0	0	0	0	0
7153126	-1	-1	0	0	0	0	0
7162121	-1	-1	0	0	0	0	0
7168123	-1	-1	0	0	0	0	0
7177122	-1	-1	0	0	0	0	0
7179124	-1	-1	0	0	0	0	0
7188128	-1	-1	0	0	0	0	0
7195129	-1	-1	0	0	0	0	0
7203133	-1	-1	0	0	0	0	0
7205121	-1	-1	0	0	0	0	0
7214120	-1	-1	0	0	0	0	0
7224122	-1	-1	0	0	0	0	0
7230128	-1	-1	0	0	0	0	0
7236121	-1	-1	0	0	0	0	0
7245129	-1	-1	0	0	0	0	0
7254122	-1	-1	0	0	0	0	0
7263121	-1	-1	0	0	0	0	0
7271133	-1	-1	0	0	0	0	0
7281121	-1	-1	0	0	0	0	0
7290127	-1	-1	0	0	0	0	0
7299122	-1	-1	0	0	0	0	0
7309124	-1	-1	0	0	0	0	0
7313127	-1	-1	0	0	0	0	0
7322122	-1	-1	0	0	0	0	0
7332122	-1	-1	0	0	0	0	0
7341122	-1	-1	0	0	0	0	0
7350120	-1	-1	0	0	0	0	0
7358121	-1	-1	0	0	0	0	0
7401054	-1	-1	0	0	0	0	223
7408050	-1	-1	0	0	0	0	0
7417050	-1	-1	0	0	0	0	0
7425058	-1	-1	0	0	0	0	0
7430064	-1	-1	0	0	0	0	0
7439062	-1	-1	0	0	0	0	0
7448050	-1	-1	0	0	0	0	0
7456068	-1	-1	0	0	0	0	0
7461051	-1	-1	0	0	0	0	0
7470052	-1	-1	0	0	0	0	0
7477058	-1	-1	0	0	0	0	0
7480050	-1	-1	0	0	0	0	0
7489051	-1	-1	0	0	0	0	0
7498064	-1	-1	0	0	0	0	0
7503048	-1	-1	0	0	0	0	0
7512052	-1	-1	0	0	0	0	0
7520054	-1	-1	0	0	0	0	0
7526059	-1	-1	0	0	0	0	0
7535053	-1	-1	0	0	0	0	0
7545050	-1	-1	0	0	0	0	0
7551059	-1	-1	0	0	0	0	0
7561057	-1	-1	0	0	0	0	0
7565050	-1	-1	0	0	0	0	0
7574050	-1	-1	0	0	0	0	0
7583048	-1	-1	0	0	0	0	0
7592055	-1	-1	0	0	0	0	0
7600055	-1	-1	0	0	0	0	0
7605060	-1	-1	0	0	0	0	0
7614050	-1	-1	0	0	0	0	0
7623062	-1	-1	0	0	0	0	0
7630050	-1	-1	0	0	0	0	0
7639048	-1	-1	0	0	0	0	0
7645064	-1	-1	0	0	0	0	0
7655052	-1	-1	0	0	0	0	0
7661052	-1	-1	0	0	0	0	0
7666051	-1	-1	0	0	0	0	0
7670058	-1	-1	0	0	0	0	0
7678058	-1	-1	0	0	0	0	0
7683061	-1	-1	0	0	0	0	0
7690065	-1	-1	0	0	0	0	0
7700050	-1	-1	0	0	0	0	0
7708054	-1	-1	0	0	0	0	0
7714053	-1	-1	0	0	0	0	0
7724050	-1	-1	0	0	0	0	0
7732049	-1	-1	0	0	0	0	0
7736061	-1	-1	0	0	0	0	0
7745064	-1	-1	0	0	0	0	0
7754058	-1	-1	0	0	0	0	0
7759055	-1	-1	0	0	0	0	0
7764050	-1	-1	0	0	0	0	0
7773049	-1	-1	0	0	0	0	0
7783050	-1	-1	0	0	0	0	0
7791057	-1	-1	0	0	0	0	0
7800057	-1	-1	0	0	0	0	0
7808050	-1	-1	0	0	0	0	0
7817057	-1	-1	0	0	0	0	0
7825048	-1	-1	0	0	0	0	0
7831052	-1	-1	0	0	0	0	0
7840051	-1	-1	0	0	0	0	0
7847050	-1	-1	0	0	0	0	0
7855049	-1	-1	0	0	0	0	0
7864048	-1	-1	0	0	0	0	0
7873061	-1	-1	0	0	0	0	0
7877065	-1	-1	0	0	0	0	0
7886050	-1	-1	0	0	0	0	0
7894053	-1	-1	0	0	0	0	0
7903050	-1	-1	0	0	0	0	0
7907057	-1	-1	0	0	0	0	0
7916059	-1	-1	0	0	0	0	0
7925056	-1	-1	0	0	0	0	0
7934059	-1	-1	0	0	0	0	0
7939055	-1	-1	0	0	0	0	0
7948059	-1	-1	0	0	0	0	0
7956050	-1	-1	0	0	0	0	0
7960054	-1	-1	0	0	0	0	0
7967051	-1	-1	0	0	0	0	0
7973051	-1	-1	0	0	0	0	0
7982062	-1	-1	0	0	0	0	0
7988052	-1	-1	0	0	0	0	0
7997050	-1	-1	0	0	0	0	0
8005049	-1	-1	0	0	0	0	0
8010052	-1	-1	0	0	0	0	0
8019063	-1	-1	0	0	0	0	0
8029060	-1	-1	0	0	0	0	0
8035052	-1	-1	0	0	0	0	0
8037060	-1	-1	0	0	0	0	0
8046055	-1	-1	0	0	0	0	0
8050051	-1	-1	0	0	0	0	0
8057059	-1	-1	0	0	0	0	0
8064062	-1	-1	0	0	0	0	0
8071050	-1	-1	0	0	0	0	0
8080055	-1	-1	0	0	0	0	0
8085056	-1	-1	0	0	0	0	0
8095050	-1	-1	0	0	0	0	0
8103063	-1	-1	0	0	0	0	0
8109061	-1	-1	0	0	0	0	0
8118057	-1	-1	0	0	0	0	0
8128064	-1	-1	0	0	0	0	0
8137050	-1	-1	0	0	0	0	0
8144060	-1	-1	0	0	0	0	0
8152064	-1	-1	0	0	0	0	0
8158053	-1	-1	0	0	0	0	0
8166056	-1	-1	0	0	0	0	0
8173057	-1	-1	0	0	0	0	0
8183057	-1	-1	0	0	0	0	0
8192050	-1	-1	0	0	0	0	0
8198066	-1	-1	0	0	0	0	0
8204051	-1	-1	0	0	0	0	0
8212053	-1	-1	0	0	0	0	0
8221049	-1	-1	0	0	0	0	0
8228057	-1	-1	0	0	0	0	0
8237050	-1	-1	0	0	0	0	0
8244050	-1	-1	0	0	0	0	0
8254065	-1	-1	0	0	0	0	0
8258059	-1	-1	0	0	0	0	0
8267051	-1	-1	0	0	0	0	0
8276067	-1	-1	0	0	0	0	0
8281059	-1	-1	0	0	0	0	0
8289050	-1	-1	0	0	0	0	0
8298058	-1	-1	0	0	0	0	0
8307058	-1	-1	0	0	0	0	0
8312059	-1	-1	0	0	0	0	0
8319053	-1	-1	0	0	0	0	0
8328050	-1	-1	0	0	0	0	0
8334052	-1	-1	0	0	0	0	0
8343052	-1	-1	0	0	0	0	322
8348050	-1	-1	39936	772	0	0	-1
8357053	-1	-1	0	0	0	0	-1
8366062	7222120	-1	2135040	2365	0	0	-1
8374056	-1	-1	0	0	0	0	-1
8383065	-1	-1	0	0	0	0	-1
8389056	-1	-1	0	0	0	0	-1
8397066	10639296	-1	1691648	1272	0	0	-1
8405050	-1	-1	0	0	0	0	-1
8411050	-1	-1	0	0	0	0	-1
8587291	2315432	-1	1212416	4189	0	0	22857
8595293	-1	-1	0	0	0	0	0
8603300	-1	-1	0	0	0	0	0
8606290	-1	-1	0	0	0	0	0
8614290	-1	-1	0	0	0	0	0
8623293	-1	-1	0	0	0	0	0
8633296	14553552	-1	993280	546	0	0	618
8641290	12574344	-1	517120	329	0	0	329
8645290	-1	-1	0	0	0	0	0
8654295	-1	-1	0	0	0	0	0
8663295	8720520	-1	405504	372	0	0	372
8671298	-1	-1	0	0	0	0	0
8679300	15021912	-1	790528	421	0	0	424
8686296	-1	-1	0	0	0	0	0
8695290	10929232	-1	568320	416	0	0	416
8703283	-1	-1	0	0	0	0	0
8712299	14241480	-1	1041408	585	0	0	640
8720301	-1	-1	0	0	0	0	0
8728300	-1	-1	0	0	0	0	0
8734291	-1	-1	0	0	0	0	0
8740292	16373920	-1	1643532	803	0	0	803
8749295	-1	-1	0	0	0	0	0
8757306	-1	-1	0	0	0	0	0
8763285	-1	-1	0	0	0	0	0
8770282	10264784	-1	1166336	909	0	0	944
8776291	-1	-1	0	0	0	0	0
8785286	8423720	-1	632832	601	0	0	617
8793287	-1	-1	0	0	0	0	0
8802291	12900784	-1	1024000	635	0	0	635
8807294	-1	-1	0	0	0	0	0
8815291	14922808	-1	983040	527	0	0	527
8824298	-1	-1	0	0	0	0	0
8832289	-1	-1	0	0	0	0	0
8842284	-1	-1	0	0	0	0	0
8849289	13616184	-1	1501184	882	0	0	882
8856289	-1	-1	0	0	0	0	0
8863283	10507880	-1	622592	474	0	0	474
8873292	-1	-1	0	0	0	0	0
8882282	13199936	-1	874496	530	0	0	530
8891282	-1	-1	0	0	0	0	0
8900292	10794384	-1	603136	447	0	0	447
8909297	-1	-1	0	0	0	0	0
8918303	13459768	-1	664576	395	0	0	395
8921292	-1	-1	0	0	0	0	0
8930287	-1	-1	0	0	0	0	0
8938292	-1	-1	0	0	0	0	0
8944299	13691792	-1	1093632	639	0	0	639
8950297	10195480	-1	937984	736	0	0	736
8954296	-1	-1	0	0	0	0	0
8963290	-1	-1	0	0	0	0	0
8969290	-1	-1	0	0	0	0	0
8978289	-1	-1	0	0	0	0	0
8986283	17356760	-1	2905088	1339	0	0	1339
8994299	-1	-1	0	0	0	0	0
9002292	12076264	-1	846848	561	0	0	561
9010291	-1	-1	0	0	0	0	0
9018295	13069520	-1	1917952	1174	0	0	1174
9026292	-1	-1	0	0	0	0	0
9036291	-1	-1	0	0	0	0	0
9042290	-1	-1	0	0	0	0	0
9051290	8525800	-1	1255424	1178	0	0	1178
9060292	-1	-1	0	0	0	0	0
9067289	16242760	-1	1177600	580	0	0	580
9071294	-1	-1	0	0	0	0	0
9081282	-1	-1	0	0	0	0	0
9085289	-1	-1	0	0	0	0	0
9095291	17286096	-1	1452032	672	0	0	720
9104289	-1	-1	0	0	0	0	0
9110293	9205656	-1	455680	396	0	0	396
9158065	12444960	-1	1704960	1096	0	0	1096
9165057	-1	-1	0	0	0	0	0
9170072	-1	-1	0	0	0	0	0
9178057	-1	-1	0	0	0	0	0
9188060	-1	-1	0	0	0	0	0
9196060	-1	-1	0	0	0	0	0
9204058	-1	-1	0	0	0	0	0
9213061	6925600	-1	537600	621	0	0	621
9217055	-1	-1	0	0	0	0	0
9225058	10621832	-1	626688	472	0	0	623
9234055	-1	-1	0	0	0	0	0
9242054	8508904	-1	549888	517	0	0	517
9248060	-1	-1	0	0	0	0	0
9252061	-1	-1	0	0	0	0	0
9261063	7626496	-1	1505280	1579	0	0	1579
9263064	-1	-1	0	0	0	0	0
9272058	-1	-1	0	0	0	0	0
9279061	10910336	-1	1812480	1329	0	0	1329
9283063	-1	-1	0	0	0	0	0
9289058	-1	-1	0	0	0	0	0
9296058	-1	-1	0	0	0	0	128
9301058	8851224	-1	1031168	932	0	0	932
9306063	-1	-1	0	0	0	0	0
9315058	8747560	-1	886784	811	0	0	811
9324058	-1	-1	0	0	0	0	0
9330056	6447256	-1	794624	986	0	0	986
9339064	-1	-1	0	0	0	0	0
9348065	6287760	-1	1366016	1738	0	0	1738
9357055	-1	-1	0	0	0	0	0
9362056	-1	-1	0	0	0	0	0
9370058	-1	-1	0	0	0	0	0
9376067	11330584	-1	1611776	1138	0	0	1147
9383060	-1	-1	0	0	0	0	0
9391062	-1	-1	0	0	0	0	0
9396064	-1	-1	0	0	0	0	0
9403070	13186680	-1	1495040	907	0	0	907
9409068	-1	-1	0	0	0	0	0
9419065	-1	-1	0	0	0	0	0
9427055	13432632	-1	1225728	730	0	0	834
9429058	-1	-1	0	0	0	0	0
9438059	-1	-1	0	0	0	0	0
9445061	11559920	-1	1325056	917	0	0	917
9454060	-1	-1	0	0	0	0	0
9464067	-1	-1	0	0	0	0	0
9469067	-1	-1	0	0	0	0	0
9478065	8308648	-1	1604608	1545	0	0	1545
9482071	-1	-1	0	0	0	0	0
9489061	3449656	-1	948224	2199	0	0	2199
9497064	-1	-1	0	0	0	0	0
9504060	-1	-1	0	0	0	0	0
9513061	-1	-1	0	0	0	0	0
9519058	10015800	-1	1969356	1573	0	0	1573
9529067	-1	1506352	0	0	2519040	13378	0
9538059	-1	2933568	0	0	3306496	9017	0
9547063	-1	3514808	0	0	3944448	8977	0
9553055	-1	3738920	0	0	2800640	5992	0
9562059	-1	3845464	0	0	4348928	9047	0
9571063	-1	3625416	0	0	4004864	8837	0
9579059	-1	2914800	0	0	2968576	8147	0
9586068	-1	3296160	0	0	2887680	7008	0
9593067	-1	3586640	0	0	3135488	6993	0
9600064	-1	3502280	0	0	2992128	6834	0
9609063	-1	1218072	0	0	1375232	9032	0
9616065	-1	3591024	0	0	3155968	7030	0
9626065	-1	4082312	0	0	5101568	9997	0
9636059	-1	4028184	0	0	5036032	10001	0
9645060	-1	3657720	0	0	4114432	8998	0
9652065	-1	3941080	0	0	3438592	6979	0
9661064	-1	3885696	0	0	2968576	6111	0
9669064	-1	-1	0	0	0	0	0
9675072	-1	-1	0	0	0	0	0
9684057	-1	-1	0	0	0	0	0
9693063	-1	-1	0	0	0	0	0
9697058	-1	-1	0	0	0	0	0
9707060	-1	-1	0	0	0	0	0
9716069	-1	-1	0	0	0	0	0
9725064	-1	-1	0	0	0	0	0
9727062	-1	-1	0	0	0	0	0
9736058	-1	-1	0	0	0	0	0
9742064	-1	-1	0	0	0	0	0
9752055	-1	-1	0	0	0	0	0
9761060	-1	-1	0	0	0	0	0
9770057	-1	-1	0	0	0	0	0
9779056	-1	-1	0	0	0	0	0
9788064	-1	-1	0	0	0	0	0
9796070	-1	-1	0	0	0	0	0
9806058	-1	-1	0	0	0	0	0
9815072	-1	-1	0	0	0	0	0
9825058	-1	-1	0	0	0	0	0
9835058	-1	-1	0	0	0	0	0
9844055	-1	-1	0	0	0	0	0
9854064	-1	-1	0	0	0	0	0
9856064	-1	-1	0	0	0	0	0
9865058	-1	-1	0	0	0	0	0
9874056	-1	-1	0	0	0	0	0
9882059	-1	-1	0	0	0	0	0
9891066	-1	-1	0	0	0	0	0
9901066	-1	-1	0	0	0	0	0
9911064	-1	-1	0	0	0	0	0
9919064	-1	-1	0	0	0	0	0
9923062	-1	-1	0	0	0	0	0
9933071	-1	-1	0	0	0	0	0
9941058	-1	-1	0	0	0	0	0
9951058	-1	-1	0	0	0	0	0
9960063	-1	-1	0	0	0	0	0
9970064	-1	-1	0	0	0	0	0
9979065	-1	-1	0	0	0	0	0
9982056	-1	-1	0	0	0	0	0
9991069	-1	-1	0	0	0	0	0
10001073	-1	-1	0	0	0	0	0
10011057	-1	-1	0	0	0	0	0
10020062	-1	-1	0	0	0	0	0
10028063	-1	-1	0	0	0	0	0
10035063	-1	-1	0	0	0	0	0
10044064	-1	-1	0	0	0	0	0
10053057	-1	-1	0	0	0	0	0
10132185	-1	-1	0	0	0	0	333
10141190	-1	-1	0	0	0	0	0
10150185	-1	-1	0	0	0	0	0
10159198	-1	-1	0	0	0	0	0
10168186	-1	-1	0	0	0	0	0
10177198	-1	-1	0	0	0	0	0
10187195	-1	-1	0	0	0	0	0
10193185	-1	-1	0	0	0	0	0
10197186	-1	-1	0	0	0	0	0
10206195	-1	-1	0	0	0	0	0
10215198	-1	-1	0	0	0	0	0
10218195	-1	-1	0	0	0	0	0
10227186	-1	-1	0	0	0	0	0
10232193	-1	-1	0	0	0	0	0
10241186	-1	-1	0	0	0	0	0
10250188	-1	-1	0	0	0	0	0
10260188	-1	-1	0	0	0	0	0
10270193	-1	-1	0	0	0	0	0
10279186	-1	-1	0	0	0	0	0
10287186	-1	-1	0	0	0	0	0
10295186	-1	-1	0	0	0	0	0
10305188	-1	-1	0	0	0	0	0
10315189	-1	-1	0	0	0	0	0
10321185	-1	-1	0	0	0	0	0
10330186	-1	-1	0	0	0	0	0
10338200	-1	-1	0	0	0	0	0
10347190	-1	-1	0	0	0	0	0
10355197	-1	-1	0	0	0	0	0
10362186	-1	-1	0	0	0	0	0
10369185	-1	-1	0	0	0	0	0
10378197	-1	-1	0	0	0	0	0
10385186	-1	-1	0	0	0	0	0
10392192	8750544	-1	1780736	1628	0	0	1628
10397193	-1	-1	0	0	0	0	0
10405186	-1	-1	0	0	0	0	0
10408188	-1	-1	0	0	0	0	0
10417186	13981016	-1	1441792	825	0	0	846
10426187	-1	-1	0	0	0	0	81
10431189	11007744	-1	1369088	995	0	0	995
10437198	-1	-1	0	0	0	0	0
10446185	14035480	-1	1291264	736	0	0	736
10453186	-1	-1	0	0	0	0	0
10461192	10090000	-1	843776	669	0	0	669
10470192	-1	-1	0	0	0	0	0
10480185	4905288	-1	608256	992	0	0	992
10485194	-1	-1	0	0	0	0	0
10494186	11286520	-1	1090560	773	0	0	839
10502189	-1	-1	0	0	0	0	0
10511188	15435456	-1	1099776	570	0	0	570
10520193	-1	-1	0	0	0	0	0
10529196	13011512	-1	1141760	702	0	0	702
10534189	-1	-1	0	0	0	0	0
10543198	-1	-1	0	0	0	0	0
10547202	-1	-1	0	0	0	0	0
10556194	9510320	-1	1588224	1336	0	0	1336
10560198	-1	-1	0	0	0	0	0
10569186	-1	-1	0	0	0	0	0
10570186	-1	-1	0	0	0	0	0
10579186	10497048	-1	1599488	1219	0	0	1219
10588192	-1	-1	0	0	0	0	0
10595190	-1	-1	0	0	0	0	0
10600198	-1	-1	0	0	0	0	0
10609194	9504088	-1	852992	718	0	0	843
10616193	-1	-1	0	0	0	0	0
10625190	13862400	-1	1108992	640	0	0	640
10634192	8965496	-1	783360	699	0	0	699
10638192	-1	-1	0	0	0	0	0
10645189	-1	-1	0	0	0	0	0
10654192	-1	-1	0	0	0	0	0
10660196	-1	-1	0	0	0	0	0
10668186	9953240	-1	1377280	1107	0	0	1107
10675201	-1	-1	0	0	0	0	0
10684185	11849968	-1	789504	533	0	0	533
10692192	-1	-1	0	0	0	0	0
10702185	4035040	-1	594664	1179	0	0	1179
10710186	-1	-1	0	0	0	0	0
10719187	14474584	-1	721920	399	0	0	399
10729198	15044008	-1	1620992	862	0	0	862
10733186	-1	-1	0	0	0	0	0
10741198	-1	-1	0	0	0	0	0
10750197	14821136	-1	1165312	629	0	0	629
10759186	-1	-1	0	0	0	0	0
10765188	7571648	-1	912384	964	0	0	964
10769185	-1	-1	0	0	0	0	0
10778186	-1	-1	0	0	0	0	0
10786197	-1	-1	0	0	0	0	0
10791198	9521296	-1	1217536	1023	0	0	1054
10796197	-1	-1	0	0	0	0	0
10806186	5006816	-1	962560	1538	0	0	1538
10811196	-1	-1	0	0	0	0	0
10817190	8223712	-1	796672	775	0	0	775
10825188	-1	-1	0	0	0	0	0
10835199	9023752	-1	588800	522	0	0	522
10842196	-1	-1	0	0	0	0	0
10847186	-1	-1	0	0	0	0	4959
10856185	1152640	-1	888832	6169	0	0	6169
10866201	9674824	-1	1222656	1011	0	0	1011
10873193	-1	-1	0	0	0	0	0
10882187	-1	-1	0	0	0	0	0
10889186	-1	-1	0	0	0	0	0
10896186	11445752	-1	1321984	924	0	0	924
10904186	11668312	-1	790528	542	0	0	542
10907185	-1	-1	0	0	0	0	0
10916197	-1	-1	0	0	0	0	0
10925200	14861728	-1	969728	522	0	0	522
10933186	-1	-1	0	0	0	0	0
10939187	12098448	-1	751616	497	0	0	497
10948189	-1	-1	0	0	0	0	0
10956185	15091264	-1	1099776	583	0	0	583
10962187	-1	-1	0	0	0	0	0
10971186	-1	-1	0	0	0	0	0
10977186	-1	-1	0	0	0	0	0
10986191	12009360	-1	882688	588	0	0	623
10992198	-1	-1	0	0	0	0	0
11001199	15404520	-1	1240064	644	0	0	644
11009207	-1	-1	0	0	0	0	0
11018186	11663608	-1	478208	328	0	0	328
11027199	7949192	-1	771072	776	0	0	776
11030187	-1	-1	0	0	0	0	0
11039185	7224440	-1	344064	381	0	0	382
11044186	15129368	-1	629760	333	0	0	333
11053186	-1	-1	0	0	0	0	0
11060197	13564496	-1	990208	584	0	0	584
11070187	-1	-1	0	0	0	0	0
11079204	7018200	-1	875520	998	0	0	998
11082191	-1	-1	0	0	0	0	0
11090190	8635440	-1	378880	351	0	0	-1
11098198	-1	-1	0	0	0	0	-1
11106186	8091512	-1	1731584	1712	0	0	-1
11114185	-1	184512	0	0	278528	12076	-1
11122185	7368576	638168	714752	776	634880	7958	-1
11131186	-1	1137312	0	0	1286144	9046	-1
11138189	-1	1458088	0	0	1257472	6899	-1
11146186	-1	1441824	0	0	1464320	8124	-1
11152186	-1	1539104	0	0	1152000	5987	-1
11331433	-1	2655416	0	0	3301376	9946	19668
11341440	-1	3963528	0	0	4981760	10055	0
11350438	-1	2847264	0	0	3154944	8864	0
11352432	-1	4592288	0	0	1135616	1978	0
11361433	-1	5900744	0	0	6660096	9029	0
11370431	-1	6078432	0	0	6837248	8998	0
11380432	-1	5997272	0	0	7480320	9978	0
11386444	-1	3860632	0	0	2820096	5843	0
11390433	-1	5244112	0	0	2620416	3997	0
11399434	-1	6029456	0	0	6772736	8986	0
11408434	-1	5840392	0	0	6581248	9014	0
11415432	-1	5640424	0	0	4917248	6974	0
11424431	-1	4817080	0	0	5331968	8855	0
11434432	-1	5975160	0	0	7467008	9997	0
11444434	-1	5945304	0	0	7411712	9973	0
11453438	-1	6374200	0	0	3012608	3781	0
11462434	-1	1484360	0	0	2274304	12257	0
11465434	-1	-1	0	0	0	0	0
11474434	-1	-1	0	0	0	0	0
11483433	-1	-1	0	0	0	0	0
11492435	-1	-1	0	0	0	0	0
11501433	-1	-1	0	0	0	0	0
11511447	-1	-1	0	0	0	0	0
11521432	-1	-1	0	0	0	0	0
11529433	-1	-1	0	0	0	0	0
11538440	-1	-1	0	0	0	0	0
11547434	-1	-1	0	0	0	0	0
11556433	-1	-1	0	0	0	0	0
11564434	-1	-1	0	0	0	0	0
11572435	-1	-1	0	0	0	0	0
11578434	-1	-1	0	0	0	0	0
11585440	-1	-1	0	0	0	0	0
11588433	-1	-1	0	0	0	0	0
11595445	-1	-1	0	0	0	0	0
11604432	-1	-1	0	0	0	0	0
11612434	-1	-1	0	0	0	0	0
11622434	-1	-1	0	0	0	0	0
11631434	-1	-1	0	0	0	0	0
11641436	-1	-1	0	0	0	0	0
11651444	-1	-1	0	0	0	0	0
11657437	-1	-1	0	0	0	0	0
11666441	-1	-1	0	0	0	0	0
11669438	-1	-1	0	0	0	0	0
11678447	-1	-1	0	0	0	0	0
11682433	-1	-1	0	0	0	0	0
11691433	-1	-1	0	0	0	0	0
11700433	-1	-1	0	0	0	0	0
11709436	-1	-1	0	0	0	0	0
11718443	-1	-1	0	0	0	0	0
11727446	-1	-1	0	0	0	0	0
11736432	-1	-1	0	0	0	0	0
11745433	-1	-1	0	0	0	0	0
11751434	-1	-1	0	0	0	0	0
11761449	-1	-1	0	0	0	0	0
11770454	-1	-1	0	0	0	0	0
11779434	-1	-1	0	0	0	0	0
11787445	-1	-1	0	0	0	0	0
11791433	-1	-1	0	0	0	0	0
11800435	-1	-1	0	0	0	0	0
11808434	-1	-1	0	0	0	0	0
11816437	-1	-1	0	0	0	0	0
11825437	-1	-1	0	0	0	0	0
11833434	-1	-1	0	0	0	0	0
11840433	-1	-1	0	0	0	0	0
11845434	-1	-1	0	0	0	0	0
11854432	-1	-1	0	0	0	0	0
11862433	-1	-1	0	0	0	0	0
11871433	-1	-1	0	0	0	0	0
11877434	-1	-1	0	0	0	0	0
11922963	-1	-1	0	0	0	0	420
11927950	-1	-1	0	0	0	0	0
11935952	-1	-1	0	0	0	0	0
11944947	-1	-1	0	0	0	0	0
11953946	-1	-1	0	0	0	0	0
11959952	-1	-1	0	0	0	0	0
11968955	-1	-1	0	0	0	0	0
11976954	-1	-1	0	0	0	0	0
11986945	-1	-1	0	0	0	0	0
11993946	-1	-1	0	0	0	0	0
12000951	-1	-1	0	0	0	0	0
12010958	-1	-1	0	0	0	0	0
12018943	-1	-1	0	0	0	0	0
12025945	-1	-1	0	0	0	0	0
12035959	-1	-1	0	0	0	0	0
12041945	-1	-1	0	0	0	0	0
12048957	-1	-1	0	0	0	0	0
12057946	-1	-1	0	0	0	0	0
12066952	-1	-1	0	0	0	0	0
12076945	-1	-1	0	0	0	0	0
12085957	-1	-1	0	0	0	0	0
12091955	-1	-1	0	0	0	0	0
12101945	-1	-1	0	0	0	0	0
12110946	-1	-1	0	0	0	0	0
12119948	-1	-1	0	0	0	0	0
12125960	-1	-1	0	0	0	0	0
12129945	-1	-1	0	0	0	0	0
12138951	-1	-1	0	0	0	0	0
12148957	-1	-1	0	0	0	0	0
12157950	-1	-1	0	0	0	0	0
12167947	-1	-1	0	0	0	0	0
12175946	-1	-1	0	0	0	0	0
12185955	-1	-1	0	0	0	0	0
12193958	-1	-1	0	0	0	0	0
12201958	-1	-1	0	0	0	0	0
12208950	-1	-1	0	0	0	0	0
12215947	-1	-1	0	0	0	0	0
12219945	-1	-1	0	0	0	0	0
12228948	-1	-1	0	0	0	0	0
12234960	-1	-1	0	0	0	0	0
12241943	-1	-1	0	0	0	0	0
12250947	-1	-1	0	0	0	0	0
12259945	-1	-1	0	0	0	0	0
12267951	-1	-1	0	0	0	0	0
12273953	-1	-1	0	0	0	0	0
12280957	-1	-1	0	0	0	0	0
12289954	-1	-1	0	0	0	0	0
12299946	-1	-1	0	0	0	0	0
12307947	-1	-1	0	0	0	0	0
12316953	-1	-1	0	0	0	0	0
12326946	-1	-1	0	0	0	0	0
12334957	-1	-1	0	0	0	0	0
12344960	-1	-1	0	0	0	0	0
12353959	-1	-1	0	0	0	0	0
12358946	-1	-1	0	0	0	0	0
12367946	-1	-1	0	0	0	0	0
12376952	-1	-1	0	0	0	0	0
12380946	-1	-1	0	0	0	0	0
12389946	-1	-1	0	0	0	0	0
12397952	-1	-1	0	0	0	0	0
12405954	-1	-1	0	0	0	0	0
12408955	-1	-1	0	0	0	0	0
12417952	-1	-1	0	0	0	0	0
12425946	-1	-1	0	0	0	0	0
12433945	-1	-1	0	0	0	0	0
12442946	-1	-1	0	0	0	0	0
12450958	-1	-1	0	0	0	0	0
12459946	-1	-1	0	0	0	0	0
12466952	-1	-1	0	0	0	0	0
12475946	-1	-1	0	0	0	0	0
12482946	-1	-1	0	0	0	0	0
12488947	-1	-1	0	0	0	0	0
12498944	-1	-1	0	0	0	0	0
12504952	-1	-1	0	0	0	0	0
12512946	-1	-1	0	0	0	0	0
12522952	-1	-1	0	0	0	0	0
12530954	-1	-1	0	0	0	0	0
12540946	-1	-1	0	0	0	0	0
12546944	-1	-1	0	0	0	0	0
12555962	-1	-1	0	0	0	0	0
12565946	-1	-1	0	0	0	0	0
12571949	-1	-1	0	0	0	0	0
12576946	-1	-1	0	0	0	0	0
12585954	-1	-1	0	0	0	0	0
12594953	-1	-1	0	0	0	0	0
12600945	-1	-1	0	0	0	0	0
12608952	-1	-1	0	0	0	0	0
12615947	-1	-1	0	0	0	0	0
12621962	-1	-1	0	0	0	0	0
12630951	-1	-1	0	0	0	0	0
12640951	-1	-1	0	0	0	0	0
12647945	-1	-1	0	0	0	0	0
12655953	-1	-1	0	0	0	0	0
12661955	-1	-1	0	0	0	0	0
12671962	-1	-1	0	0	0	0	0
12678961	-1	-1	0	0	0	0	0
12688959	-1	-1	0	0	0	0	0
12697951	-1	-1	0	0	0	0	0
12706946	-1	-1	0	0	0	0	0
12711943	-1	-1	0	0	0	0	0
12716954	-1	-1	0	0	0	0	0
12724953	-1	-1	0	0	0	0	0
12733951	-1	-1	0	0	0	0	0
12741958	-1	-1	0	0	0	0	0
12751947	-1	-1	0	0	0	0	0
12759946	-1	-1	0	0	0	0	0
12767946	-1	-1	0	0	0	0	0
12774946	-1	-1	0	0	0	0	0
12784946	-1	-1	0	0	0	0	0
12790960	-1	-1	0	0	0	0	0
12798946	-1	-1	0	0	0	0	0
12805946	-1	-1	0	0	0	0	0
12815945	-1	-1	0	0	0	0	0
12821951	-1	-1	0	0	0	0	0
12872338	-1	-1	0	0	0	0	223
12882348	-1	-1	0	0	0	0	0
12883346	-1	-1	0	0	0	0	0
12892346	-1	-1	0	0	0	0	0
12901337	-1	-1	0	0	0	0	0
12910338	-1	-1	0	0	0	0	0
12919341	-1	-1	0	0	0	0	0
12928345	-1	-1	0	0	0	0	0
12937338	-1	-1	0	0	0	0	0
12942335	-1	-1	0	0	0	0	0
12950340	-1	-1	0	0	0	0	0
12959349	-1	-1	0	0	0	0	0
12968346	-1	-1	0	0	0	0	0
12974340	-1	-1	0	0	0	0	0
12984343	-1	-1	0	0	0	0	0
12993345	-1	-1	0	0	0	0	0
13001361	-1	-1	0	0	0	0	0
13008349	-1	-1	0	0	0	0	0
13018339	-1	-1	0	0	0	0	0
13026353	-1	-1	0	0	0	0	0
13036335	-1	-1	0	0	0	0	0
13042342	-1	-1	0	0	0	0	0
13051345	-1	-1	0	0	0	0	0
13061338	-1	-1	0	0	0	0	0
13070334	-1	-1	0	0	0	0	0
13079340	-1	-1	0	0	0	0	0
13087337	-1	-1	0	0	0	0	0
13095343	-1	-1	0	0	0	0	0
13102333	-1	-1	0	0	0	0	0
13111342	-1	-1	0	0	0	0	0
13120339	-1	-1	0	0	0	0	0
13129338	-1	-1	0	0	0	0	0
13134334	-1	-1	0	0	0	0	0
13143334	-1	-1	0	0	0	0	0
13152341	-1	-1	0	0	0	0	0
13161349	-1	-1	0	0	0	0	0
13171338	-1	-1	0	0	0	0	0
13181336	-1	-1	0	0	0	0	0
13186338	-1	-1	0	0	0	0	0
13193340	-1	-1	0	0	0	0	0
13200347	-1	-1	0	0	0	0	0
13210350	-1	-1	0	0	0	0	0
13219340	-1	-1	0	0	0	0	0
13229337	-1	-1	0	0	0	0	0
13236340	-1	-1	0	0	0	0	0
13243340	-1	-1	0	0	0	0	0
13250345	-1	-1	0	0	0	0	0
13260348	-1	-1	0	0	0	0	0
13266340	-1	-1	0	0	0	0	0
13270338	-1	-1	0	0	0	0	0
13279334	-1	-1	0	0	0	0	0
13289340	-1	-1	0	0	0	0	0
13298340	-1	-1	0	0	0	0	0
13306345	-1	-1	0	0	0	0	0
13315344	-1	-1	0	0	0	0	0
13324348	-1	-1	0	0	0	0	0
13332335	-1	-1	0	0	0	0	0
13341334	-1	-1	0	0	0	0	0
13348351	-1	-1	0	0	0	0	0
13358342	-1	-1	0	0	0	0	0
13364345	-1	-1	0	0	0	0	0
13371340	-1	-1	0	0	0	0	0
13378338	-1	-1	0	0	0	0	0
13387334	-1	-1	0	0	0	0	0
13396337	-1	-1	0	0	0	0	0
13405348	-1	-1	0	0	0	0	0
13413340	-1	-1	0	0	0	0	0
13422337	-1	-1	0	0	0	0	0
13430339	-1	-1	0	0	0	0	0
13439347	-1	-1	0	0	0	0	0
13448347	-1	-1	0	0	0	0	0
13455350	-1	-1	0	0	0	0	0
13465334	-1	-1	0	0	0	0	0
13474334	-1	-1	0	0	0	0	0
13481335	-1	-1	0	0	0	0	0
13490345	-1	-1	0	0	0	0	0
13497346	-1	-1	0	0	0	0	0
13502339	-1	-1	0	0	0	0	0
13504346	-1	-1	0	0	0	0	0
13513338	-1	-1	0	0	0	0	0
13520352	-1	-1	0	0	0	0	0
13529338	-1	-1	0	0	0	0	0
13537351	-1	-1	0	0	0	0	0
13544340	-1	-1	0	0	0	0	0
13549349	-1	-1	0	0	0	0	0
13558349	-1	-1	0	0	0	0	0
13566338	-1	-1	0	0	0	0	0
13575338	-1	-1	0	0	0	0	0
13582349	-1	-1	0	0	0	0	0
13588351	-1	-1	0	0	0	0	0
13596339	-1	-1	0	0	0	0	0
13606338	-1	-1	0	0	0	0	0
13612339	-1	-1	0	0	0	0	0
13616337	-1	-1	0	0	0	0	0
13625337	-1	-1	0	0	0	0	0
13634334	-1	-1	0	0	0	0	0
13644347	-1	-1	0	0	0	0	0
13653346	-1	-1	0	0	0	0	0
13662352	-1	-1	0	0	0	0	0
13670342	-1	-1	0	0	0	0	0
13680345	-1	-1	0	0	0	0	0
13689343	-1	-1	0	0	0	0	0
13695339	-1	-1	0	0	0	0	0
13704337	-1	-1	0	0	0	0	0
13712333	-1	-1	0	0	0	0	0
13718337	-1	-1	0	0	0	0	0
13727334	-1	-1	0	0	0	0	0
13735339	-1	-1	0	0	0	0	0
13745345	-1	-1	0	0	0	0	0
13752338	-1	-1	0	0	0	0	0
13761337	-1	-1	0	0	0	0	0
13770347	-1	-1	0	0	0	0	0
13779352	-1	-1	0	0	0	0	0
13788337	-1	-1	0	0	0	0	0
13793338	-1	-1	0	0	0	0	0
13800340	-1	-1	0	0	0	0	0
13805339	-1	-1	0	0	0	0	0
13813338	3323720	-1	174080	419	0	0	-1
13820348	-1	-1	0	0	0	0	-1
13829336	11695120	-1	2211840	1513	0	0	-1
13837335	-1	-1	0	0	0	0	-1
13846339	-1	-1	0	0	0	0	-1
13848349	-1	-1	0	0	0	0	-1
13857342	11705168	-1	1480704	1012	0	0	-1
13866333	-1	-1	0	0	0	0	-1
13875338	-1	-1	0	0	0	0	-1
