11315	3043240	-1	2857984	7513	0	0	8020
19295	2480512	-1	1330176	4290	0	0	4290
26302	-1	-1	0	0	0	0	0
35295	2635248	-1	320512	973	0	0	973
43294	-1	-1	0	0	0	0	0
48362	6822280	-1	530432	622	0	0	622
50301	-1	-1	0	0	0	0	0
55292	7299216	-1	761856	835	0	0	835
97296	5041232	-1	163840	260	0	0	350
101294	9547368	-1	1471488	1233	0	0	1264
107147	11815840	-1	1025024	694	0	0	694
111140	-1	-1	0	0	0	0	0
116141	-1	-1	0	0	0	0	0
120242	-1	-1	0	0	0	0	0
122145	-1	-1	0	0	0	0	0
126150	-1	-1	0	0	0	0	0
131148	-1	-1	0	0	0	0	0
135142	-1	-1	0	0	0	0	0
139141	-1	-1	0	0	0	0	0
144147	-1	-1	0	0	0	0	0
148141	-1	-1	0	0	0	0	0
151143	-1	-1	0	0	0	0	0
154141	-1	-1	0	0	0	0	0
158144	-1	-1	0	0	0	0	0
163238	4487792	-1	193536	345	0	0	345
167141	-1	-1	0	0	0	0	104
171142	7004344	-1	766976	876	0	0	918
175141	-1	-1	0	0	0	0	0
180146	9152728	-1	907264	793	0	0	793
184143	-1	-1	0	0	0	0	0
188143	-1	-1	0	0	0	0	0
191142	10031240	-1	971776	775	0	0	1211
194140	-1	-1	0	0	0	0	0
197140	8884848	-1	688576	620	0	0	620
200201	-1	-1	0	0	0	0	0
203170	-1	-1	0	0	0	0	0
208183	1923152	-1	185344	771	0	0	958
213235	8581320	-1	1083392	1010	0	0	1010
216200	-1	-1	0	0	0	0	0
219146	-1	-1	81920	231	0	0	231
223141	27790584	-1	274432	79	0	0	79
227173	8988448	-1	647168	576	0	0	651
231228	-1	-1	0	0	0	0	0
235147	-1	-1	73728	207	0	0	260
237145	10762040	-1	617472	459	0	0	459
242142	7097760	-1	245760	277	0	0	309
246141	8393280	-1	427008	407	0	0	407
251166	-1	-1	0	0	0	0	137
255143	10728800	-1	887808	662	0	0	807
260145	-1	-1	0	0	0	0	0
265143	-1	-1	0	0	0	0	0
267140	-1	-1	0	0	0	0	100
271144	7351456	-1	1128448	1228	0	0	1330
276141	-1	-1	0	0	0	0	0
281142	5528592	-1	280576	406	0	0	406
283147	-1	-1	0	0	0	0	0
287147	12048936	-1	387072	257	0	0	326
289143	10705456	-1	706560	528	0	0	583
293143	-1	-1	0	0	0	0	0
297161	-1	-1	0	0	0	0	0
302141	7405320	-1	722944	781	0	0	781
305161	9596864	-1	538624	449	0	0	606
308171	12559056	-1	427008	272	0	0	276
312145	-1	-1	0	0	0	0	0
316178	14011992	-1	1760256	1005	0	0	1005
320171	-1	-1	0	0	0	0	0
325142	-1	-1	0	0	0	0	0
327149	-1	-1	0	0	0	0	181
331144	20660848	-1	3334144	1291	0	0	1291
334145	-1	-1	0	0	0	0	146
338142	21169592	-1	2609152	986	0	0	986
343146	-1	-1	0	0	0	0	0
348252	-1	-1	0	0	0	0	0
349142	17124984	-1	851968	398	0	0	398
353200	-1	-1	0	0	0	0	0
354143	14456472	-1	491520	272	0	0	302
359153	18392672	-1	3112960	1354	0	0	1354
362139	-1	-1	0	0	0	0	0
366140	-1	-1	0	0	0	0	0
371145	14836200	-1	1609728	868	0	0	891
372140	-1	-1	0	0	0	0	0
376146	8551856	-1	827392	774	0	0	875
379139	-1	-1	0	0	0	0	0
383155	-1	-1	0	0	0	0	0
388193	5107072	-1	535604	839	0	0	1059
392150	-1	-1	0	0	0	0	0
397145	6144000	-1	1152000	1500	0	0	1637
400234	-1	-1	0	0	0	0	14
404142	19309712	-1	946176	392	0	0	392
409195	8549472	-1	587776	550	0	0	632
412142	-1	-1	0	0	0	0	0
415143	10012448	-1	360448	288	0	0	344
419195	9679440	-1	446464	369	0	0	369
420143	-1	-1	0	0	0	0	0
423141	10912536	-1	735232	539	0	0	584
427141	-1	-1	0	0	0	0	0
431144	-1	-1	0	0	0	0	0
433143	-1	-1	0	0	0	0	121
437141	8546520	-1	691200	647	0	0	655
441142	14533832	-1	1335296	735	0	0	735
443141	-1	-1	0	0	0	0	0
446146	-1	-1	0	0	0	0	0
450142	8809576	-1	1489920	1353	0	0	1353
454145	-1	-1	0	0	0	0	0
459141	13211912	-1	1317888	798	0	0	798
462143	-1	-1	0	0	0	0	0
467140	17310384	-1	2315264	1070	0	0	1070
471146	-1	-1	0	0	0	0	0
476141	17581760	-1	2059264	937	0	0	937
481164	-1	-1	0	0	0	0	0
485143	-1	-1	0	0	0	0	0
490143	13676896	-1	1981440	1159	0	0	1159
491141	-1	-1	0	0	0	0	0
495140	-1	-1	0	0	0	0	0
500216	3251560	-1	1240064	3051	0	0	3051
503142	-1	-1	0	0	0	0	0
508166	4202368	-1	2225152	4236	0	0	4236
511888	-1	-1	0	0	0	0	265
516874	1133320	-1	802816	5667	0	0	5667
520862	2749536	-1	1392640	4052	0	0	4052
521861	2250904	-1	212992	757	0	0	757
526860	1514312	-1	147456	779	0	0	779
530875	-1	-1	0	0	0	0	0
534873	-1	-1	0	0	0	0	0
539858	-1	-1	0	0	0	0	0
543859	-1	-1	0	0	0	0	0
548858	-1	-1	0	0	0	0	0
552859	-1	-1	0	0	0	0	0
555864	-1	-1	0	0	0	0	0
560933	-1	-1	0	0	0	0	0
564870	1904616	-1	180224	757	0	0	876
568861	4162000	-1	1033216	1986	0	0	1986
571859	-1	-1	0	0	0	0	0
576870	5583912	-1	2192384	3141	0	0	3141
579859	-1	-1	0	0	0	0	0
583867	4172616	-1	362496	695	0	0	901
587859	-1	-1	0	0	0	0	158
591870	6838904	-1	1335296	1562	0	0	1562
593986	-1	-1	0	0	0	0	361
597862	4237728	-1	1852416	3497	0	0	3497
601900	-1	-1	0	0	0	0	66
605860	8224928	-1	885208	861	0	0	861
610858	7031048	-1	1872896	2131	0	0	2131
612865	-1	-1	39936	37	0	0	37
615903	-1	-1	0	0	0	0	0
620859	9283008	-1	2518016	2170	0	0	2170
624877	8813464	-1	958464	870	0	0	870
628874	8633200	-1	741376	687	0	0	687
631860	-1	-1	0	0	0	0	162
635860	7117032	-1	589824	663	0	0	663
639865	9052584	-1	1411072	1247	0	0	1247
642858	-1	-1	0	0	0	0	0
646858	8970576	-1	1899520	1694	0	0	1784
649915	12938768	-1	173056	107	0	0	107
653862	-1	-1	40960	178	0	0	235
657859	9890592	-1	2456576	1987	0	0	1987
660862	9901856	-1	794624	642	0	0	642
664864	10261280	-1	1975296	1540	0	0	1540
668878	-1	-1	0	0	0	0	0
672952	-1	-1	0	0	0	0	0
675859	7564824	-1	1803264	1907	0	0	1907
677860	5024896	-1	290816	463	0	0	463
681861	7674008	-1	409600	427	0	0	467
685860	10023384	-1	1042432	832	0	0	832
689860	-1	-1	0	0	0	0	0
694862	8171888	-1	2912256	2851	0	0	2851
699860	-1	-1	0	0	0	0	0
703880	-1	-1	0	0	0	0	0
706860	8630648	-1	745472	691	0	0	751
710862	8456800	-1	1537024	1454	0	0	1454
714860	8886240	-1	851968	767	0	0	824
718859	7980592	-1	1391616	1395	0	0	1395
722858	-1	-1	0	0	0	0	0
727864	7280320	-1	2845696	3127	0	0	3127
731864	-1	-1	0	0	0	0	0
733860	-1	-1	0	0	0	0	0
736860	10895104	-1	1754112	1288	0	0	1288
738860	-1	-1	0	0	0	0	0
743860	10168336	-1	2760704	2172	0	0	2172
745858	-1	-1	0	0	0	0	0
748859	-1	-1	0	0	0	0	0
753860	9402472	-1	1129472	961	0	0	961
757862	-1	-1	0	0	0	0	0
762862	3808480	-1	2014208	4231	0	0	4231
764860	3960592	-1	239616	484	0	0	484
769858	-1	-1	0	0	0	0	0
774877	9216000	-1	1751040	1520	0	0	1520
776862	-1	-1	0	0	0	0	0
780864	-1	-1	0	0	0	0	0
783896	-1	-1	0	0	0	0	191
785864	12516000	-1	2266960	1449	0	0	1449
788861	-1	-1	0	0	0	0	0
792859	-1	-1	0	0	0	0	204
796874	10361720	-1	2244608	1733	0	0	1733
799858	-1	-1	0	0	0	0	33
803858	17837256	-1	1835008	823	0	0	823
808864	11545504	-1	1202176	833	0	0	833
811858	-1	-1	0	0	0	0	0
816860	-1	-1	0	0	0	0	194
820859	17269624	-1	2316288	1073	0	0	1073
825860	-1	-1	0	0	0	0	0
829864	15379696	-1	1599488	832	0	0	832
833860	-1	-1	0	0	0	0	0
837859	14431256	-1	620544	344	0	0	344
841893	15482392	-1	1635328	845	0	0	845
844858	-1	-1	0	0	0	0	0
848870	16457800	-1	913408	444	0	0	644
852858	18361376	-1	532480	232	0	0	232
856859	24953512	-1	1353728	434	0	0	498
860863	13890784	-1	758784	437	0	0	437
864862	-1	-1	0	0	0	0	39
868862	3520272	-1	1640448	3728	0	0	3728
872868	-1	-1	0	0	0	0	64
876861	7162192	-1	1894400	2116	0	0	2116
881858	-1	-1	0	0	0	0	0
884866	-1	-1	0	0	0	0	0
888863	9168024	-1	1981440	1729	0	0	1729
891861	-1	-1	0	0	0	0	0
895861	-1	-1	0	0	0	0	0
900861	9449296	-1	2224128	1883	0	0	1883
905859	-1	-1	0	0	0	0	189
907918	11182728	-1	1232896	882	0	0	882
911864	-1	-1	0	0	0	0	396
915913	8147824	-1	1699840	1669	0	0	1669
918878	-1	-1	0	0	0	0	40
922862	7466952	-1	706560	757	0	0	757
927861	7632816	-1	1956864	2051	0	0	2051
929859	-1	-1	0	0	0	0	0
934859	-1	-1	0	0	0	0	0
939879	7048352	-1	1741824	1977	0	0	1977
943877	4932816	-1	172032	279	0	0	279
947863	8808152	-1	644096	585	0	0	585
951860	5803600	-1	532480	734	0	0	789
955858	6969568	-1	840704	965	0	0	965
959859	5617368	-1	294912	420	0	0	468
963865	6660960	-1	1118208	1343	0	0	1343
965950	-1	-1	0	0	0	0	0
970878	6574384	-1	2397184	2917	0	0	2917
974858	-1	-1	0	0	0	0	206
978872	4731240	-1	2285188	3864	0	0	3864
982864	6434112	-1	573440	713	0	0	713
986861	5754384	-1	1327104	1845	0	0	1845
991859	3678040	-1	180224	392	0	0	479
995859	4426208	-1	1866752	3374	0	0	3374
999873	6400856	-1	720896	901	0	0	928
1002863	6334680	-1	1114112	1407	0	0	1407
1005863	-1	-1	0	0	0	0	0
1010865	-1	-1	0	0	0	0	0
1014859	7095464	-1	1928192	2174	0	0	2174
1015858	-1	-1	0	0	0	0	0
1020863	5086376	-1	212992	335	0	0	436
1024876	7096352	-1	2294784	2587	0	0	2587
1029862	5776520	-1	688128	953	0	0	992
1032858	4637152	-1	1048576	1809	0	0	1809
1037861	7710120	-1	622592	646	0	0	659
1041858	7335480	-1	1227776	1339	0	0	1339
1043858	-1	-1	0	0	0	0	0
1047875	7544640	-1	656384	696	0	0	696
1050860	-1	-1	0	0	0	0	336
1054860	7265504	-1	2641920	2909	0	0	2909
1058862	7923560	-1	876544	885	0	0	910
1061861	7933016	-1	1191936	1202	0	0	1202
1065858	5082824	-1	385024	606	0	0	639
1069920	2269792	-1	201728	711	0	0	711
1074860	7437968	-1	1414144	1521	0	0	1656
1077863	7573560	-1	1680384	1775	0	0	1775
1081863	-1	-1	0	0	0	0	0
1086914	7780272	-1	561152	577	0	0	577
1087863	-1	-1	0	0	0	0	81
1091859	5410232	-1	1734656	2565	0	0	2565
1096859	7593296	-1	1064960	1122	0	0	1122
1098860	-1	-1	0	0	0	0	0
1103859	-1	-1	0	0	0	0	0
1108859	12452352	-1	2987008	1919	0	0	1919
1112887	19099064	-1	1253376	525	0	0	556
1116861	18573944	-1	937984	404	0	0	404
1120860	-1	-1	0	0	0	0	0
1125864	12633168	-1	1124352	712	0	0	712
1128861	-1	-1	0	0	0	0	172
1131860	15707136	-1	1615872	823	0	0	823
1134883	-1	-1	0	0	0	0	0
1138008	14869376	-1	934912	503	0	0	786
1141864	-1	-1	0	0	0	0	113
1145859	21334248	-1	3490816	1309	0	0	1309
1150858	-1	-1	0	0	0	0	0
1154862	-1	-1	0	0	0	0	0
1156858	-1	-1	81920	227	0	0	271
1160872	10747304	-1	1281616	954	0	0	1113
1165862	-1	-1	0	0	0	0	0
1170861	10556704	-1	2560000	1940	0	0	2158
1173864	-1	-1	0	0	0	0	0
1178863	-1	-1	0	0	0	0	0
1182861	10515000	-1	1575936	1199	0	0	1199
1185861	14007920	-1	1442816	824	0	0	-1
1189862	5193264	-1	780288	1202	0	0	-1
1190859	15609368	-1	1506304	772	0	0	-1
1194868	14341104	-1	1437696	802	0	0	-1
1198862	-1	-1	0	0	0	0	-1
1201861	-1	-1	0	0	0	0	-1
1206861	10567192	-1	1339392	1014	0	0	-1
1210860	-1	-1	0	0	0	0	-1
1216742	12937896	-1	2425856	1500	0	0	4833
1221386	-1	-1	0	0	0	0	0
1225389	-1	-1	0	0	0	0	0
1230386	9047880	-1	2121728	1876	0	0	1876
1232387	-1	-1	25600	832	0	0	832
1236392	-1	-1	0	0	0	0	0
1241385	-1	-1	0	0	0	0	0
1244383	3421888	-1	1024000	2394	0	0	2496
1246385	6610896	-1	1228800	1487	0	0	1487
1250383	-1	-1	36864	1036	0	0	1036
1255382	2053432	-1	1161216	4524	0	0	4524
1259382	-1	-1	0	0	0	0	0
1263394	4724016	-1	1563648	2648	0	0	2648
1268383	6100512	-1	1508352	1978	0	0	1978
1270391	-1	-1	0	0	0	0	0
1274388	-1	-1	0	0	0	0	0
1278387	-1	-1	0	0	0	0	0
1280382	8124296	-1	1351680	1331	0	0	1331
1283384	8234664	-1	197632	192	0	0	192
1288384	11060560	-1	1670144	1208	0	0	1208
1291382	-1	-1	0	0	0	0	0
1294498	12811552	-1	1064960	665	0	0	696
1298391	15433088	-1	2675712	1387	0	0	1387
1303386	-1	-1	0	0	0	0	0
1307387	-1	-1	0	0	0	0	0
1311383	15226784	-1	3408896	1791	0	0	1791
1313385	-1	-1	0	0	0	0	0
1316384	8663664	-1	1022312	944	0	0	944
1319384	20738304	-1	287744	111	0	0	111
1323382	-1	-1	0	0	0	0	0
1328385	19660800	-1	2433024	990	0	0	990
1332390	13829424	-1	1796096	1039	0	0	1039
1335385	-1	-1	0	0	0	0	0
1339388	-1	-1	0	0	0	0	0
1343383	11032832	-1	1606656	1165	0	0	1165
1347383	-1	-1	0	0	0	0	0
1352387	12587704	-1	1225728	779	0	0	779
1356389	10363608	-1	1094656	845	0	0	845
1358389	-1	-1	0	0	0	0	0
1442387	-1	-1	0	0	0	0	0
1447384	13166064	-1	1374208	835	0	0	967
1450385	-1	-1	0	0	0	0	0
1455385	15120240	-1	2413568	1277	0	0	1277
1459438	13579176	-1	1750016	1031	0	0	1031
1462390	20980416	-1	579584	221	0	0	221
1467390	-1	-1	0	0	0	0	0
1469383	-1	-1	0	0	0	0	0
1473387	9693032	-1	2572288	2123	0	0	2123
1475386	-1	-1	116736	1076	0	0	1076
1478385	9719208	-1	1485824	1223	0	0	1223
1481385	10055952	-1	657408	523	0	0	523
1484382	-1	-1	0	0	0	0	0
1488401	8467096	-1	2710528	2561	0	0	2561
1493387	-1	-1	0	0	0	0	0
1498387	7575456	-1	1358848	1435	0	0	1435
1502385	-1	-1	0	0	0	0	0
1507384	-1	-1	0	0	0	0	0
1510392	12469904	-1	2035712	1306	0	0	1333
1512384	-1	-1	0	0	0	0	0
1516383	11539072	-1	638976	443	0	0	469
1520389	17930576	-1	1519616	678	0	0	678
1525387	14928376	-1	3245056	1739	0	0	1739
1528386	-1	-1	104448	21	0	0	21
1532385	-1	-1	0	0	0	0	0
1537384	14930776	-1	2493440	1336	0	0	1336
1539385	13147936	-1	1189888	724	0	0	724
1543384	19344288	-1	1063936	440	0	0	440
1546383	-1	-1	0	0	0	0	0
1550386	-1	-1	0	0	0	0	0
1555387	23464424	-1	6138880	2093	0	0	2093
1556383	-1	-1	0	0	0	0	0
1560386	-1	-1	0	0	0	0	0
1611429	-1	-1	0	0	0	0	0
1614403	-1	-1	0	0	0	0	136
1619608	15232536	-1	3061740	1608	0	0	2170
1620666	-1	-1	0	0	0	0	0
1627755	22240072	-1	4903936	1764	0	0	1764
1632752	-1	-1	0	0	0	0	0
1635751	-1	-1	0	0	0	0	0
1638754	-1	-1	0	0	0	0	0
1642753	-1	-1	0	0	0	0	0
1645752	-1	-1	0	0	0	0	0
1650749	-1	-1	0	0	0	0	0
1651750	-1	-1	0	0	0	0	0
1656755	-1	-1	0	0	0	0	0
1660757	-1	-1	0	0	0	0	0
1663752	-1	-1	0	0	0	0	0
1667752	-1	-1	0	0	0	0	0
1668752	-1	-1	0	0	0	0	0
1672752	-1	-1	0	0	0	0	0
1677757	-1	-1	0	0	0	0	0
1678753	-1	-1	0	0	0	0	0
1682756	-1	-1	0	0	0	0	0
1686756	-1	-1	0	0	0	0	0
1688753	-1	-1	0	0	0	0	0
1693751	-1	-1	0	0	0	0	0
1697750	-1	-1	0	0	0	0	0
1702750	17855288	-1	2013184	902	0	0	902
1704750	-1	-1	0	0	0	0	0
1709754	-1	-1	0	0	0	0	0
1710761	-1	-1	0	0	0	0	0
1714754	26232624	-1	6486016	1978	0	0	1978
1715751	-1	-1	0	0	0	0	0
1728750	20624432	-1	1827840	709	0	0	709
1731751	-1	-1	0	0	0	0	0
1736754	16700736	-1	1187840	569	0	0	584
1740757	27977072	-1	1752064	501	0	0	501
1744754	-1	-1	0	0	0	0	0
1749753	13361424	-1	3702784	2217	0	0	2217
1753867	-1	-1	0	0	0	0	0
1758751	-1	-1	0	0	0	0	0
1763827	24380952	-1	2048000	672	0	0	701
1767753	20351024	-1	2342912	921	0	0	980
1770753	-1	-1	0	0	0	0	0
1775751	11751072	-1	1568768	1068	0	0	1169
1779786	-1	-1	0	0	0	0	204
1783793	9530136	-1	897024	753	0	0	753
1788970	12789416	-1	1005568	629	0	0	667
1792758	15102784	-1	796672	422	0	0	422
1797755	12479480	-1	1534976	984	0	0	984
1799829	-1	-1	0	0	0	0	0
1802750	-1	-1	0	0	0	0	0
1806752	11207920	-1	1381376	986	0	0	986
1811751	-1	-1	0	0	0	0	0
1815812	9295888	-1	1310720	1128	0	0	1128
1819752	11247624	-1	2197504	1563	0	0	1563
1821757	-1	-1	0	0	0	0	0
1825884	-1	-1	0	0	0	0	0
1830837	-1	-1	0	0	0	0	0
1834796	13101712	-1	1467392	896	0	0	1034
1837751	22336240	-1	745472	267	0	0	267
1841753	13995400	-1	1619968	926	0	0	926
1844887	-1	-1	0	0	0	0	0
1849755	18432000	-1	2119680	920	0	0	920
1851754	-1	-1	0	0	0	0	0
1856791	13182528	-1	1290240	783	0	0	783
1858785	-1	-1	0	0	0	0	0
1862751	12506872	-1	409600	262	0	0	360
1866752	15837864	-1	979968	495	0	0	495
1870758	-1	-1	0	0	0	0	0
1875842	7632456	-1	2541608	2664	0	0	2664
1879791	21234776	-1	3442688	1297	0	0	1297
1882753	-1	-1	0	0	0	0	0
1886825	-1	-1	0	0	0	0	0
1891885	-1	-1	0	0	0	0	0
1893754	-1	-1	0	0	0	0	105
1897751	17922064	-1	2780160	1241	0	0	1241
1902752	-1	-1	0	0	0	0	0
1906757	-1	-1	0	0	0	0	0
1908755	-1	-1	0	0	0	0	0
1913759	19530800	-1	3876864	1588	0	0	1588
1917751	10314696	-1	1696768	1316	0	0	1316
1920750	13717968	-1	289792	169	0	0	169
1924863	-1	-1	0	0	0	0	0
1929757	14049328	-1	1392640	793	0	0	793
1933754	-1	-1	0	0	0	0	0
1935756	-1	-1	0	0	0	0	0
1939881	6581128	-1	1321984	1607	0	0	1738
1942753	21554168	-1	2804736	1041	0	0	1041
1946756	-1	-1	0	0	0	0	0
1951751	20402088	-1	6301696	2471	0	0	2471
1955753	-1	-1	0	0	0	0	0
1959750	-1	-1	0	0	0	0	0
1962835	-1	-1	0	0	0	0	0
1967756	19075656	-1	3338240	1400	0	0	1400
1969894	5611560	-1	790528	1127	0	0	1439
1972751	14547864	-1	527360	290	0	0	290
1977760	10983688	-1	491520	358	0	0	418
1981827	15355784	-1	932864	486	0	0	486
1984750	-1	-1	0	0	0	0	0
1989841	13351144	-1	1658880	994	0	0	994
1993754	-1	-1	0	0	0	0	0
1998751	13896816	-1	1539072	886	0	0	886
2001752	12962888	-1	1563648	965	0	0	965
2003751	-1	-1	0	0	0	0	0
2008750	18056952	-1	2033664	901	0	0	901
2011822	-1	-1	0	0	0	0	0
2014816	-1	-1	0	0	0	0	0
2019759	-1	-1	0	0	0	0	0
2021892	13140680	-1	1286144	783	0	0	812
2025750	17015608	-1	3696640	1738	0	0	1738
2028762	-1	-1	0	0	0	0	0
2031749	-1	-1	0	0	0	0	0
2036750	7824696	-1	1439744	1472	0	0	1622
2039802	20795536	-1	3543040	1363	0	0	1363
2041763	-1	-1	0	0	0	0	32
2045756	20888592	-1	4240384	1624	0	0	1624
2050753	-1	-1	0	0	0	0	0
2055752	13765192	-1	2907896	1690	0	0	1690
2059753	-1	-1	0	0	0	0	0
2064756	10528792	-1	3257344	2475	0	0	2475
2067891	-1	-1	0	0	0	0	0
2071953	20013816	-1	2879488	1151	0	0	1151
2076753	16599696	-1	3861504	1861	0	0	1861
2078863	-1	-1	0	0	0	0	0
2083843	-1	-1	0	0	0	0	208
2087750	15705144	-1	2108416	1074	0	0	1074
2092762	20182712	-1	2502656	992	0	0	992
2093750	-1	-1	0	0	0	0	0
2098841	-1	-1	0	0	0	0	0
2102754	-1	-1	0	0	0	0	0
2105765	19928208	-1	2884608	1158	0	0	1304
2108756	10101416	-1	167936	133	0	0	133
2110752	-1	-1	0	0	0	0	0
2115759	25278928	-1	4897792	1550	0	0	1550
2118756	19495552	-1	1135616	466	0	0	466
2121754	-1	-1	0	0	0	0	0
2125831	-1	-1	0	0	0	0	0
2130822	19442488	-1	1842176	758	0	0	758
2134905	16091432	-1	619520	308	0	0	479
2138855	10651632	-1	1073152	806	0	0	806
2143756	14421848	-1	2408448	1336	0	0	1336
2145752	-1	-1	0	0	0	0	0
2149784	13306168	-1	876544	527	0	0	642
2153754	15747616	-1	1393664	708	0	0	708
2155865	-1	-1	0	0	0	0	0
2160783	21474280	-1	4069376	1516	0	0	1516
2164892	14619568	-1	950272	520	0	0	554
2168857	17903048	-1	675840	302	0	0	302
2171846	-1	-1	0	0	0	0	0
2175816	-1	-1	0	0	0	0	0
2178750	13522264	-1	3169280	1875	0	0	1994
2180803	-1	-1	0	0	0	0	0
2185787	10743936	-1	1107968	825	0	0	825
2188754	-1	-1	0	0	0	0	0
2190749	-1	-1	0	0	0	0	171
2194806	16092632	-1	2940928	1462	0	0	1462
2198749	-1	-1	0	0	0	0	0
2203753	14582504	-1	2014208	1105	0	0	1105
2207753	-1	-1	0	0	0	0	180
2211755	23849288	-1	3696640	1240	0	0	1240
2215754	9309088	-1	409600	352	0	0	382
2219755	35651408	-1	3266560	733	0	0	733
2222751	-1	-1	0	0	0	0	0
2227928	16581240	-1	2582528	1246	0	0	1330
2231776	-1	-1	0	0	0	0	0
2234867	-1	-1	0	0	0	0	38
2238867	6025368	-1	637936	847	0	0	847
2242752	-1	-1	0	0	0	0	0
2246751	-1	-1	0	0	0	0	0
2251750	2547632	-1	817152	2566	0	0	2654
2253749	1085800	-1	229376	1690	0	0	1999
2257754	6376912	-1	813056	1020	0	0	1020
2261816	3625224	-1	658432	1453	0	0	1453
2265826	-1	-1	0	0	0	0	0
2270784	4337168	-1	1150976	2123	0	0	2123
2274856	-1	-1	0	0	0	0	20
2278806	7828920	-1	1413120	1444	0	0	1444
2283758	-1	-1	0	0	0	0	0
2286814	-1	-1	0	0	0	0	0
2289755	6218744	-1	212992	274	0	0	322
2293751	4491232	-1	640000	1140	0	0	1140
2295862	-1	-1	0	0	0	0	0
2299752	-1	-1	0	0	0	0	0
2301751	-1	-1	0	0	0	0	97
2305749	8292784	-1	1179648	1138	0	0	1138
2310750	6671088	-1	848896	1018	0	0	1018
2311755	-1	-1	0	0	0	0	0
2316755	-1	-1	0	0	0	0	168
2320752	6352000	-1	406528	512	0	0	512
2325753	7049168	-1	713728	810	0	0	810
2327779	-1	-1	0	0	0	0	0
2330757	-1	-1	0	0	0	0	0
2335749	4701008	-1	692224	1178	0	0	1178
2340754	6250128	-1	708608	907	0	0	907
2343755	-1	-1	0	0	0	0	0
2348803	-1	-1	0	0	0	0	0
2351752	-1	-1	0	0	0	0	0
2354753	11574584	-1	963584	666	0	0	858
2356750	-1	-1	0	0	0	0	0
2359749	8536088	-1	660480	619	0	0	619
2362750	-1	-1	0	0	0	0	0
2365755	-1	-1	0	0	0	0	0
2369764	-1	-1	0	0	0	0	0
2373754	11450416	-1	1147904	802	0	0	1080
2375750	-1	-1	0	0	0	0	0
2379825	6535624	-1	521216	638	0	0	638
2381751	-1	-1	0	0	0	0	0
2385818	-1	-1	0	0	0	0	0
2390881	11179240	-1	624640	447	0	0	520
2393756	10661048	-1	667648	501	0	0	501
2396798	-1	-1	0	0	0	0	0
2400754	-1	-1	0	0	0	0	0
2405752	9827160	-1	621568	506	0	0	506
2407752	10067456	-1	687104	546	0	0	549
2410751	-1	-1	0	0	0	0	0
2413750	-1	-1	0	0	0	0	240
2417750	13141336	-1	946176	576	0	0	576
2420800	-1	-1	0	0	0	0	0
2425756	-1	-1	0	0	0	0	0
2426832	-1	-1	0	0	0	0	148
2430750	10631392	-1	1196032	900	0	0	900
2434803	6520160	-1	439296	539	0	0	-1
2437751	-1	-1	0	0	0	0	-1
2444758	-1	-1	0	0	0	0	-1
2448759	7333864	-1	945152	1031	0	0	-1
2450756	-1	-1	0	0	0	0	-1
2455749	-1	-1	0	0	0	0	-1
2458752	13335272	-1	1173504	704	0	0	-1
2461752	-1	-1	0	0	0	0	-1
2465753	11000688	-1	625664	455	0	0	-1
2469752	-1	-1	0	0	0	0	-1
2472749	-1	-1	0	0	0	0	-1
2482191	17128728	-1	1483776	693	0	0	3038
2487190	-1	-1	0	0	0	0	0
2490188	-1	-1	0	0	0	0	0
2493250	-1	-1	0	0	0	0	246
2497250	13091888	-1	1400832	856	0	0	856
2502187	-1	-1	0	0	0	0	0
2506191	8544000	-1	1093632	1024	0	0	1024
2510189	-1	-1	0	0	0	0	0
2515186	-1	-1	0	0	0	0	0
2519221	10306328	-1	1272832	988	0	0	1049
2521192	-1	-1	0	0	0	0	0
2525246	-1	-1	0	0	0	0	0
2527185	-1	-1	0	0	0	0	0
2531234	14566440	-1	1148928	631	0	0	792
2535223	-1	-1	0	0	0	0	0
2539271	-1	-1	0	0	0	0	0
2544236	11705200	-1	730112	499	0	0	499
2548186	-1	-1	0	0	0	0	0
2551188	-1	-1	0	0	0	0	0
2554321	-1	-1	0	0	0	0	0
2558269	10751200	-1	1712128	1274	0	0	1356
2563257	-1	-1	0	0	0	0	0
2568190	-1	-1	0	0	0	0	0
2571291	-1	-1	0	0	0	0	0
2576185	19673328	-1	2572288	1046	0	0	1104
2580193	-1	-1	0	0	0	0	0
2585188	15180576	-1	1506672	794	0	0	819
2588189	-1	-1	0	0	0	0	0
2593222	21627584	-1	2508800	928	0	0	939
2598184	-1	-1	0	0	0	0	0
2603186	14338872	-1	1277952	713	0	0	713
2607184	-1	-1	0	0	0	0	69
2611186	10088616	-1	904192	717	0	0	717
2615188	-1	-1	0	0	0	0	0
2620244	-1	-1	0	0	0	0	0
2621324	-1	-1	0	0	0	0	190
2625184	10821384	-1	1896448	1402	0	0	1402
2629189	-1	-1	0	0	0	0	0
2634258	13156104	-1	1652736	1005	0	0	1005
2639185	-1	-1	0	0	0	0	0
2644187	-1	-1	0	0	0	0	0
2648188	-1	-1	0	0	0	0	130
2652185	17244160	-1	2155520	1000	0	0	1073
2657185	7110040	-1	188416	212	0	0	259
2661185	24408816	-1	1196032	392	0	0	392
2665262	-1	-1	0	0	0	0	0
2670190	13493408	-1	1152000	683	0	0	683
2673188	-1	-1	0	0	0	0	0
2677367	12707928	-1	945152	595	0	0	595
2682185	13091024	-1	1160192	709	0	0	709
2683265	-1	-1	0	0	0	0	0
2688186	-1	-1	0	0	0	0	0
2693187	17591528	-1	1312768	597	0	0	597
2697185	14894544	-1	573440	308	0	0	311
2701224	19290256	-1	1087488	451	0	0	451
2705186	18554416	-1	1435648	619	0	0	657
2708185	-1	-1	0	0	0	0	0
2712184	-1	-1	0	0	0	0	0
2717191	-1	-1	0	0	0	0	0
2722189	21070200	-1	1827840	694	0	0	810
2723189	-1	-1	0	0	0	0	0
2727337	11956528	-1	517120	346	0	0	492
2731183	18878840	-1	519168	220	0	0	220
2735291	-1	-1	0	0	0	0	0
2740314	18962192	-1	1867776	788	0	0	788
2745187	-1	-1	0	0	0	0	0
2749300	-1	-1	0	0	0	0	0
2753188	18596240	-1	1420288	611	0	0	709
2757269	21436728	-1	734208	274	0	0	274
2761187	-1	-1	0	0	0	0	0
2766184	-1	-1	0	0	0	0	0
2770321	21913360	-1	1109364	405	0	0	449
2774187	10667104	-1	1310720	983	0	0	1013
2779192	-1	-1	0	0	0	0	0
2784189	7668624	-1	1035264	1080	0	0	1080
2787190	-1	-1	0	0	0	0	0
2791229	13826320	-1	1527808	884	0	0	884
2795192	-1	-1	0	0	0	0	0
2800241	-1	-1	0	0	0	0	0
2804185	21752768	-1	1925120	708	0	0	742
2805191	-1	-1	0	0	0	0	0
2810189	-1	-1	0	0	0	0	0
2814211	15056552	-1	1695744	901	0	0	901
2818184	-1	-1	0	0	0	0	0
2823185	-1	-1	0	0	0	0	0
2827299	-1	-1	0	0	0	0	210
2831191	15760848	-1	2305024	1170	0	0	1170
2835191	-1	-1	0	0	0	0	0
2840187	-1	-1	0	0	0	0	0
2844185	-1	-1	0	0	0	0	0
2849184	14429784	-1	1693696	939	0	0	1081
2852183	-1	-1	0	0	0	0	0
2857264	15517424	-1	1375232	709	0	0	709
2862196	8237160	-1	933888	907	0	0	912
2866185	30659016	-1	3989504	1041	0	0	1041
2870185	-1	-1	0	0	0	0	0
2875183	22632528	-1	2993152	1058	0	0	1058
2880184	-1	-1	0	0	0	0	0
2885189	18043816	-1	2415616	1071	0	0	1071
2889186	-1	-1	0	0	0	0	0
2893188	-1	-1	0	0	0	0	0
2898286	26270896	-1	4475904	1363	0	0	1363
2900252	-1	-1	0	0	0	0	0
2904190	-1	-1	0	0	0	0	0
2909189	19520280	-1	2759680	1131	0	0	1131
2913188	-1	-1	0	0	0	0	0
2917192	-1	-1	0	0	0	0	0
2922191	19398040	-1	2313216	954	0	0	998
2925376	23046824	-1	1728512	600	0	0	600
2930188	18845792	-1	1842176	782	0	0	782
2934221	23949064	-1	586752	196	0	0	196
2938189	16646848	-1	778240	374	0	0	413
2942191	22864696	-1	2312192	809	0	0	809
2946195	-1	-1	0	0	0	0	0
2951185	23692216	-1	4809520	1624	0	0	1624
2955186	-1	-1	0	0	0	0	0
2960185	20172432	-1	2115584	839	0	0	839
2965184	-1	-1	0	0	0	0	163
2969192	22441608	-1	2260992	806	0	0	806
2974184	-1	-1	0	0	0	0	0
2978185	-1	-1	0	0	0	0	0
2981184	16691816	-1	2443264	1171	0	0	1199
2984185	29751568	-1	959488	258	0	0	258
2989189	-1	-1	131072	195	0	0	205
2993186	17860152	-1	2750464	1232	0	0	1232
2998192	-1	-1	0	0	0	0	244
3002199	15448424	-1	2079744	1077	0	0	1077
3007200	16426336	-1	794624	387	0	0	399
3011192	20982168	-1	1775616	677	0	0	677
3014342	-1	-1	0	0	0	0	0
3019220	-1	-1	0	0	0	0	0
3024309	20761520	-1	4191232	1615	0	0	1615
3027191	-1	-1	0	0	0	0	0
3031189	-1	-1	0	0	0	0	0
3036184	12005024	-1	2563072	1708	0	0	1708
3038231	-1	-1	0	0	0	0	0
3043185	20547840	-1	2481152	966	0	0	966
3047189	-1	-1	0	0	0	0	0
3052233	16898040	-1	2120704	1004	0	0	1004
3056191	-1	-1	0	0	0	0	0
3061188	13934648	-1	2941952	1689	0	0	1689
3066337	16101520	-1	1284096	638	0	0	658
3070372	15982264	-1	936960	469	0	0	469
3074189	-1	-1	0	0	0	0	0
3078191	-1	-1	0	0	0	0	0
3082207	13191400	-1	770048	467	0	0	493
3086186	21562664	-1	2681856	995	0	0	995
3090211	9374800	-1	876544	748	0	0	775
3094279	15313616	-1	1098752	574	0	0	574
3098184	-1	-1	0	0	0	0	128
3102191	18047688	-1	2777088	1231	0	0	1231
3106248	-1	-1	0	0	0	0	0
3111187	19064536	-1	2206720	926	0	0	926
3116265	16537120	-1	884736	428	0	0	605
3120192	17617208	-1	1433600	651	0	0	651
3125250	17016936	-1	2890752	1359	0	0	1359
3128299	23678472	-1	1485824	502	0	0	502
3133232	-1	-1	0	0	0	0	0
3136227	-1	-1	0	0	0	0	0
3140287	17911824	-1	1612064	720	0	0	1713
3143231	20100640	-1	7487488	2980	0	0	2980
3147190	19171320	-1	1155072	482	0	0	485
3151184	16246760	-1	1575936	776	0	0	776
3154262	-1	-1	0	0	0	0	0
3159241	-1	-1	0	0	0	0	0
3163189	14420552	-1	3143680	1744	0	0	1744
3165190	-1	-1	0	0	0	0	0
3169189	15712624	-1	2732032	1391	0	0	1391
3171257	-1	-1	0	0	0	0	0
3175185	-1	-1	0	0	0	0	0
3179256	-1	-1	0	0	0	0	0
3182190	-1	-1	0	0	0	0	0
3187190	19292376	-1	4150272	1721	0	0	1721
3190253	-1	-1	0	0	0	0	0
3194184	17571080	-1	1530880	697	0	0	697
3199246	14618056	-1	1220608	668	0	0	851
3202321	10420008	-1	785408	603	0	0	603
3204186	8977536	-1	327680	292	0	0	559
3208241	13247592	-1	1816576	1097	0	0	1097
3212265	-1	-1	0	0	0	0	0
3214186	-1	-1	0	0	0	0	0
3218185	10259808	-1	1326080	1034	0	0	1189
3221185	16545040	-1	2419712	1170	0	0	1170
3226184	16978584	-1	1052672	496	0	0	667
3230187	15796312	-1	908288	460	0	0	460
3233324	-1	-1	0	0	0	0	0
3237223	-1	-1	0	0	0	0	0
3239190	-1	-1	0	0	0	0	186
3243189	18746112	-1	2291712	978	0	0	978
3247375	16912520	-1	655360	310	0	0	494
3251184	19210432	-1	2533376	1055	0	0	1055
3256185	-1	-1	0	0	0	0	0
3260183	-1	-1	0	0	0	0	0
3264261	-1	-1	0	0	0	0	0
3269185	18119320	-1	6853632	3026	0	0	3026
3273214	12763688	-1	2046976	1283	0	0	1283
3276185	24382488	-1	1161216	381	0	0	381
3281227	11380504	-1	1425408	1002	0	0	1006
3284230	16886120	-1	1859584	881	0	0	881
3289183	-1	-1	0	0	0	0	0
3294188	-1	-1	0	0	0	0	0
3295188	-1	-1	0	0	0	0	142
3299219	13923120	-1	2607104	1498	0	0	1498
3301277	-1	-1	0	0	0	0	0
3306252	12513432	-1	1506304	963	0	0	963
3309184	10468280	-1	1643520	1256	0	0	1256
3311253	-1	-1	0	0	0	0	0
3314186	-1	-1	0	0	0	0	0
3319184	11172472	-1	1178696	844	0	0	879
3322185	-1	-1	0	0	0	0	0
3326189	11740096	-1	2720768	1854	0	0	1854
3328291	-1	-1	0	0	0	0	0
3333183	-1	-1	0	0	0	0	0
3336184	13629928	-1	1788928	1050	0	0	1349
3338185	-1	-1	0	0	0	0	0
3343185	2904696	-1	1344512	3703	0	0	3703
3346187	-1	-1	0	0	0	0	0
3348190	18293272	-1	1991680	871	0	0	871
3351269	39919024	-1	903168	181	0	0	181
3352184	-1	-1	0	0	0	0	0
3357325	21656360	-1	2347008	867	0	0	867
3361185	-1	-1	0	0	0	0	0
3364187	-1	-1	0	0	0	0	0
3367290	24989504	-1	3279872	1050	0	0	1087
3370186	-1	-1	0	0	0	0	0
3382183	-1	-1	0	0	0	0	0
3387188	-1	-1	0	0	0	0	0
3389188	-1	-1	0	0	0	0	1251
3392187	7010888	-1	3695616	4217	0	0	4217
3396184	-1	-1	58368	121	0	0	121
3400185	11339336	-1	2080768	1468	0	0	1468
3405205	-1	-1	0	0	0	0	299
3409190	14601080	-1	1903616	1043	0	0	1043
3414190	15346584	-1	878592	458	0	0	518
3418189	12573168	-1	993280	632	0	0	632
3422189	-1	-1	0	0	0	0	0
3426184	-1	-1	0	0	0	0	0
3428216	13922000	-1	1945600	1118	0	0	1143
3431183	25111760	-1	1487872	474	0	0	474
3435185	11833600	-1	1893376	1280	0	0	1280
3437184	-1	-1	0	0	0	0	0
3440188	-1	-1	0	0	0	0	0
3445185	10452800	-1	3143680	2406	0	0	2406
3447187	-1	-1	0	0	0	0	0
3452185	12088680	-1	2484224	1644	0	0	1644
3457252	-1	-1	0	0	0	0	0
3460191	-1	-1	0	0	0	0	0
3464364	10166680	-1	532480	419	0	0	701
3468184	22629584	-1	3535872	1250	0	0	1250
3471188	-1	-1	0	0	0	0	0
3475190	17588168	-1	1974272	898	0	0	898
3480185	-1	-1	0	0	0	0	0
3485184	21900704	-1	2565120	937	0	0	937
3489190	-1	-1	0	0	0	0	0
3493190	-1	-1	0	0	0	0	0
3494309	-1	-1	0	0	0	0	0
3499215	13061640	-1	4814848	2949	0	0	2949
3503189	-1	-1	0	0	0	0	0
3508184	12640888	-1	1706520	1080	0	0	1080
3513411	-1	-1	0	0	0	0	1128
3516187	6057488	-1	2240512	2959	0	0	2959
3521203	682960	-1	396288	4642	0	0	4642
3526236	9676560	-1	2576384	2130	0	0	2130
3530233	-1	-1	0	0	0	0	0
3533185	-1	-1	0	0	0	0	0
3536185	8838512	-1	1063936	963	0	0	1051
3539212	15076664	-1	1641472	871	0	0	871
3543210	-1	-1	0	0	0	0	0
3545189	-1	-1	0	0	0	0	0
3547295	-1	-1	0	0	0	0	165
3551188	12363640	-1	2761728	1787	0	0	1787
3555186	15644784	-1	2643968	1352	0	0	1352
3557188	-1	-1	0	0	0	0	0
3560239	-1	-1	0	0	0	0	0
3565220	-1	-1	0	0	0	0	0
3569197	6721640	-1	294912	351	0	0	402
3573187	9981152	-1	2467840	1978	0	0	1978
3578185	10631800	-1	2507776	1887	0	0	1887
3580185	-1	-1	0	0	0	0	0
3585187	-1	-1	0	0	0	0	44
3589189	3988072	-1	1910784	3833	0	0	3833
3593240	-1	-1	0	0	0	0	0
3598188	9152488	-1	4205568	3676	0	0	3676
3603250	-1	-1	0	0	0	0	0
3608189	8873544	-1	4039680	3642	0	0	3642
3611214	10146440	-1	499712	394	0	0	419
3615261	8663720	-1	2670592	2466	0	0	2466
3620301	-1	-1	0	0	0	0	0
3624190	-1	-1	0	0	0	0	0
3628296	15583776	-1	1934336	993	0	0	1265
3631189	17077464	-1	4589568	2150	0	0	2150
3636185	-1	-1	0	0	0	0	0
3640241	-1	-1	0	0	0	0	0
3644192	-1	-1	0	0	0	0	392
3648185	13135256	-1	3643392	2219	0	0	2219
3652190	-1	-1	0	0	0	0	0
3657260	19498528	-1	2288640	939	0	0	939
3661188	-1	-1	0	0	0	0	0
3664183	-1	-1	0	0	0	0	0
3669183	10591680	-1	393216	297	0	0	358
3673184	16008408	-1	3928064	1963	0	0	1963
3677186	-1	-1	0	0	0	0	0
3682191	-1	-1	0	0	0	0	0
3685326	11896872	-1	1121280	754	0	0	1097
3689184	14743608	-1	3654572	1983	0	0	1983
3693227	-1	-1	0	0	0	0	0
3698192	-1	-1	0	0	0	0	0
3703183	-1	-1	0	0	0	0	0
3708361	10132384	-1	4748288	3749	0	0	3864
3710191	14360672	-1	595968	332	0	0	426
3714186	10997480	-1	301056	219	0	0	-1
3719187	-1	-1	0	0	0	0	-1
3723200	10569320	-1	2440192	1847	0	0	-1
3727187	15798856	-1	2073600	1050	0	0	-1
3729184	-1	-1	0	0	0	0	-1
3733184	9579240	-1	671744	561	0	0	-1
3738185	16804104	-1	1556480	741	0	0	-1
3743189	-1	-1	0	0	0	0	-1
3746186	-1	-1	0	0	0	0	-1
3749185	-1	-1	0	0	0	0	-1
3755335	8332608	-1	4187136	4020	0	0	6285
3758336	-1	-1	0	0	0	0	0
3762337	-1	-1	0	0	0	0	0
3767342	11185120	-1	2051072	1467	0	0	1467
3771338	-1	-1	0	0	0	0	0
3775338	-1	-1	0	0	0	0	0
3778338	7905568	-1	1271808	1287	0	0	1506
3781337	10518120	-1	2023424	1539	0	0	1539
3785352	-1	-1	0	0	0	0	0
3790344	6568536	-1	1350656	1645	0	0	1645
3793338	10330248	-1	761856	590	0	0	2078
3795336	2532464	-1	1077248	3403	0	0	3403
3799339	1519200	-1	480256	2529	0	0	2529
3803336	6441336	-1	1680384	2087	0	0	2087
3808337	-1	-1	0	0	0	0	51
3812336	6959576	-1	1474560	1695	0	0	1695
3815339	-1	-1	0	0	0	0	0
3819341	-1	-1	0	0	0	0	0
3822359	8321064	-1	1254400	1206	0	0	1295
3825336	13424776	-1	761856	454	0	0	454
3830337	-1	-1	0	0	0	0	0
3834345	6724728	-1	2060288	2451	0	0	2451
3838335	-1	-1	0	0	0	0	0
3843341	9035976	-1	1195008	1058	0	0	1058
3847342	10952592	-1	499712	365	0	0	535
3851340	6683184	-1	771072	923	0	0	923
3854338	-1	-1	0	0	0	0	0
3857337	-1	-1	0	0	0	0	0
3860358	5428104	-1	1102584	1625	0	0	1678
3863338	14519704	-1	2185216	1204	0	0	1204
3867340	-1	-1	0	0	0	0	0
3871342	-1	-1	0	0	0	0	0
3873340	8249864	-1	1021952	991	0	0	1296
3876340	16739472	-1	2121728	1014	0	0	1014
3880341	-1	-1	0	0	0	0	0
3885338	-1	-1	0	0	0	0	0
3889347	8299344	-1	1741824	1679	0	0	1679
3891338	-1	-1	0	0	0	0	0
3895344	9662560	-1	1285120	1064	0	0	1064
3898342	3519016	-1	315392	717	0	0	717
3903341	-1	-1	0	0	0	0	0
3908338	8488040	-1	1790976	1688	0	0	1688
3910336	8394272	-1	339968	324	0	0	549
3914337	4280248	-1	1082368	2023	0	0	2023
3918344	-1	-1	0	0	0	0	0
3922343	-1	-1	0	0	0	0	0
3924341	-1	-1	0	0	0	0	230
3928336	6838872	-1	1816576	2125	0	0	2125
3930339	6961696	-1	237568	273	0	0	291
3934336	10556944	-1	2788352	2113	0	0	2113
3938339	-1	-1	0	0	0	0	0
3942336	-1	-1	0	0	0	0	0
3947335	9829592	-1	2501632	2036	0	0	2161
3949340	20304960	-1	296960	117	0	0	122
3954337	10593400	-1	1273856	962	0	0	962
3957335	-1	-1	0	0	0	0	0
3961341	14791112	-1	1664000	900	0	0	900
3964339	-1	-1	0	0	0	0	0
3968337	8737176	-1	1870848	1713	0	0	1713
3971335	9447712	-1	161792	137	0	0	137
3975339	6028072	-1	319488	424	0	0	504
3979337	8648408	-1	1513472	1400	0	0	1400
3983340	-1	-1	0	0	0	0	0
3986339	-1	-1	0	0	0	0	0
3989337	8355184	-1	786432	753	0	0	822
3992355	12799208	-1	2076672	1298	0	0	1298
3997349	13206496	-1	1906688	1155	0	0	1155
4007475	17354632	-1	4870144	2245	0	0	3050
4013167	4971360	-1	735140	1183	0	0	1183
4017181	-1	-1	0	0	0	0	0
4021168	-1	-1	0	0	0	0	0
4024170	-1	-1	0	0	0	0	0
4027168	-1	-1	0	0	0	0	0
4032169	-1	-1	0	0	0	0	0
4034185	-1	-1	0	0	0	0	0
4039277	-1	-1	0	0	0	0	0
4042173	-1	-1	0	0	0	0	0
4047235	-1	-1	0	0	0	0	0
4049176	-1	-1	0	0	0	0	0
4052169	-1	-1	0	0	0	0	0
4056168	-1	-1	0	0	0	0	0
4060168	-1	-1	0	0	0	0	0
4064167	-1	-1	0	0	0	0	0
4069185	-1	-1	0	0	0	0	0
4073172	-1	-1	0	0	0	0	0
4078174	-1	-1	0	0	0	0	0
4083245	-1	-1	0	0	0	0	0
4088168	-1	-1	0	0	0	0	0
4092177	-1	-1	0	0	0	0	0
4096170	-1	-1	0	0	0	0	0
4101173	-1	-1	0	0	0	0	0
4103188	-1	-1	0	0	0	0	0
4106170	-1	-1	0	0	0	0	0
4110294	-1	-1	0	0	0	0	530
4114166	8100128	-1	3701760	3656	0	0	3656
4118167	-1	-1	0	0	0	0	0
4119167	-1	-1	0	0	0	0	0
4123171	7402104	-1	594944	643	0	0	705
4127171	17909472	-1	1851392	827	0	0	827
4131170	-1	-1	0	0	0	0	0
4135210	11132880	-1	1825792	1312	0	0	1312
4140174	12330816	-1	884736	574	0	0	625
4144170	11338600	-1	856064	604	0	0	604
4147176	-1	-1	0	0	0	0	0
4159168	13198224	-1	1989632	1206	0	0	1206
4163171	13479240	-1	1929216	1145	0	0	1145
4165169	-1	-1	0	0	0	0	0
4170170	-1	-1	0	0	0	0	68
4174168	15349984	-1	2158592	1125	0	0	1125
4178174	-1	-1	0	0	0	0	0
4182168	-1	-1	0	0	0	0	0
4186170	16848032	-1	966656	459	0	0	644
4190169	9842488	-1	2167808	1762	0	0	1762
4194170	-1	-1	0	0	0	0	0
4199168	14411296	-1	1959936	1088	0	0	1088
4203256	7624240	-1	385024	404	0	0	432
4207177	11244104	-1	1229824	875	0	0	875
4212170	15242968	-1	533504	280	0	0	752
4216170	14582408	-1	1848320	1014	0	0	1014
4221169	14354120	-1	811008	452	0	0	538
4225168	11220320	-1	1479680	1055	0	0	1055
4229168	-1	-1	0	0	0	0	0
4233172	-1	-1	0	0	0	0	0
4238173	11421328	-1	2118656	1484	0	0	1642
4241171	2492104	-1	199680	641	0	0	641
4245169	10846072	-1	1933312	1426	0	0	1426
4247170	-1	-1	0	0	0	0	0
4252183	-1	-1	0	0	0	0	0
4255167	-1	-1	0	0	0	0	0
4260200	13628864	-1	2851840	1674	0	0	1749
4262170	-1	-1	0	0	0	0	0
4267187	-1	-1	0	0	0	0	216
4271170	9792600	-1	1697792	1387	0	0	1387
4275169	-1	-1	0	0	0	0	0
4280169	16453336	-1	3401728	1654	0	0	1654
4284172	-1	-1	0	0	0	0	0
4288174	12793488	-1	2138112	1337	0	0	1337
4293168	-1	-1	0	0	0	0	0
4298171	3031936	-1	893284	2357	0	0	2357
4301169	-1	-1	0	0	0	0	90
4305168	8369448	-1	1738752	1662	0	0	1662
4309170	-1	-1	0	0	0	0	0
4314167	11119840	-1	3060736	2202	0	0	2202
4317172	-1	-1	0	0	0	0	0
4322172	10007664	-1	2381824	1904	0	0	1904
4326170	-1	-1	0	0	0	0	0
4330167	-1	-1	0	0	0	0	159
4331170	13911712	-1	1745920	1004	0	0	1004
4334167	10990256	-1	277504	202	0	0	202
4339168	6691384	-1	1004544	1201	0	0	1492
4342174	18128792	-1	872448	385	0	0	385
4346168	-1	-1	0	0	0	0	0
4350171	10300272	-1	2231296	1733	0	0	1733
4354170	-1	-1	0	0	0	0	0
4359170	15724872	-1	1710080	870	0	0	870
4364170	-1	-1	0	0	0	0	325
4368168	9650112	-1	2378752	1972	0	0	1972
4373173	14026152	-1	475136	271	0	0	923
4376172	9675448	-1	1649664	1364	0	0	1364
4381176	-1	-1	0	0	0	0	265
4385170	15901680	-1	2194432	1104	0	0	1104
4390170	-1	-1	0	0	0	0	0
4394167	-1	-1	0	0	0	0	0
4397171	14678664	-1	1886208	1028	0	0	1140
4400172	16654984	-1	818176	393	0	0	393
4404174	-1	-1	0	0	0	0	212
4408170	9305968	-1	2078720	1787	0	0	1787
4413168	-1	-1	0	0	0	0	0
4418170	12453832	-1	2307072	1482	0	0	1482
4423195	-1	-1	0	0	0	0	180
4427172	9577328	-1	1798144	1502	0	0	1502
4432172	-1	-1	0	0	0	0	0
4437170	8595168	-1	2052096	1910	0	0	1910
4441169	-1	-1	0	0	0	0	255
4445174	11188200	-1	1927168	1378	0	0	1378
4446169	-1	-1	0	0	0	0	0
4450168	12024216	-1	1680384	1118	0	0	1118
4455167	-1	-1	0	0	0	0	0
4460171	19182120	-1	2814976	1174	0	0	1174
4463254	-1	-1	0	0	0	0	0
4468169	-1	-1	0	0	0	0	0
4472285	11690728	-1	1974272	1351	0	0	1395
4475173	11129280	-1	2463744	1771	0	0	1771
4480175	15737392	-1	800640	407	0	0	1583
4483167	9378728	-1	2419712	2064	0	0	2064
4599168	-1	-1	0	0	0	0	0
4604171	15853040	-1	2140160	1080	0	0	1080
4608167	-1	-1	0	0	0	0	0
4613181	-1	-1	0	0	0	0	0
4616167	-1	-1	0	0	0	0	0
4621174	17382264	-1	5705728	2626	0	0	2720
4626171	11484056	-1	2003968	1396	0	0	1396
4629170	-1	-1	0	0	0	0	0
4634168	-1	-1	0	0	0	0	591
4638168	12546560	-1	4074496	2598	0	0	2598
4642167	-1	-1	0	0	0	0	0
4647172	-1	-1	0	0	0	0	0
4648168	-1	-1	0	0	0	0	0
4653170	12301560	-1	4643840	3020	0	0	3020
4656202	-1	-1	0	0	0	0	0
4660168	-1	-1	0	0	0	0	0
4662169	-1	-1	0	0	0	0	0
4667275	6889992	-1	1392640	1617	0	0	1726
4671236	4861416	-1	240640	396	0	0	777
4675178	5774168	-1	371712	515	0	0	515
4679167	-1	-1	0	0	0	0	0
4683166	5887616	-1	975872	1326	0	0	1326
4688317	-1	-1	0	0	0	0	49
4692176	10419880	-1	2001920	1537	0	0	1537
4695173	-1	-1	0	0	0	0	0
4699168	-1	-1	0	0	0	0	0
4703167	-1	-1	0	0	0	0	0
4705166	5410072	-1	792576	1172	0	0	1280
4708219	22726192	-1	968704	341	0	0	348
4711170	6428176	-1	335872	418	0	0	517
4715169	5324800	-1	252928	380	0	0	380
4719169	7504928	-1	872448	930	0	0	930
4722178	-1	-1	41984	590	0	0	590
4727176	5094568	-1	692224	1087	0	0	1087
4729174	-1	-1	0	0	0	0	0
4733169	-1	-1	0	0	0	0	0
4737169	5133864	-1	1327104	2068	0	0	2068
4742171	-1	-1	0	0	0	0	0
4746168	-1	-1	0	0	0	0	0
4749169	7449384	-1	1643520	1765	0	0	1765
4752168	-1	-1	58368	92	0	0	92
4756168	-1	-1	0	0	0	0	0
4761172	9341400	-1	1897472	1625	0	0	1625
4765171	-1	-1	0	0	0	0	0
4767167	-1	-1	0	0	0	0	0
4770190	-1	-1	0	0	0	0	0
4775168	14574472	-1	2231716	1225	0	0	1272
4779168	-1	-1	0	0	0	0	0
4784167	8484808	-1	2581504	2434	0	0	2434
4787228	-1	-1	0	0	0	0	0
4789173	-1	-1	0	0	0	0	0
4794241	7527208	-1	1797120	1910	0	0	1910
4796172	-1	-1	0	0	0	0	0
4800169	-1	-1	0	0	0	0	0
4804170	10240000	-1	1541120	1204	0	0	1204
4809176	-1	-1	0	0	0	0	0
4814176	10847056	-1	2154496	1589	0	0	1589
4818170	-1	-1	0	0	0	0	0
4823169	6945112	-1	1100800	1268	0	0	1268
4828174	5737160	-1	212992	297	0	0	472
4832168	15322072	-1	2792448	1458	0	0	1458
4835192	-1	-1	0	0	0	0	0
4839170	-1	-1	0	0	0	0	0
4844176	9942016	-1	2553856	2055	0	0	2067
4845167	-1	-1	0	0	0	0	0
4849188	-1	-1	0	0	0	0	0
4854170	5398248	-1	1840128	2727	0	0	2727
4857168	2920496	-1	204800	561	0	0	726
4861174	6595560	-1	2060288	2499	0	0	2499
4865242	6508248	-1	1175552	1445	0	0	1445
4867176	-1	-1	0	0	0	0	0
4871236	-1	-1	0	0	0	0	153
4875172	13973728	-1	4897792	2804	0	0	2804
4878200	-1	-1	0	0	0	0	0
4881168	-1	-1	0	0	0	0	0
4883181	5076736	-1	360448	568	0	0	736
4887169	14371672	-1	4951040	2756	0	0	2756
4890172	11011600	-1	2155520	1566	0	0	1566
4893167	-1	-1	0	0	0	0	0
4896169	-1	-1	0	0	0	0	0
4901167	9673208	-1	1638400	1355	0	0	1355
4904171	13781920	-1	2012160	1168	0	0	1168
4906226	-1	-1	0	0	0	0	0
4910176	-1	-1	0	0	0	0	0
4915167	8244016	-1	1298432	1260	0	0	1260
4919167	-1	-1	0	0	0	0	0
4923174	-1	-1	0	0	0	0	0
4927197	7125448	-1	643072	722	0	0	1103
4930179	15490440	-1	2538496	1311	0	0	1311
4934166	-1	-1	0	0	0	0	0
4939170	9503456	-1	2107392	1774	0	0	1774
4943192	-1	-1	0	0	0	0	134
4947168	9839104	-1	1620992	1318	0	0	1318
4951174	-1	-1	0	0	0	0	0
4956171	8335720	-1	1187840	1140	0	0	1140
4961171	15678928	-1	3165184	1615	0	0	1615
4964178	16882640	-1	728064	345	0	0	345
4966167	-1	-1	0	0	0	0	0
4971167	16232496	-1	3072000	1514	0	0	1514
4973167	-1	-1	0	0	0	0	0
4977232	-1	-1	0	0	0	0	0
4981171	2280152	-1	253952	891	0	0	964
4984173	17122680	-1	2373632	1109	0	0	-1
4987241	-1	-1	0	0	0	0	-1
4990167	10306064	-1	2675712	2077	0	0	-1
4994177	11916296	-1	1674240	1124	0	0	-1
4998170	37570208	-1	272384	58	0	0	-1
5002168	12703384	-1	1236992	779	0	0	-1
5006167	10254808	-1	1063936	830	0	0	-1
5010166	-1	-1	0	0	0	0	-1
5014174	-1	-1	0	0	0	0	-1
5021605	15581064	-1	4709376	2418	0	0	10630
