150229227	-1	-1	0	0	0	0	0
150236214	5817432	-1	1126400	1549	0	0	1549
150244214	-1	-1	0	0	0	0	0
150252215	26214400	-1	442368	135	0	0	5525
150261215	1247704	-1	1162240	7452	0	0	7452
150271214	-1	-1	0	0	0	0	0
150280214	23434696	-1	946176	323	0	0	3051
150282216	2795792	-1	1040384	2977	0	0	2977
150291215	3502280	-1	776192	1773	0	0	1773
150299215	-1	-1	0	0	0	0	0
150308213	-1	-1	0	0	0	0	0
150316214	5912144	-1	2735104	3701	0	0	3824
150326213	-1	-1	0	0	0	0	0
150335213	-1	-1	0	0	0	0	0
150343213	-1	-1	0	0	0	0	0
150349214	13809672	-1	2653184	1537	0	0	1537
150358231	-1	-1	0	0	0	0	0
150367213	-1	-1	0	0	0	0	0
150369213	-1	-1	0	0	0	0	0
150378214	6420208	-1	2927616	3648	0	0	3694
150384214	-1	-1	0	0	0	0	0
150392213	-1	-1	0	0	0	0	0
150401214	-1	-1	0	0	0	0	0
150407214	9849200	-1	2038784	1656	0	0	1656
150411213	-1	-1	0	0	0	0	0
150420214	13726016	-1	1353728	789	0	0	789
150429213	-1	-1	0	0	0	0	0
150438213	5245360	-1	1301504	1985	0	0	1985
150446214	-1	-1	0	0	0	0	0
150453215	-1	-1	0	0	0	0	0
150461237	25479744	-1	894976	281	0	0	1053
150465214	7838320	-1	839680	857	0	0	857
150474215	-1	-1	0	0	0	0	0
150484214	11872464	-1	204800	138	0	0	5671
150491215	1460536	-1	1057792	5794	0	0	5794
150500217	2034048	-1	1193984	4696	0	0	4696
150509214	-1	-1	0	0	0	0	0
150518216	-1	-1	0	0	0	0	0
150526213	-1	-1	0	0	0	0	0
150533213	8286888	-1	1878016	1813	0	0	2002
150538213	-1	-1	0	0	0	0	0
150548213	-1	-1	0	0	0	0	0
150549214	-1	-1	0	0	0	0	0
150558213	7225712	-1	1554432	1721	0	0	1721
150567214	15418704	-1	605184	314	0	0	327
150568248	345984	-1	158720	3670	0	0	3670
150577213	-1	-1	0	0	0	0	0
150586214	2459800	-1	967316	3146	0	0	3146
150589214	-1	-1	0	0	0	0	0
150598217	-1	-1	0	0	0	0	5627
150603213	1954392	-1	1191936	4879	0	0	4879
150610214	-1	-1	0	0	0	0	0
150613217	-1	-1	0	0	0	0	0
150622215	1853368	-1	1133568	4893	0	0	5235
150632215	19146984	-1	808960	338	0	0	1714
150636214	4236464	-1	957440	1808	0	0	1808
150644269	-1	-1	0	0	0	0	0
150650213	-1	-1	0	0	0	0	0
150659214	-1	-1	0	0	0	0	0
150664216	-1	-1	81920	114	0	0	4951
150673216	2559112	-1	1654784	5173	0	0	5173
150681218	4809840	-1	1290240	2146	0	0	2166
150691213	-1	-1	0	0	0	0	0
150700213	9572672	-1	212992	178	0	0	5567
150709213	980416	-1	688128	5615	0	0	5615
150717213	15072248	-1	1200128	637	0	0	639
150723213	-1	-1	0	0	0	0	0
150731217	-1	-1	0	0	0	0	0
150740214	-1	-1	0	0	0	0	0
150746219	2135248	-1	1271808	4765	0	0	4765
150752214	-1	-1	0	0	0	0	42
150757219	16870936	-1	603136	286	0	0	286
150763219	-1	-1	0	0	0	0	0
150772214	13855464	-1	1240064	716	0	0	731
150780214	-1	-1	0	0	0	0	0
150790217	1766104	-1	979968	4439	0	0	4447
150799213	-1	-1	0	0	0	0	0
150807215	14828224	-1	1727488	932	0	0	932
150811214	-1	-1	0	0	0	0	0
150820213	-1	-1	0	0	0	0	0
150829216	16152832	-1	1144832	567	0	0	567
150831214	-1	-1	0	0	0	0	0
150840213	24932176	-1	573440	184	0	0	2646
150843214	3065976	-1	1042432	2720	0	0	2720
150852214	-1	-1	67584	2748	0	0	2748
150861213	-1	-1	0	0	0	0	0
150869218	-1	-1	0	0	0	0	0
150878214	24990624	-1	2036736	652	0	0	829
150887214	-1	-1	0	0	0	0	0
150896217	-1	-1	0	0	0	0	0
150905214	7707448	-1	1042432	1082	0	0	1108
150908214	3926080	-1	899072	1832	0	0	1832
150917213	-1	-1	0	0	0	0	0
150919214	-1	-1	0	0	0	0	0
150928216	-1	-1	0	0	0	0	0
150935223	6532824	-1	3180668	3895	0	0	3908
150944218	-1	-1	0	0	0	0	0
150952214	-1	-1	0	0	0	0	0
150958214	-1	-1	0	0	0	0	0
150965214	10089200	-1	1061888	842	0	0	859
150970213	-1	-1	0	0	0	0	0
150978213	2357960	-1	753664	2557	0	0	2568
150986213	-1	-1	0	0	0	0	0
150995213	16698472	-1	1087488	521	0	0	521
151000213	-1	-1	0	0	0	0	0
151009213	19676400	-1	1291264	525	0	0	525
151018214	-1	-1	0	0	0	0	0
151026215	27437480	-1	1718272	501	0	0	501
151035214	-1	-1	0	0	0	0	0
151044217	-1	-1	0	0	0	0	0
151049214	-1	-1	0	0	0	0	0
151058214	35146832	-1	2284544	520	0	0	642
151067213	-1	-1	0	0	0	0	0
151076213	36864000	-1	1972224	428	0	0	428
151082216	-1	-1	0	0	0	0	0
151091213	39755928	-1	1893376	381	0	0	381
151100216	-1	-1	0	0	0	0	0
151110214	32658568	-1	2139136	524	0	0	524
151119213	-1	-1	0	0	0	0	0
151127213	35122024	-1	1527808	348	0	0	348
151135213	-1	-1	0	0	0	0	0
151144214	36192000	-1	1158144	256	0	0	256
151150214	-1	-1	0	0	0	0	0
151156214	38257488	-1	1391616	291	0	0	416
151164213	-1	-1	0	0	0	0	0
151173213	27604168	-1	886784	257	0	0	334
151182213	-1	-1	0	0	0	0	0
151191213	27473608	-1	786432	229	0	0	240
151197213	-1	-1	0	0	0	0	0
151206214	-1	-1	0	0	0	0	0
151208221	-1	-1	0	0	0	0	0
151216213	26887096	-1	1334272	397	0	0	467
151222213	-1	-1	0	0	0	0	0
151231213	-1	-1	0	0	0	0	0
151233215	-1	-1	0	0	0	0	0
151242215	27695128	-1	827392	239	0	0	334
151248214	-1	-1	0	0	0	0	0
151255214	24740496	-1	770048	249	0	0	327
151262214	-1	-1	0	0	0	0	0
151271214	22388992	-1	618496	221	0	0	325
151278214	-1	-1	0	0	0	0	0
151286217	30653936	-1	1069056	279	0	0	317
151291213	-1	-1	0	0	0	0	0
151300213	35825576	-1	1271808	284	0	0	354
151308230	-1	-1	0	0	0	0	0
151317214	-1	-1	0	0	0	0	0
151327218	33206728	-1	601872	145	0	0	740
151332214	8911208	-1	1040384	934	0	0	934
151341215	-1	-1	97280	4654	0	0	4654
151347214	23488792	-1	951296	324	0	0	324
151356214	299352	-1	179200	4789	0	0	4789
151364220	17117608	-1	860160	402	0	0	427
151373244	-1	-1	84992	4422	0	0	4422
151383218	8577920	-1	1001472	934	0	0	934
151392216	-1	-1	0	0	0	0	0
151400215	-1	-1	0	0	0	0	0
151403214	-1	-1	0	0	0	0	0
151410214	5928576	-1	2057216	2776	0	0	3002
151420213	2268672	-1	618496	2181	0	0	2181
151429213	-1	-1	0	0	0	0	0
151438214	-1	-1	0	0	0	0	0
151446213	3041928	-1	1204224	3167	0	0	3210
151455213	-1	-1	0	0	0	0	0
151464214	3464328	-1	1165312	2691	0	0	2715
151467213	-1	-1	0	0	0	0	0
151476213	-1	-1	0	0	0	0	0
151478213	-1	-1	0	0	0	0	0
151487213	8425928	-1	1954816	1856	0	0	1949
151496214	-1	-1	0	0	0	0	0
151505214	1571568	-1	924672	4707	0	0	4734
151514213	-1	-1	0	0	0	0	0
151523214	10662136	-1	1480704	1111	0	0	1111
151532213	-1	-1	0	0	0	0	0
151541217	-1	-1	0	0	0	0	0
151550213	-1	-1	0	0	0	0	617
151555214	10093904	-1	1945600	1542	0	0	1542
151564214	-1	-1	0	0	0	0	0
151570213	2557016	-1	603136	1887	0	0	1952
151579213	-1	-1	0	0	0	0	0
151588214	4903152	-1	833536	1360	0	0	1374
151597214	-1	-1	0	0	0	0	0
151607214	15693112	-1	814080	415	0	0	435
151616213	1914064	-1	1258496	5260	0	0	5260
151625213	-1	-1	0	0	0	0	0
151628218	-1	-1	0	0	0	0	0
151637214	3956976	-1	2142208	4331	0	0	4331
151642213	-1	-1	0	0	0	0	0
151650213	-1	-1	0	0	0	0	0
151654213	-1	-1	0	0	0	0	0
151663214	31470256	-1	794624	202	0	0	5469
151667213	2098592	-1	1667072	6355	0	0	6355
151676214	2566200	-1	1800192	5612	0	0	5612
151684213	-1	-1	98304	76	0	0	76
151693213	17893872	-1	706808	316	0	0	468
151698223	802424	-1	499712	4982	0	0	4982
151707214	18165760	-1	1816576	800	0	0	800
151715214	-1	-1	0	0	0	0	0
151722214	-1	-1	0	0	0	0	0
151728213	-1	-1	0	0	0	0	0
151737214	15925800	-1	2349056	1180	0	0	1180
151744213	-1	-1	0	0	0	0	0
151753213	14341848	-1	2509824	1400	0	0	1400
151760214	-1	-1	0	0	0	0	0
151766214	-1	-1	0	0	0	0	0
151771213	-1	-1	0	0	0	0	0
151780213	11878400	-1	801792	540	0	0	-1
151788214	-1	-1	0	0	0	0	-1
151796219	20789632	-1	3609600	1389	0	0	-1
151805214	-1	-1	0	0	0	0	-1
151812213	-1	-1	32768	220	0	0	-1
151821215	2870424	-1	2004992	5588	0	0	-1
151830220	-1	-1	0	0	0	0	-1
151839310	28197104	-1	2432000	690	0	0	25845
151848310	-1	-1	0	0	0	0	0
151857310	-1	-1	0	0	0	0	0
151864312	-1	-1	0	0	0	0	0
151871311	23188288	-1	2652160	915	0	0	1099
151880311	-1	-1	0	0	0	0	0
151888311	1002272	-1	631808	5043	0	0	5218
151896311	22262232	-1	364544	131	0	0	131
151905313	-1	-1	0	0	0	0	0
151914314	-1	-1	32768	261	0	0	2416
151917322	4161464	-1	2571264	4943	0	0	4943
151926313	-1	-1	0	0	0	0	0
151935315	-1	-1	0	0	0	0	0
151944318	-1	-1	0	0	0	0	0
151953318	-1	-1	32768	237	0	0	5289
151963310	2489192	-1	1815552	5835	0	0	5835
151970311	14806160	-1	951296	514	0	0	514
151977338	506608	-1	697344	11012	0	0	11012
151985311	-1	-1	32768	306	0	0	5371
151995311	-1	-1	0	0	0	0	10000
152005313	2794024	-1	2797516	8010	0	0	8010
152014310	-1	-1	0	0	0	0	0
152023311	5099848	-1	3077120	4827	0	0	4872
152033312	-1	-1	0	0	0	0	0
152043311	8894896	-1	1801216	1620	0	0	1620
152053310	-1	-1	0	0	0	0	0
152062310	19383888	-1	344064	142	0	0	5659
152072310	1347008	-1	1242112	7377	0	0	7377
152079312	-1	-1	0	0	0	0	0
152081310	-1	-1	0	0	0	0	0
152090315	4349272	-1	2145280	3946	0	0	4077
152099310	-1	-1	0	0	0	0	0
152109309	12315248	-1	1388544	902	0	0	902
152117310	-1	-1	0	0	0	0	0
152126309	4656208	-1	2212864	3802	0	0	3802
152136330	-1	-1	0	0	0	0	0
152144309	-1	-1	0	0	0	0	0
152152309	-1	-1	0	0	0	0	0
152161309	13933488	-1	1409024	809	0	0	5646
152164309	1614824	-1	982016	4865	0	0	4865
152172310	-1	-1	65536	167	0	0	5233
152181310	1371856	-1	1544192	9005	0	0	9005
152189310	3870864	-1	1681408	3475	0	0	3475
152194309	-1	-1	0	0	0	0	0
152203309	-1	-1	0	0	0	0	0
152211312	25576344	-1	968704	303	0	0	559
152216309	2413208	-1	1569792	5204	0	0	5204
152225310	-1	-1	0	0	0	0	0
152233341	20239056	-1	516096	204	0	0	5273
152241313	1321688	-1	1312768	7946	0	0	7946
152249311	2808568	-1	1439744	4101	0	0	4101
152259310	-1	-1	0	0	0	0	0
152268312	6584752	-1	2034688	2472	0	0	2472
152276309	-1	-1	0	0	0	0	0
152284309	-1	-1	0	0	0	0	0
152286311	-1	-1	0	0	0	0	0
152295311	4751504	-1	2074624	3493	0	0	3493
152304336	-1	-1	0	0	0	0	0
152313309	9884720	-1	2086912	1689	0	0	1689
152319309	-1	-1	0	0	0	0	0
152328315	-1	-1	0	0	0	0	0
152336309	-1	-1	0	0	0	0	0
152342310	21492992	-1	499712	186	0	0	5134
152349311	2695008	-1	2708480	8040	0	0	8040
152358309	-1	-1	0	0	0	0	0
152364309	-1	-1	0	0	0	0	0
152373310	14266688	-1	1997336	1120	0	0	1262
152376310	-1	-1	0	0	0	0	0
152385309	913008	-1	595968	5222	0	0	5354
152394309	2074848	-1	989184	3814	0	0	3814
152400310	2239768	-1	1157120	4133	0	0	4133
152409317	-1	-1	0	0	0	0	0
152414310	28001744	-1	385024	110	0	0	4878
152423312	15324688	-1	1555456	812	0	0	5974
152429309	26708376	-1	1782784	534	0	0	572
152434310	-1	-1	0	0	0	0	0
152443310	-1	-1	0	0	0	0	0
152447311	-1	-1	0	0	0	0	0
152453317	50214944	-1	2805760	447	0	0	604
152462309	-1	-1	0	0	0	0	0
152469309	-1	-1	0	0	0	0	0
152474309	-1	-1	0	0	0	0	0
152483314	50057912	-1	3960832	633	0	0	663
152492310	-1	-1	0	0	0	0	0
152501311	-1	-1	0	0	0	0	0
152510319	-1	-1	0	0	0	0	0
152519309	40878240	-1	2560000	501	0	0	619
152524311	-1	-1	0	0	0	0	0
152533314	-1	-1	0	0	0	0	0
152535309	-1	-1	0	0	0	0	0
152544311	45471536	-1	2745344	483	0	0	675
152550312	-1	-1	0	0	0	0	0
152559323	38489400	-1	1515520	315	0	0	434
152564314	-1	-1	0	0	0	0	0
152572311	39337352	-1	2556928	520	0	0	520
152581309	-1	-1	0	0	0	0	0
152590311	-1	-1	0	0	0	0	0
152595310	-1	-1	0	0	0	0	0
152602309	37743880	-1	1910784	405	0	0	405
152609309	-1	-1	0	0	0	0	0
152616309	36795040	-1	1366016	297	0	0	323
152620309	-1	-1	0	0	0	0	0
152629310	38799784	-1	1416192	292	0	0	326
152634310	-1	-1	0	0	0	0	0
152644309	6759832	-1	845824	1001	0	0	1001
152649311	-1	-1	0	0	0	0	0
152658317	40425208	-1	1702912	337	0	0	380
152668309	-1	-1	0	0	0	0	0
152676309	34673120	-1	1490944	344	0	0	380
152685309	-1	-1	0	0	0	0	0
152691314	39369904	-1	2002944	407	0	0	407
152700311	-1	-1	0	0	0	0	0
152707312	-1	-1	0	0	0	0	0
152716325	35797424	-1	2044928	457	0	0	611
152718309	-1	-1	0	0	0	0	0
152726310	-1	-1	0	0	0	0	0
152735310	34944576	-1	1935056	443	0	0	560
152744311	-1	-1	0	0	0	0	0
152752309	-1	-1	0	0	0	0	0
152755309	-1	-1	0	0	0	0	0
152764309	-1	-1	0	0	0	0	5826
152773309	2915920	-1	2396160	6574	0	0	6574
152781309	15942776	-1	1110016	557	0	0	653
152790310	8865120	-1	1267712	1144	0	0	1144
152794310	-1	-1	0	0	0	0	0
152801309	-1	-1	0	0	0	0	0
152810311	23679160	-1	1811456	612	0	0	612
152817309	25842040	-1	1776640	550	0	0	550
152821309	-1	-1	0	0	0	0	0
152830310	-1	-1	0	0	0	0	0
152838310	-1	-1	0	0	0	0	0
152844309	-1	-1	0	0	0	0	0
152854315	27581352	-1	2913280	845	0	0	845
152855317	-1	-1	0	0	0	0	0
152864311	-1	-1	0	0	0	0	0
152870314	-1	-1	0	0	0	0	0
152879310	11633816	-1	3032064	2085	0	0	2085
152886309	-1	-1	0	0	0	0	0
152895310	-1	-1	0	0	0	0	5045
152904309	2549072	-1	1806336	5669	0	0	5669
152913309	17038312	-1	1333248	626	0	0	626
152922310	-1	-1	0	0	0	0	0
152932309	-1	-1	0	0	0	0	0
152941310	21496560	-1	2587648	963	0	0	1007
152944310	-1	-1	0	0	0	0	0
152952310	-1	-1	0	0	0	0	0
152959329	1448368	-1	899072	4966	0	0	5039
152968309	6484224	-1	248832	307	0	0	307
152977311	-1	-1	0	0	0	0	0
152986309	3263120	-1	830464	2036	0	0	2931
152988310	9058312	-1	1220608	1078	0	0	1078
152997310	-1	-1	0	0	0	0	0
153005311	5484224	-1	1308672	1909	0	0	1964
153014309	-1	-1	0	0	0	0	0
153023309	5810072	-1	1438720	1981	0	0	1981
153032309	-1	-1	0	0	0	0	0
153041309	8123656	-1	1825792	1798	0	0	1798
153050314	-1	-1	0	0	0	0	0
153059309	1689792	-1	1063936	5037	0	0	5037
153068309	212232	-1	155648	5867	0	0	5867
153077310	-1	-1	32768	2186	0	0	5037
153083309	-1	-1	0	0	0	0	5999
153092309	20235248	-1	2878464	1138	0	0	2179
153101331	-1	-1	0	0	0	0	0
153107309	-1	-1	0	0	0	0	0
153116309	4570904	-1	1675808	2933	0	0	2933
153118310	-1	-1	0	0	0	0	0
153127310	14305432	-1	239616	134	0	0	294
153132310	29350144	-1	553984	151	0	0	151
153141309	18925312	-1	1296384	548	0	0	548
153146310	-1	-1	0	0	0	0	0
153154315	-1	-1	0	0	0	0	0
153163309	20411568	-1	1069056	419	0	0	441
153171310	-1	-1	0	0	0	0	0
153181309	-1	-1	0	0	0	0	0
153187311	-1	-1	0	0	0	0	0
153194310	25233840	-1	2081792	660	0	0	718
153199309	-1	-1	0	0	0	0	0
153206310	-1	-1	0	0	0	0	0
153215310	4464320	-1	924672	1657	0	0	1657
153218315	-1	-1	0	0	0	0	0
153227309	-1	-1	0	0	0	0	0
153236311	-1	-1	40960	4591	0	0	5724
153245309	-1	-1	0	0	0	0	8997
153254310	5968800	-1	1517568	2034	0	0	2034
153263309	-1	-1	0	0	0	0	0
153272309	16800928	-1	1526784	727	0	0	727
153278310	-1	-1	0	0	0	0	0
153287310	2865056	-1	1848320	5161	0	0	5161
153296309	-1	-1	0	0	0	0	0
153305310	17953496	-1	1921024	856	0	0	856
153310310	-1	-1	0	0	0	0	0
153319315	-1	-1	0	0	0	0	0
153323314	-1	-1	0	0	0	0	0
153332311	13514552	-1	2459648	1456	0	0	1456
153341310	-1	-1	0	0	0	0	0
153350309	10975288	-1	1352704	986	0	0	986
153357309	-1	-1	0	0	0	0	0
153367309	12097888	-1	1075200	711	0	0	711
153375309	-1	-1	0	0	0	0	0
153384309	-1	-1	0	0	0	0	0
153386309	-1	-1	0	0	0	0	0
153395309	16366808	-1	1949696	953	0	0	1018
153403309	-1	-1	0	0	0	0	0
153413309	-1	-1	0	0	0	0	0
153421309	-1	-1	0	0	0	0	1329
153425315	4250232	-1	2807808	5285	0	0	5285
153434312	50932872	-1	292864	46	0	0	46
153443310	-1	-1	0	0	0	0	0
153452311	-1	-1	0	0	0	0	0
153459309	-1	-1	32768	4448	0	0	4994
153468313	-1	-1	0	0	0	0	9003
153477310	13607768	-1	1884676	1108	0	0	1539
153486313	-1	-1	0	0	0	0	0
153496311	18503112	-1	1332224	576	0	0	576
153501309	-1	-1	0	0	0	0	0
153509310	-1	-1	0	0	0	0	0
153515309	-1	-1	0	0	0	0	0
153525310	31597712	-1	1824768	462	0	0	609
153532309	-1	-1	0	0	0	0	0
153542310	30245464	-1	1240064	328	0	0	328
153551310	-1	-1	0	0	0	0	0
153556319	-1	-1	0	0	0	0	0
153559311	-1	-1	0	0	0	0	0
153568310	34282488	-1	2039808	476	0	0	517
153577311	-1	-1	0	0	0	0	0
153586310	-1	-1	0	0	0	0	0
153595311	-1	-1	0	0	0	0	0
153604310	26586304	-1	1625088	489	0	0	523
153613310	-1	-1	0	0	0	0	0
153622314	28481488	-1	918528	258	0	0	364
153631310	-1	-1	0	0	0	0	0
153638309	28715424	-1	1015808	283	0	0	335
153647312	-1	-1	0	0	0	0	0
153657310	31259728	-1	1082368	277	0	0	326
153667309	-1	-1	0	0	0	0	0
153673309	-1	-1	0	0	0	0	0
153678310	-1	-1	0	0	0	0	0
153685309	35430400	-1	1417216	320	0	0	445
153694310	-1	-1	0	0	0	0	0
153703310	24677448	-1	996352	323	0	0	335
153712313	-1	-1	0	0	0	0	0
153721322	27852800	-1	905216	260	0	0	338
153730311	-1	-1	0	0	0	0	0
153740310	-1	-1	0	0	0	0	0
153743310	-1	-1	0	0	0	0	0
153752311	34091960	-1	1687552	396	0	0	541
153760310	-1	-1	0	0	0	0	0
153769309	23370248	-1	674816	231	0	0	343
153778309	-1	-1	0	0	0	0	0
153787310	28197464	-1	1156096	328	0	0	333
153795309	-1	-1	0	0	0	0	0
153804310	28919064	-1	1138688	315	0	0	361
153813309	30774056	-1	1311744	341	0	0	341
153818310	-1	-1	0	0	0	0	0
153826309	-1	-1	0	0	0	0	0
153836312	28508160	-1	1158144	325	0	0	368
153844324	-1	-1	0	0	0	0	0
153851310	1989808	-1	999380	4018	0	0	4018
153860309	-1	-1	0	0	0	0	0
153867310	-1	-1	0	0	0	0	0
153876309	26042472	-1	1582080	486	0	0	659
153880309	364792	-1	212992	4671	0	0	4671
153889317	20516904	-1	284672	111	0	0	111
153898309	-1	-1	0	0	0	0	0
153906312	-1	-1	0	0	0	0	0
153915310	16667600	-1	2106368	1011	0	0	1011
153925310	-1	-1	0	0	0	0	0
153934309	5367496	-1	1171456	1746	0	0	1746
153942309	-1	-1	0	0	0	0	0
153951310	2307160	-1	1353728	4694	0	0	4694
153959309	-1	-1	0	0	0	0	0
153968309	-1	-1	40960	2154	0	0	5314
153976337	1221696	-1	907264	5941	0	0	5941
153984310	17509528	-1	1545216	706	0	0	706
153990309	-1	-1	0	0	0	0	0
153999309	5569080	-1	1076224	1546	0	0	1546
154007309	-1	-1	0	0	0	0	0
154016309	-1	-1	0	0	0	0	0
154024311	2901648	-1	1755136	4839	0	0	4839
154033311	3053488	-1	1097728	2876	0	0	2931
154036342	-1	-1	43008	2641	0	0	2641
154045311	26834920	-1	1009664	301	0	0	333
154054309	-1	-1	111616	5154	0	0	5154
154063309	-1	-1	0	0	0	0	0
154065314	-1	-1	0	0	0	0	0
154074336	19026584	-1	884736	372	0	0	463
154076333	-1	-1	0	0	0	0	0
154085309	-1	-1	57344	118	0	0	4941
154094309	1793792	-1	1378304	6147	0	0	6147
154103310	3575648	-1	904192	2023	0	0	2023
154111309	-1	-1	0	0	0	0	0
154120309	6892264	-1	1542144	1790	0	0	1790
154129309	-1	-1	0	0	0	0	0
154136310	2542136	-1	1265664	3983	0	0	4019
154144335	-1	-1	0	0	0	0	0
154154309	-1	-1	0	0	0	0	0
154161309	-1	-1	0	0	0	0	0
154167330	1726152	-1	1039360	4817	0	0	5024
154176309	-1	-1	19456	434	0	0	434
154182309	3560488	-1	1647616	3702	0	0	3702
154192310	-1	-1	0	0	0	0	0
154201309	-1	-1	0	0	0	0	0
154203309	-1	-1	0	0	0	0	0
154212309	13889584	-1	1545216	890	0	0	1039
154221309	-1	-1	0	0	0	0	0
154228310	1783328	-1	1013376	4546	0	0	4546
154233310	-1	-1	0	0	0	0	0
154240310	21583064	-1	1432576	531	0	0	531
154246333	-1	-1	0	0	0	0	0
154256310	-1	-1	0	0	0	0	0
154263310	-1	-1	0	0	0	0	0
154271310	28699416	-1	2679808	747	0	0	931
154280309	-1	-1	0	0	0	0	0
154289310	2927120	-1	1220608	3336	0	0	-1
154294324	-1	-1	0	0	0	0	-1
154303320	17423808	-1	1269760	583	0	0	-1
154312311	-1	-1	0	0	0	0	-1
154321310	39577472	-1	1964032	397	0	0	-1
154330310	-1	-1	0	0	0	0	-1
154339311	32256000	-1	1677312	416	0	0	-1
154349312	-1	-1	0	0	0	0	-1
154357310	-1	-1	0	0	0	0	-1
154369056	34738584	-1	2527232	582	0	0	5878
154377042	-1	-1	0	0	0	0	0
154386042	-1	-1	0	0	0	0	0
154391049	-1	-1	0	0	0	0	0
154398043	-1	-1	0	0	0	0	0
154407040	-1	-1	40960	2218	0	0	5140
154416040	1789952	-1	307200	1373	0	0	8999
154423046	12401704	-1	2512896	1621	0	0	1621
154431047	-1	-1	0	0	0	0	0
154441047	-1	-1	0	0	0	0	5549
154451048	2630712	-1	2057216	6256	0	0	6256
154458042	-1	-1	0	0	0	0	4826
154465043	2201784	-1	1455104	5287	0	0	5287
154474042	-1	-1	0	0	0	0	0
154483043	25503928	-1	2786304	874	0	0	874
154487045	-1	-1	0	0	0	0	0
154496041	-1	-1	0	0	0	0	0
154499041	-1	-1	0	0	0	0	0
154508046	5737584	-1	368640	514	0	0	548
154513041	31276832	-1	1696768	434	0	0	503
154522040	-1	-1	0	0	0	0	0
154530042	4004408	-1	1002104	2002	0	0	2154
154538041	-1	-1	0	0	0	0	0
154547039	1886008	-1	1233920	5234	0	0	5234
154556041	-1	-1	0	0	0	0	0
154562041	1213880	-1	733184	4832	0	0	4950
154571043	11955456	-1	754688	505	0	0	505
154577041	-1	-1	0	0	0	0	5804
154585044	2054056	-1	1910784	7442	0	0	7442
154594046	-1	-1	0	0	0	0	0
154596047	-1	-1	0	0	0	0	0
154604046	15739152	-1	2024448	1029	0	0	1029
154607043	-1	-1	0	0	0	0	0
154614042	-1	-1	0	0	0	0	0
154621040	-1	-1	0	0	0	0	0
154629046	-1	-1	40960	5050	0	0	5635
154639042	-1	-1	0	0	0	0	9996
154640042	-1	-1	0	0	0	0	1000
154649043	13827456	-1	2304000	1333	0	0	1333
154658042	-1	-1	40960	1255	0	0	5147
154667043	1319296	-1	743424	4508	0	0	4508
154670039	-1	-1	0	0	0	0	0
154679039	16976616	-1	498688	235	0	0	1780
154683039	4817840	-1	1175552	1952	0	0	1952
154691040	-1	-1	0	0	0	0	0
154701039	-1	-1	40960	2804	0	0	5812
154710039	-1	-1	0	0	0	0	8999
154718040	794184	-1	204800	2063	0	0	8000
154728042	3009688	-1	2120704	5637	0	0	7745
154734041	502800	-1	143360	2281	0	0	2281
154743040	-1	-1	0	0	0	0	0
154753046	11824424	-1	953344	645	0	0	645
154756040	-1	-1	0	0	0	0	0
154765043	-1	-1	0	0	0	0	0
154766040	-1	-1	0	0	0	0	0
154775044	4567664	-1	1695744	2970	0	0	2970
154784040	-1	-1	0	0	0	0	0
154793039	1748192	-1	1095680	5014	0	0	5100
154802042	-1	-1	0	0	0	0	0
154811040	8933288	-1	1209344	1083	0	0	1083
154820040	-1	-1	0	0	0	0	0
154828041	1107152	-1	731136	5283	0	0	5368
154837041	-1	-1	0	0	0	0	0
154844041	4392072	-1	1055744	1923	0	0	1952
154853045	-1	-1	0	0	0	0	135
154858041	3297560	-1	1105920	2683	0	0	2683
154868040	21700664	-1	409600	151	0	0	1308
154872047	1013832	-1	165888	1309	0	0	1309
154882041	-1	-1	0	0	0	0	0
154892040	15947848	-1	920988	462	0	0	462
154901040	10261784	-1	964608	752	0	0	752
154903040	-1	-1	0	0	0	0	0
154912039	-1	-1	0	0	0	0	0
154921040	2462984	-1	515072	1673	0	0	1673
154930040	-1	-1	0	0	0	0	0
154939044	9422152	-1	713728	606	0	0	606
154948042	13824000	-1	580608	336	0	0	336
154951039	-1	-1	0	0	0	0	0
154960039	-1	-1	0	0	0	0	0
154969040	3102968	-1	731136	1885	0	0	1885
154978044	-1	-1	0	0	0	0	0
154986040	8508136	-1	633856	596	0	0	596
154991047	-1	-1	0	0	0	0	0
155000039	9562840	-1	592896	496	0	0	496
155009039	-1	-1	0	0	0	0	0
155018039	-1	-1	0	0	0	0	0
155024060	-1	-1	0	0	0	0	0
155033044	17863672	-1	1359872	609	0	0	609
155042046	-1	-1	0	0	0	0	0
155050049	18905760	-1	1297408	549	0	0	549
155059041	-1	-1	0	0	0	0	0
155068047	-1	-1	0	0	0	0	5380
155077044	-1	-1	40960	5414	0	0	8996
155085041	13413592	-1	1909760	1139	0	0	2218
155091040	-1	-1	0	0	0	0	0
155100040	-1	-1	0	0	0	0	0
155110040	24141376	-1	1876992	622	0	0	717
155113040	-1	-1	0	0	0	0	0
155122039	-1	-1	0	0	0	0	0
155131039	-1	-1	0	0	0	0	0
155140039	-1	-1	0	0	0	0	0
155146048	25656648	-1	1507328	470	0	0	627
155155039	-1	-1	0	0	0	0	0
155164040	23752680	-1	590848	199	0	0	219
155173040	-1	-1	0	0	0	0	0
155182042	22823480	-1	1146880	402	0	0	402
155191040	-1	-1	0	0	0	0	0
155200040	1687136	-1	744448	3530	0	0	3589
155209042	25931064	-1	1293312	399	0	0	453
155213053	-1	-1	0	0	0	0	0
155222044	-1	-1	0	0	0	0	0
155231049	-1	-1	0	0	0	0	0
155233040	-1	-1	0	0	0	0	0
155242040	18691824	-1	1252352	536	0	0	586
155251039	-1	-1	0	0	0	0	0
155260039	-1	-1	0	0	0	0	0
155269041	9060576	-1	1242432	1097	0	0	1097
155273039	-1	-1	0	0	0	0	0
155279042	-1	-1	0	0	0	0	0
155288040	-1	-1	0	0	0	0	0
155297039	-1	-1	0	0	0	0	0
155306039	-1	-1	32768	2576	0	0	5102
155314041	2198368	-1	2017280	7341	0	0	7341
155323040	-1	-1	0	0	0	0	0
155329040	-1	-1	0	0	0	0	0
155337045	-1	-1	32768	303	0	0	4960
155346042	2655520	-1	1748992	5269	0	0	5269
155348039	-1	-1	0	0	0	0	0
155357039	-1	-1	0	0	0	0	0
155366039	2620432	-1	746496	2279	0	0	2279
155371040	-1	-1	0	0	0	0	0
155380040	8486800	-1	2505728	2362	0	0	2362
155389039	-1	-1	0	0	0	0	0
155396039	4529848	-1	1454080	2568	0	0	2568
155401041	-1	-1	0	0	0	0	0
155410040	7732168	-1	2049024	2120	0	0	2120
155417039	-1	-1	0	0	0	0	0
155427040	-1	-1	0	0	0	0	0
155431040	-1	-1	0	0	0	0	0
155440041	26013736	-1	2575360	792	0	0	845
155449042	-1	-1	0	0	0	0	0
155450041	-1	-1	0	0	0	0	0
155459039	14585304	-1	1602560	879	0	0	879
155468041	-1	-1	0	0	0	0	0
155475040	4670696	-1	2093056	3585	0	0	3585
155484042	-1	-1	0	0	0	0	0
155493045	2022176	-1	1362944	5392	0	0	5392
155502039	-1	-1	0	0	0	0	0
155510044	-1	-1	32768	2169	0	0	5734
155519047	2462256	-1	2003968	6511	0	0	6511
155527043	2839448	-1	1131520	3188	0	0	3200
155535041	-1	-1	0	0	0	0	0
155544040	-1	-1	0	0	0	0	0
155546040	-1	-1	0	0	0	0	0
155554040	27229336	-1	1923072	565	0	0	667
155561041	-1	-1	0	0	0	0	0
155568041	21430144	-1	1374208	513	0	0	532
155573040	-1	-1	0	0	0	0	0
155582040	11422400	-1	1966080	1377	0	0	1377
155591040	-1	-1	0	0	0	0	0
155599040	18564384	-1	1220608	526	0	0	526
155605039	-1	-1	0	0	0	0	0
155614039	3047168	-1	1429504	3753	0	0	3753
155622040	-1	-1	0	0	0	0	0
155630040	-1	-1	0	0	0	0	0
155639045	-1	-1	0	0	0	0	0
155645040	3887688	-1	1791252	3686	0	0	3767
155654039	-1	-1	0	0	0	0	0
155663052	-1	-1	0	0	0	0	0
155664041	-1	-1	0	0	0	0	0
155673039	15537528	-1	1691648	871	0	0	871
155678039	-1	-1	0	0	0	0	0
155687040	-1	-1	32768	1569	0	0	5226
155696041	1449696	-1	1079296	5956	0	0	5956
155705047	4368120	-1	1577984	2890	0	0	2890
155706042	-1	-1	0	0	0	0	0
155715044	-1	-1	0	0	0	0	0
155721040	-1	-1	0	0	0	0	1893
155725039	-1	-1	32768	1938	0	0	3999
155734040	5110792	-1	2841600	4448	0	0	4448
155743041	-1	-1	0	0	0	0	0
155751045	43071816	-1	1900544	353	0	0	353
155756040	-1	-1	0	0	0	0	0
155764044	-1	-1	0	0	0	0	0
155773040	-1	-1	0	0	0	0	0
155782039	-1	-1	0	0	0	0	0
155789041	19650376	-1	2316288	943	0	0	960
155797042	-1	-1	0	0	0	0	0
155806040	-1	-1	0	0	0	0	0
155814061	-1	-1	0	0	0	0	0
155822040	9762712	-1	2304000	1888	0	0	1967
155832041	-1	-1	0	0	0	0	0
155840039	-1	-1	0	0	0	0	0
155842040	-1	-1	0	0	0	0	0
155851040	1935448	-1	1030144	4258	0	0	4258
155861039	-1	-1	0	0	0	0	0
155868042	4629768	-1	1252352	2164	0	0	2164
155873039	-1	-1	0	0	0	0	0
155883040	-1	-1	0	0	0	0	0
155890053	-1	-1	32768	518	0	0	2231
155893041	2868848	-1	1424384	3972	0	0	3972
155901040	-1	-1	0	0	0	0	0
155910041	-1	-1	0	0	0	0	5307
155918040	-1	-1	32768	5344	0	0	7998
155926039	13158016	-1	1750016	1064	0	0	3085
155931043	-1	-1	0	0	0	0	0
155940046	20572048	-1	1373184	534	0	0	540
155949051	-1	-1	0	0	0	0	0
155954048	-1	-1	0	0	0	0	0
155964042	32591096	-1	2452480	602	0	0	738
155969042	-1	-1	0	0	0	0	0
155976039	-1	-1	0	0	0	0	0
155983042	4499392	-1	1484800	2640	0	0	2640
155993041	-1	-1	0	0	0	0	0
156003039	35147096	-1	760056	173	0	0	351
156012039	1209392	-1	823296	5446	0	0	5446
156019040	3389168	-1	1914880	4520	0	0	4520
156028039	-1	-1	0	0	0	0	0
156038040	3680392	-1	1600512	3479	0	0	3479
156048039	-1	-1	0	0	0	0	0
156057040	5401104	-1	1438720	2131	0	0	2131
156065039	773296	-1	289792	2998	0	0	2998
156074041	2598016	-1	1290240	3973	0	0	3973
156083040	-1	-1	0	0	0	0	0
156092039	23507480	-1	1081344	368	0	0	368
156102039	-1	-1	0	0	0	0	0
156112039	13466304	-1	491520	292	0	0	5471
156121040	1808240	-1	1264640	5595	0	0	5595
156130045	-1	-1	0	0	0	0	0
156139040	-1	-1	0	0	0	0	0
156146041	-1	-1	32768	852	0	0	5389
156155039	2431184	-1	1573888	5179	0	0	5179
156163039	3035472	-1	1318912	3476	0	0	3476
156170039	1025360	-1	288768	2253	0	0	2253
156179039	3413984	-1	1335296	3129	0	0	3129
156189045	-1	-1	0	0	0	0	0
156197039	20497064	-1	1229824	480	0	0	480
156205040	-1	-1	0	0	0	0	0
156214040	-1	-1	0	0	0	0	0
156223039	-1	-1	0	0	0	0	3781
156225039	-1	-1	32768	3820	0	0	3820
156234061	16022248	-1	1405952	702	0	0	8840
156243042	26071632	-1	1570816	482	0	0	482
156252046	-1	-1	0	0	0	0	0
156261040	30068360	-1	992256	264	0	0	325
156270040	-1	-1	0	0	0	0	0
156278043	29041312	-1	885760	244	0	0	244
156285041	-1	-1	0	0	0	0	0
156294041	24126832	-1	1155072	383	0	0	383
156303042	-1	-1	0	0	0	0	0
156312039	27349464	-1	1090560	319	0	0	331
156319039	-1	-1	0	0	0	0	0
156327039	21230936	-1	636928	240	0	0	329
156336040	-1	-1	0	0	0	0	0
156342065	20539944	-1	526336	205	0	0	218
156349040	-1	-1	0	0	0	0	0
156357040	27104000	-1	867328	256	0	0	256
156365046	-1	-1	0	0	0	0	0
156374041	32311824	-1	553340	137	0	0	354
156383042	1794664	-1	625664	2789	0	0	2789
156391045	-1	-1	0	0	0	0	0
156398041	11093048	-1	2466816	1779	0	0	1779
156401044	-1	-1	0	0	0	0	0
156408041	-1	-1	0	0	0	0	0
156417039	-1	-1	0	0	0	0	0
156424039	-1	-1	0	0	0	0	0
156433041	4546072	-1	2156544	3795	0	0	3795
156442040	-1	-1	0	0	0	0	82
156447044	23835616	-1	1021952	343	0	0	343
156455039	-1	-1	49152	4771	0	0	4771
156464039	25573744	-1	997376	312	0	0	322
156473039	-1	-1	0	0	0	0	0
156482040	-1	-1	0	0	0	0	5369
156491040	1186176	-1	1463296	9869	0	0	9869
156500048	2139576	-1	1016832	3802	0	0	3802
156509041	-1	-1	0	0	0	0	0
156517040	4459648	-1	1714176	3075	0	0	3096
156526040	-1	-1	0	0	0	0	0
156535040	2750376	-1	1095680	3187	0	0	3187
156542040	685416	-1	212992	2486	0	0	2486
156551044	-1	-1	0	0	0	0	0
156558040	-1	-1	0	0	0	0	0
156567040	-1	-1	24576	232	0	0	5873
156575039	1622128	-1	2184192	10772	0	0	10772
156581040	-1	-1	0	0	0	0	0
156590039	-1	-1	0	0	0	0	0
156599040	9064384	-1	2862080	2526	0	0	2643
156608041	-1	-1	0	0	0	0	0
156618040	4245088	-1	1968128	3709	0	0	3725
156627040	-1	-1	0	0	0	0	0
156636041	10998192	-1	1938432	1410	0	0	1410
156645047	-1	-1	0	0	0	0	0
156655042	3652496	-1	1682432	3685	0	0	3685
156664040	-1	-1	0	0	0	0	0
156673040	1908272	-1	1223680	5130	0	0	5130
156682043	-1	-1	0	0	0	0	0
156690041	10142480	-1	1091584	861	0	0	861
156696052	-1	-1	0	0	0	0	0
156705039	9842936	-1	1446912	1176	0	0	1176
156709039	-1	-1	48128	4578	0	0	4578
156718039	22699192	-1	916480	323	0	0	324
156725042	-1	-1	0	0	0	0	0
156735042	2424144	-1	904508	2985	0	0	3063
156742040	-1	-1	0	0	0	0	0
156748042	-1	-1	0	0	0	0	4965
156756050	1730144	-1	1150976	5322	0	0	5322
156764042	3169224	-1	892928	2254	0	0	2292
156773042	-1	-1	0	0	0	0	0
156781039	-1	-1	0	0	0	0	5091
156790039	1614352	-1	1127424	5587	0	0	5587
156796039	13511480	-1	1040384	616	0	0	616
156804039	-1	-1	0	0	0	0	0
156810040	16359616	-1	687104	336	0	0	-1
156819041	-1	-1	0	0	0	0	-1
156827098	-1	-1	0	0	0	0	-1
156834041	2142312	-1	2535424	9468	0	0	-1
156842040	1564152	-1	263168	1346	0	0	-1
156851040	-1	-1	0	0	0	0	-1
156861039	5474864	-1	2209792	3229	0	0	-1
156864039	-1	-1	0	0	0	0	-1
156874041	-1	-1	0	0	0	0	-1
156894168	15398920	-1	3089408	1605	0	0	31273
156904166	-1	-1	0	0	0	0	0
156907170	-1	-1	0	0	0	0	0
156916181	9370304	-1	2223104	1898	0	0	1898
156925169	-1	-1	0	0	0	0	0
156932167	4541160	-1	934912	1647	0	0	1647
156941175	-1	-1	0	0	0	0	0
156947166	3340352	-1	925696	2217	0	0	2217
156956168	-1	-1	0	0	0	0	0
156965168	21356776	-1	835584	313	0	0	350
156974168	238688	-1	162816	5457	0	0	5457
156982185	-1	-1	0	0	0	0	0
156987175	-1	-1	0	0	0	0	0
156996167	12198632	-1	1677312	1100	0	0	1244
157005169	-1	-1	0	0	0	0	0
157014167	6020344	-1	1308672	1739	0	0	1739
157023167	636000	-1	257024	3233	0	0	3233
157032172	3227680	-1	1695744	4203	0	0	4203
157041167	-1	-1	0	0	0	0	0
157049169	2689536	-1	1027404	3056	0	0	3139
157058168	-1	-1	0	0	0	0	0
157066168	15668192	-1	1613824	824	0	0	824
157076167	-1	-1	0	0	0	0	0
157085190	26612808	-1	1217536	366	0	0	366
157094167	-1	-1	0	0	0	0	0
157103168	10835128	-1	1309696	967	0	0	967
157112174	-1	-1	0	0	0	0	0
157121167	23097744	-1	768000	266	0	0	266
157129171	-1	-1	0	0	0	0	0
157137165	-1	-1	40960	2273	0	0	4857
157144165	-1	-1	0	0	0	0	6999
157152165	1567976	-1	724992	3699	0	0	7999
157159165	2530816	-1	2130944	6736	0	0	6736
157168165	-1	-1	0	0	0	0	0
157177168	-1	-1	0	0	0	0	0
157185165	5133024	-1	1008640	1572	0	0	1572
157191321	-1	-1	0	0	0	0	0
157196165	-1	-1	0	0	0	0	0
157205165	-1	-1	0	0	0	0	0
157212178	6161008	-1	649216	843	0	0	5593
157220166	1039928	-1	668672	5144	0	0	5144
157228165	8169368	-1	739328	724	0	0	724
157238167	-1	-1	0	0	0	0	0
157244165	-1	-1	0	0	0	0	5172
157253176	-1	-1	40960	5225	0	0	9011
157262168	-1	-1	0	0	0	0	8991
157269169	2354432	-1	1142784	3883	0	0	6117
157277170	2494912	-1	1177600	3776	0	0	3776
157286166	-1	-1	0	0	0	0	0
157292166	20262992	-1	764928	302	0	0	315
157300166	-1	-1	0	0	0	0	0
157310165	2020488	-1	676864	2680	0	0	2680
157317172	17176776	-1	532480	248	0	0	320
157321166	3415600	-1	514048	1204	0	0	1204
157328167	-1	-1	0	0	0	0	0
157337165	4499080	-1	1908736	3394	0	0	3394
157346166	-1	-1	0	0	0	0	0
157355165	-1	-1	0	0	0	0	0
157363166	-1	-1	0	0	0	0	0
157369169	8877584	-1	1299456	1171	0	0	1171
157374166	-1	-1	0	0	0	0	0
157381165	13643872	-1	984064	577	0	0	643
157387165	-1	-1	0	0	0	0	0
157396166	-1	-1	0	0	0	0	0
157405168	3493936	-1	1660928	3803	0	0	3803
157406165	-1	-1	0	0	0	0	0
157415169	-1	-1	0	0	0	0	0
157423167	28521720	-1	563304	158	0	0	355
157431166	-1	-1	0	0	0	0	0
157440167	3020264	-1	1434624	3800	0	0	3800
157446165	-1	-1	0	0	0	0	0
157455166	12881376	-1	1144832	711	0	0	711
157462167	-1	-1	0	0	0	0	0
157470165	-1	-1	0	0	0	0	0
157473165	-1	-1	0	0	0	0	0
157482185	14732648	-1	931840	506	0	0	506
157487167	-1	-1	0	0	0	0	0
157496167	15307336	-1	669696	350	0	0	350
157505167	1444648	-1	1044480	5784	0	0	5784
157510166	9756224	-1	619520	508	0	0	508
157519165	-1	-1	0	0	0	0	0
157527167	8200784	-1	956416	933	0	0	946
157537165	-1	-1	0	0	0	0	0
157546166	8261352	-1	975872	945	0	0	945
157555168	-1	-1	0	0	0	0	0
157562173	5948704	-1	1154048	1552	0	0	1574
157569165	-1	-1	0	0	0	0	0
157575166	-1	-1	0	0	0	0	0
157584165	-1	-1	0	0	0	0	0
157590166	5027744	-1	2232320	3552	0	0	3601
157599168	1350120	-1	287744	1705	0	0	1705
157608174	-1	-1	0	0	0	0	0
157611167	-1	-1	0	0	0	0	0
157620165	5024816	-1	1060864	1689	0	0	1689
157622165	-1	-1	0	0	0	0	0
157631167	3193336	-1	1081344	2709	0	0	2709
157640168	-1	-1	0	0	0	0	0
157649166	-1	-1	0	0	0	0	0
157651170	-1	-1	0	0	0	0	0
157660167	4232840	-1	1662976	3143	0	0	3332
157669167	-1	-1	0	0	0	0	0
157678171	-1	-1	0	0	0	0	0
157687168	-1	-1	0	0	0	0	0
157696166	1800408	-1	1144832	5087	0	0	5274
157705167	1991288	-1	161792	650	0	0	650
157714165	16032416	-1	466944	233	0	0	335
157723166	-1	-1	0	0	0	0	0
157732166	9993080	-1	880640	705	0	0	762
157741166	-1	-1	0	0	0	0	0
157750165	-1	-1	0	0	0	0	0
157751165	-1	-1	0	0	0	0	0
157760165	6542008	-1	1502208	1837	0	0	1887
157766201	-1	-1	0	0	0	0	0
157773165	-1	-1	0	0	0	0	0
157781166	-1	-1	0	0	0	0	0
157789166	1145088	-1	468340	3272	0	0	3344
157795166	-1	-1	0	0	0	0	0
157804165	2597808	-1	1134592	3494	0	0	3494
157813167	-1	-1	0	0	0	0	0
157822166	1495032	-1	698368	3737	0	0	3737
157831197	-1	-1	0	0	0	0	0
157841165	4941024	-1	1293312	2094	0	0	2094
157851167	-1	-1	0	0	0	0	0
157857168	9418896	-1	1265664	1075	0	0	1075
157865167	-1	-1	0	0	0	0	0
157874177	-1	-1	0	0	0	0	0
157880165	-1	-1	0	0	0	0	0
157889171	-1	-1	32768	4164	0	0	5112
157895165	-1	-1	0	0	0	0	5994
157904166	2809608	-1	801792	2283	0	0	9000
157913165	2527424	-1	2075648	6570	0	0	6570
157922165	-1	-1	0	0	0	0	0
157931166	-1	-1	0	0	0	0	0
157940166	6556312	-1	1485824	1813	0	0	1813
157949169	-1	-1	0	0	0	0	0
157958167	-1	-1	0	0	0	0	0
157967165	-1	-1	0	0	0	0	0
157976165	6789048	-1	1139712	1343	0	0	1343
157985165	-1	-1	0	0	0	0	0
157992171	18022400	-1	675840	300	0	0	328
158001166	-1	-1	0	0	0	0	0
158011165	3337480	-1	1047552	2511	0	0	2519
158020169	-1	-1	0	0	0	0	0
158029165	4236496	-1	602112	1137	0	0	1159
158038167	-1	-1	0	0	0	0	0
158047166	11342768	-1	423936	299	0	0	316
158056165	-1	-1	0	0	0	0	0
158063166	-1	-1	0	0	0	0	0
158072166	6080312	-1	928768	1222	0	0	1322
158074165	-1	-1	0	0	0	0	0
158083166	-1	-1	0	0	0	0	0
158086165	-1	-1	0	0	0	0	0
158095167	-1	-1	0	0	0	0	0
158104170	9030984	-1	1168384	1035	0	0	1117
158111166	-1	-1	0	0	0	0	0
158120168	-1	-1	0	0	0	0	0
158126165	-1	-1	0	0	0	0	0
158136169	5230520	-1	502784	769	0	0	839
158145165	13712696	-1	473088	276	0	0	317
158147165	-1	-1	0	0	0	0	0
158156166	-1	-1	0	0	0	0	0
158163173	8527008	-1	240888	226	0	0	451
158171169	379352	-1	242688	5118	0	0	5118
158180166	-1	-1	32768	1463	0	0	5402
158189168	4330192	-1	463872	857	0	0	7032
158198186	16124528	-1	445440	221	0	0	221
158207165	-1	-1	0	0	0	0	0
158216165	17070616	-1	738304	346	0	0	433
158225165	-1	-1	0	0	0	0	0
158234166	-1	-1	40960	1491	0	0	5397
158243167	459208	-1	472064	8224	0	0	8224
158252167	-1	-1	0	0	0	0	0
158261191	21708800	-1	379904	140	0	0	149
158266167	24970792	-1	777216	249	0	0	345
158275165	-1	-1	0	0	0	0	0
158281165	-1	-1	0	0	0	0	0
158290167	-1	-1	0	0	0	0	0
158299165	20210200	-1	1265664	501	0	0	627
158308167	-1	-1	0	0	0	0	0
158317169	-1	-1	0	0	0	0	0
158325167	12632928	-1	300032	190	0	0	219
158328177	-1	-1	0	0	0	0	0
158337166	-1	-1	0	0	0	0	0
158343169	24342456	-1	1387520	456	0	0	456
158351165	-1	-1	0	0	0	0	0
158358169	26916568	-1	942080	280	0	0	342
158367165	-1	-1	0	0	0	0	0
158377165	22316136	-1	970752	348	0	0	348
158383165	-1	-1	0	0	0	0	0
158392165	-1	-1	0	0	0	0	0
158393166	-1	-1	0	0	0	0	0
158402175	32950048	-1	1297408	315	0	0	329
158404167	-1	-1	0	0	0	0	0
158413166	20872432	-1	871424	334	0	0	334
158422167	-1	-1	0	0	0	0	0
158428166	29723672	-1	1099776	296	0	0	327
158437166	-1	-1	0	0	0	0	0
158446165	-1	-1	0	0	0	0	0
158455165	37919672	-1	2298880	485	0	0	485
158458165	-1	-1	0	0	0	0	0
158467165	-1	-1	0	0	0	0	0
158476165	-1	-1	0	0	0	0	0
158485168	-1	-1	0	0	0	0	0
158491170	28012552	-1	1544192	441	0	0	524
158501165	-1	-1	0	0	0	0	0
158509166	30071576	-1	1199104	319	0	0	331
158516165	-1	-1	0	0	0	0	0
158526166	17300584	-1	927744	429	0	0	532
158535165	-1	-1	0	0	0	0	0
158541165	1916856	-1	1065532	4447	0	0	4447
158547165	-1	-1	0	0	0	0	0
158556166	-1	-1	0	0	0	0	5154
158561165	1740288	-1	1269760	5837	0	0	5837
158570165	1241696	-1	641024	4130	0	0	4130
158579166	-1	-1	0	0	0	0	0
158586177	699080	-1	595968	6820	0	0	6820
158592170	36571432	-1	256000	56	0	0	56
158598179	-1	-1	0	0	0	0	0
158604167	8459264	-1	1393664	1318	0	0	1318
158607166	-1	-1	0	0	0	0	0
158616166	-1	-1	0	0	0	0	0
158625167	16040280	-1	286720	143	0	0	5744
158634165	-1	-1	40960	5656	0	0	8998
158644168	5154840	-1	3484672	5408	0	0	6038
158652167	-1	-1	0	0	0	0	0
158661165	-1	-1	0	0	0	0	0
158663165	-1	-1	0	0	0	0	0
158672165	-1	-1	0	0	0	0	0
158677171	-1	-1	0	0	0	0	0
158685171	5103648	-1	1758208	2756	0	0	2756
158694166	14115240	-1	1063936	603	0	0	603
158698165	-1	-1	0	0	0	0	0
158707166	-1	-1	0	0	0	0	0
158715167	-1	-1	0	0	0	0	0
158718167	-1	-1	0	0	0	0	0
158727170	16483296	-1	2039808	990	0	0	1094
158736166	-1	-1	0	0	0	0	0
158740167	-1	-1	0	0	0	0	0
158749171	-1	-1	0	0	0	0	868
158754166	10286232	-1	2107392	1639	0	0	1639
158763169	848112	-1	453632	4279	0	0	4279
158770165	8997568	-1	1486848	1322	0	0	1369
158779165	-1	-1	0	0	0	0	0
158788167	-1	-1	0	0	0	0	0
158797165	-1	-1	0	0	0	0	0
158805165	7070288	-1	1852416	2096	0	0	2229
158811165	-1	-1	0	0	0	0	0
158819169	4066232	-1	909312	1789	0	0	1860
158828165	-1	-1	0	0	0	0	0
158837166	2628848	-1	1612800	4908	0	0	4908
158846166	3400648	-1	343040	807	0	0	807
158855167	-1	-1	0	0	0	0	0
158864166	17332272	-1	673792	311	0	0	4329
158865165	2362776	-1	1229824	4164	0	0	4164
158874177	-1	-1	0	0	0	0	0
158883165	-1	-1	0	0	0	0	0
158891168	-1	-1	0	0	0	0	0
158897168	21500848	-1	873472	325	0	0	5880
158906165	1886912	-1	1579344	6696	0	0	6696
158912180	-1	-1	0	0	0	0	5568
158921167	-1	-1	40960	5619	0	0	8987
158929165	4692400	-1	2743296	4677	0	0	5675
158938166	-1	-1	0	0	0	0	0
158947165	-1	-1	0	0	0	0	0
158956166	9554528	-1	581632	487	0	0	4197
158957180	1602440	-1	930816	4647	0	0	4647
158966166	84440616	-1	137216	13	0	0	98
158975168	-1	-1	0	0	0	0	5038
158980165	2120512	-1	1661952	6270	0	0	6270
158989167	-1	-1	0	0	0	0	0
158993165	-1	-1	0	0	0	0	0
159002165	2742616	-1	940032	2742	0	0	5531
159011175	5313664	-1	2272256	3421	0	0	3421
159014180	-1	-1	0	0	0	0	0
159024165	-1	-1	0	0	0	0	0
159031171	10290096	-1	893952	695	0	0	738
159036170	-1	-1	40960	5049	0	0	5049
159045168	422488	-1	204800	3878	0	0	3878
159054168	12193584	-1	1388544	911	0	0	911
159063166	8052488	-1	1477632	1468	0	0	1468
159072205	-1	-1	0	0	0	0	0
159081166	10181704	-1	1341440	1054	0	0	1054
159090165	-1	-1	0	0	0	0	0
159099166	1761528	-1	823296	3739	0	0	3739
159108166	3137240	-1	547840	1397	0	0	1397
159112166	67025456	-1	276480	33	0	0	33
159119177	-1	-1	0	0	0	0	0
159126173	7374432	-1	923648	1002	0	0	1002
159135166	-1	-1	0	0	0	0	0
159144166	3532512	-1	930816	2108	0	0	2108
159153166	-1	-1	0	0	0	0	0
159162166	14843064	-1	1154048	622	0	0	622
159164166	-1	-1	0	0	0	0	0
159173186	-1	-1	0	0	0	0	0
159177166	-1	-1	0	0	0	0	0
159186165	3894856	-1	1090560	2240	0	0	2240
159188165	-1	-1	0	0	0	0	0
159196165	17156312	-1	636928	297	0	0	332
159205165	-1	-1	0	0	0	0	0
159213165	2808688	-1	1044480	2975	0	0	3024
159221167	-1	-1	0	0	0	0	0
159230166	4981360	-1	524288	842	0	0	842
159238170	-1	-1	0	0	0	0	0
159248165	3383248	-1	930816	2201	0	0	2201
159256170	-1	-1	0	0	0	0	0
159264166	-1	-1	0	0	0	0	0
159273165	6556544	-1	926112	1130	0	0	1253
159277165	-1	-1	0	0	0	0	0
159285200	-1	-1	0	0	0	0	0
159294166	4275344	-1	756736	1416	0	0	1435
159299166	-1	-1	0	0	0	0	0
159308167	-1	-1	0	0	0	0	0
159311167	-1	-1	0	0	0	0	0
159319166	2673144	-1	840704	2516	0	0	2516
159325166	-1	-1	0	0	0	0	0
159332166	-1	-1	0	0	0	0	0
159335165	-1	-1	0	0	0	0	0
159341165	13034008	-1	474112	291	0	0	-1
159350166	-1	-1	0	0	0	0	-1
159356165	2550480	-1	1029120	3228	0	0	-1
159365165	-1	-1	0	0	0	0	-1
159374167	13082744	-1	3067904	1876	0	0	-1
159381171	-1	-1	0	0	0	0	-1
159389166	-1	-1	0	0	0	0	-1
159399168	25767560	-1	1417216	440	0	0	-1
159401166	-1	-1	0	0	0	0	-1
159415796	21807272	-1	1564672	574	0	0	33036
159424794	40830312	-1	1934336	379	0	0	439
159432794	-1	-1	0	0	0	0	0
159442804	48971296	-1	832512	136	0	0	328
159452793	1531664	-1	1040384	5434	0	0	5434
159461795	27558176	-1	785408	228	0	0	259
159469794	24104776	-1	680960	226	0	0	347
159474794	-1	-1	0	0	0	0	0
159483794	-1	-1	0	0	0	0	0
159492793	-1	-1	0	0	0	0	0
159501803	902536	-1	320512	2841	0	0	2883
159504794	23148352	-1	1394688	482	0	0	507
159514793	-1	-1	0	0	0	0	0
159523794	-1	-1	0	0	0	0	0
159527793	-1	-1	0	0	0	0	0
159536793	22450512	-1	1557504	555	0	0	718
159545794	-1	-1	0	0	0	0	0
159555793	21078296	-1	703488	267	0	0	374
159565794	-1	-1	0	0	0	0	0
159572794	18450448	-1	1024000	444	0	0	460
159581795	-1	-1	0	0	0	0	0
159590796	-1	-1	0	0	0	0	0
159595796	-1	-1	40960	195	0	0	572
159600794	9540048	-1	942080	790	0	0	790
159609794	-1	-1	0	0	0	0	0
159618794	-1	-1	0	0	0	0	0
159626795	8192000	-1	955392	933	0	0	1102
159629795	-1	-1	0	0	0	0	0
159638794	21577144	-1	604160	224	0	0	366
159639794	-1	-1	0	0	0	0	0
159648798	-1	-1	0	0	0	0	0
159657795	16426008	-1	400384	195	0	0	272
159666793	-1	-1	0	0	0	0	0
159675793	17106160	-1	776192	363	0	0	363
159683833	-1	-1	0	0	0	0	0
159689794	21452592	-1	504136	188	0	0	274
159698796	-1	-1	0	0	0	0	0
159706799	-1	-1	40960	3320	0	0	5181
159715797	-1	-1	0	0	0	0	8998
159724794	-1	-1	0	0	0	0	8997
159727797	5960544	-1	815104	1094	0	0	1245
159736794	5629896	-1	171008	243	0	0	317
159745799	341792	-1	224256	5249	0	0	5249
159754817	10589152	-1	520192	393	0	0	425
159763793	-1	-1	0	0	0	0	0
159772796	3801984	-1	768000	1616	0	0	1635
159781795	-1	-1	0	0	0	0	0
159790796	-1	-1	0	0	0	0	0
159797792	10464000	-1	334848	256	0	0	334
159802792	5590624	-1	856064	1225	0	0	1235
159807791	-1	-1	0	0	0	0	0
159816800	-1	-1	0	0	0	0	0
159825792	-1	-1	0	0	0	0	0
159834792	4890976	-1	661504	1082	0	0	1082
159838792	-1	-1	0	0	0	0	0
159845792	19105408	-1	704512	295	0	0	328
159854792	-1	-1	0	0	0	0	0
159861799	1962416	-1	504832	2058	0	0	2059
159871792	-1	-1	0	0	0	0	0
159880796	1255336	-1	557056	3550	0	0	3550
159887797	-1	-1	0	0	0	0	0
159896793	-1	-1	122880	125	0	0	5416
159905792	1046416	-1	722944	5527	0	0	5527
159914792	18204448	-1	327680	144	0	0	5599
159923811	1456960	-1	1039360	5707	0	0	5707
159930792	2031088	-1	1045504	4118	0	0	4140
159940793	5400000	-1	691200	1024	0	0	1024
159950792	-1	-1	0	0	0	0	0
159957792	-1	-1	0	0	0	0	0
159966830	4473952	-1	2460672	4400	0	0	4514
159972793	5685792	-1	1305600	1837	0	0	1837
159976793	-1	-1	0	0	0	0	0
159985793	-1	-1	0	0	0	0	0
159994792	-1	-1	0	0	0	0	0
159999792	-1	-1	0	0	0	0	0
160008794	9715840	-1	2709504	2231	0	0	2277
160017792	-1	-1	0	0	0	0	0
160026794	-1	-1	0	0	0	0	0
160034792	-1	-1	0	0	0	0	0
160043792	6691344	-1	1223680	1463	0	0	5427
160049792	2428088	-1	1221632	4025	0	0	4025
160058795	19002688	-1	1144912	482	0	0	536
160068793	-1	-1	0	0	0	0	0
160076796	1823408	-1	839680	3684	0	0	3734
160085792	-1	-1	0	0	0	0	0
160094792	12155872	-1	188416	124	0	0	4939
160096792	1077984	-1	674816	5008	0	0	5008
160105792	-1	-1	0	0	0	0	0
160107792	-1	-1	0	0	0	0	0
160116792	22497432	-1	376832	134	0	0	5033
160125792	1833960	-1	1234944	5387	0	0	5387
160134792	-1	-1	0	0	0	0	0
160138793	-1	-1	0	0	0	0	0
160146794	9141400	-1	1035264	906	0	0	1050
160154792	-1	-1	0	0	0	0	0
160161792	15295552	-1	1093632	572	0	0	572
160170792	-1	-1	0	0	0	0	0
160179792	2823168	-1	1562624	4428	0	0	4440
160188793	-1	-1	0	0	0	0	0
160197792	-1	-1	0	0	0	0	0
160202797	-1	-1	0	0	0	0	0
160210793	7020472	-1	828416	944	0	0	944
160219793	26214400	-1	540672	165	0	0	3943
160220794	1272848	-1	631808	3971	0	0	3971
160229792	-1	-1	0	0	0	0	0
160235793	-1	-1	0	0	0	0	0
160244792	7591856	-1	1813504	1911	0	0	1911
160246792	-1	-1	0	0	0	0	0
160255793	-1	-1	0	0	0	0	0
160263793	-1	-1	0	0	0	0	0
160268793	-1	-1	0	0	0	0	0
160274801	17106088	-1	703488	329	0	0	333
160283793	463384	-1	286720	4950	0	0	4950
160292793	14442768	-1	761856	422	0	0	422
160301793	397784	-1	239616	4819	0	0	4819
160310793	19980488	-1	716800	287	0	0	351
160320792	-1	-1	0	0	0	0	0
160328796	8697232	-1	740352	681	0	0	681
160338794	-1	-1	0	0	0	0	0
160345792	10596424	-1	1408000	1063	0	0	1064
160353810	-1	-1	0	0	0	0	0
160358794	-1	-1	0	0	0	0	0
160366792	-1	-1	0	0	0	0	0
160375792	8158344	-1	1985536	1947	0	0	2036
160384792	-1	-1	0	0	0	0	0
160392792	7683528	-1	139264	145	0	0	5822
160399792	1080016	-1	794624	5886	0	0	5886
160408792	5576712	-1	1781760	2556	0	0	2556
160418792	-1	-1	0	0	0	0	0
160427804	-1	-1	0	0	0	0	0
160436811	21639248	-1	573440	212	0	0	223
160441792	1387976	-1	416392	2400	0	0	2679
160446793	1445648	-1	451584	2499	0	0	2499
160455792	16742776	-1	573440	274	0	0	5210
160464793	1632064	-1	1054720	5170	0	0	5170
160471792	-1	-1	0	0	0	0	5500
160475794	1452088	-1	1045504	5760	0	0	5760
160484792	2597288	-1	1881088	5794	0	0	5794
160494792	-1	-1	0	0	0	0	0
160503792	-1	-1	0	0	0	0	0
160507792	11435816	-1	212992	149	0	0	222
160512793	10012448	-1	1351680	1080	0	0	1080
160521792	-1	-1	0	0	0	0	0
160530792	-1	-1	0	0	0	0	0
160534794	-1	-1	0	0	0	0	0
160541792	6229136	-1	1985536	2550	0	0	2671
160551792	-1	-1	0	0	0	0	0
160559792	2318368	-1	1420288	4901	0	0	4901
160567792	-1	-1	0	0	0	0	0
160576793	15448696	-1	490496	254	0	0	335
160585792	-1	-1	74752	5544	0	0	5544
160594793	25347328	-1	975872	308	0	0	506
160604792	475048	-1	322560	5432	0	0	5432
160612792	6723472	-1	867328	1032	0	0	1032
160622792	-1	-1	0	0	0	0	0
160631798	2930336	-1	926720	2530	0	0	2530
160641803	25788632	-1	979968	304	0	0	316
160645792	-1	-1	0	0	0	0	0
160652792	-1	-1	0	0	0	0	0
160661792	-1	-1	0	0	0	0	0
160669793	-1	-1	49152	146	0	0	169
160674792	2092640	-1	1116160	4267	0	0	4267
160682792	-1	-1	0	0	0	0	0
160691792	21315104	-1	823296	309	0	0	327
160700793	-1	-1	0	0	0	0	0
160709793	-1	-1	0	0	0	0	0
160718792	-1	-1	24576	192	0	0	4287
160719793	2241744	-1	1324032	4725	0	0	4725
160728792	-1	-1	0	0	0	0	0
160735792	8432944	-1	931840	884	0	0	884
160740792	-1	-1	0	0	0	0	0
160749792	-1	-1	0	0	0	0	0
160757793	-1	-1	0	0	0	0	0
160763792	4745912	-1	1693696	2855	0	0	2874
160773793	-1	-1	0	0	0	0	0
160781797	1750480	-1	1215488	5555	0	0	5556
160790792	-1	-1	0	0	0	0	0
160799812	1374144	-1	974784	5675	0	0	5720
160808792	-1	-1	0	0	0	0	0
160817793	-1	-1	0	0	0	0	5724
160824802	1545664	-1	204800	1060	0	0	7008
160829792	2502640	-1	910336	2910	0	0	2910
160838792	11063304	-1	966656	699	0	0	699
160842793	-1	-1	0	0	0	0	0
160850792	-1	-1	0	0	0	0	0
160859792	1950624	-1	635904	2608	0	0	2608
160867808	-1	-1	0	0	0	0	0
160877795	-1	-1	0	0	0	0	5597
160885792	-1	-1	40960	5638	0	0	7997
160891792	-1	-1	0	0	0	0	5999
160898792	726424	-1	376832	4150	0	0	7000
160902792	1496096	-1	1341440	7173	0	0	7173
160909792	-1	-1	0	0	0	0	0
160917794	17411776	-1	589824	271	0	0	319
160923792	-1	-1	0	0	0	0	0
160932792	-1	-1	0	0	0	0	0
160937793	-1	-1	0	0	0	0	0
160943792	2001400	-1	1209344	4834	0	0	5034
160951793	-1	-1	66560	1082	0	0	1082
160960802	14229808	-1	480256	270	0	0	320
160968792	-1	-1	0	0	0	0	0
160977792	12481776	-1	956416	613	0	0	613
160985792	-1	-1	0	0	0	0	0
160993795	-1	-1	0	0	0	0	0
161003793	15975760	-1	601088	301	0	0	1433
161007792	4152288	-1	642048	1237	0	0	1237
161017792	-1	-1	0	0	0	0	0
161025792	-1	-1	0	0	0	0	0
161029792	-1	-1	0	0	0	0	0
161036792	5585456	-1	706560	1012	0	0	1012
161044792	-1	-1	0	0	0	0	0
161052792	-1	-1	0	0	0	0	0
161060792	11632312	-1	2170880	1493	0	0	1493
161062801	-1	-1	0	0	0	0	0
161071792	-1	-1	0	0	0	0	0
161080792	-1	-1	0	0	0	0	0
161085792	-1	-1	0	0	0	0	0
161094792	12437744	-1	2168832	1395	0	0	1395
161104798	-1	-1	0	0	0	0	0
161114792	-1	-1	0	0	0	0	0
161122792	-1	-1	0	0	0	0	0
161129793	12851672	-1	1926144	1199	0	0	1199
161134793	-1	-1	0	0	0	0	0
161141794	2748416	-1	1268736	3693	0	0	3697
161150792	-1	-1	0	0	0	0	0
161159792	-1	-1	0	0	0	0	0
161167815	11506912	-1	1287336	895	0	0	895
161171793	-1	-1	0	0	0	0	0
161180792	1512544	-1	689152	3645	0	0	3645
161182792	28113456	-1	309248	88	0	0	88
161191792	-1	-1	0	0	0	0	0
161200793	14609936	-1	573440	314	0	0	339
161209793	-1	-1	67584	5530	0	0	5530
161218794	-1	-1	0	0	0	0	0
161224798	-1	-1	0	0	0	0	0
161230793	20094280	-1	1680384	669	0	0	721
161239794	-1	-1	0	0	0	0	0
161248793	8799752	-1	711680	647	0	0	660
161257793	-1	-1	0	0	0	0	0
161266792	11612712	-1	1074176	740	0	0	740
161274792	-1	-1	0	0	0	0	0
161283792	-1	-1	0	0	0	0	0
161289796	-1	-1	0	0	0	0	0
161297795	15333744	-1	672768	351	0	0	5569
161304792	1225600	-1	823296	5374	0	0	5374
161313792	-1	-1	0	0	0	0	0
161319793	-1	-1	0	0	0	0	0
161326792	9113968	-1	1589248	1395	0	0	1395
161334793	-1	-1	0	0	0	0	0
161341792	20235680	-1	720896	285	0	0	325
161347793	453256	-1	306176	5404	0	0	5404
161356792	6015248	-1	897024	1193	0	0	1193
161365794	-1	-1	0	0	0	0	0
161374796	1877568	-1	1020928	4350	0	0	4350
161383794	-1	-1	0	0	0	0	0
161392792	21258368	-1	852992	321	0	0	321
161401792	-1	-1	0	0	0	0	0
161410792	4292368	-1	1107968	2065	0	0	2065
161419792	-1	-1	0	0	0	0	0
161428793	11178816	-1	789504	565	0	0	565
161435793	-1	-1	0	0	0	0	0
161444792	16019912	-1	270336	135	0	0	5124
161453792	992728	-1	1129472	9102	0	0	9102
161462793	18344048	-1	747520	326	0	0	326
161471792	-1	-1	0	0	0	0	0
161480792	9483208	-1	676864	571	0	0	644
161483792	-1	-1	0	0	0	0	0
161492792	-1	-1	0	0	0	0	0
161495792	-1	-1	0	0	0	0	0
161504792	1257168	-1	757760	4822	0	0	4822
161511792	-1	-1	0	0	0	0	0
161520792	12499648	-1	514048	329	0	0	329
161523792	-1	-1	0	0	0	0	0
161531795	9697656	-1	818240	675	0	0	675
161540793	-1	-1	0	0	0	0	0
161549793	-1	-1	24576	3900	0	0	4903
161558793	-1	-1	0	0	0	0	8999
161562793	2973504	-1	204800	551	0	0	4000
161571793	-1	-1	0	0	0	0	9000
161580795	-1	-1	0	0	0	0	9001
161585793	1529176	-1	315392	1650	0	0	4998
161594802	2453072	-1	1110016	3620	0	0	9009
161601792	24517624	-1	1290240	421	0	0	421
161610795	-1	-1	0	0	0	0	5150
161619793	-1	-1	40960	5186	0	0	8998
161628793	1247760	-1	697344	4471	0	0	8999
161636794	2174632	-1	1019904	3752	0	0	3752
161643793	-1	-1	0	0	0	0	0
161652793	-1	-1	0	0	0	0	0
161662797	-1	-1	32768	209	0	0	5846
161670793	1290760	-1	1101824	6829	0	0	6829
161676793	20747960	-1	832512	321	0	0	321
161680793	-1	-1	0	0	0	0	0
161689794	-1	-1	0	0	0	0	0
161699798	7250320	-1	1206272	1331	0	0	1408
161703792	6542088	-1	349184	427	0	0	427
161713792	-1	-1	0	0	0	0	0
161719792	-1	-1	0	0	0	0	0
161723792	-1	-1	0	0	0	0	0
161732792	8271768	-1	1061888	1027	0	0	1027
161738794	-1	-1	0	0	0	0	0
161747792	2562496	-1	722944	2257	0	0	2257
161754796	-1	-1	0	0	0	0	0
161764793	19984304	-1	784384	314	0	0	354
161772794	-1	-1	0	0	0	0	0
161778792	-1	-1	0	0	0	0	0
161788793	11550280	-1	1074176	744	0	0	858
161789793	-1	-1	0	0	0	0	0
161798792	14628568	-1	204800	112	0	0	705
161803793	5656136	-1	555008	785	0	0	785
161812793	-1	-1	0	0	0	0	0
161821795	5392720	-1	1475584	2189	0	0	2192
161828792	-1	-1	0	0	0	0	0
161837792	-1	-1	0	0	0	0	0
161843792	-1	-1	0	0	0	0	0
161849792	13299808	-1	1117184	672	0	0	725
161857793	243360	-1	133120	4376	0	0	4376
161860792	-1	-1	0	0	0	0	0
161869799	-1	-1	0	0	0	0	0
161875793	4736480	-1	3017728	5097	0	0	5097
161884794	-1	-1	116736	307	0	0	307
161894793	-1	-1	0	0	0	0	0
161902792	-1	-1	0	0	0	0	0
161911792	8487320	-1	162320	153	0	0	5706
161917792	10420120	-1	799744	614	0	0	5541
161925799	6492184	-1	606208	747	0	0	747
161935792	20066856	-1	870400	347	0	0	382
161940792	20729320	-1	893952	345	0	0	345
161949792	-1	-1	0	0	0	0	0
161959792	-1	-1	0	0	0	0	0
161968792	6313384	-1	1049600	1330	0	0	1330
161971793	-1	-1	0	0	0	0	0
161975793	-1	-1	0	0	0	0	0
161982792	2319200	-1	698368	2409	0	0	2450
161992794	-1	-1	0	0	0	0	0
161999792	30720000	-1	2319360	604	0	0	604
162009793	-1	-1	0	0	0	0	0
162019793	-1	-1	0	0	0	0	0
162028796	-1	-1	0	0	0	0	0
162035796	-1	-1	40960	1393	0	0	5379
162045797	1296600	-1	1139712	7032	0	0	7032
162050793	19275296	-1	1597440	663	0	0	663
162059792	-1	-1	0	0	0	0	0
162065792	28679408	-1	1982464	553	0	0	553
162074792	-1	-1	0	0	0	0	0
162083792	28708768	-1	1998848	557	0	0	557
162092792	-1	-1	0	0	0	0	0
162101792	22852760	-1	1765376	618	0	0	618
162108792	-1	-1	0	0	0	0	0
162117793	19883336	-1	1262592	508	0	0	508
162124792	-1	-1	0	0	0	0	0
162133792	-1	-1	0	0	0	0	0
162136792	-1	-1	0	0	0	0	0
162208126	15241040	-1	3427328	1799	0	0	28541
162218127	-1	-1	0	0	0	0	0
162225126	2225208	-1	1038336	3733	0	0	3733
162234127	-1	-1	0	0	0	0	0
162243134	18553312	-1	665600	287	0	0	337
162251133	-1	-1	0	0	0	0	0
162260137	2420800	-1	909312	3005	0	0	3029
162267126	14283488	-1	278528	156	0	0	510
162272126	5465232	-1	478208	700	0	0	700
162281126	-1	-1	0	0	0	0	0
162290131	15924096	-1	567296	285	0	0	355
162298128	551056	-1	359424	5218	0	0	5218
162307156	13710624	-1	1470464	858	0	0	858
162314128	-1	-1	0	0	0	0	0
162322126	9000608	-1	957440	851	0	0	1062
162331127	-1	-1	0	0	0	0	0
162338127	3173816	-1	694272	1750	0	0	1801
162347126	-1	-1	0	0	0	0	0
162353125	7959752	-1	772096	776	0	0	776
162362127	-1	-1	0	0	0	0	0
162369139	10639336	-1	416264	313	0	0	337
162378127	-1	-1	0	0	0	0	0
162387127	4487128	-1	422912	754	0	0	780
162393130	-1	-1	0	0	0	0	0
162402126	-1	-1	40960	199	0	0	5112
162409126	1006408	-1	673792	5356	0	0	5356
162418130	2318784	-1	607232	2095	0	0	2095
162428134	-1	-1	0	0	0	0	0
162436127	-1	-1	0	0	0	0	0
162444125	-1	-1	0	0	0	0	0
162450125	9570848	-1	1087488	909	0	0	909
162453125	-1	-1	0	0	0	0	0
162462126	-1	-1	0	0	0	0	0
162471128	5085704	-1	531456	836	0	0	836
162473124	-1	-1	0	0	0	0	0
162482125	-1	-1	0	0	0	0	0
162491133	940200	-1	456704	3886	0	0	3886
162500125	-1	-1	0	0	0	0	0
162509138	9464288	-1	746496	631	0	0	631
162518125	-1	-1	0	0	0	0	0
162527124	3928264	-1	743424	1514	0	0	1514
162536125	-1	-1	0	0	0	0	0
162545128	15314424	-1	1290240	674	0	0	674
162554126	-1	-1	0	0	0	0	0
162561125	18148240	-1	1506304	664	0	0	664
162570125	-1	-1	0	0	0	0	0
162579126	23410096	-1	1562624	534	0	0	549
162585131	-1	-1	0	0	0	0	0
162594138	-1	-1	0	0	0	0	0
162597125	-1	-1	0	0	0	0	0
162606135	23887296	-1	2024448	678	0	0	858
162615126	-1	-1	0	0	0	0	0
162622124	5267880	-1	483328	734	0	0	848
162631127	725832	-1	457728	5045	0	0	5045
162640131	-1	-1	0	0	0	0	0
162641129	-1	-1	0	0	0	0	0
162650124	-1	-1	0	0	0	0	4852
162653125	2411488	-1	1606656	5330	0	0	5330
162661125	11753736	-1	439296	299	0	0	323
162670125	345280	-1	242688	5623	0	0	5623
162679130	1513232	-1	965632	5105	0	0	5105
162688124	-1	-1	0	0	0	0	0
162695125	8833320	-1	747520	677	0	0	677
162704125	-1	-1	0	0	0	0	0
162710125	12348136	-1	946176	613	0	0	613
162715125	-1	-1	0	0	0	0	0
162723124	-1	-1	0	0	0	0	0
162730125	-1	-1	0	0	0	0	0
162736124	14933456	-1	1286144	689	0	0	814
162745125	10818768	-1	312392	231	0	0	442
162750125	3257984	-1	390144	958	0	0	958
162756126	-1	-1	0	0	0	0	0
162762126	14998760	-1	643072	343	0	0	343
162769126	525384	-1	299008	4553	0	0	4553
162778125	3550912	-1	1387520	3126	0	0	3126
162787125	-1	-1	0	0	0	0	0
162797125	24396616	-1	417792	137	0	0	5185
162803125	523160	-1	342016	5230	0	0	5230
162812125	1468600	-1	766976	4178	0	0	4178
162818129	-1	-1	0	0	0	0	0
162825126	18055840	-1	663552	294	0	0	328
162835132	-1	-1	0	0	0	0	0
162844127	6393896	-1	1139712	1426	0	0	1440
162852127	-1	-1	0	0	0	0	0
162861125	-1	-1	0	0	0	0	0
162870125	5273952	-1	855040	1297	0	0	1344
162873125	-1	-1	0	0	0	0	0
162882124	-1	-1	0	0	0	0	0
162891124	1205592	-1	699392	4641	0	0	4641
162895126	-1	-1	0	0	0	0	0
162902138	-1	-1	0	0	0	0	0
162910126	-1	-1	0	0	0	0	0
162917129	20916344	-1	760832	291	0	0	489
162924130	573392	-1	389120	5429	0	0	5429
162933125	2112024	-1	717824	2719	0	0	2719
162942125	-1	-1	0	0	0	0	0
162951126	17262832	-1	563200	261	0	0	317
162959126	-1	-1	0	0	0	0	0
162968133	14420632	-1	436224	242	0	0	242
162977125	-1	-1	60416	5530	0	0	5530
162983125	-1	-1	0	0	0	0	0
162990125	20177752	-1	991232	393	0	0	535
162995126	7982920	-1	430080	431	0	0	431
163005125	-1	-1	0	0	0	0	0
163015124	1170488	-1	846848	5788	0	0	5788
163023165	-1	-1	0	0	0	0	0
163033124	-1	-1	0	0	0	0	0
163038124	-1	-1	0	0	0	0	0
163046125	5365440	-1	1203200	1794	0	0	1794
163055126	-1	-1	0	0	0	0	0
163057126	-1	-1	0	0	0	0	0
163066135	16666480	-1	664576	319	0	0	1315
163070125	1942656	-1	1114112	4588	0	0	4588
163079131	-1	-1	0	0	0	0	0
163088125	-1	-1	0	0	0	0	0
163097126	-1	-1	0	0	0	0	0
163103126	20089304	-1	816128	325	0	0	325
163112126	-1	-1	0	0	0	0	0
163120125	4674456	-1	768364	1315	0	0	1315
163125127	-1	-1	0	0	0	0	0
163134124	-1	-1	0	0	0	0	0
163143125	8813320	-1	1336320	1213	0	0	1213
163144125	-1	-1	0	0	0	0	0
163153124	-1	-1	0	0	0	0	0
163162124	-1	-1	0	0	0	0	0
163171126	-1	-1	0	0	0	0	0
163180125	526256	-1	276480	4203	0	0	5245
163187127	6423504	-1	970752	1209	0	0	1209
163196124	-1	-1	0	0	0	0	0
163203126	7472096	-1	616448	660	0	0	911
163207127	2386304	-1	167936	563	0	0	563
163216125	-1	-1	0	0	0	0	0
163225124	7782400	-1	369664	380	0	0	380
163234127	-1	-1	0	0	0	0	0
163239126	-1	-1	32768	1369	0	0	4847
163248126	1118072	-1	532480	3810	0	0	3810
163257125	-1	-1	0	0	0	0	5459
163266127	780128	-1	586752	6017	0	0	6017
163272125	19241672	-1	413696	172	0	0	215
163278125	-1	-1	40960	5437	0	0	5437
163288125	3023168	-1	1093632	2894	0	0	2894
163290127	-1	-1	0	0	0	0	0
163299125	9526992	-1	1125376	945	0	0	945
163308124	-1	-1	0	0	0	0	0
163317125	7905720	-1	367616	372	0	0	423
163321124	572768	-1	386048	5392	0	0	5392
163330125	20136064	-1	659456	262	0	0	348
163334139	775616	-1	479232	4943	0	0	4943
163343125	-1	-1	0	0	0	0	0
163348125	-1	-1	0	0	0	0	0
163356126	-1	-1	24576	221	0	0	5079
163363125	855280	-1	543744	5086	0	0	6998
163369125	1170784	-1	1024000	6997	0	0	6997
163378124	-1	-1	0	0	0	0	0
163385129	3287864	-1	1460224	3553	0	0	3553
163392124	-1	-1	0	0	0	0	0
163399127	1826152	-1	910336	3988	0	0	3988
163408124	-1	-1	0	0	0	0	0
163414125	8278920	-1	1170432	1131	0	0	1131
163423124	-1	-1	0	0	0	0	0
163428137	-1	-1	0	0	0	0	0
163437125	-1	-1	0	0	0	0	0
163446126	3066072	-1	1722368	4494	0	0	4700
163453127	3732648	-1	347136	744	0	0	744
163462125	17288640	-1	704512	326	0	0	344
163470125	-1	-1	0	0	0	0	0
163478127	8547816	-1	1057792	990	0	0	1181
163487130	799872	-1	483724	4838	0	0	4838
163497131	-1	-1	0	0	0	0	5412
163499125	1851920	-1	1506304	6507	0	0	6507
163508135	4471688	-1	1627136	2911	0	0	2911
163515128	-1	-1	0	0	0	0	0
163524125	-1	-1	0	0	0	0	0
163530131	-1	-1	0	0	0	0	0
163536125	2408536	-1	829440	2755	0	0	2816
163543125	13416816	-1	212992	127	0	0	984
163547125	5177592	-1	678912	1049	0	0	1049
163556127	-1	-1	0	0	0	0	0
163563125	7906856	-1	1050624	1063	0	0	1087
163572124	-1	-1	0	0	0	0	0
163581125	4144192	-1	1012736	1955	0	0	1981
163589125	-1	-1	0	0	0	0	0
163598125	-1	-1	0	0	0	0	0
163600126	-1	-1	0	0	0	0	0
163609127	5524088	-1	1412096	2045	0	0	2173
163618124	-1	-1	0	0	0	0	0
163626124	3496528	-1	785408	1797	0	0	1903
163635133	-1	-1	0	0	0	0	0
163642125	6287240	-1	831488	1058	0	0	1119
163651124	-1	-1	0	0	0	0	0
163660124	9148264	-1	881664	771	0	0	771
163669127	-1	-1	0	0	0	0	0
163677129	19142816	-1	696320	291	0	0	315
163686125	-1	-1	97280	5332	0	0	5332
163695125	18329992	-1	598016	261	0	0	358
163705126	-1	-1	0	0	0	0	0
163712125	3035752	-1	825344	2175	0	0	2175
163722125	-1	-1	0	0	0	0	0
163731155	-1	-1	0	0	0	0	0
163738126	13851928	-1	571392	330	0	0	1318
163742126	6019040	-1	887808	1180	0	0	1180
163749127	-1	-1	0	0	0	0	0
163757128	-1	-1	0	0	0	0	0
163762124	-1	-1	0	0	0	0	0
163768125	-1	-1	0	0	0	0	0
163775125	8243520	-1	163840	159	0	0	1774
163779126	4513328	-1	1046528	1855	0	0	1855
163788141	-1	-1	108544	3740	0	0	3740
163797125	18017048	-1	689152	306	0	0	330
163805125	-1	-1	0	0	0	0	0
163814124	7591040	-1	245760	259	0	0	329
163823125	480328	-1	316416	5270	0	0	5270
163831125	4073232	-1	1190912	2339	0	0	2339
163840128	-1	-1	0	0	0	0	0
163849139	-1	-1	0	0	0	0	0
163851142	-1	-1	0	0	0	0	0
163860128	559904	-1	382976	5472	0	0	5543
163862126	28880272	-1	212992	59	0	0	1998
163871124	1410064	-1	1417992	8045	0	0	8045
163880125	19016184	-1	724992	305	0	0	305
163889125	10270696	-1	1199104	934	0	0	986
163898128	-1	-1	0	0	0	0	0
163902149	-1	-1	0	0	0	0	0
163911126	5542544	-1	1118208	1614	0	0	2386
163914127	13403528	-1	1593344	951	0	0	951
163923132	-1	-1	0	0	0	0	0
163932125	-1	-1	0	0	0	0	0
163941127	11421288	-1	1821696	1276	0	0	1276
163943126	-1	-1	0	0	0	0	0
163952148	-1	-1	0	0	0	0	0
163960126	-1	-1	0	0	0	0	0
163969125	-1	-1	0	0	0	0	0
163978125	22498320	-1	776192	276	0	0	5806
163981125	1537416	-1	1462272	7609	0	0	7609
163990125	-1	-1	0	0	0	0	0
164000124	-1	-1	0	0	0	0	0
164009126	12006136	-1	2050048	1366	0	0	1366
164019125	-1	-1	0	0	0	0	0
164028124	4294752	-1	1980416	3689	0	0	3689
164037124	-1	-1	0	0	0	0	0
164046126	4442456	-1	925696	1667	0	0	1667
164052125	-1	-1	0	0	0	0	0
164062130	6640080	-1	1147904	1383	0	0	1383
164071125	-1	-1	0	0	0	0	0
164079125	20022136	-1	828416	331	0	0	427
164088134	1233048	-1	712704	4624	0	0	4624
164097125	-1	-1	0	0	0	0	0
164104126	17096344	-1	344064	161	0	0	1633
164108133	3841304	-1	1227776	2557	0	0	2557
164117125	-1	-1	0	0	0	0	0
164125129	-1	-1	0	0	0	0	0
164134125	16215864	-1	1777664	877	0	0	1036
164138154	-1	-1	0	0	0	0	0
164147125	-1	-1	0	0	0	0	0
164156125	7840592	-1	1759232	1795	0	0	1795
164165125	-1	-1	0	0	0	0	0
164174125	-1	-1	0	0	0	0	0
164183125	23058960	-1	466944	162	0	0	3394
164185126	2435328	-1	1052672	3458	0	0	3458
164194127	1349864	-1	327680	1942	0	0	1942
164202126	10846336	-1	1067008	787	0	0	787
164211125	-1	-1	0	0	0	0	0
164219127	15324472	-1	712588	372	0	0	372
164228127	-1	-1	0	0	0	0	0
164237131	1002680	-1	493568	3938	0	0	4968
164243125	8694032	-1	1507328	1387	0	0	1387
164250124	-1	-1	0	0	0	0	0
164259127	-1	-1	0	0	0	0	902
164264125	-1	-1	32768	937	0	0	4997
164271130	1602752	-1	1077248	5377	0	0	5377
164279126	2698152	-1	1076224	3191	0	0	3191
164289125	-1	-1	0	0	0	0	0
164291126	-1	-1	0	0	0	0	0
164299136	-1	-1	0	0	0	0	0
164307126	11170912	-1	1259520	902	0	0	1033
164312125	-1	-1	0	0	0	0	0
164321124	-1	-1	32768	3100	0	0	5465
164329142	735784	-1	635904	6914	0	0	6914
164337124	-1	-1	0	0	0	0	0
164340124	-1	-1	0	0	0	0	0
164349125	-1	-1	32768	1422	0	0	5209
164358130	1106712	-1	1652736	11947	0	0	11947
164367130	-1	-1	0	0	0	0	0
164376128	-1	-1	0	0	0	0	0
164386125	2674808	-1	1683456	5035	0	0	5035
164394125	-1	-1	0	0	0	0	0
164402125	-1	-1	0	0	0	0	0
164410126	-1	-1	0	0	0	0	0
164416125	-1	-1	32768	856	0	0	5622
164421130	1460168	-1	993280	5442	0	0	5442
164426126	15089664	-1	943104	500	0	0	528
164436127	-1	-1	0	0	0	0	0
164445127	3259016	-1	1050624	2579	0	0	2579
164454134	-1	-1	0	0	0	0	0
164461125	-1	-1	40960	265	0	0	5045
164470125	1120232	-1	713728	5097	0	0	5097
164476124	17377536	-1	949248	437	0	0	437
164484138	-1	-1	0	0	0	0	0
164491124	14202016	-1	379904	214	0	0	319
164499126	-1	-1	0	0	0	0	0
164508127	1881904	-1	588800	2503	0	0	2568
164517125	-1	-1	0	0	0	0	0
164526124	-1	-1	0	0	0	0	0
164534124	-1	-1	0	0	0	0	972
164538126	9388584	-1	1671168	1424	0	0	1424
164547125	-1	-1	0	0	0	0	0
164557125	-1	-1	0	0	0	0	0
164561125	-1	-1	0	0	0	0	0
164570125	-1	-1	0	0	0	0	0
164579126	-1	-1	32768	337	0	0	3349
164581125	1034368	-1	408576	3160	0	0	3160
164590126	588016	-1	569344	7746	0	0	7746
164596124	426384	-1	166504	3124	0	0	5184
164605126	8550512	-1	976896	914	0	0	5871
164614125	2761128	-1	1020928	2958	0	0	2958
164623125	-1	-1	0	0	0	0	0
164632124	19479128	-1	1185792	487	0	0	534
164641124	-1	-1	0	0	0	0	0
164649125	-1	-1	0	0	0	0	0
164658125	13181112	-1	876544	532	0	0	-1
164661125	-1	-1	0	0	0	0	-1
164670125	-1	-1	0	0	0	0	-1
164679125	-1	-1	0	0	0	0	-1
164688126	5479752	-1	3858432	5633	0	0	-1
164698138	-1	-1	0	0	0	0	-1
164707127	-1	-1	0	0	0	0	-1
164716126	-1	-1	24576	209	0	0	-1
164721124	2425120	-1	1980416	6533	0	0	-1
164738969	13270744	-1	2758656	1663	0	0	32671
164745967	-1	-1	0	0	0	0	0
164755973	-1	-1	0	0	0	0	0
164764968	2808504	-1	899072	2561	0	0	2595
164771967	-1	-1	0	0	0	0	0
164780968	15640256	-1	1485824	760	0	0	766
164787966	-1	-1	0	0	0	0	0
164793969	3838048	-1	1196032	2493	0	0	2493
164802967	-1	-1	0	0	0	0	0
164810977	24152272	-1	875520	290	0	0	353
164819979	-1	-1	0	0	0	0	0
164828966	-1	-1	0	0	0	0	0
164835966	-1	-1	114688	150	0	0	1735
164839966	3656520	-1	2262016	4949	0	0	4949
164848966	-1	-1	0	0	0	0	0
164856967	-1	-1	0	0	0	0	0
164866967	-1	-1	0	0	0	0	0
164872969	3094928	-1	1226752	3171	0	0	3171
164881966	-1	-1	0	0	0	0	0
164890968	-1	-1	0	0	0	0	0
164899966	-1	-1	0	0	0	0	0
164905971	9372096	-1	2189556	1869	0	0	1869
164914967	-1	-1	0	0	0	0	0
164923969	-1	-1	0	0	0	0	0
164932968	-1	-1	0	0	0	0	0
164938975	1917640	-1	922624	3849	0	0	3849
164946967	-1	-1	0	0	0	0	0
164950972	-1	-1	0	0	0	0	0
164958968	21623408	-1	764928	283	0	0	547
164963970	5525800	-1	409600	593	0	0	593
164971967	-1	-1	0	0	0	0	0
164980965	26280936	-1	647168	197	0	0	5327
164990965	943640	-1	629760	5339	0	0	5339
164999965	-1	-1	0	0	0	0	0
165009965	9511048	-1	420864	354	0	0	413
165014965	8792496	-1	1214464	1105	0	0	1105
165022965	-1	-1	0	0	0	0	0
165032967	-1	-1	0	0	0	0	0
165041979	-1	-1	0	0	0	0	0
165048965	7783888	-1	1874944	1927	0	0	2071
165057965	-1	-1	0	0	0	0	0
165064965	-1	-1	49152	138	0	0	5088
165073978	2045840	-1	1453056	5682	0	0	5682
165081017	9034672	-1	1537024	1361	0	0	1361
165090965	-1	-1	0	0	0	0	0
165099967	2997944	-1	1114112	2973	0	0	2973
165108966	-1	-1	0	0	0	0	0
165114966	7484112	-1	1494016	1597	0	0	1597
165124972	30583464	-1	688128	180	0	0	1501
165128978	3360824	-1	655360	1560	0	0	1560
165137965	-1	-1	0	0	0	0	0
165144966	6558120	-1	1187840	1449	0	0	1449
165151966	-1	-1	0	0	0	0	0
165161965	8966680	-1	1031168	920	0	0	940
165169966	-1	-1	0	0	0	0	0
165175989	16509072	-1	270336	131	0	0	5793
165181973	1309160	-1	962560	5882	0	0	5882
165190966	-1	-1	98304	126	0	0	5043
165200968	1539520	-1	1036288	5385	0	0	5385
165204967	2938432	-1	304128	828	0	0	828
165211966	-1	-1	0	0	0	0	0
165220968	9227296	-1	1149952	997	0	0	997
165224965	-1	-1	0	0	0	0	0
165233000	-1	-1	0	0	0	0	0
165236979	-1	-1	0	0	0	0	0
165245965	9926416	-1	656384	529	0	0	5582
165254968	828248	-1	1302528	12581	0	0	12581
165260966	-1	-1	0	0	0	0	0
165264965	-1	-1	0	0	0	0	0
165271965	5174696	-1	1370000	2118	0	0	2204
165279965	-1	-1	0	0	0	0	0
165288973	9639496	-1	941056	781	0	0	781
165297965	-1	-1	0	0	0	0	0
165306965	6772472	-1	1108992	1310	0	0	1336
165315966	-1	-1	0	0	0	0	0
165321965	7543368	-1	643072	682	0	0	736
165330976	-1	-1	0	0	0	0	0
165337966	-1	-1	0	0	0	0	0
165346966	-1	-1	0	0	0	0	0
165352966	5295152	-1	1838080	2777	0	0	2777
165358971	-1	-1	0	0	0	0	0
165367968	-1	-1	0	0	0	0	0
165376966	-1	-1	0	0	0	0	0
165385965	8032536	-1	1805312	1798	0	0	1798
165394973	-1	-1	0	0	0	0	0
165403965	-1	-1	0	0	0	0	0
165412966	-1	-1	0	0	0	0	0
165421967	4290600	-1	1399808	2610	0	0	2610
165430965	-1	-1	0	0	0	0	0
165439966	-1	-1	0	0	0	0	0
165448965	-1	-1	0	0	0	0	0
165456968	11077104	-1	1077248	778	0	0	933
165465965	-1	-1	0	0	0	0	0
165474966	18230088	-1	647168	284	0	0	325
165483966	-1	-1	0	0	0	0	0
165493974	1777664	-1	789504	3553	0	0	3555
165502966	-1	-1	0	0	0	0	0
165510966	-1	-1	0	0	0	0	0
165516966	-1	-1	0	0	0	0	0
165522965	6348632	-1	945152	1191	0	0	1204
165530967	-1	-1	0	0	0	0	0
165536965	1827272	-1	760832	3331	0	0	3331
165545973	-1	-1	0	0	0	0	0
165554965	8577200	-1	1026048	957	0	0	957
165564969	-1	-1	0	0	0	0	0
165572965	8208096	-1	522240	509	0	0	534
165578966	-1	-1	0	0	0	0	0
165587966	12865960	-1	262144	163	0	0	5679
165596966	531112	-1	378880	5707	0	0	5707
165605966	-1	-1	0	0	0	0	0
165614967	15177248	-1	669696	353	0	0	518
165617965	1708240	-1	384140	1799	0	0	1799
165626966	-1	-1	0	0	0	0	0
165635966	-1	-1	0	0	0	0	0
165643966	-1	-1	0	0	0	0	0
165649970	-1	-1	0	0	0	0	5814
165654965	627888	-1	480256	6119	0	0	6119
165660967	-1	-1	0	0	0	0	0
165669966	-1	-1	24576	131	0	0	3663
165671965	-1	-1	40960	3570	0	0	3570
165680965	708272	-1	696320	7865	0	0	7865
165687967	-1	-1	0	0	0	0	5389
165696966	-1	-1	32768	5430	0	0	8999
165705966	10668648	-1	1204224	903	0	0	1985
165714965	-1	-1	0	0	0	0	0
165722965	13078456	-1	652288	399	0	0	441
165731965	-1	-1	0	0	0	0	0
165740965	797296	-1	506880	5086	0	0	5086
165749965	-1	-1	0	0	0	0	0
165757965	11663184	-1	774144	531	0	0	531
165766967	-1	-1	0	0	0	0	0
165775965	-1	-1	0	0	0	0	0
165784965	-1	-1	0	0	0	0	0
165790965	12295864	-1	800768	521	0	0	615
165795965	-1	-1	0	0	0	0	0
165804965	11944464	-1	462848	310	0	0	343
165808965	-1	-1	0	0	0	0	0
165817965	2016664	-1	378880	1503	0	0	1503
165826966	221616	-1	146432	5286	0	0	5286
165832966	7565976	-1	433152	458	0	0	458
165840967	-1	-1	0	0	0	0	0
165849966	8832416	-1	677888	614	0	0	614
165856968	-1	-1	0	0	0	0	0
165865965	-1	-1	0	0	0	0	0
165869967	-1	-1	0	0	0	0	0
165878965	-1	-1	40960	3359	0	0	5075
165887972	-1	-1	0	0	0	0	9007
165892969	2655768	-1	1210368	3646	0	0	3646
165899965	-1	-1	0	0	0	0	0
165906965	1052360	-1	669696	5091	0	0	5091
165915965	-1	-1	0	0	0	0	0
165923967	1005472	-1	354304	2819	0	0	2819
165929966	347880	-1	244736	5628	0	0	5628
165938965	-1	-1	0	0	0	0	0
165946965	-1	-1	0	0	0	0	2206
165949965	-1	-1	40960	2243	0	0	2999
165956966	-1	-1	0	0	0	0	7000
165965967	7118952	-1	910336	1023	0	0	1096
165967965	-1	-1	0	0	0	0	0
165976967	12561064	-1	188416	120	0	0	5702
165985967	-1	-1	40960	5618	0	0	9000
165994966	2691232	-1	1690428	5025	0	0	5600
166003966	-1	-1	0	0	0	0	0
166012965	-1	-1	0	0	0	0	0
166017968	13354664	-1	320512	192	0	0	231
166022965	14300488	-1	309248	173	0	0	173
166031966	-1	-1	0	0	0	0	0
166039965	-1	-1	0	0	0	0	0
166042965	-1	-1	0	0	0	0	0
166051998	16663648	-1	1037312	498	0	0	594
166060969	-1	-1	0	0	0	0	0
166067966	14822216	-1	515072	278	0	0	341
166076965	-1	-1	0	0	0	0	0
166085966	22488864	-1	882688	314	0	0	344
166093968	-1	-1	0	0	0	0	0
166103971	-1	-1	0	0	0	0	0
166107965	-1	-1	0	0	0	0	0
166116965	11195096	-1	1206272	862	0	0	935
166122965	-1	-1	0	0	0	0	0
166130973	-1	-1	0	0	0	0	0
166135965	-1	-1	0	0	0	0	0
166144966	18368984	-1	596992	260	0	0	396
166150966	-1	-1	0	0	0	0	0
166159965	16274984	-1	1070080	526	0	0	621
166169965	-1	-1	0	0	0	0	0
166178965	-1	-1	0	0	0	0	0
166182966	-1	-1	0	0	0	0	0
166191965	21748160	-1	763904	281	0	0	331
166200965	-1	-1	0	0	0	0	0
166207983	-1	-1	0	0	0	0	0
166211979	-1	-1	0	0	0	0	0
166218999	24991664	-1	1477632	473	0	0	500
166223965	-1	-1	0	0	0	0	0
166232965	-1	-1	0	0	0	0	0
166241965	-1	-1	0	0	0	0	0
166250965	26420272	-1	1261568	382	0	0	544
166257967	-1	-1	0	0	0	0	0
166263967	-1	-1	0	0	0	0	0
166271969	14024168	-1	851968	486	0	0	629
166275967	-1	-1	0	0	0	0	0
166284966	-1	-1	0	0	0	0	0
166290965	-1	-1	0	0	0	0	0
166296977	-1	-1	0	0	0	0	0
166302965	23334784	-1	673792	231	0	0	426
166311969	-1	-1	0	0	0	0	0
166319965	-1	-1	0	0	0	0	0
166325965	22259856	-1	1466368	527	0	0	624
166330977	-1	-1	0	0	0	0	0
166338965	-1	-1	0	0	0	0	0
166347965	-1	-1	0	0	0	0	0
166354966	-1	-1	0	0	0	0	0
166361966	16540784	-1	432128	209	0	0	216
166369970	-1	-1	91976	95	0	0	149
166374966	5402088	-1	1027072	1521	0	0	1624
166383967	-1	-1	0	0	0	0	0
166393965	-1	-1	0	0	0	0	0
166401966	4247808	-1	1489920	2806	0	0	2956
166403965	-1	-1	0	0	0	0	0
166412965	-1	-1	0	0	0	0	0
166422966	-1	-1	0	0	0	0	0
166425977	-1	-1	0	0	0	0	0
166432966	3247192	-1	1055744	2601	0	0	2692
166435965	-1	-1	0	0	0	0	0
166443973	-1	-1	0	0	0	0	0
166452967	-1	-1	0	0	0	0	0
166461966	2519936	-1	1453056	4613	0	0	4613
166470966	-1	-1	0	0	0	0	0
166479965	-1	-1	0	0	0	0	0
166488965	-1	-1	0	0	0	0	1884
166492965	3401984	-1	946176	2225	0	0	2225
166501990	-1	-1	0	0	0	0	712
166506966	-1	-1	32768	752	0	0	4975
166512967	412792	-1	258048	5001	0	0	5001
166518969	-1	-1	32768	5948	0	0	5948
166528965	1354024	-1	776192	4586	0	0	4586
166538965	852032	-1	308224	2894	0	0	2894
166546966	-1	-1	0	0	0	0	2970
166548965	-1	-1	40960	3005	0	0	3005
166557965	1930904	-1	206848	857	0	0	9000
166559965	32230816	-1	737280	183	0	0	264
166568965	964016	-1	232448	1929	0	0	1929
166574965	2553216	-1	1036288	3247	0	0	3247
166581965	-1	-1	0	0	0	0	0
166589966	-1	-1	0	0	0	0	0
166595965	-1	-1	0	0	0	0	0
166605974	14569136	-1	2079744	1142	0	0	1217
166611966	-1	-1	0	0	0	0	0
166619965	4239752	-1	1192960	2251	0	0	2251
166624968	-1	-1	0	0	0	0	0
166633965	-1	-1	0	0	0	0	0
166637966	-1	-1	0	0	0	0	0
166643965	5443608	-1	2306048	3389	0	0	3389
166648966	-1	-1	0	0	0	0	0
166657966	-1	-1	0	0	0	0	0
166664965	-1	-1	0	0	0	0	0
166673966	4762424	-1	1551360	2606	0	0	2769
166682972	2301888	-1	696320	2420	0	0	2420
166691965	-1	-1	0	0	0	0	0
166697965	-1	-1	0	0	0	0	0
166704967	4562632	-1	1396736	2449	0	0	2708
166710966	1026984	-1	396288	3087	0	0	3087
166719965	2547984	-1	1085440	3408	0	0	3408
166726976	-1	-1	0	0	0	0	0
166736966	8246824	-1	894780	868	0	0	868
166744967	-1	-1	0	0	0	0	0
166750967	-1	-1	0	0	0	0	5320
166758965	1222328	-1	1102848	7218	0	0	7218
166765965	11710904	-1	425984	291	0	0	380
166774966	494712	-1	285696	4620	0	0	4620
166780965	-1	-1	32768	1394	0	0	4952
166789977	-1	-1	0	0	0	0	9011
166798965	3498040	-1	1557504	3562	0	0	3562
166803965	-1	-1	0	0	0	0	0
166812965	-1	-1	0	0	0	0	4981
166820965	1832224	-1	1858560	8115	0	0	8115
166828965	-1	-1	0	0	0	0	0
166831965	-1	-1	0	0	0	0	0
166840966	13803840	-1	1972224	1143	0	0	1143
166849965	-1	-1	0	0	0	0	0
166856965	6856200	-1	1030144	1202	0	0	1202
166865965	-1	-1	0	0	0	0	0
166875967	14568728	-1	641024	352	0	0	423
166882967	717840	-1	477184	5318	0	0	5318
166891965	6551800	-1	1488896	1818	0	0	1854
166900965	-1	-1	0	0	0	0	0
166906965	9673776	-1	1290240	1067	0	0	1067
166914965	-1	-1	0	0	0	0	0
166923965	-1	-1	0	0	0	0	0
166926967	-1	-1	0	0	0	0	0
166934965	6748208	-1	2847744	3376	0	0	3481
166944965	-1	-1	0	0	0	0	0
166951966	-1	-1	0	0	0	0	0
166960965	-1	-1	0	0	0	0	0
166970965	6921440	-1	1595392	1844	0	0	1844
166980965	-1	-1	0	0	0	0	0
166988966	9510576	-1	1735680	1460	0	0	1472
166997965	520704	-1	279552	4295	0	0	4295
167006965	-1	-1	0	0	0	0	0
167015970	-1	-1	0	0	0	0	0
167024970	12201848	-1	1595392	1046	0	0	1228
167030969	-1	-1	0	0	0	0	0
167039969	2300904	-1	831488	2891	0	0	2912
167047965	-1	-1	0	0	0	0	0
167056965	-1	-1	0	0	0	0	0
167065965	21191280	-1	442368	167	0	0	3439
167067965	2352848	-1	1037312	3527	0	0	3527
167076965	-1	-1	109568	1757	0	0	1757
167084966	3257424	-1	1205248	2960	0	0	2960
167093967	-1	-1	0	0	0	0	0
167102973	3445232	-1	1099028	2552	0	0	2552
167111966	-1	-1	0	0	0	0	0
167118965	2064096	-1	1214464	4707	0	0	4707
167124966	-1	-1	0	0	0	0	0
167132967	-1	-1	0	0	0	0	0
167136967	-1	-1	0	0	0	0	0
167145965	-1	-1	0	0	0	0	5339
167153965	-1	-1	40960	5373	0	0	8000
167162965	8146560	-1	3304448	3245	0	0	5410
167170969	-1	-1	0	0	0	0	0
167179970	6450632	-1	436224	541	0	0	-1
167188969	-1	-1	0	0	0	0	-1
167197967	7279960	-1	1822720	2003	0	0	-1
167206966	-1	-1	0	0	0	0	-1
167215966	1191792	-1	485356	3258	0	0	-1
167224970	-1	-1	0	0	0	0	-1
167233971	-1	-1	0	0	0	0	-1
167242966	-1	-1	0	0	0	0	-1
