456946	-1	-1	73728	3172	14336	1855	3172
465945	2631896	-1	2937856	8930	69632	3689	8999
470932	2440872	-1	1523712	4994	0	0	4994
479934	1340184	-1	1473536	8796	0	0	8796
487933	894192	-1	768000	6871	0	0	6871
495929	1350760	-1	743424	4403	0	0	4403
504931	1210008	-1	811008	5362	0	0	5362
509934	815096	-1	162816	1598	0	0	1598
518932	1652688	-1	1184768	5735	0	0	5735
522932	1682792	-1	333824	1587	0	0	1587
531928	1315768	-1	865280	5261	0	0	5327
540930	1927528	-1	958464	3978	0	0	3978
546932	-1	-1	0	0	0	0	0
554933	1670264	-1	622592	2982	0	0	3173
556931	1285552	-1	340992	2122	0	0	2122
565933	1464864	-1	693248	3786	0	0	3786
572940	1121512	-1	696320	4967	0	0	5104
581928	1143288	-1	1269760	8885	0	0	8885
590932	1381048	-1	254976	1477	0	0	1477
597930	-1	-1	114688	7209	0	0	7209
601935	8766400	-1	1312768	1198	0	0	1198
610936	-1	-1	0	0	0	0	0
615937	2533816	-1	1436672	4536	0	0	4536
621934	2329912	-1	287744	988	0	0	988
630934	2269648	-1	393216	1386	0	0	1386
637932	2247808	-1	230400	820	0	0	820
646936	1844512	-1	1013788	4397	0	0	4397
649938	-1	-1	0	0	17408	3264	0
658937	-1	299904	0	0	333824	8904	0
664948	-1	352096	0	0	243712	5537	0
672929	3282816	134544	1229824	2997	142336	8463	2997
682933	-1	288808	0	0	359424	9955	0
691936	4910264	575232	815104	1328	652288	9071	1328
700932	-1	366624	0	0	394240	8602	0
709933	4580528	317176	1878016	3280	372736	9401	3280
718931	-1	603104	0	0	666624	8842	0
719931	-1	-1	0	0	78848	1124	0
725931	5434696	287400	557056	820	207872	5786	1114
726936	6085488	-1	612352	805	0	0	805
728939	6951272	-1	447488	515	14336	3165	531
729928	7523896	-1	749568	797	7168	791	797
731938	11602904	-1	815104	562	14336	1301	562
736937	-1	-1	0	0	7168	3415	560
737933	4554232	-1	829440	1457	7168	3583	1457
739933	7247056	-1	997376	1101	28672	1142	1101
744937	8270768	203912	1720320	1664	150528	5905	1664
745929	-1	-1	0	0	21504	859	0
746928	-1	-1	0	0	0	0	11
747929	4782176	-1	581632	973	7168	1425	973
748930	7965200	-1	899072	903	7168	1616	982
755266	8361376	-1	2072576	1983	129024	1115	1983
760266	8594552	-1	1311744	1221	43008	5848	1221
763272	-1	-1	0	0	14336	1218	0
766270	-1	328768	0	0	193536	4709	0
768269	-1	-1	0	0	86016	2052	0
769274	-1	-1	0	0	86016	1024	0
771268	-1	703608	0	0	179200	2037	0
775277	5929072	493976	1228800	1658	229376	3714	1658
777269	-1	-1	0	0	114688	1996	0
780270	-1	-1	8192	1661	21504	1033	1713
781275	1561928	-1	196608	1007	7168	2572	1007
782268	-1	-1	16384	809	0	0	992
788265	1346248	-1	890880	5294	0	0	5996
789269	-1	-1	0	0	0	0	1004
791268	1690688	-1	794624	3760	21504	10453	3760
792269	3265112	-1	400384	981	21504	1047	1000
794269	2037944	-1	466944	1833	86016	2111	2000
795269	1825512	-1	245760	1077	21504	926	1077
796265	1736936	-1	212992	981	21504	923	995
798265	2509184	-1	622592	1985	14336	1177	2000
800265	3415344	-1	868352	2034	64512	3064	2034
801266	3135696	-1	327680	836	28672	542	1001
802269	1848608	-1	253952	1099	14336	688	1099
803267	3970024	-1	532480	1073	78848	1771	1073
821197	10500704	522680	4145152	3158	1046528	16017	3841
823210	-1	-1	0	0	107520	3034	0
825198	980240	-1	172032	1404	14336	181	1495
827197	3434416	-1	740116	1724	28672	3828	1724
829971	2699120	-1	671744	1991	100352	2843	2003
831973	18867240	3733144	1431552	607	931840	1996	625
832973	-1	1709040	0	0	215040	1006	0
835974	12849184	1396096	1019904	635	508928	2916	635
836972	7866096	1582952	543744	553	193536	978	553
837972	-1	-1	0	0	129024	1030	0
839973	8389312	819240	1262592	1204	207872	2029	1204
840971	10251072	-1	474112	370	64512	962	370
841970	-1	1282744	0	0	172032	1072	0
843973	6315520	894880	1102848	1397	179200	1602	1506
844966	-1	-1	30720	732	57344	1382	993
845977	1342232	-1	188416	1123	28672	788	1123
846980	-1	-1	8192	1096	0	0	1096
854972	417496	-1	416768	7986	57344	9055	7991
855968	-1	-1	40960	575	43008	1153	996
856967	-1	-1	24576	1349	0	0	1349
857986	-1	-1	40960	1006	28672	1968	1019
858967	-1	-1	16384	673	7168	210	980
859968	-1	-1	24576	1112	0	0	1112
871741	947416	641248	1057792	8932	766976	9568	11772
880732	3933976	2177984	4350976	8848	2429952	8925	8991
889732	1967664	717552	2138112	8693	817152	9110	8693
897732	1984400	458968	159744	644	452608	7889	644
906735	1463656	-1	940032	5138	0	0	5341
914736	1046480	-1	393216	3006	0	0	3006
921737	1920640	-1	335872	1399	0	0	1454
927740	2151520	-1	271360	1009	0	0	1010
932740	822968	-1	514048	4997	0	0	5000
937741	1332880	-1	630784	3786	0	0	3786
944747	356888	-1	245760	5509	0	0	5509
946740	798816	-1	196608	1969	0	0	1969
955733	614376	-1	665600	8667	0	0	8667
964740	524584	-1	506880	7730	0	0	7730
969743	623584	-1	172032	2207	0	0	2207
970733	-1	-1	81920	1187	0	0	1187
971732	-1	-1	49152	808	0	0	808
973732	-1	-1	72704	2130	0	0	2130
974733	-1	-1	65536	1004	0	0	1004
975740	-1	-1	40960	797	0	0	1007
977733	-1	-1	114688	2190	0	0	2190
978734	-1	-1	32768	961	0	0	1001
979733	-1	-1	57344	1094	0	0	1094
988277	3010720	-1	1823744	4846	0	0	8544
995270	1070880	-1	950272	7099	0	0	7099
999279	1041768	-1	502784	3861	0	0	4008
1000271	1168088	-1	155648	1066	0	0	1066
1004272	999672	-1	499712	3999	0	0	4000
1013281	1245120	-1	1375232	8836	0	0	9008
1022278	785616	-1	875860	8919	0	0	8996
1030285	936112	-1	917504	7841	0	0	8006
1039283	988176	-1	1016832	8232	0	0	8998
1049273	302360	-1	404480	10702	0	0	10702
1050285	-1	-1	8192	827	0	0	1012
1052276	-1	-1	81920	2272	0	0	2272
1058271	554192	-1	417792	6031	0	0	6031
1067280	1166496	-1	1261568	8652	0	0	9009
1072291	760184	-1	311296	3276	0	0	5010
1074277	-1	-1	65536	3379	0	0	3379
1083270	373248	-1	450560	9657	0	0	9657
1085272	2835224	-1	712704	2011	0	0	2011
1094275	1024704	-1	1122304	8762	0	0	9002
1098277	465128	-1	245760	4227	0	0	4227
1104270	1787672	-1	1321984	5916	0	0	5992
1112274	6121880	-1	5950464	7776	0	0	7776
1119277	6198288	-1	1286144	1660	0	0	1660
1128278	-1	-1	0	0	0	0	0
1137274	5097976	-1	1422336	2232	0	0	2232
1140276	-1	-1	0	0	0	0	0
1149276	-1	-1	0	0	0	0	0
1158277	3524448	-1	2352128	5339	0	0	5339
1161271	-1	-1	72704	218	0	0	218
1167273	2225368	-1	517120	1859	0	0	1859
1168271	4055448	-1	409600	808	0	0	808
1171270	2272080	-1	334848	1179	0	0	1179
1174277	2376832	-1	632832	2130	0	0	2130
1175271	3910200	-1	474112	970	0	0	970
1176284	3329528	-1	349184	839	0	0	839
1179282	1917856	-1	358400	1495	0	0	1495
1181274	1802240	-1	270336	1200	0	0	1200
1182278	3177504	-1	327680	825	0	0	825
1183280	-1	-1	0	0	0	0	0
1185275	3827336	-1	831488	1738	0	0	1738
1186276	9993512	-1	840704	673	0	0	673
1187277	8493808	-1	403456	380	0	0	380
1191275	-1	-1	0	0	0	0	0
1192269	-1	-1	0	0	0	0	2
1193277	5083656	-1	519168	817	0	0	817
1195275	-1	-1	0	0	0	0	0
1196275	2817432	-1	188416	535	0	0	549
1197277	15148336	-1	677888	358	0	0	654
1201281	-1	-1	0	0	0	0	0
1203285	602688	-1	482304	6402	0	0	6402
1204279	4382760	-1	524288	957	0	0	994
1206272	9697088	-1	923648	762	0	0	882
1208271	-1	-1	0	0	0	0	18
1209284	2748280	-1	319488	930	0	0	1012
1211271	-1	-1	30724	126	0	0	337
1214273	-1	-1	0	0	0	0	0
1220277	-1	-1	0	0	0	0	0
1221281	-1	-1	0	0	0	0	0
1224280	1985648	-1	1059840	4270	0	0	4270
1225272	6709528	-1	1163264	1387	0	0	1387
1227277	4455080	-1	1092608	1962	0	0	1962
1229272	1487824	-1	254976	1371	0	0	1371
1230278	1668528	-1	294912	1414	0	0	1414
1232271	2214056	-1	542720	1961	0	0	1961
1233273	3673688	-1	458752	999	0	0	1002
1235277	2446856	-1	606208	1982	0	0	2003
1236276	5815768	-1	644096	886	0	0	998
1246781	1720304	-1	1286144	5981	0	0	5981
1249779	2025976	-1	753664	2976	0	0	2976
1258785	4138720	-1	793600	1534	0	0	1534
1261774	-1	-1	0	0	0	0	0
1270782	-1	-1	0	0	0	0	0
1278773	-1	-1	0	0	0	0	0
1287774	-1	-1	0	0	0	0	0
1296771	3801984	-1	1734656	3650	0	0	3650
1300773	-1	-1	0	0	0	0	0
1309778	1738304	-1	1061888	4887	0	0	4887
1318779	-1	-1	0	0	0	0	0
1327772	1594168	-1	1062912	5334	0	0	5334
1336765	709072	-1	559104	6308	0	0	6308
1342776	2354392	-1	373760	1270	0	0	1270
1351765	3021816	-1	439296	1163	0	0	1163
1360778	5063752	-1	1186816	1875	0	0	1875
1369783	-1	-1	0	0	0	0	0
1376765	3822200	-1	1786880	3740	0	0	3740
1382768	-1	-1	0	0	0	0	0
1391782	-1	-1	0	0	0	0	0
1400785	2537600	-1	1094656	3451	0	0	3451
1404776	3599904	-1	289792	644	0	0	644
1413780	-1	-1	0	0	0	0	0
1421767	1838112	-1	1183744	5152	0	0	5461
1430773	880384	-1	819200	7444	0	0	7444
1438787	-1	-1	0	0	0	0	0
1440787	2138408	-1	417792	1563	0	0	1563
1441773	2146648	-1	278528	1038	0	0	1038
1443773	1533784	-1	354304	1848	0	0	1848
1444765	1785544	-1	221184	991	0	0	991
1445772	1363840	-1	155648	913	0	0	1007
1449789	1833848	-1	933888	4074	0	0	4074
1451771	2192056	-1	557056	2033	0	0	2033
1452765	3932160	-1	393216	800	0	0	994
1454766	1534960	-1	376832	1964	0	0	2000
1456770	2214456	-1	606208	2190	0	0	2190
1457772	2039504	-1	245760	964	0	0	1002
1458773	2190976	-1	278528	1017	0	0	1017
1459768	1710776	-1	212992	996	0	0	996
1462765	1838072	-1	688128	2995	0	0	2997
1463781	1560384	-1	196608	1008	0	0	1016
1476664	3352688	-1	4519420	10784	0	0	12882
1482681	1684032	-1	793600	3770	0	0	3770
1487669	551408	-1	221184	3209	0	0	3250
1494675	314232	-1	264192	6726	0	0	6726
1501659	606216	-1	540672	7135	0	0	7135
1506659	719760	-1	389120	4325	0	0	4325
1515661	1226344	-1	793600	5177	0	0	5177
1524668	-1	-1	0	0	0	0	0
1533673	1365848	-1	909312	5326	0	0	5326
1542659	-1	-1	0	0	0	0	0
1551661	3072552	-1	1420288	3698	0	0	3698
1560661	-1	-1	0	0	0	0	0
1568658	3541336	-1	509952	1152	0	0	1323
1576671	-1	-1	98304	130	0	0	130
1583672	3932312	-1	1033216	2102	0	0	2102
1588668	-1	-1	0	0	0	0	0
1593661	-1	-1	0	0	0	0	0
1600665	-1	-1	0	0	0	0	0
1606672	1955984	-1	1142784	4674	0	0	4674
1613666	-1	-1	84992	1395	0	0	1395
1616662	1244816	-1	417792	2685	0	0	2996
1623674	1445800	-1	576512	3190	0	0	3190
1633671	-1	-1	0	0	0	0	0
1635661	-1	-1	0	0	0	0	0
1644661	2317432	-1	1567744	5412	0	0	5412
1653667	2411120	-1	169984	564	0	0	564
1662661	1760136	-1	929792	4226	0	0	4226
1671673	-1	-1	0	0	0	0	0
1679661	1250184	-1	739328	4731	0	0	4731
1689670	504976	-1	501760	7949	0	0	7949
1695661	-1	-1	0	0	0	0	0
1704665	-1	-1	114688	2713	0	0	2820
1707672	-1	-1	73728	2694	0	0	3007
1715669	309168	-1	311296	8055	0	0	8055
1722665	955504	-1	864256	7236	0	0	7236
1731661	600864	-1	681984	9080	0	0	9080
1738669	562184	-1	478208	6805	0	0	6805
1744667	1855960	-1	398336	1717	0	0	1717
1753658	2780112	-1	1189888	3424	0	0	3424
1760663	-1	-1	0	0	0	0	0
1769666	3978736	-1	486400	978	0	0	978
1771667	-1	-1	0	0	0	0	0
1780661	4959192	-1	1223680	1974	0	0	1974
1788674	-1	-1	0	0	0	0	0
1796661	10195528	-1	1115136	875	0	0	-1
1803659	-1	-1	0	0	0	0	-1
1812672	14862328	-1	1460224	786	0	0	-1
1815671	-1	-1	0	0	0	0	-1
1824670	21732016	-1	2683904	988	0	0	-1
1831663	-1	-1	0	0	0	0	-1
1840674	-1	-1	0	0	0	0	-1
1847669	-1	-1	0	0	0	0	-1
1857658	25489392	-1	914432	287	0	0	-1
1866229	33158736	-1	2520064	608	0	0	3323
1874239	-1	-1	0	0	0	0	0
1883231	-1	-1	0	0	0	0	0
1892229	-1	-1	0	0	0	0	0
1900232	-1	-1	0	0	0	0	0
1908232	-1	-1	0	0	0	0	0
1915232	-1	-1	0	0	0	0	0
1920229	-1	-1	0	0	0	0	0
1929230	20658088	-1	1484800	575	0	0	575
1936230	-1	-1	0	0	0	0	0
1943243	-1	-1	0	0	0	0	0
1949243	-1	-1	0	0	0	0	0
1958231	17202624	-1	3077120	1431	0	0	1431
1966238	-1	-1	0	0	0	0	0
1975237	18355144	-1	1039360	453	0	0	453
1983243	-1	-1	0	0	0	0	0
1992230	19078968	-1	1094656	459	0	0	459
2002237	-1	-1	0	0	0	0	0
2009232	20107640	-1	1382400	550	0	0	631
2018241	-1	-1	0	0	0	0	0
2027238	-1	-1	0	0	0	0	0
2029229	-1	-1	0	0	0	0	0
2038242	23575744	-1	1906688	647	0	0	699
2047240	-1	-1	0	0	0	0	0
2055232	18437240	-1	901120	391	0	0	435
2062229	-1	-1	0	0	0	0	0
2071229	18959232	-1	592476	250	0	0	324
2076240	-1	-1	0	0	0	0	0
2085237	15531536	-1	764928	394	0	0	432
2089233	-1	-1	0	0	0	0	0
2098241	22535904	-1	1459200	518	0	0	642
2107239	-1	-1	0	0	0	0	0
2116239	-1	-1	0	0	0	0	0
2121235	-1	-1	0	0	0	0	0
2128239	25834200	-1	1934336	599	0	0	632
2132232	-1	-1	0	0	0	0	0
2140240	-1	-1	0	0	0	0	0
2142238	-1	-1	0	0	0	0	0
2149237	24271184	-1	1304576	430	0	0	529
2156243	-1	-1	0	0	0	0	0
2165237	24675000	-1	1020928	331	0	0	331
2173229	-1	-1	0	0	0	0	0
2177374	25159800	-1	2736128	870	0	0	962
2186374	-1	-1	0	0	0	0	0
2195369	22267936	-1	701440	252	0	0	252
2201370	-1	-1	0	0	0	0	0
2210384	16436016	-1	1294336	630	0	0	742
2219374	-1	-1	0	0	0	0	0
2228371	21677992	-1	972800	359	0	0	359
2237368	-1	-1	0	0	0	0	0
2246385	22933784	-1	1229824	429	0	0	429
2255375	-1	-1	0	0	0	0	0
2261381	12620624	-1	679936	431	0	0	431
2269378	-1	-1	0	0	0	0	0
2278375	12382064	-1	741376	479	0	0	526
2281374	-1	-1	0	0	0	0	0
2289379	23817120	-1	1253376	421	0	0	421
2297384	-1	-1	0	0	0	0	0
2306387	-1	-1	0	0	0	0	0
2315386	25092896	-1	1640448	523	0	0	523
2317374	-1	-1	0	0	0	0	0
2326373	-1	-1	0	0	0	0	0
2329375	-1	-1	0	0	0	0	0
2338374	-1	-1	0	0	0	0	0
2345376	11889832	-1	1544192	1039	0	0	1039
2349376	-1	-1	0	0	0	0	0
2358374	5992552	-1	1124352	1501	0	0	1501
2368373	-1	-1	0	0	0	0	0
2377372	1903696	-1	1212416	5095	0	0	5095
2385370	-1	-1	25600	131	0	0	131
2395383	7582264	-1	1029292	1086	0	0	1086
2404386	-1	-1	0	0	0	0	0
2410373	-1	-1	0	0	0	0	0
2414377	-1	-1	0	0	0	0	0
2421371	11116496	-1	1331200	958	0	0	958
2426376	-1	-1	0	0	0	0	0
2435370	-1	-1	0	0	0	0	0
2440381	-1	-1	0	0	0	0	0
2445379	17820840	-1	1828864	821	0	0	823
2454379	-1	-1	0	0	0	0	0
2459379	17867232	-1	1603584	718	0	0	718
2468379	-1	-1	0	0	0	0	0
2475368	16635200	-1	1220608	587	0	0	587
2484375	-1	-1	0	0	0	0	0
2491375	-1	-1	0	0	0	0	0
2500382	19206216	-1	2076672	865	0	0	865
2501375	-1	-1	0	0	0	0	0
2510386	-1	-1	0	0	0	0	0
2516367	-1	-1	0	0	0	0	0
2520369	-1	-1	0	0	0	0	0
2526369	24006672	-1	1554432	518	0	0	617
2528379	-1	-1	0	0	0	0	0
2534385	24530104	-1	1094656	357	0	0	419
2543381	-1	-1	0	0	0	0	0
2549378	12944152	-1	666624	412	0	0	421
2550370	-1	-1	0	0	0	0	0
2558369	18686488	-1	789504	338	0	0	338
2561371	-1	-1	0	0	0	0	0
2570378	18234384	-1	1039360	456	0	0	456
2579371	-1	-1	0	0	0	0	0
2586372	-1	-1	0	0	0	0	0
2590386	-1	-1	0	0	0	0	0
2599376	15515320	-1	1444864	745	0	0	745
2604387	-1	-1	0	0	0	0	0
2612383	-1	-1	0	0	0	0	0
2617370	25595952	-1	1618944	506	0	0	545
2618368	-1	-1	60416	11	0	0	11
2630748	32023272	-1	2025472	506	0	0	1136
2633750	-1	-1	0	0	0	0	0
2642741	-1	-1	0	0	0	0	0
2651738	-1	-1	0	0	0	0	0
2660739	-1	-1	0	0	0	0	0
2668737	22514528	-1	1711104	608	0	0	608
2677736	-1	-1	0	0	0	0	0
2685749	28344320	-1	1062912	300	0	0	427
2694746	-1	-1	0	0	0	0	0
2703737	27964872	-1	1073152	307	0	0	331
2711749	-1	-1	0	0	0	0	0
2720758	-1	-1	0	0	0	0	0
2727748	25227640	-1	2220032	704	0	0	799
2730750	-1	-1	0	0	0	0	0
2738743	23547752	-1	1286296	437	0	0	437
2742751	-1	-1	0	0	0	0	0
2751742	-1	-1	0	0	0	0	0
2759741	-1	-1	0	0	0	0	0
2762749	-1	-1	0	0	0	0	0
2771741	25680704	-1	1832960	571	0	0	626
2780752	-1	-1	0	0	0	0	0
2789742	-1	-1	0	0	0	0	0
2792747	-1	-1	0	0	0	0	0
2801746	32694064	-1	2264064	554	0	0	623
2807746	-1	-1	0	0	0	0	0
2815746	31486048	-1	1031168	262	0	0	309
2824741	-1	-1	0	0	0	0	0
2833746	-1	-1	0	0	0	0	0
2840742	-1	-1	0	0	0	0	0
2847741	29801168	-1	1378304	370	0	0	417
2851751	-1	-1	0	0	0	0	0
2858742	23051904	-1	867328	301	0	0	320
2863742	-1	-1	0	0	0	0	0
2872744	24934576	-1	925696	297	0	0	312
2881745	-1	-1	0	0	0	0	0
2890745	24609168	-1	759808	247	0	0	317
2899743	27824552	-1	1210368	348	0	0	348
2903738	-1	-1	0	0	0	0	0
2912745	-1	-1	0	0	0	0	0
2921747	-1	-1	0	0	0	0	0
3137739	8221360	-1	573440	558	0	0	581
3139737	18267952	-1	883712	387	0	0	387
3141745	-1	-1	0	0	0	0	0
3142741	-1	-1	0	0	0	0	0
3143737	21387168	-1	398336	149	0	0	273
3144741	26368000	-1	738304	224	0	0	261
3145740	-1	-1	0	0	0	0	0
3146742	20249888	-1	901120	356	0	0	392
3147755	22747800	-1	1669120	587	0	0	648
3148747	-1	-1	0	0	0	0	0
3150742	-1	-1	0	0	0	0	0
3156741	-1	-1	0	0	0	0	0
3157738	18384376	-1	592896	258	0	0	316
3158740	35092376	-1	1267712	289	0	0	289
3159741	-1	-1	0	0	0	0	0
3160741	-1	-1	0	0	0	0	0
3164739	-1	-1	0	0	0	0	68
3165740	28587544	-1	2079744	582	0	0	582
3170744	-1	-1	0	0	0	0	0
3172739	-1	-1	0	0	0	0	0
3173740	-1	-1	0	0	0	0	0
3178738	22356160	-1	2031616	727	0	0	770
3185740	-1	-1	0	0	0	0	0
3194744	27298704	-1	1170432	343	0	0	343
3201741	-1	-1	0	0	0	0	0
3210744	20082536	-1	1443432	575	0	0	575
3213738	-1	-1	0	0	0	0	0
3221737	15977784	-1	1208320	605	0	0	605
3230746	-1	-1	0	0	0	0	0
3239749	27074720	-1	1753088	518	0	0	518
3248755	-1	-1	0	0	0	0	0
3257743	26197112	-1	1241088	379	0	0	379
3266738	-1	-1	0	0	0	0	0
3275755	28969040	-1	1897472	524	0	0	524
3284744	-1	-1	0	0	0	0	0
3290747	29333240	-1	1635328	446	0	0	446
3299741	-1	-1	0	0	0	0	0
3307737	-1	-1	0	0	0	0	0
3313738	-1	-1	0	0	0	0	0
3320742	16577152	-1	1494016	721	0	0	842
3325743	-1	-1	0	0	0	0	0
3334746	15648560	-1	784384	401	0	0	401
3338742	-1	-1	0	0	0	0	0
3347755	16299352	-1	1774592	871	0	0	871
3356739	-1	-1	0	0	0	0	0
3365739	13740736	-1	1985536	1156	0	0	1156
3374740	-1	-1	0	0	0	0	0
3381748	-1	-1	0	0	0	0	0
3390750	-1	-1	0	0	0	0	0
3396738	9637048	-1	1939456	1610	0	0	1610
3400738	-1	-1	0	0	0	0	0
3409743	-1	-1	0	0	0	0	0
3411742	-1	-1	0	0	0	0	0
3420737	21192536	-1	2482176	937	0	0	939
3430755	-1	-1	0	0	0	0	0
3439739	20958592	-1	1726464	659	0	0	659
3448745	-1	-1	0	0	0	0	0
3457737	18247496	-1	1012736	444	0	0	444
3466747	-1	-1	0	0	0	0	0
3475741	25878040	-1	1465344	453	0	0	453
3484738	-1	-1	0	0	0	0	0
3493753	17779200	-1	1422336	640	0	0	640
3502737	-1	-1	0	0	0	0	0
3508742	25314232	-1	1088512	344	0	0	344
3517750	-1	-1	0	0	0	0	0
3526749	-1	-1	0	0	0	0	0
3535741	20987120	-1	1928192	735	0	0	839
3539742	-1	-1	0	0	0	0	0
3548742	-1	-1	0	0	0	0	0
3555750	17799232	-1	1339392	602	0	0	602
3564746	-1	-1	0	0	0	0	0
3571837	7239256	-1	910336	1006	0	0	1575
3574834	16578152	-1	4983808	2405	0	0	2424
3586665	17935144	-1	378880	169	0	0	1131
3595667	-1	-1	0	0	0	0	0
3605655	-1	-1	0	0	0	0	0
3614655	24241840	-1	2451456	809	0	0	809
3623657	-1	-1	0	0	0	0	0
3625657	-1	-1	0	0	0	0	0
3633660	25769320	-1	3272704	1016	0	0	1016
3637661	-1	-1	0	0	0	0	0
3646666	-1	-1	0	0	0	0	0
3652665	22972528	-1	1481728	516	0	0	528
3662672	-1	-1	0	0	0	0	0
3671659	18089944	-1	2139136	946	0	0	946
3680662	-1	-1	0	0	0	0	0
3690655	-1	-1	0	0	0	0	0
3694666	-1	-1	0	0	0	0	0
3700657	22418248	-1	2457600	877	0	0	877
3708656	-1	-1	0	0	0	0	0
3717660	-1	-1	0	0	0	0	0
3726654	28273560	-1	1816576	514	0	0	592
3731666	31800440	-1	504832	127	0	0	139
3740661	-1	-1	0	0	0	0	0
3748661	24613752	-1	1335296	434	0	0	434
3755661	-1	-1	0	0	0	0	0
3765660	22691680	-1	1455104	513	0	0	513
3769663	-1	-1	0	0	0	0	0
3776666	-1	-1	0	0	0	0	0
3780656	22367496	-1	891904	319	0	0	352
3781655	29129472	-1	1401856	385	0	0	477
3783657	-1	-1	0	0	0	0	0
3784668	-1	-1	0	0	0	0	0
3786665	-1	-1	0	0	0	0	58
3788660	18812040	-1	1824768	776	0	0	776
3791660	21915800	-1	1273856	465	0	0	465
3792655	-1	-1	0	0	0	0	0
3793656	-1	-1	0	0	0	0	0
3794661	24032656	-1	1177600	392	0	0	423
3795658	-1	-1	0	0	0	0	0
3797658	24429128	-1	1532928	502	0	0	502
3798658	-1	-1	0	0	0	0	0
3800655	23486888	-1	507904	173	0	0	173
3801662	29698488	-1	1525760	411	0	0	411
3803664	27594104	-1	655360	190	0	0	234
3804674	25268856	-1	634880	201	0	0	201
3806665	-1	-1	0	0	0	0	0
3807661	18149912	-1	1093532	482	0	0	524
3809661	-1	-1	0	0	0	0	0
3811662	8639960	-1	1580032	1463	0	0	1463
3812661	-1	-1	0	0	0	0	0
3814675	28817248	-1	1015808	282	0	0	310
3817662	-1	-1	0	0	0	0	0
3819663	32005952	-1	1204224	301	0	0	311
3821666	-1	-1	0	0	0	0	0
3826660	25278168	-1	995328	315	0	0	315
3836664	29661736	-1	997376	269	0	0	269
3837662	-1	-1	0	0	0	0	0
3838661	-1	-1	0	0	0	0	24
3840662	31607192	-1	975872	247	0	0	284
3842655	29239136	-1	712704	195	0	0	197
3843660	27561224	-1	813056	236	0	0	236
3845659	25706984	-1	861184	268	0	0	313
3846656	-1	-1	0	0	0	0	0
3847659	-1	-1	0	0	0	0	0
3854662	26844920	-1	1150976	343	0	0	343
3856661	-1	-1	0	0	0	0	0
3858656	-1	-1	0	0	0	0	0
3861662	-1	-1	0	0	0	0	0
3863654	34901656	-1	2294784	526	0	0	565
3864654	-1	-1	30720	8	0	0	45
3865656	22250528	-1	431104	155	0	0	167
3871754	30461592	-1	4043776	1062	0	0	1062
3875752	-1	-1	0	0	0	0	0
3883759	-1	-1	0	0	0	0	0
3888760	-1	-1	0	0	0	0	0
3897764	-1	-1	0	0	0	0	0
3906758	-1	-1	0	0	0	0	0
3915751	30960944	-1	1315840	340	0	0	416
3920754	-1	-1	0	0	0	0	0
3929758	-1	-1	0	0	0	0	0
3931757	-1	-1	0	0	0	0	0
3932753	-1	-1	0	0	0	0	0
3940756	39862376	-1	3049472	612	0	0	612
3943752	32929688	-1	625664	152	0	0	233
3944751	34014608	-1	586752	138	0	0	138
3948762	-1	-1	0	0	0	0	0
3950752	-1	-1	0	0	0	0	0
3952756	36130192	-1	1386496	307	0	0	342
3954755	48505264	-1	1152000	190	0	0	190
3955751	-1	-1	0	0	0	0	0
3959753	38168648	-1	1288192	270	0	0	309
3962753	-1	-1	0	0	0	0	0
3965755	25190856	-1	1426432	453	0	0	453
3967757	-1	-1	0	0	0	0	0
3969757	40772400	-1	1335296	262	0	0	325
3971756	-1	-1	0	0	0	0	0
3977756	23671208	-1	991232	335	0	0	-1
3982758	-1	-1	0	0	0	0	-1
3989763	11455408	-1	1401856	979	0	0	-1
3998768	-1	-1	0	0	0	0	-1
4008348	-1	-1	0	0	0	0	-1
4010349	-1	-1	0	0	0	0	-1
4011350	-1	-1	0	0	0	0	-1
4019359	-1	-1	0	0	0	0	-1
4025361	-1	-1	0	0	0	0	-1
4034363	-1	-1	0	0	0	0	-1
4041346	21213296	-1	2073600	782	0	0	-1
4050355	-1	-1	0	0	0	0	-1
4059351	-1	-1	0	0	0	0	-1
4069354	-1	-1	0	0	0	0	-1
4076198	30888448	-1	1783808	462	0	0	2940
4078191	-1	-1	0	0	0	0	0
4079208	-1	-1	0	0	0	0	0
4082198	-1	-1	0	0	0	0	0
4091198	-1	-1	0	0	0	0	0
4097205	-1	-1	0	0	0	0	0
4100197	-1	-1	0	0	0	0	0
4109195	18482624	-1	1028096	445	0	0	445
4118206	-1	-1	0	0	0	0	0
4127198	24747384	-1	1478656	478	0	0	478
4137204	-1	-1	0	0	0	0	0
4146209	-1	-1	0	0	0	0	0
4155192	22373488	-1	2038784	729	0	0	729
4159195	-1	-1	0	0	0	0	0
4167197	-1	-1	0	0	0	0	0
4172199	-1	-1	0	0	0	0	0
4176204	-1	-1	0	0	0	0	0
4179198	33923800	-1	1713152	404	0	0	577
4181199	-1	-1	0	0	0	0	0
4188211	29769144	-1	1250304	336	0	0	336
4193205	-1	-1	0	0	0	0	0
4201194	-1	-1	0	0	0	0	0
4208198	-1	-1	0	0	0	0	0
4211197	29555032	-1	1422336	385	0	0	545
4212198	-1	-1	0	0	0	0	0
4215193	26261968	-1	942148	287	0	0	327
4217207	-1	-1	0	0	0	0	0
4224193	-1	-1	0	0	0	0	0
4229205	-1	-1	0	0	0	0	3094
4231197	-1	-1	0	0	0	0	1992
4240207	2262728	-1	2287616	8088	0	0	8088
4249208	10968240	-1	1068032	779	0	0	779
4256197	-1	-1	0	0	0	0	0
4265205	19477656	-1	805888	331	0	0	331
4274209	-1	-1	0	0	0	0	0
4282208	13950992	-1	1103872	633	0	0	633
4285193	19829232	-1	795648	321	0	0	321
4287194	-1	-1	0	0	0	0	0
4289201	19268504	-1	1197056	497	0	0	497
4290195	-1	-1	0	0	0	0	0
4292198	5431112	-1	674816	994	0	0	994
4294196	21514208	-1	1618944	602	0	0	602
4295197	-1	-1	0	0	0	0	0
4296197	22434160	-1	1040384	371	0	0	371
4297195	-1	-1	0	0	0	0	0
4298197	-1	-1	0	0	0	0	0
4299198	24294656	-1	1503232	495	0	0	495
4300197	-1	-1	0	0	0	0	0
4301197	27096616	-1	616448	182	0	0	308
4302196	26667576	-1	626688	188	0	0	188
4303192	22464184	-1	991232	353	0	0	353
4304191	-1	-1	0	0	0	0	0
4305196	-1	-1	0	0	0	0	0
4306191	24469264	-1	939008	307	0	0	318
4308210	-1	-1	0	0	0	0	0
4309197	-1	-1	0	0	0	0	0
4310193	24139736	-1	509952	169	0	0	171
4311192	28827240	-1	1235968	343	0	0	371
4313198	-1	-1	0	0	0	0	0
4315192	-1	-1	0	0	0	0	0
4317197	24464800	-1	675840	221	0	0	334
4318195	33303928	-1	890880	214	0	0	286
4319196	-1	-1	0	0	0	0	0
4320190	16264784	-1	977920	481	0	0	481
4321198	-1	-1	0	0	0	0	0
4322192	20372560	-1	1553408	610	0	0	610
4323192	27638632	-1	2642944	765	0	0	765
4324193	21341336	-1	1763328	661	0	0	661
4325192	27562016	-1	1805312	524	0	0	524
4326198	-1	-1	0	0	0	0	0
4327192	16151024	-1	906476	449	0	0	449
4328195	20083616	-1	544768	217	0	0	217
4329197	26356152	-1	1637376	497	0	0	497
4330196	21314856	-1	836608	314	0	0	367
4331190	30197960	-1	962560	255	0	0	255
4332195	19793872	-1	974848	394	0	0	394
4333195	-1	-1	0	0	0	0	0
4334204	28933448	-1	679936	188	0	0	188
4335194	23191640	-1	1664000	574	0	0	574
4336196	-1	-1	0	0	0	0	0
4337197	-1	-1	0	0	0	0	0
4341198	24064000	-1	770048	256	0	0	257
4342198	24278600	-1	919552	303	0	0	303
4343197	-1	-1	0	0	0	0	0
4346198	-1	-1	0	0	0	0	0
4354197	29975272	-1	2308096	616	0	0	616
4358197	-1	-1	0	0	0	0	0
4367191	-1	-1	0	0	0	0	0
4370195	-1	-1	0	0	0	0	0
4373194	17149608	-1	229376	107	0	0	108
4374204	28604608	-1	1955840	547	0	0	547
4377200	20439448	-1	1548288	606	0	0	606
4378197	-1	-1	0	0	0	0	0
4382197	-1	-1	0	0	0	0	0
4394199	20918032	-1	1393664	533	0	0	533
4396203	-1	-1	0	0	0	0	0
4405196	-1	-1	0	0	0	0	0
4414196	21663944	-1	1508352	557	0	0	627
4423198	-1	-1	0	0	0	0	0
4432200	28922776	-1	1417216	392	0	0	434
4441200	-1	-1	0	0	0	0	0
4450194	19095992	-1	1744896	731	0	0	731
4459208	-1	-1	0	0	0	0	0
4464195	-1	-1	0	0	0	0	0
4465196	19165232	-1	776192	324	0	0	343
4466200	30982976	-1	995328	257	0	0	270
4467202	31490352	-1	858112	218	0	0	363
4468209	28655680	-1	899072	251	0	0	251
4469197	-1	-1	0	0	0	0	0
4470191	22605216	-1	1573888	557	0	0	557
4471200	30019720	-1	581632	155	0	0	155
4480307	21373368	-1	1298432	486	0	0	1353
4482308	-1	-1	0	0	0	0	0
4483309	-1	-1	0	0	0	0	0
4484308	28086856	-1	540672	154	0	0	198
4485305	29658984	-1	1230848	332	0	0	332
4487308	-1	-1	0	0	0	0	40
4488309	15856032	-1	992984	501	0	0	501
4489310	-1	-1	0	0	0	0	0
4490309	-1	-1	0	0	0	0	0
4491315	-1	-1	0	0	0	0	0
4497311	-1	-1	0	0	0	0	0
4506315	14140848	-1	1613824	913	0	0	928
4514308	-1	-1	0	0	0	0	0
4523315	21902824	-1	1560576	570	0	0	570
4531306	-1	-1	0	0	0	0	0
4540308	18673560	-1	910336	390	0	0	390
4549310	-1	-1	0	0	0	0	0
4557323	23877024	-1	874496	293	0	0	308
4564322	-1	-1	0	0	0	0	0
4573314	21845336	-1	589824	216	0	0	324
4574313	-1	-1	0	0	0	0	0
4583319	20298960	-1	918528	362	0	0	362
4587318	-1	-1	0	0	0	0	0
4594321	-1	-1	0	0	0	0	0
4596306	12561064	-1	188416	120	0	0	120
4612952	13455640	-1	2230272	1326	0	0	1326
4621945	-1	-1	0	0	0	0	0
4626941	-1	-1	0	0	0	0	0
4636945	-1	-1	0	0	0	0	0
4638950	-1	-1	0	0	0	0	0
4647953	-1	-1	0	0	0	0	0
4655952	-1	-1	0	0	0	0	0
4664950	-1	-1	0	0	0	0	0
4670945	-1	-1	0	0	0	0	0
4674949	-1	-1	0	0	0	0	0
4681947	-1	-1	0	0	0	0	0
4690945	-1	-1	0	0	0	0	0
4699943	-1	-1	0	0	0	0	0
4704943	-1	-1	0	0	0	0	0
4713941	15356480	-1	1117184	582	0	0	630
4722942	-1	-1	0	0	0	0	0
4727941	20140960	-1	1125376	447	0	0	447
4730947	-1	-1	0	0	0	0	0
4734940	20404848	-1	1112064	436	0	0	436
4739950	-1	-1	0	0	0	0	0
4748953	19276480	-1	975872	405	0	0	405
4755942	-1	-1	0	0	0	0	0
4759953	24817832	-1	1681408	542	0	0	629
4762940	-1	-1	0	0	0	0	0
4767942	21999648	-1	1119232	407	0	0	407
4768940	-1	-1	0	0	0	0	0
4772391	11269512	-1	1914408	1359	0	0	1359
4780386	-1	-1	0	0	0	0	0
4788391	-1	-1	0	0	0	0	0
4789385	-1	-1	0	0	0	0	0
4790381	-1	-1	0	0	0	0	0
4791381	-1	-1	0	0	0	0	0
4793381	-1	-1	0	0	0	0	1386
4795385	-1	-1	0	0	0	0	2003
4799379	-1	-1	0	0	0	0	3994
4803378	1488696	-1	729088	3918	0	0	3998
4806384	11939760	-1	2580480	1729	0	0	1729
4811383	-1	-1	0	0	0	0	0
4814381	11060320	-1	1014784	734	0	0	734
4816378	-1	-1	0	0	0	0	0
4817386	-1	-1	0	0	0	0	0
4818380	-1	-1	0	0	0	0	0
4821380	10945368	-1	1152000	842	0	0	842
4823384	-1	-1	0	0	0	0	0
4824381	9903568	-1	776192	627	0	0	627
4828381	-1	-1	0	0	0	0	0
4833385	-1	-1	0	0	0	0	0
4836389	-1	-1	0	0	0	0	0
4840385	6402488	-1	329728	412	0	0	851
4843378	8670664	-1	649216	599	0	0	599
4844395	9631136	-1	534528	444	0	0	444
4846377	9738224	-1	670720	551	0	0	551
4847383	-1	-1	0	0	0	0	0
4853380	-1	-1	90112	97	0	0	101
4854379	8372504	-1	617472	590	0	0	590
4856381	-1	-1	0	0	0	0	0
4861380	9414832	-1	969728	824	0	0	824
4862380	-1	-1	0	0	0	0	0
4866382	-1	-1	0	0	0	0	0
4869380	-1	-1	0	0	0	0	92
4874389	10317552	-1	919552	713	0	0	753
4883391	-1	-1	0	0	0	0	0
4889385	8936728	-1	552960	495	0	0	495
4898390	10865176	-1	774144	570	0	0	570
4899378	-1	-1	0	0	0	0	0
4900378	-1	-1	0	0	0	0	0
4905383	8622400	-1	615424	571	0	0	571
4914400	-1	-1	0	0	0	0	0
4923385	7592584	-1	505856	533	0	0	533
4930380	10066184	-1	340992	271	0	0	366
4931392	9077240	-1	661504	583	0	0	583
4933379	10473792	-1	573440	438	0	0	438
4934379	-1	-1	0	0	0	0	0
4935387	-1	-1	0	0	0	0	0
4938378	9405632	-1	571392	486	0	0	486
4941377	-1	-1	0	0	0	0	0
4942377	-1	-1	0	0	0	0	0
4943394	9923640	-1	610304	492	0	0	630
4944380	6931504	-1	554520	640	0	0	640
4945379	-1	-1	0	0	0	0	0
4947385	-1	-1	40960	222	0	0	245
4948385	12288000	-1	869376	566	0	0	566
4949380	-1	-1	0	0	0	0	0
4951390	10996776	-1	658432	479	0	0	479
4955378	8469696	-1	562176	531	0	0	542
4956381	12356576	-1	1014784	657	0	0	657
4957380	-1	-1	0	0	0	0	0
4958381	7524504	-1	253952	270	0	0	335
4962381	11645928	-1	538624	370	0	0	480
4963387	6662944	-1	798720	959	0	0	959
4965381	10097896	-1	618496	490	0	0	490
4966381	-1	-1	0	0	0	0	0
4967381	-1	-1	0	0	0	0	0
4969382	-1	-1	0	0	0	0	1422
4970378	-1	-1	0	0	0	0	996
4972377	-1	-1	0	0	0	0	1999
4973377	-1	-1	0	0	0	0	999
4974379	-1	-1	0	0	0	0	1002
4975382	-1	-1	0	0	0	0	1003
4978397	12868904	-1	2665472	1657	0	0	2389
4982398	-1	-1	0	0	0	0	0
4983394	-1	-1	0	0	0	0	0
4986390	10763208	-1	368640	274	0	0	274
4987389	14023976	-1	1265664	722	0	0	722
4990410	9870176	-1	813056	659	0	0	659
4991389	-1	-1	0	0	0	0	0
4992397	-1	-1	0	0	0	0	0
4994396	11267984	-1	723968	514	0	0	514
4995389	-1	-1	0	0	0	0	0
4996396	-1	-1	0	0	0	0	0
4998398	12036288	-1	807936	537	0	0	537
4999389	-1	-1	0	0	0	0	0
5000396	10915792	-1	541696	397	0	0	397
5001399	-1	-1	0	0	0	0	0
5002391	-1	-1	0	0	0	0	0
5004391	12143128	-1	472064	311	0	0	419
5005397	-1	-1	0	0	0	0	0
5006390	10186384	-1	486400	382	0	0	382
5007392	13578240	-1	678912	400	0	0	400
5008392	-1	-1	0	0	0	0	0
5009393	-1	-1	0	0	0	0	0
5010397	-1	-1	0	0	0	0	0
5013457	20083616	-1	2879488	1147	0	0	1147
5015478	-1	-1	0	0	0	0	0
5017457	-1	-1	0	0	0	0	0
5019457	13658800	-1	399520	234	0	0	363
5020463	12994208	-1	612352	377	0	0	377
5022459	-1	-1	0	0	0	0	0
5023460	13675224	-1	852992	499	0	0	499
5025461	21267696	-1	1244160	468	0	0	468
5026460	-1	-1	0	0	0	0	0
5027461	22494696	-1	1383424	492	0	0	492
5028460	-1	-1	0	0	0	0	0
5029460	-1	-1	0	0	0	0	0
5030463	-1	-1	0	0	0	0	0
5031461	14712160	-1	360448	196	0	0	207
5033475	23495560	-1	1491968	508	0	0	584
5034469	-1	-1	0	0	0	0	0
5035462	-1	-1	0	0	0	0	0
5036456	-1	-1	0	0	0	0	0
5040461	21001312	-1	577536	220	0	0	404
5043461	7811416	-1	1282048	1313	0	0	1313
5045460	15909104	-1	411648	207	0	0	207
5047457	-1	-1	0	0	0	0	0
5050456	16682256	-1	859136	412	0	0	412
5051463	-1	-1	0	0	0	0	0
5052458	-1	-1	0	0	0	0	466
5053458	-1	-1	0	0	0	0	1000
5054458	-1	-1	0	0	0	0	999
5056456	-1	-1	0	0	0	0	1998
5057455	-1	-1	0	0	0	0	998
5058457	-1	-1	0	0	0	0	1001
5059455	-1	-1	0	0	0	0	998
5060456	-1	-1	0	0	0	0	1000
5065821	24183528	-1	3470336	1148	0	0	1617
5066820	-1	-1	0	0	0	0	0
5068826	23202952	-1	1540096	531	0	0	625
5071823	-1	-1	0	0	0	0	0
5072821	-1	-1	0	0	0	0	0
5073819	17248712	-1	388096	180	0	0	213
5074826	4379232	-1	411648	752	0	0	752
5075822	16981792	-1	785408	370	0	0	370
5076834	-1	-1	0	0	0	0	0
5078820	-1	-1	0	0	0	0	0
5079818	-1	-1	0	0	0	0	0
5080816	19446704	-1	1339392	551	0	0	647
5081831	23501640	-1	716800	244	0	0	244
5082820	-1	-1	0	0	0	0	0
5088830	-1	-1	0	0	0	0	0
5097821	-1	-1	0	0	0	0	0
5100821	7130608	-1	756736	849	0	0	944
5101823	24824240	-1	1024000	330	0	0	401
5105822	-1	-1	0	0	0	0	0
5106820	-1	-1	0	0	0	0	0
5112828	18211288	-1	908288	399	0	0	-1
5117822	-1	-1	122880	326	0	0	-1
5118817	21821040	-1	1532928	562	0	0	-1
5119817	-1	-1	0	0	0	0	-1
5120817	-1	-1	0	0	0	0	-1
5121824	24429280	-1	1022976	335	0	0	-1
5126818	-1	-1	0	0	0	0	-1
5130830	30947552	-1	870400	225	0	0	-1
5132817	-1	-1	0	0	0	0	-1
5141817	-1	-1	0	0	0	0	-1
5148789	29339272	-1	1463296	399	0	0	1898
5150789	-1	-1	0	0	0	0	0
5151789	-1	-1	0	0	0	0	0
5152790	-1	-1	0	0	0	0	0
5153794	-1	-1	0	0	0	0	0
5155788	-1	-1	0	0	0	0	0
5157788	-1	-1	0	0	0	0	0
5159787	-1	-1	0	0	0	0	0
5161791	30686208	-1	1162240	303	0	0	323
5165806	-1	-1	0	0	0	0	0
5168787	-1	-1	0	0	0	0	0
5174793	-1	-1	0	0	0	0	0
5175791	31297640	-1	1068032	273	0	0	423
5176786	-1	-1	0	0	0	0	0
5177789	-1	-1	90112	61	0	0	66
5178785	26235816	-1	501760	153	0	0	263
5179787	28075096	-1	698368	199	0	0	229
5180787	18022400	-1	146432	65	0	0	93
5181786	28672000	-1	394240	110	0	0	128
5182788	-1	-1	0	0	0	0	0
5183787	-1	-1	0	0	0	0	0
5185785	27388176	-1	229376	67	0	0	74
5186802	37987680	-1	1609728	339	0	0	394
5187785	-1	-1	0	0	0	0	0
5190790	-1	-1	0	0	0	0	0
5193799	-1	-1	0	0	0	0	0
5194786	-1	-1	0	0	0	0	0
5197789	19782536	-1	798720	323	0	0	415
5198792	29805264	-1	413548	111	0	0	127
5199792	4413368	-1	455680	826	0	0	826
5201794	-1	-1	0	0	0	0	0
5202790	7319480	-1	463872	507	0	0	507
5203789	-1	-1	0	0	0	0	0
5204789	9001088	-1	729088	648	0	0	648
5205786	8884448	-1	775168	698	0	0	698
5206793	-1	-1	0	0	0	0	0
5207786	13760944	-1	698368	406	0	0	406
5208793	-1	-1	0	0	0	0	0
5210792	8022296	-1	532480	531	0	0	590
5212787	13112192	-1	537600	328	0	0	328
5213799	11141792	-1	676864	486	0	0	512
5214791	16681888	-1	344064	165	0	0	165
5215786	-1	-1	0	0	0	0	0
5217793	10067736	-1	1077248	856	0	0	856
5221473	13812816	-1	3399680	1969	0	0	1969
5223473	10553320	-1	2009088	1523	0	0	1523
5225469	-1	-1	0	0	0	0	0
5228472	-1	-1	0	0	0	0	0
5230467	9801784	-1	1122304	916	0	0	950
5231463	9990720	-1	1046528	838	0	0	838
5234464	3800680	-1	151552	319	0	0	319
5237466	8441408	-1	450560	427	0	0	427
5238464	11288408	-1	1243136	881	0	0	997
5239469	15611688	-1	1738752	891	0	0	891
5242481	9938120	-1	1171456	943	0	0	943
5243469	-1	-1	0	0	0	0	0
5245470	15648824	-1	2441216	1248	0	0	1261
5255478	22898592	-1	601088	210	0	0	210
5264483	-1	-1	0	0	0	0	0
5273486	-1	-1	0	0	0	0	0
5275487	-1	-1	0	0	0	0	0
5284477	20754896	-1	773120	298	0	0	304
5293484	-1	-1	0	0	0	0	0
5301477	19957368	-1	840704	337	0	0	337
5308476	-1	-1	0	0	0	0	0
5317471	23412640	-1	989184	338	0	0	338
5324474	-1	-1	0	0	0	0	0
5329475	15732840	-1	1533952	780	0	0	780
5331477	-1	-1	0	0	0	0	0
5334489	-1	-1	0	0	0	0	0
5335477	-1	-1	0	0	0	0	0
5337477	20687488	-1	1378304	533	0	0	600
5340483	23071760	-1	1162240	403	0	0	407
5341477	-1	-1	0	0	0	0	0
5343474	-1	-1	114688	71	0	0	72
5348480	23405712	-1	634880	217	0	0	240
5352474	-1	-1	16384	50	0	0	51
5354477	15032040	-1	1170620	623	0	0	680
5359476	-1	-1	0	0	0	0	0
5366473	-1	-1	0	0	0	0	0
5371476	-1	-1	0	0	0	0	0
5373484	15672672	-1	2053120	1048	0	0	1048
5378480	29959312	-1	393216	105	0	0	105
5381476	-1	-1	0	0	0	0	0
5382477	20703824	-1	947200	366	0	0	444
5383482	17390840	-1	389120	179	0	0	179
5384478	21124744	-1	1140736	432	0	0	432
5387481	-1	-1	0	0	0	0	0
5388478	-1	-1	0	0	0	0	0
5389472	11433440	-1	794624	556	0	0	561
5391477	21093408	-1	3274752	1242	0	0	1242
5393483	-1	-1	0	0	0	0	0
5395477	16904128	-1	1996800	945	0	0	945
5396477	-1	-1	0	0	0	0	0
5401476	-1	-1	0	0	0	0	0
5404480	-1	-1	0	0	0	0	0
5406473	29215720	-1	2476032	678	0	0	726
5407471	34310024	-1	729088	170	0	0	170
5408475	28464808	-1	914432	257	0	0	257
5410475	-1	-1	0	0	0	0	0
5411480	-1	-1	0	0	0	0	0
5412472	33722576	-1	1989632	472	0	0	521
5413474	39191272	-1	431104	88	0	0	130
5414475	28878272	-1	501760	139	0	0	162
5415480	45397336	-1	1906688	336	0	0	431
5416473	-1	-1	0	0	0	0	0
5417476	-1	-1	0	0	0	0	0
5418473	41480128	-1	1633280	315	0	0	379
5420477	51083904	-1	2816000	441	0	0	441
5422482	34270848	-1	2381824	556	0	0	556
5424479	-1	-1	0	0	0	0	0
5427476	-1	-1	0	0	0	0	0
5430473	-1	-1	0	0	0	0	0
5432476	28277072	-1	2566144	726	0	0	806
5433478	-1	-1	0	0	0	0	0
5435472	29736448	-1	1787904	481	0	0	481
5436471	-1	-1	0	0	0	0	0
5441472	-1	-1	0	0	0	0	999
5445473	14221480	-1	1367040	769	0	0	1029
5450471	29911304	-1	729088	195	0	0	210
5451473	-1	-1	0	0	0	0	0
5452476	13825720	-1	1062852	615	0	0	615
5454490	-1	-1	0	0	0	0	0
5455477	-1	-1	0	0	0	0	0
5457480	-1	-1	0	0	0	0	0
5459477	8475672	-1	1254400	1184	0	0	1184
5460478	11226072	-1	492544	351	0	0	353
5463477	16491792	-1	313344	152	0	0	166
5464477	-1	-1	0	0	0	0	0
5465474	13287424	-1	830464	500	0	0	518
5466471	-1	-1	0	0	0	0	0
5468476	11454552	-1	823296	575	0	0	575
5469473	-1	-1	0	0	0	0	0
5471476	-1	-1	0	0	0	0	0
5472472	-1	-1	0	0	0	0	52
5473476	16371624	-1	1354752	662	0	0	671
5474481	-1	-1	0	0	0	0	0
5475480	15529616	-1	949248	489	0	0	521
5476478	-1	-1	0	0	0	0	0
5479488	-1	-1	0	0	0	0	0
5481473	11990232	-1	927744	619	0	0	619
5486486	12316152	-1	896000	582	0	0	582
5497400	17935208	-1	1811456	808	0	0	808
5501402	-1	-1	0	0	0	0	0
5510394	-1	-1	0	0	0	0	0
5512401	-1	-1	0	0	0	0	0
5518405	-1	-1	0	0	0	0	0
5522408	-1	-1	0	0	0	0	0
5531403	-1	-1	0	0	0	0	0
5536402	-1	-1	0	0	0	0	0
5545400	11684312	-1	921600	631	0	0	631
5554395	-1	-1	0	0	0	0	0
5563406	19169696	-1	951296	397	0	0	419
5569396	-1	-1	73728	178	0	0	178
5572402	14624240	-1	740352	405	0	0	405
5581405	-1	-1	0	0	0	0	0
5590401	-1	-1	0	0	0	0	0
5596394	-1	-1	0	0	0	0	0
5604398	13505728	-1	1436672	851	0	0	961
5613401	-1	-1	0	0	0	0	0
5622405	10704024	-1	785408	587	0	0	587
5624393	-1	-1	0	0	0	0	0
5628394	-1	-1	0	0	0	0	0
5630395	-1	-1	0	0	0	0	0
5632401	16442432	-1	1440768	701	0	0	724
5637394	-1	-1	0	0	0	0	0
5638394	10791672	-1	731136	542	0	0	542
5639395	-1	-1	0	0	0	0	0
5641396	11594496	-1	534796	369	0	0	369
5643398	-1	-1	0	0	0	0	165
5645406	3973552	-1	515072	1037	0	0	1037
5646403	-1	-1	0	0	0	0	0
5655400	7569992	-1	585728	619	0	0	638
5658402	-1	-1	0	0	0	0	0
5661397	10820992	-1	762880	564	0	0	564
5662398	-1	-1	0	0	0	0	0
5670399	12903280	-1	751616	466	0	0	466
5672394	-1	-1	0	0	0	0	0
5673401	-1	-1	0	0	0	0	0
5674395	-1	-1	0	0	0	0	77
5675397	9198560	-1	945152	822	0	0	822
5676395	-1	-1	0	0	0	0	0
5677394	-1	-1	0	0	0	0	0
5678403	11329360	-1	798720	564	0	0	688
5679397	-1	-1	0	0	0	0	0
5682409	-1	-1	0	0	0	0	0
5683395	7218008	-1	424960	471	0	0	471
5688402	12187280	-1	371712	244	0	0	244
5690397	9498480	-1	550912	464	0	0	464
5696407	-1	-1	0	0	0	0	0
5705405	-1	-1	0	0	0	0	0
5707404	-1	-1	0	0	0	0	0
5710393	7237840	-1	862208	953	0	0	1036
5712397	8910328	-1	596992	536	0	0	536
5713393	-1	-1	0	0	0	0	0
5714409	-1	-1	0	0	0	0	0
5715404	-1	-1	0	0	0	0	0
5718396	7845248	-1	741376	756	0	0	756
5719411	-1	-1	0	0	0	0	0
5722400	-1	-1	16384	389	0	0	402
5723397	9971296	-1	1130496	907	0	0	907
5724410	9990240	-1	460800	369	0	0	522
5726394	9507816	-1	458752	386	0	0	386
5727396	-1	-1	0	0	0	0	326
5728395	3233304	-1	456704	1130	0	0	1130
5729396	9127760	-1	1138688	998	0	0	998
5730396	-1	-1	0	0	0	0	0
5731394	11349336	-1	544768	384	0	0	790
5732396	11636360	-1	896000	616	0	0	616
5734398	-1	-1	0	0	0	0	0
5735398	-1	-1	0	0	0	0	0
5737394	5448976	-1	752640	1105	0	0	1105
5741396	2488712	-1	147456	474	0	0	475
5742408	12982368	-1	851968	525	0	0	525
5743397	6612272	-1	600064	726	0	0	726
5744401	-1	-1	0	0	0	0	0
5745398	-1	-1	0	0	0	0	48
5746397	19223120	-1	1533044	638	0	0	638
5748396	-1	-1	0	0	0	0	0
5749394	-1	-1	0	0	0	0	0
5750406	27077752	-1	2260992	668	0	0	668
5751403	-1	-1	0	0	0	0	0
5752404	-1	-1	0	0	0	0	0
5755402	10619256	-1	1218560	918	0	0	1035
5756395	18316944	-1	1630208	712	32768	3713	712
5757395	-1	-1	0	0	0	0	84
5758401	16618280	-1	2179072	1049	33792	2013	1049
5759396	18700192	-1	785408	336	0	0	336
5760402	30729264	-1	848896	221	34816	2007	221
5761406	24196864	-1	1829888	605	0	0	605
5762398	34770488	-1	391168	90	34816	1999	90
5763410	-1	-1	0	0	0	0	27
5764395	24234664	-1	1308672	432	35840	1941	432
5765412	23550168	-1	1645568	559	0	0	559
5767393	-1	-1	0	0	35840	2031	0
5771397	-1	-1	0	0	73728	4016	0
5772401	-1	-1	0	0	37888	2019	0
5777408	31017680	-1	4881408	1259	77824	3995	1259
5780398	-1	-1	0	0	79872	4008	0
5789397	-1	166328	0	0	165888	7979	0
5793642	24149472	-1	5623808	1863	43008	2037	2665
5795645	36785736	-1	1443840	314	0	0	314
5802644	-1	-1	0	0	0	0	0
5803653	-1	-1	0	0	0	0	0
5806643	22922432	-1	1547264	540	0	0	540
5807642	-1	-1	0	0	0	0	0
5812643	26691648	-1	1111040	333	0	0	415
5817648	-1	-1	0	0	0	0	0
5820642	24461904	-1	1097728	359	0	0	359
5821645	-1	-1	0	0	0	0	0
5822652	24489312	-1	578560	189	0	0	254
5824655	24714064	-1	549888	178	0	0	178
5825644	26043736	-1	781312	240	0	0	240
5829659	-1	-1	0	0	0	0	0
5833650	27803152	-1	1032192	297	0	0	322
5840650	11335832	-1	1030144	727	0	0	727
5841645	-1	-1	0	0	0	0	0
5850642	-1	-1	0	0	0	0	0
5859658	10203784	-1	649216	509	0	0	509
5864651	-1	-1	0	0	0	0	0
5868646	26988992	-1	1362944	404	0	0	404
5870645	-1	-1	0	0	0	0	0
5873647	26524584	-1	1366016	412	0	0	412
5880642	21654824	-1	698368	258	0	0	302
5882642	24576000	-1	500736	163	0	0	163
5884646	-1	-1	0	0	0	0	0
5888646	-1	-1	0	0	0	0	0
5890651	-1	-1	0	0	0	0	0
5894643	24755552	-1	1129472	365	0	0	365
5895644	11410808	-1	138356	97	0	0	109
5896649	14088496	-1	1326080	753	0	0	988
5897645	16057952	-1	403456	201	0	0	201
5898643	19103264	-1	1143808	479	0	0	479
5899644	-1	-1	0	0	0	0	0
5900649	-1	-1	0	0	0	0	243
5901647	16391120	-1	2356224	1150	0	0	1150
5902644	29699336	-1	1139712	307	0	0	307
5903645	-1	-1	0	0	0	0	0
5906646	14639192	-1	1915904	1047	88064	6496	1047
5907645	-1	-1	0	0	0	0	0
5908646	-1	-1	0	0	45056	1989	0
5909648	-1	-1	0	0	0	0	0
5910645	8154248	-1	663552	651	45056	2044	714
5911643	21041384	-1	1036288	394	0	0	394
5914645	-1	-1	0	0	0	0	0
5916645	19390488	-1	719872	297	0	0	311
5918645	11676656	-1	195584	134	0	0	209
5921646	17091952	-1	346112	162	0	0	162
5923645	-1	-1	0	0	0	0	0
5925642	20427488	-1	796672	312	0	0	409
5926644	-1	-1	0	0	0	0	0
5927657	20795080	-1	506880	195	0	0	216
5928642	23414016	-1	412672	141	0	0	178
5930650	-1	-1	131072	23	0	0	40
5931644	-1	-1	0	0	0	0	200
5933643	-1	-1	0	0	0	0	1999
5935642	-1	-1	0	0	0	0	1998
5936646	-1	-1	0	0	0	0	1004
5937643	-1	-1	0	0	0	0	996
5940646	-1	-1	0	0	0	0	3003
5941643	-1	-1	0	0	0	0	996
5942644	23996864	-1	2630656	877	0	0	877
5945644	-1	-1	0	0	0	0	0
5947645	-1	-1	0	0	0	0	0
5951649	-1	-1	0	0	0	0	0
5953658	16677120	-1	1106944	531	0	0	531
5958654	-1	-1	0	0	0	0	0
5963649	-1	-1	0	0	0	0	0
5965655	23177368	-1	1187840	410	0	0	521
5969653	-1	-1	0	0	0	0	0
5970641	-1	-1	0	0	0	0	0
5972652	-1	-1	0	0	0	0	0
5973643	-1	-1	0	0	0	0	0
5975643	15904760	-1	1087488	547	0	0	582
5977645	22343976	-1	963584	345	0	0	345
5978646	-1	-1	0	0	0	0	0
5979652	-1	-1	0	0	0	0	0
5982655	14595240	-1	576512	316	0	0	-1
5984649	-1	-1	0	0	0	0	-1
5985645	-1	-1	0	0	0	0	-1
5986646	6367872	-1	393216	494	0	0	-1
5988646	31354592	-1	1113088	284	0	0	-1
5989658	-1	-1	0	0	0	0	-1
5993645	-1	-1	0	0	0	0	-1
5999645	-1	-1	0	0	0	0	-1
6002645	-1	-1	0	0	0	0	-1
6006648	23467672	-1	997376	340	0	0	-1
6011655	-1	-1	0	0	0	0	-1
6018108	23658360	-1	1452032	491	0	0	1540
6019100	-1	-1	0	0	0	0	0
6022102	-1	-1	0	0	0	0	0
6028109	-1	-1	0	0	0	0	0
6031101	-1	-1	0	0	0	0	0
6038112	-1	-1	0	0	0	0	0
6041101	-1	-1	0	0	0	0	0
6049101	-1	-1	0	0	0	0	0
6055101	-1	-1	0	0	0	0	0
6061101	-1	-1	0	0	0	0	0
6070107	11009752	-1	604160	439	0	0	445
6079100	-1	-1	0	0	0	0	0
6088101	18369352	-1	975872	425	0	0	530
6097101	-1	-1	0	0	0	0	0
6107101	12919832	-1	607232	376	0	0	420
6115115	-1	-1	0	0	0	0	0
6124115	21043392	-1	707584	269	0	0	321
6133100	-1	-1	0	0	0	0	0
6139101	21360136	-1	646144	242	0	0	326
6147100	-1	-1	0	0	0	0	0
6156111	16681888	-1	573440	275	0	0	323
6162102	-1	-1	0	0	0	0	0
6171101	21481896	-1	746496	278	0	0	343
6175105	-1	-1	0	0	0	0	0
6176100	19206920	-1	355328	148	0	0	180
6180102	20018048	-1	332800	133	0	0	153
6183109	17855504	-1	573608	257	0	0	307
6184100	-1	-1	0	0	0	0	41
6186102	11243464	-1	980992	698	0	0	701
6189100	-1	-1	0	0	0	0	0
6192105	-1	-1	49152	543	0	0	700
6196107	13153104	-1	762880	464	0	0	464
6200101	-1	-1	0	0	0	0	0
6201102	18022400	-1	360448	160	0	0	160
6205101	33405152	-1	1879040	450	0	0	450
6206109	11777720	-1	437248	297	0	0	305
6207099	-1	-1	0	0	0	0	0
6208102	-1	-1	0	0	0	0	0
6209099	20395424	-1	864256	339	0	0	339
6211102	-1	-1	0	0	0	0	0
6214101	-1	-1	0	0	0	0	0
6215103	-1	-1	0	0	0	0	720
6216100	6939032	-1	1117184	1288	0	0	1288
6217104	6262528	-1	581632	743	0	0	743
6218100	-1	-1	0	0	0	0	0
6219101	-1	-1	0	0	0	0	0
6222100	19854904	-1	1235968	498	0	0	566
6224107	-1	-1	0	0	0	0	0
6226102	-1	-1	0	0	0	0	0
6232104	22841472	-1	1119232	392	0	0	392
6236101	-1	-1	0	0	0	0	0
6238100	19421480	-1	1080320	445	0	0	445
6239100	-1	-1	0	0	0	0	0
6241101	-1	-1	0	0	0	0	0
6242100	26037640	-1	1568768	482	0	0	623
6244100	22055384	-1	573440	208	0	0	208
6247104	-1	-1	0	0	0	0	0
6257101	-1	-1	0	0	0	0	0
6259099	12553208	-1	1308672	834	0	0	834
6260103	-1	-1	0	0	0	0	0
6262112	-1	-1	0	0	0	0	0
6266104	20538016	-1	906240	353	0	0	353
6269101	-1	-1	0	0	0	0	60
6270104	14210072	-1	548864	309	0	0	309
6274104	-1	-1	0	0	0	0	0
6279102	21821944	-1	1273856	467	0	0	467
6280102	4712064	-1	289792	492	0	0	620
6281100	13815752	-1	1393664	807	0	0	807
6283102	-1	-1	0	0	0	0	0
6290109	25167816	-1	1654784	526	0	0	526
6298099	-1	-1	0	0	0	0	0
6300101	-1	-1	0	0	0	0	0
6303110	25002664	-1	1200128	384	0	0	384
6304100	-1	-1	0	0	0	0	0
6309102	-1	-1	0	0	0	0	0
6310100	12483048	-1	196608	126	0	0	129
6314100	15260744	-1	2098352	1100	0	0	1100
6315107	-1	-1	0	0	0	0	0
6316101	20832144	-1	575488	221	0	0	326
6317101	34142496	-1	635904	149	0	0	149
6318112	-1	-1	0	0	0	0	0
6320101	-1	-1	0	0	0	0	0
6323101	21412568	-1	1199104	448	0	0	448
6327102	16468168	-1	601088	292	0	0	314
6328116	-1	-1	0	0	0	0	0
6330106	14634256	-1	188416	103	0	0	104
6333101	27648000	-1	552960	160	0	0	204
6334102	-1	-1	0	0	0	0	0
6336103	27731760	-1	1313792	379	0	0	379
6337105	-1	-1	0	0	0	0	0
6339114	26199120	-1	1404928	429	0	0	429
6343101	-1	-1	0	0	0	0	0
6351100	-1	-1	0	0	0	0	0
6352103	21360864	-1	993280	372	0	0	532
6353109	-1	-1	0	0	0	0	0
6356101	-1	-1	0	0	0	0	0
6357101	-1	-1	0	0	0	0	0
6359103	25937896	-1	1287168	397	0	0	516
6360104	-1	-1	0	0	0	0	0
6362100	-1	-1	0	0	0	0	0
6364102	-1	-1	0	0	0	0	0
6366100	25914208	-1	1467392	453	0	0	570
6368101	-1	-1	0	0	0	0	0
6371100	-1	-1	0	0	0	0	0
6372101	21855088	-1	764928	280	0	0	309
6373104	-1	-1	0	0	0	0	0
6374104	23312920	-1	661504	227	0	0	310
6376101	17044160	-1	581632	273	0	0	325
6377103	-1	-1	0	0	0	0	57
6378099	23239968	-1	676864	233	0	0	254
6379115	18848848	-1	266240	113	0	0	156
6380744	31394776	-1	1357824	346	0	0	346
6381748	-1	-1	0	0	0	0	0
6382745	-1	-1	0	0	0	0	0
6389029	20523952	-1	405348	158	0	0	206
6391029	-1	-1	0	0	0	0	0
6392028	-1	-1	0	0	0	0	0
6393029	-1	-1	0	0	0	0	0
6397030	-1	-1	0	0	0	0	0
6404039	-1	-1	0	0	0	0	0
6408032	-1	-1	0	0	0	0	0
6411036	-1	-1	0	0	0	0	0
6412033	-1	-1	0	0	0	0	0
6413028	-1	-1	16384	128	0	0	151
6414029	23370072	-1	575488	197	0	0	210
6416036	21209424	-1	774144	292	0	0	302
6417030	-1	-1	0	0	0	0	0
6418028	-1	-1	0	0	0	0	0
6419027	-1	-1	0	0	0	0	0
6422793	33137712	-1	1743872	421	0	0	425
6423790	-1	-1	0	0	0	0	0
6427779	-1	-1	0	0	0	0	0
6428781	-1	-1	0	0	0	0	0
6430780	22021072	-1	1112064	404	0	0	510
6431781	-1	-1	0	0	0	0	0
6433777	20888280	-1	812032	311	0	0	311
6434778	11481872	-1	539648	376	0	0	376
6435776	24887088	-1	491520	158	0	0	158
6436778	3960448	-1	344064	695	0	0	696
6437781	9811352	-1	210944	172	0	0	172
6438780	-1	-1	0	0	0	0	42
6439785	14162064	-1	646144	365	0	0	365
6442781	23028200	-1	624640	217	0	0	313
6443777	-1	-1	0	0	0	0	0
6449784	-1	-1	0	0	0	0	0
6452781	-1	-1	0	0	0	0	0
6453778	19071320	-1	901120	378	0	0	467
6454781	-1	-1	0	0	0	0	58
6455777	-1	-1	0	0	0	0	0
6457793	22886928	-1	832512	291	0	0	309
6460779	-1	-1	0	0	0	0	0
6466782	-1	-1	0	0	0	0	0
6469778	18561152	-1	515072	222	0	0	323
6471785	-1	-1	0	0	0	0	0
6472780	-1	-1	0	0	0	0	0
6473791	-1	-1	0	0	0	0	0
6479781	25680040	-1	1190912	371	0	0	548
6481795	-1	-1	0	0	0	0	0
6485782	21578080	-1	633856	235	0	0	235
6486784	-1	-1	0	0	0	0	0
6492672	28708248	-1	2027520	565	0	0	565
6493669	-1	-1	0	0	0	0	0
6495669	-1	-1	0	0	0	0	0
6498680	-1	-1	0	0	0	0	0
6500666	15052440	-1	532480	283	0	0	286
6501669	23298848	-1	1307648	449	0	0	449
6503666	16795560	-1	877568	418	0	0	418
6504675	20705056	-1	235520	91	0	0	91
6506259	13460904	-1	1009568	600	0	0	600
6508254	-1	-1	0	0	0	0	0
6511260	-1	-1	0	0	0	0	0
6512261	-1	-1	0	0	0	0	0
6513261	17117136	-1	1099776	514	0	0	514
6514256	-1	-1	0	0	0	0	0
6520254	31166840	-1	857088	220	0	0	318
6521254	-1	-1	0	0	0	0	0
6522260	26932104	-1	760832	226	0	0	309
6523256	-1	-1	0	0	0	0	0
6524255	-1	-1	0	0	0	0	0
6526261	25329512	-1	1342464	424	0	0	510
6527256	-1	-1	0	0	0	0	0
6529257	-1	-1	0	0	0	0	0
6531256	27570928	-1	641024	186	0	0	317
6532259	-1	-1	0	0	0	0	0
6535349	35684176	-1	1641472	368	0	0	368
6537332	-1	-1	0	0	0	0	0
6538334	-1	-1	0	0	0	0	0
6539339	-1	-1	0	0	0	0	0
6541332	-1	-1	0	0	0	0	0
6544330	-1	-1	0	0	0	0	0
6545335	-1	-1	0	0	0	0	0
6546333	-1	-1	106496	502	0	0	669
6547343	1984168	-1	278528	1123	0	0	1123
6548333	28730512	-1	1005568	280	0	0	311
6549330	-1	-1	0	0	0	0	0
6551331	25901872	-1	1120256	346	0	0	469
6552331	-1	-1	0	0	0	0	0
6553336	-1	-1	0	0	0	0	0
6556340	22702632	-1	732160	258	0	0	308
6558336	-1	-1	0	0	0	0	0
6561331	-1	-1	0	0	0	0	0
6562330	-1	-1	0	0	0	0	0
6568344	21124680	-1	1660928	629	0	0	651
6577337	-1	-1	0	0	0	0	0
6581333	20437112	-1	975872	382	0	0	414
6582333	-1	-1	0	0	0	0	0
6584343	23724880	-1	685056	231	0	0	231
6587341	-1	-1	0	0	0	0	0
6592192	38339576	-1	1543168	322	0	0	329
6594198	-1	-1	0	0	0	0	0
6596195	-1	-1	0	0	0	0	0
6597196	-1	-1	0	0	0	0	0
6600210	-1	-1	0	0	0	0	0
6601197	24325592	-1	696320	229	0	0	308
6602200	-1	-1	0	0	0	0	0
6606197	-1	-1	0	0	0	0	0
6608198	21814760	-1	1000752	367	0	0	367
6609189	-1	-1	0	0	0	0	0
6611203	13067088	-1	867328	531	0	0	531
6613198	-1	-1	0	0	0	0	0
6616199	13360560	-1	809984	485	0	0	485
6617193	-1	-1	0	0	0	0	0
6619191	24156872	-1	649216	215	0	0	311
6620190	-1	-1	0	0	0	0	0
6623203	21523080	-1	866304	322	0	0	322
6625190	-1	-1	0	0	0	0	0
6626198	-1	-1	0	0	0	0	0
6629191	18956112	-1	1101824	465	0	0	465
6630191	-1	-1	0	0	0	0	0
6632192	-1	-1	0	0	0	0	0
6633191	-1	-1	0	0	0	0	0
6634189	24180768	-1	2067456	684	0	0	717
6635192	-1	-1	0	0	0	0	0
6637193	25735768	-1	1431552	445	0	0	445
6643195	-1	-1	0	0	0	0	0
6645201	21336080	-1	829440	311	0	0	335
6646197	-1	-1	0	0	0	0	0
6648196	-1	-1	0	0	0	0	347
6652197	-1	-1	0	0	0	0	999
6653199	3141624	-1	2056192	5236	0	0	5236
6654197	19719920	-1	478208	194	0	0	194
6657192	-1	-1	0	0	0	0	0
6662190	-1	-1	0	0	0	0	0
6665197	22626304	-1	1414144	500	0	0	582
6669197	-1	-1	0	0	0	0	0
6672190	-1	-1	0	0	0	0	0
6674195	-1	-1	0	0	0	0	0
6675190	22018160	-1	652288	237	0	0	301
6676196	-1	-1	0	0	0	0	0
6677191	22210392	-1	519168	187	0	0	216
6678204	26148864	-1	408576	125	0	0	125
6682193	-1	-1	0	0	0	0	0
6683200	17846856	-1	499712	224	0	0	308
6684195	-1	-1	0	0	0	0	0
6688195	-1	-1	0	0	0	0	0
6689205	-1	-1	0	0	0	0	0
6690189	-1	-1	114688	71	0	0	71
6692197	30969760	-1	1269760	328	0	0	328
6693196	-1	-1	0	0	0	0	0
6695189	-1	-1	0	0	0	0	2
6696190	23672648	-1	1455868	492	0	0	568
6697212	-1	-1	0	0	0	0	0
6698210	14097864	-1	303104	172	0	0	238
6699193	21433864	-1	391168	146	0	0	146
6700190	-1	-1	0	0	0	0	0
6701196	17885864	-1	670720	300	0	0	312
6702197	21896376	-1	292864	107	0	0	158
6703190	29553416	-1	875520	237	0	0	237
6704202	-1	-1	0	0	0	0	0
6705190	-1	-1	0	0	0	0	0
6707191	-1	-1	0	0	0	0	0
6708199	-1	-1	0	0	0	0	0
6711192	20678968	-1	1543168	597	0	0	647
6712192	-1	-1	0	0	0	0	0
6714198	18444720	-1	742400	322	0	0	322
6715191	-1	-1	0	0	0	0	0
6716191	-1	-1	0	0	0	0	0
6717198	-1	-1	0	0	0	0	6
6718194	12936400	-1	837632	518	0	0	518
6719207	18204448	-1	245760	108	0	0	111
6720205	20167592	-1	594944	236	0	0	236
6722192	-1	-1	0	0	0	0	0
6727194	19779960	-1	679936	275	0	0	319
6729194	-1	-1	0	0	0	0	0
6730207	20512248	-1	651264	254	0	0	310
6733212	-1	-1	0	0	0	0	0
6735197	23447760	-1	978944	334	0	0	425
6740127	31451080	-1	1662976	423	0	0	423
6741121	-1	-1	0	0	0	0	0
6743117	-1	-1	0	0	0	0	0
6744133	-1	-1	0	0	0	0	0
6747119	23789568	-1	743424	250	0	0	321
6748121	24077840	-1	890880	296	0	0	316
6749123	-1	-1	0	0	0	0	0
6750118	-1	-1	0	0	0	0	0
6751119	-1	-1	0	0	0	0	0
6752120	28093600	-1	1218560	347	0	0	451
6753116	26431648	-1	598016	181	0	0	182
6754138	26876496	-1	490496	146	0	0	146
6755118	22141584	-1	586752	212	0	0	297
6756124	34882064	-1	135168	31	0	0	31
6757123	-1	-1	0	0	0	0	0
6758135	-1	-1	0	0	0	0	0
6759128	-1	-1	0	0	0	0	0
6760122	-1	-1	0	0	0	0	0
6761117	25593304	-1	489472	153	0	0	214
6762123	23750192	-1	736256	248	0	0	299
6763117	22528000	-1	743424	264	0	0	311
6764118	-1	-1	23552	4	0	0	4
6765125	-1	-1	0	0	0	0	0
6766127	20618512	-1	533504	207	0	0	215
6767120	-1	-1	0	0	0	0	0
6768119	-1	-1	0	0	0	0	0
6770125	12956736	-1	158720	98	0	0	-1
6771116	11046224	-1	305152	221	0	0	-1
6772124	32209456	-1	1062912	264	0	0	-1
6773117	25522192	-1	1049600	329	0	0	-1
6774119	-1	-1	0	0	0	0	-1
6776130	-1	-1	0	0	0	0	-1
6778136	-1	-1	0	0	0	0	-1
6779136	-1	-1	0	0	0	0	-1
6780130	-1	-1	0	0	0	0	-1
6786433	26447880	-1	2691072	814	0	0	3472
6787428	-1	-1	0	0	0	0	0
6788439	-1	-1	0	0	0	0	0
6790434	-1	-1	0	0	0	0	0
6791430	-1	-1	0	0	0	0	0
6792428	-1	-1	0	0	0	0	0
6794433	-1	-1	0	0	0	0	0
6795427	-1	-1	0	0	0	0	0
6796432	-1	-1	0	0	0	0	0
6798425	26274912	-1	1156096	352	0	0	428
6799436	-1	-1	0	0	0	0	0
6800426	25005968	-1	1131520	362	0	0	362
6801429	-1	-1	0	0	0	0	0
6802425	-1	-1	0	0	0	0	40
6803425	21827600	-1	1260544	462	0	0	462
6804429	-1	-1	0	0	0	0	0
6805425	21618888	-1	1107968	410	0	0	432
6807426	16692160	-1	665600	319	0	0	409
6808426	53620360	-1	147456	22	0	0	27
6809429	26270896	-1	1238016	377	0	0	426
6810426	16309528	-1	672768	330	0	0	330
6811426	-1	-1	0	0	0	0	0
6812427	22079624	-1	932864	338	0	0	338
6813428	-1	-1	0	0	0	0	0
6814432	-1	-1	0	0	0	0	0
6815429	21834592	-1	1220008	447	0	0	578
6816429	-1	-1	0	0	0	0	0
6817425	-1	-1	0	0	0	0	0
6818429	29168768	-1	1593344	437	0	0	519
6819430	-1	-1	0	0	0	0	0
6820429	-1	-1	0	0	0	0	0
6821429	-1	-1	0	0	0	0	0
6822430	25523832	-1	772096	242	0	0	309
6823428	-1	-1	0	0	0	0	0
6824429	21054552	-1	581632	221	0	0	221
6825428	-1	-1	0	0	0	0	0
6826428	-1	-1	0	0	0	0	0
6827425	9312272	-1	680960	585	0	0	683
6828432	11304960	-1	494592	350	0	0	350
6829428	-1	-1	0	0	0	0	0
6830433	-1	-1	0	0	0	0	0
6831433	9902280	-1	818176	661	0	0	661
6832436	-1	-1	0	0	0	0	0
6833423	11634648	-1	474112	326	0	0	326
6834429	-1	-1	0	0	0	0	0
6835429	-1	-1	0	0	0	0	0
6836429	-1	-1	0	0	0	0	0
6837437	7690256	-1	816128	849	0	0	849
6838437	-1	-1	0	0	0	0	0
6840443	-1	-1	0	0	0	0	0
6841424	-1	-1	0	0	0	0	0
6842426	10867776	-1	270336	199	0	0	200
6844429	14786392	-1	890880	482	0	0	482
6845427	-1	-1	0	0	0	0	0
6846438	-1	-1	0	0	0	0	0
6848425	20638552	-1	799744	310	0	0	360
6850423	-1	-1	0	0	0	0	50
6852431	-1	-1	0	0	0	0	0
6853427	13730256	-1	731136	426	0	0	563
6855426	22712024	-1	1958912	690	0	0	690
6856428	-1	-1	0	0	0	0	0
6857429	-1	-1	0	0	0	0	0
6864440	23448912	-1	873472	298	0	0	321
6873432	18817696	-1	886784	377	0	0	418
6874434	19840000	-1	158720	64	0	0	64
6876429	20820416	-1	970752	373	0	0	373
6877429	-1	-1	0	0	0	0	0
6878431	-1	-1	0	0	0	0	0
6879444	22121584	-1	710656	257	0	0	309
6881425	-1	-1	0	0	0	0	0
6882425	-1	-1	0	0	0	0	0
6883428	24228464	-1	499712	165	0	0	668
6885425	6089352	-1	599040	787	0	0	787
6887438	19000208	-1	1189888	501	0	0	501
6888428	-1	-1	0	0	0	0	0
6890428	22582512	-1	1484800	526	0	0	526
6891431	-1	-1	0	0	0	0	0
6893424	16602456	-1	155648	75	0	0	97
6894425	16571392	-1	1425140	688	0	0	688
6895425	20381696	-1	955392	375	0	0	375
6896427	-1	-1	0	0	0	0	0
6897425	-1	-1	0	0	0	0	0
6899427	20631704	-1	487424	189	0	0	190
6900427	19346288	-1	541696	224	0	0	224
6902432	-1	-1	0	0	0	0	0
6903429	-1	-1	0	0	0	0	0
6906425	25400696	-1	2365440	745	0	0	774
6908429	26187544	-1	998400	305	0	0	305
6909427	-1	-1	0	0	0	0	0
6912442	15168824	-1	5585920	2946	0	0	3010
6917451	22945168	-1	11180032	3898	0	0	3898
6923443	-1	-1	0	0	0	0	0
6929439	-1	-1	0	0	0	0	0
6930437	24629544	-1	942080	306	0	0	318
6932439	26988368	-1	4399104	1304	0	0	1304
6936440	-1	-1	0	0	0	0	0
6937447	-1	-1	0	0	0	0	0
6939441	-1	-1	0	0	0	0	0
6941437	18565096	-1	3320832	1431	0	0	1531
6944442	15945072	-1	4091904	2053	0	0	2053
6947434	-1	-1	0	0	0	0	0
6948434	-1	-1	0	0	0	0	0
6951447	-1	-1	0	0	0	0	0
6960444	14384024	-1	2607104	1450	0	0	1450
6963439	-1	-1	0	0	0	0	0
6965439	18464144	-1	4117504	1784	0	0	1879
6966447	28629248	-1	1714176	479	0	0	479
6968434	16451520	-1	748544	364	0	0	409
6969436	25159656	-1	1235968	393	0	0	393
6971436	-1	-1	0	0	0	0	0
6977443	25764984	-1	2418688	751	0	0	751
6979440	-1	-1	0	0	0	0	0
6980440	-1	-1	0	0	0	0	0
6981435	20454560	-1	2058240	805	0	0	805
6982436	29243536	-1	628736	172	0	0	172
6983448	-1	-1	0	0	0	0	0
6985436	-1	-1	0	0	0	0	0
6986435	20491472	-1	1828864	714	0	0	836
6987437	19195456	-1	1622016	676	0	0	676
6988437	17109872	-1	844800	395	0	0	395
6989437	-1	-1	0	0	0	0	67
6990434	12043528	-1	1437696	955	0	0	955
6996900	24474584	-1	4448256	1454	0	0	3846
6998901	26445560	-1	2082588	630	0	0	630
6999908	-1	-1	0	0	0	0	0
7001902	8004400	-1	393216	393	0	0	393
7002903	21725184	-1	678912	250	0	0	250
7003901	-1	-1	0	0	0	0	0
7004900	-1	-1	0	0	0	0	0
7005902	-1	-1	0	0	0	0	0
7011057	17843056	-1	2404352	1078	0	0	1124
7013053	18572704	-1	1216512	524	0	0	524
7017053	-1	-1	0	0	0	0	0
7019053	8576680	-1	1004544	937	0	0	937
7022052	-1	-1	0	0	0	0	0
7026053	17897032	-1	847872	379	0	0	379
7027053	-1	-1	0	0	0	0	0
7028052	19172768	-1	450560	188	0	0	190
7030060	27446344	-1	1341440	391	0	0	506
7035053	-1	-1	0	0	0	0	0
7038052	16943560	-1	775168	366	0	0	366
7041055	-1	-1	0	0	0	0	0
7043052	16664408	-1	851968	409	0	0	409
7044054	14738120	-1	403456	219	0	0	393
7049057	16101520	-1	350208	174	0	0	174
7050056	-1	-1	0	0	0	0	0
7051061	-1	-1	0	0	0	0	223
7052053	9951152	-1	1367040	1099	0	0	1099
7053057	37427672	-1	509952	109	0	0	131
7055054	-1	-1	0	0	0	0	0
7058061	-1	-1	0	0	0	0	0
7060054	19660800	-1	712704	290	0	0	300
7063053	20573256	-1	1468416	571	0	0	642
7064053	-1	-1	0	0	0	0	0
7071057	-1	-1	0	0	0	0	0
7073067	20992792	-1	1697792	647	0	0	724
7077058	-1	-1	0	0	0	0	0
7081064	-1	-1	0	0	0	0	0
7086052	21257480	-1	1147904	432	0	0	432
7088053	22455096	-1	1734656	618	0	0	618
7089054	-1	-1	0	0	0	0	0
7090060	18986168	-1	605184	255	0	0	352
7091053	5696496	-1	553984	778	0	0	778
7094056	-1	-1	0	0	0	0	0
7095059	-1	-1	0	0	0	0	0
7096052	-1	-1	0	0	0	0	0
7099054	20290744	-1	1537024	606	0	0	606
7107101	23909968	-1	3302564	1105	0	0	1105
7108102	-1	-1	0	0	0	0	0
7114096	-1	-1	0	0	0	0	0
7116097	-1	-1	0	0	0	0	0
7117100	-1	-1	8192	190	0	0	211
7118097	22577056	-1	1885184	668	0	0	668
7121098	-1	-1	0	0	0	0	0
7122101	-1	-1	0	0	0	0	0
7125095	24066448	-1	1257472	418	0	0	564
7126105	-1	-1	0	0	0	0	0
7127103	20812728	-1	928768	357	0	0	357
7129099	22969728	-1	292864	102	0	0	102
7131098	-1	-1	0	0	0	0	0
7136100	-1	-1	0	0	0	0	0
7137098	9869296	-1	415744	337	0	0	337
7138100	24672376	-1	786432	255	0	0	384
7140097	-1	-1	0	0	0	0	0
7147101	19234368	-1	877568	365	0	0	365
7149103	-1	-1	0	0	0	0	0
7151101	-1	-1	0	0	0	0	47
7153105	17770736	-1	708608	319	0	0	319
7157096	17611464	-1	675840	307	0	0	309
7158107	-1	-1	0	0	0	0	0
7159101	-1	-1	0	0	0	0	0
7162105	20936624	-1	1572864	601	0	0	634
7165098	-1	-1	0	0	0	0	0
7168100	17450552	-1	787456	361	0	0	411
7170096	32914288	-1	460800	112	0	0	112
7172761	21702936	-1	2653184	978	0	0	978
7174773	-1	-1	0	0	0	0	0
7175764	-1	-1	0	0	0	0	0
7179777	-1	-1	0	0	0	0	0
7180776	-1	-1	0	0	0	0	0
7181768	-1	-1	0	0	0	0	0
7182760	-1	-1	0	0	0	0	0
7183768	27739576	-1	852992	246	0	0	264
7184764	20801456	-1	1027072	395	0	0	504
7185760	17509616	-1	286720	131	0	0	132
7186766	25517208	-1	749568	235	0	0	235
7189768	-1	-1	0	0	0	0	0
7191761	-1	-1	0	0	0	0	0
7193766	21400600	-1	821248	307	0	0	313
7194761	-1	-1	0	0	0	0	0
7195762	20126024	-1	815104	324	0	0	324
7196760	19598880	-1	842752	344	0	0	344
7197761	17088000	-1	546816	256	0	0	289
7198775	24674304	-1	771072	250	0	0	250
7200771	-1	-1	0	0	0	0	0
7201770	-1	-1	0	0	0	0	0
7202763	-1	-1	0	0	0	0	0
7203764	-1	-1	0	0	0	0	0
7205763	16372608	-1	1471488	719	0	0	719
7206775	13104576	-1	1046728	639	0	0	639
7207774	-1	-1	0	0	0	0	0
7208761	-1	-1	0	0	0	0	0
7209761	-1	-1	0	0	0	0	0
7210768	4420320	-1	188416	341	0	0	352
7211764	27826496	-1	1516544	436	0	0	585
7212762	19536176	-1	1091584	447	0	0	447
7213764	-1	-1	0	0	0	0	0
7214763	21164232	-1	1156096	437	0	0	437
7215779	-1	-1	0	0	0	0	0
7216765	-1	-1	0	0	0	0	40
7218765	18289896	-1	1120256	490	0	0	490
7219761	8977536	-1	163840	146	0	0	148
7220773	29129064	-1	1696768	466	0	0	466
7221765	-1	-1	0	0	0	0	0
7225766	12357816	-1	543744	352	0	0	531
7226765	5369920	-1	621568	926	0	0	926
7227761	-1	-1	0	0	0	0	0
7228772	13749768	-1	924672	538	0	0	538
7231760	-1	-1	114688	160	0	0	163
7232764	21648448	-1	863232	319	0	0	319
7233761	17389752	-1	1097728	505	0	0	505
7234761	27933376	-1	425984	122	0	0	122
7235764	-1	-1	0	0	0	0	0
7237779	20455328	-1	1697792	664	0	0	664
7240761	-1	-1	0	0	0	0	0
7241763	-1	-1	0	0	0	0	0
7242772	-1	-1	0	0	0	0	0
7243762	9387352	-1	876544	747	0	0	756
7247762	11516608	-1	1085440	754	0	0	754
7250314	22907840	-1	2995200	1046	0	0	1046
7253317	-1	-1	0	0	0	0	0
7260314	-1	-1	0	0	0	0	0
7264316	21105344	-1	1382400	524	0	0	633
7265321	-1	-1	0	0	0	0	0
7268317	22254656	-1	1354752	487	0	0	487
7270317	-1	-1	0	0	0	0	0
7272317	23352760	-1	1290240	442	0	0	558
7274314	-1	-1	0	0	0	0	0
7279101	12138384	-1	2201600	1451	0	0	1451
7280103	-1	-1	0	0	0	0	0
7282106	-1	-1	0	0	0	0	0
7284107	-1	-1	0	0	0	0	0
7286102	-1	-1	0	0	0	0	0
7287109	-1	-1	0	0	0	0	0
7288104	-1	-1	0	0	0	0	0
7289108	13048432	-1	600228	368	0	0	368
7290111	-1	-1	0	0	0	0	0
7291105	5122760	-1	237568	371	0	0	371
7293110	22200464	-1	1579008	569	0	0	680
7294105	16595136	-1	402432	194	0	0	311
7295108	16475024	-1	556032	270	0	0	270
7299112	-1	-1	0	0	0	0	0
7303102	19048184	-1	1369088	575	0	0	575
7305102	-1	-1	0	0	0	0	0
7307104	6302744	-1	823296	1045	0	0	1052
7308104	-1	-1	0	0	0	0	0
7309101	-1	-1	0	0	0	0	0
7311118	15328968	-1	758784	396	0	0	396
7312106	-1	-1	49152	116	0	0	116
7313102	22714184	-1	687104	242	0	0	243
7315101	16805648	-1	285696	136	0	0	145
7316102	8921424	-1	976896	876	0	0	981
7320101	14782728	-1	652288	353	0	0	413
7321105	37707744	-1	2516992	534	0	0	534
7323102	17784160	-1	871424	392	0	0	392
7324106	45491744	-1	267264	47	0	0	47
7325110	-1	-1	0	0	0	0	145
7326110	20758456	-1	2366464	912	0	0	912
7327106	-1	-1	0	0	0	0	0
7328106	-1	-1	0	0	0	0	0
7330107	-1	-1	0	0	0	0	0
7333104	24810296	-1	3036160	979	0	0	979
7334107	-1	-1	0	0	0	0	0
7336299	21337304	-1	3555328	1333	0	0	1474
7337306	-1	-1	0	0	0	0	85
7338294	14043432	-1	786432	448	0	0	448
7339295	15968160	-1	393216	197	0	0	200
7340299	19987120	-1	602112	241	0	0	241
7341300	15481120	-1	719872	372	0	0	372
7342295	-1	-1	0	0	0	0	0
7343296	-1	-1	0	0	0	0	107
7345296	7540984	-1	1138688	1208	0	0	1208
7346294	-1	-1	0	0	0	0	0
7348296	-1	-1	0	0	0	0	0
7349304	11995432	-1	335872	224	0	0	241
7351301	26289360	-1	1508352	459	0	0	498
7354299	-1	-1	0	0	0	0	0
7355305	-1	-1	0	0	0	0	0
7356300	20142184	-1	976896	388	0	0	388
7357293	-1	-1	0	0	0	0	0
7358306	20600976	-1	1220608	474	0	0	474
7359308	-1	-1	0	0	0	0	0
7360300	-1	-1	0	0	0	0	0
7363294	-1	-1	0	0	0	0	0
7364294	-1	-1	8192	132	0	0	136
7365293	27373272	-1	1122304	328	0	0	438
7366301	-1	-1	0	0	0	0	0
7368294	18781240	-1	1115136	475	0	0	-1
7370303	-1	-1	0	0	0	0	-1
7372295	13292432	-1	1043456	628	0	0	-1
7374297	21346008	-1	466944	175	0	0	-1
7375294	2854184	-1	291840	818	0	0	-1
7376301	-1	-1	0	0	0	0	-1
7378295	21075144	-1	924672	351	0	0	-1
7379298	-1	-1	0	0	0	0	-1
7380306	-1	-1	0	0	0	0	-1
7381311	-1	-1	0	0	0	0	-1
7382296	17359944	-1	601088	277	0	0	-1
7390597	18372640	-1	1901568	828	0	0	2823
7391597	-1	-1	0	0	0	0	0
7392596	-1	-1	0	0	0	0	0
7393596	-1	-1	0	0	0	0	0
7394609	-1	-1	0	0	0	0	0
7397596	-1	-1	0	0	0	0	0
7399597	-1	-1	0	0	0	0	0
7400598	-1	-1	0	0	0	0	0
7403604	-1	-1	0	0	0	0	0
7404606	-1	-1	0	0	0	0	0
7406592	15251064	-1	1254400	658	0	0	658
7410856	25738608	-1	3921920	1219	0	0	1219
7414857	-1	-1	0	0	0	0	0
7419852	-1	-1	0	0	0	0	0
7422853	-1	-1	0	0	0	0	0
7423853	-1	-1	0	0	0	0	0
7425852	24239344	-1	663552	219	0	0	239
7427852	21097832	-1	944128	358	0	0	358
7432857	-1	-1	0	0	0	0	0
7434854	21676584	-1	964608	356	0	0	431
7435854	-1	-1	0	0	0	0	0
7436856	19816840	-1	1300480	525	0	0	525
7439855	26985408	-1	172032	51	0	0	51
7445368	23582896	-1	2818156	956	0	0	956
7450370	-1	-1	0	0	0	0	0
7454387	-1	-1	0	0	0	0	0
7458373	-1	-1	0	0	0	0	0
7463377	-1	-1	0	0	0	0	0
7470378	16968448	-1	1783808	841	0	0	853
7471367	22474992	-1	1193984	425	0	0	429
7472367	-1	-1	35840	11	0	0	11
7473386	-1	-1	0	0	0	0	86
7474368	20282184	-1	1784832	704	0	0	704
7475379	-1	-1	0	0	0	0	0
7479382	-1	-1	0	0	0	0	0
7480370	-1	-1	0	0	0	0	18
7481371	25074640	-1	1441792	460	0	0	554
7482371	22229544	-1	552960	199	0	0	206
7483371	19993064	-1	357376	143	0	0	143
7484368	18282576	-1	532480	233	0	0	309
7485366	28472192	-1	583680	164	0	0	164
7486368	23938848	-1	538624	180	0	0	243
7487372	23069424	-1	501760	174	0	0	174
7488369	-1	-1	0	0	0	0	0
7490371	23902688	-1	872448	292	0	0	310
7491379	28068032	-1	1308672	373	0	0	427
7502554	28856624	-1	2160640	599	0	0	599
7507837	36645280	-1	1887232	412	0	0	412
7508837	-1	-1	0	0	0	0	0
7509837	-1	-1	0	0	0	0	0
7510836	-1	-1	0	0	0	0	0
7511846	-1	-1	0	0	0	0	0
7514837	-1	-1	0	0	0	0	0
7516837	-1	-1	0	0	0	0	0
7519837	-1	-1	0	0	0	0	0
7520836	-1	-1	0	0	0	0	0
7521842	-1	-1	0	0	0	0	0
7522838	-1	-1	0	0	0	0	0
7525838	-1	-1	0	0	0	0	0
7526837	-1	-1	0	0	0	0	0
7527844	-1	-1	0	0	0	0	0
7532010	34051824	-1	2281472	536	0	0	536
7533007	-1	-1	0	0	0	0	0
7534006	-1	-1	0	0	0	0	0
7535017	-1	-1	0	0	0	0	0
7536006	25523704	-1	1627136	510	0	0	510
7537007	-1	-1	0	0	0	0	0
7538008	-1	-1	0	0	0	0	0
7539010	23407880	-1	1580032	540	0	0	752
7540007	22528000	-1	484352	172	0	0	172
7541010	-1	-1	0	0	0	0	0
7542016	25907792	-1	1722868	532	0	0	551
7543007	-1	-1	0	0	0	0	0
7544011	-1	-1	0	0	0	0	0
7545006	-1	-1	49152	137	0	0	144
7546006	31136544	-1	1837056	472	0	0	472
7547016	22514440	-1	424960	151	0	0	282
7548013	22276488	-1	476160	171	0	0	171
7549012	-1	-1	0	0	0	0	0
7550011	-1	-1	0	0	0	0	0
7551028	32217464	-1	1498112	372	0	0	372
7552010	-1	-1	0	0	0	0	0
7553009	-1	-1	0	0	0	0	0
7554010	-1	-1	0	0	0	0	0
7563013	25230392	-1	1065984	338	0	0	338
7566013	-1	-1	0	0	0	0	0
7573007	32487064	-1	2960384	729	0	0	729
7579016	-1	-1	0	0	0	0	0
7588021	21393808	-1	1018880	381	0	0	381
7596009	-1	-1	0	0	0	0	0
7604013	24445192	-1	1530880	501	0	0	524
7613015	-1	-1	0	0	0	0	0
7616012	-1	-1	0	0	0	0	0
7618017	-1	-1	0	0	0	0	0
7619010	29661968	-1	2454528	662	0	0	716
7620007	-1	-1	0	0	0	0	0
7621007	-1	-1	0	0	0	0	0
7622008	9951016	-1	811008	652	0	0	658
7623007	26951584	-1	2927616	869	0	0	869
7624011	31465296	-1	1286144	327	0	0	327
7629098	9625088	-1	2400256	1995	0	0	2562
7630101	22790880	-1	954368	335	0	0	335
7633080	8797264	-1	1503232	1367	0	0	1442
7634090	-1	-1	0	0	0	0	0
7637080	20944304	-1	2332672	891	0	0	937
7642510	28314416	-1	1783808	504	0	0	756
7644508	-1	-1	0	0	0	0	0
7645514	-1	-1	0	0	0	0	0
7655522	21689016	-1	1515520	559	0	0	559
7662510	-1	-1	0	0	0	0	0
7663508	15301360	-1	434176	227	0	0	235
7666508	15148256	-1	1117184	590	0	0	590
7669508	16657640	-1	997376	479	0	0	479
7670513	-1	-1	0	0	0	0	0
7674516	20469272	-1	2929664	1145	0	0	1145
7676516	-1	-1	0	0	0	0	0
7677507	-1	-1	0	0	0	0	0
7678509	25596888	-1	2105344	658	0	0	798
7681509	20610096	-1	2676736	1039	0	0	1039
7682509	-1	-1	0	0	0	0	0
7683514	19123360	-1	1501184	628	0	0	628
7684509	-1	-1	0	0	0	0	0
7688511	13193864	-1	1706956	1035	0	0	1035
7689510	19362912	-1	159744	66	0	0	111
7692509	11434840	-1	1379328	965	0	0	965
7694510	-1	-1	0	0	0	0	0
7696520	14187136	-1	2512896	1417	0	0	1417
7698510	-1	-1	0	0	0	0	0
7699508	-1	-1	0	0	0	0	0
7703488	25198176	-1	4230144	1343	0	0	1809
7710136	25303488	-1	5149260	1628	0	0	1628
7716133	-1	-1	0	0	0	0	0
7717146	-1	-1	0	0	0	0	0
7718133	-1	-1	0	0	0	0	0
7720144	-1	-1	0	0	0	0	0
7721144	-1	-1	0	0	0	0	0
7722135	-1	-1	0	0	0	0	0
7723138	-1	-1	0	0	0	0	0
7725133	26042472	-1	1582080	486	0	0	515
7726141	43638152	-1	283648	52	0	0	94
7728150	30689432	-1	1028096	268	0	0	322
7729141	-1	-1	0	0	0	0	0
7730142	22252896	-1	1677312	603	0	0	603
7731160	17513928	-1	253952	116	0	0	129
7732134	30809040	-1	2125824	552	0	0	552
7733132	-1	-1	0	0	0	0	0
7734135	21994400	-1	1107968	403	0	0	414
7735136	31039728	-1	919552	237	0	0	237
7736135	-1	-1	0	0	0	0	0
7737135	-1	-1	0	0	0	0	0
7738146	29205800	-1	2829312	775	0	0	813
7739135	-1	-1	0	0	0	0	0
7740137	-1	-1	0	0	0	0	0
7741136	-1	-1	0	0	0	0	16
7742138	23188288	-1	1591296	549	0	0	549
7744136	27108072	-1	745472	220	0	0	220
7745133	33357824	-1	1042432	250	0	0	250
7749134	31792760	-1	1001472	252	0	0	310
7752140	28756456	-1	697344	194	0	0	194
7754402	29341536	-1	2288640	624	0	0	624
7756404	-1	-1	0	0	0	0	0
7757408	-1	-1	0	0	0	0	0
7763417	-1	-1	0	0	0	0	0
7765405	-1	-1	0	0	0	0	0
7772408	21522424	-1	1046528	389	0	0	389
7773400	-1	-1	32768	66	0	0	67
7775399	29330576	-1	934912	255	0	0	267
7778400	28978504	-1	532480	147	0	0	213
7780406	20191552	-1	358400	142	0	0	142
7783401	-1	-1	0	0	0	0	0
7785400	18284712	-1	1535916	672	0	0	672
7786407	-1	-1	0	0	0	0	0
7787405	-1	-1	0	0	0	0	0
7789414	17225528	-1	1027072	477	0	0	477
7790401	-1	-1	0	0	0	0	0
7792401	21257720	-1	1049600	395	0	0	415
7793407	-1	-1	0	0	0	0	0
7794401	-1	-1	0	0	0	0	0
7800403	21346688	-1	1841152	690	0	0	690
7801400	-1	-1	0	0	0	0	0
7804405	-1	-1	0	0	0	0	0
7807403	-1	-1	0	0	0	0	0
7809405	-1	-1	0	0	0	0	0
7815416	14067896	-1	1934336	1100	0	0	1107
7819405	-1	-1	0	0	0	0	0
7822410	-1	-1	0	0	0	0	0
7826401	-1	-1	0	0	0	0	0
7827403	13454736	-1	555008	330	0	0	434
7829402	40501248	-1	632832	125	0	0	185
7832401	20588048	-1	1073152	417	0	0	417
7833400	-1	-1	0	0	0	0	0
7837401	21893984	-1	1228800	449	0	0	449
7838401	-1	-1	0	0	0	0	0
7840404	-1	-1	0	0	0	0	0
7844418	23287744	-1	721920	248	0	0	326
7845405	24306304	-1	1476608	486	0	0	486
7848401	25501176	-1	1552384	487	0	0	487
7851411	-1	-1	125952	24	0	0	24
7852401	-1	-1	0	0	0	0	0
7854406	-1	-1	0	0	0	0	0
7855403	20092312	-1	1220608	486	0	0	572
7856405	26130216	-1	1652736	506	0	0	506
7862411	-1	-1	0	0	0	0	0
7867406	-1	-1	122880	1127	0	0	1127
7871403	9805352	-1	1362944	1112	0	0	1112
7875410	22203856	-1	1543168	556	0	0	556
7878400	23901368	-1	761856	255	0	0	305
7879407	23161904	-1	972800	336	0	0	336
7882415	-1	-1	0	0	0	0	0
7883408	13704576	-1	638976	373	0	0	515
7886402	17851584	-1	1519616	681	0	0	681
7887408	-1	-1	0	0	0	0	0
7890406	-1	-1	0	0	0	0	0
7891400	22762504	-1	745472	262	0	0	266
7892406	23555864	-1	780288	265	0	0	265
7893404	-1	-1	0	0	0	0	623
7894400	7311968	-1	1404812	1537	0	0	1537
7895405	25057880	-1	212992	68	0	0	68
7896402	-1	-1	0	0	0	0	0
7903405	27447152	-1	1067008	311	0	0	314
7905400	-1	-1	0	0	0	0	182
7906403	4089080	-1	605184	1184	0	0	1184
7909404	13544056	-1	3892224	2299	0	0	2299
7910401	37110744	-1	385024	83	0	0	83
7911404	-1	-1	0	0	0	0	0
7913402	14366960	-1	1662976	926	0	0	951
7917402	18598304	-1	2089984	899	0	0	899
7919405	-1	-1	0	0	0	0	0
7920405	4942056	-1	188416	305	0	0	313
7921401	13345032	-1	1654784	992	0	0	995
7923401	16579456	-1	2953216	1425	0	0	1425
7925406	-1	-1	0	0	0	0	0
7927403	15294944	-1	3250176	1700	0	0	1700
7935406	-1	-1	0	0	0	0	0
7936404	-1	-1	0	0	0	0	0
7937400	-1	-1	0	0	0	0	0
7940404	13806488	-1	3784704	2193	0	0	2193
7941408	15529808	-1	1545216	796	0	0	1003
7942408	12075616	-1	1630208	1080	0	0	1080
7945404	11851592	-1	3100672	2093	0	0	2093
7946401	-1	-1	0	0	0	0	0
7947406	-1	-1	0	0	0	0	0
7949400	6029312	-1	188416	250	0	0	281
7953401	13344536	-1	1784832	1070	0	0	1070
7955402	12260464	-1	1823744	1190	0	0	1190
7960415	-1	-1	0	0	0	0	0
7965400	9139376	-1	335872	294	0	0	311
7966401	13200536	-1	1622016	983	0	0	1001
7967401	17469480	-1	2109440	966	0	0	966
7968403	18655160	-1	1690624	725	0	0	725
7970402	8865616	-1	417792	377	0	0	378
7972405	13127640	-1	920576	561	0	0	561
7977407	12934736	-1	614400	380	0	0	435
7978401	11044856	-1	1419264	1028	0	0	1028
7979407	18497464	-1	1012736	438	0	0	438
7980401	11275920	-1	1089536	773	0	0	806
7982404	16384000	-1	1314816	642	0	0	642
7984404	13177672	-1	1531904	930	0	0	954
7987400	16650584	-1	3069952	1475	0	0	1475
7992410	-1	-1	0	0	0	0	0
8001407	13862424	-1	3417088	1972	0	0	2036
8002404	14166496	-1	1818624	1027	0	0	1027
8004400	17228976	-1	2188080	1016	0	0	1016
8005405	-1	-1	0	0	0	0	0
8010401	12309312	-1	1478656	961	0	0	961
8014406	21824488	-1	1429504	524	0	0	524
8017401	-1	-1	0	0	0	0	0
8018406	-1	-1	0	0	0	0	0
8022404	16710880	-1	2565120	1228	0	0	1228
8023401	14854824	-1	835584	450	0	0	450
8024413	16775224	-1	1448960	691	0	0	691
8025403	-1	-1	0	0	0	0	0
8026406	14668400	-1	1050624	573	0	0	684
8027401	13774768	-1	1432576	832	0	0	832
8028405	16169960	-1	850944	421	0	0	421
8029406	-1	-1	0	0	0	0	0
8031405	15925064	-1	1421312	714	0	0	714
8032404	-1	-1	0	0	0	0	0
8033404	17107992	-1	1766400	826	0	0	826
8038183	17192616	-1	2329600	1084	0	0	1084
8039184	-1	-1	0	0	0	0	0
8041185	-1	-1	0	0	0	0	0
8042194	-1	-1	0	0	0	0	0
8043186	20951664	-1	864256	330	0	0	330
8044189	19859392	-1	573440	231	0	0	231
8045189	13228976	-1	978944	592	0	0	592
8046183	-1	-1	0	0	0	0	0
8047181	18386488	-1	1034240	450	0	0	450
8048181	-1	-1	0	0	0	0	0
8049190	-1	-1	0	0	0	0	0
8050190	20914136	-1	1701888	651	0	0	651
8051184	-1	-1	0	0	0	0	0
8052184	-1	-1	0	0	0	0	11
8053187	14700944	-1	876544	477	0	0	477
8054187	16673752	-1	648192	311	0	0	399
8055184	23871312	-1	277504	93	0	0	93
8056185	-1	-1	0	0	0	0	0
8057183	16606408	-1	458752	221	0	0	224
8058187	20134552	-1	1044480	415	0	0	415
8059187	-1	-1	0	0	0	0	0
8060186	-1	-1	0	0	0	0	0
8061181	25896752	-1	1586176	490	0	0	522
8062189	30921912	-1	274432	71	0	0	71
8063187	22736632	-1	1367040	481	0	0	481
8064182	-1	-1	0	0	0	0	0
8065182	14003680	-1	463872	265	0	0	289
8066188	-1	-1	83968	13	0	0	26
8070740	24148808	-1	1968128	652	0	0	-1
8071741	-1	-1	0	0	0	0	-1
8072740	-1	-1	0	0	0	0	-1
8074749	-1	-1	90112	142	0	0	-1
8075738	19900032	-1	2248704	904	0	0	-1
8076740	28530760	-1	310272	87	0	0	-1
8077742	17583912	-1	1215488	553	0	0	-1
8078743	20237272	-1	1366016	540	0	0	-1
8079741	-1	-1	0	0	0	0	-1
8080737	-1	-1	0	0	0	0	-1
8081747	-1	-1	0	0	0	0	-1
8082740	-1	-1	0	0	0	0	-1
8084741	-1	-1	0	0	0	0	-1
8090908	14203872	-1	1761280	992	0	0	2107
8091909	20852360	-1	458752	176	0	0	176
8092909	-1	-1	0	0	0	0	0
8093918	-1	-1	0	0	0	0	0
8094908	-1	-1	0	0	0	0	0
8095909	-1	-1	0	0	0	0	0
8096909	-1	-1	0	0	0	0	129
8097910	13155104	-1	1405952	855	0	0	855
8098909	-1	-1	0	0	0	0	0
8099913	-1	-1	0	0	0	0	0
8101907	-1	-1	0	0	0	0	0
8103919	-1	-1	0	0	0	0	0
8105920	15027848	-1	2235392	1190	0	0	1190
8106908	-1	-1	0	0	0	0	0
8112910	9598704	-1	1069056	891	0	0	891
8113920	-1	-1	0	0	0	0	0
8115913	20262200	-1	1476608	583	0	0	583
8117908	-1	-1	0	0	0	0	0
8119909	21148296	-1	1004544	380	0	0	380
8122908	20712728	-1	455680	176	0	0	183
8123909	7304776	-1	252928	277	0	0	277
8126914	-1	-1	0	0	0	0	0
8130908	16610656	-1	1050624	506	0	0	506
8131910	-1	-1	0	0	0	0	0
8132908	-1	-1	0	0	0	0	0
8133907	14873416	-1	262144	141	0	0	151
8134919	17420304	-1	866660	398	0	0	570
8137909	-1	-1	0	0	0	0	0
8140914	13520024	-1	1073152	635	0	0	645
8142912	-1	-1	0	0	0	0	0
8143909	31175696	-1	1523712	391	0	0	533
8146908	19909672	-1	393216	158	0	0	159
8147909	25993184	-1	770048	237	0	0	267
8149910	-1	-1	0	0	0	0	0
8150910	-1	-1	0	0	0	0	14
8152909	13332976	-1	894976	537	0	0	537
8153911	-1	-1	0	0	0	0	0
8158907	-1	-1	0	0	0	0	0
8159908	-1	-1	0	0	0	0	0
8160908	24514640	-1	1636352	534	0	0	628
8161908	-1	-1	0	0	0	0	0
8162911	-1	-1	0	0	0	0	0
8168910	26204224	-1	1582080	483	0	0	483
8172913	22455720	-1	715776	255	0	0	337
8176909	-1	-1	0	0	0	0	0
8177908	-1	-1	0	0	0	0	0
8179908	26038184	-1	1422336	437	0	0	437
8180909	28553616	-1	617472	173	0	0	173
8184922	22784384	-1	1888256	663	0	0	663
8185914	-1	-1	0	0	0	0	0
8188907	26330008	-1	1352704	411	0	0	415
8189919	-1	-1	0	0	0	0	0
8190909	24209584	-1	947200	313	0	0	313
8192911	-1	-1	0	0	0	0	0
8194911	23771880	-1	484352	163	0	0	269
8195910	25311688	-1	1303552	412	0	0	412
8197909	-1	-1	0	0	0	0	0
8201909	-1	-1	0	0	0	0	0
8203908	-1	-1	0	0	0	0	0
8204908	25973952	-1	951296	293	0	0	378
8206910	18967464	-1	1759232	742	0	0	742
8207909	-1	-1	0	0	0	0	0
8208909	19910120	-1	572416	230	0	0	292
8209920	11972920	-1	136192	91	0	0	122
8211908	12983544	-1	172032	106	0	0	107
8212909	21947848	-1	803840	293	0	0	293
8214908	-1	-1	0	0	0	0	0
8216922	21191280	-1	884736	334	0	0	334
8226327	21341968	-1	5007360	1877	0	0	7530
8236355	17181448	-1	1213440	565	0	0	1782
8238366	-1	-1	0	0	0	0	0
8239356	-1	-1	0	0	0	0	0
8241357	21380744	-1	2309120	864	0	0	864
8242366	-1	-1	0	0	0	0	0
8243355	26158144	-1	1242512	380	0	0	380
8245359	20956280	-1	450560	172	0	0	181
8246357	29778640	-1	1060864	285	0	0	285
8247357	-1	-1	0	0	0	0	0
8248356	18042200	-1	746496	331	0	0	331
8250357	22868432	-1	1083392	379	0	0	379
8251360	-1	-1	0	0	0	0	0
8252353	10922664	-1	180224	132	0	0	132
8253365	24000344	-1	1665024	555	0	0	555
8257355	-1	-1	0	0	0	0	0
8258358	23536896	-1	997376	339	0	0	339
8259356	-1	-1	0	0	0	0	0
8261309	12822616	-1	1596416	996	0	0	996
8264311	-1	-1	0	0	0	0	0
8265310	-1	-1	0	0	0	0	0
8266317	-1	-1	122880	138	0	0	138
8267317	15248472	-1	962560	505	0	0	680
8268321	12146760	-1	528384	348	0	0	348
8269321	17576368	-1	815104	371	0	0	371
8270313	-1	-1	0	0	0	0	0
8271315	-1	-1	114688	295	0	0	295
8272310	13886112	-1	1588224	915	0	0	995
8273317	21188592	-1	1883136	711	0	0	711
8274315	14299392	-1	1699840	951	0	0	951
8275309	20418248	-1	2539520	995	0	0	995
8276319	22339248	-1	2423808	868	0	0	868
8277319	-1	-1	0	0	0	0	0
8278317	11041392	-1	507904	368	0	0	381
8279309	22364472	-1	2205696	789	0	0	992
8280316	12543328	-1	1785856	1139	0	0	1139
8281309	19271408	-1	2392064	993	0	0	993
8282312	21388864	-1	2686976	1005	0	0	1005
8283311	14770552	-1	1818624	985	0	0	998
8284310	14133728	-1	1717248	972	0	0	999
8285312	16890840	-1	1467392	695	0	0	695
8286321	16132584	-1	788480	391	0	0	391
8288312	-1	-1	0	0	0	0	4
8289312	18094776	-1	2252800	996	0	0	1000
8290312	18093024	-1	1311744	580	0	0	580
8292313	24861168	-1	3928064	1264	0	0	1398
8293310	21866400	-1	2834432	1037	0	0	1037
8294310	22597744	-1	2737152	969	0	0	969
8295309	24526944	-1	3072000	1002	0	0	1002
8297309	14566792	-1	3587072	1970	0	0	1970
8298317	15955664	-1	305152	153	0	0	153
8301312	13504840	-1	1676288	993	0	0	993
8302312	-1	-1	0	0	0	0	15
8303310	18181432	-1	2247680	989	0	0	997
8305313	22905680	-1	2204672	770	0	0	770
8306309	14786008	-1	1648640	892	0	0	892
8307322	-1	-1	0	0	0	0	0
8308327	-1	-1	0	0	0	0	0
8309309	7429200	-1	577620	622	0	0	708
8310312	11804624	-1	1425408	966	0	0	1003
8311310	14467744	-1	1855488	1026	0	0	1026
8312316	17996936	-1	2170880	965	0	0	965
8313318	14518328	-1	1753088	966	0	0	1001
8314322	8873344	-1	1146880	1034	0	0	1034
8315318	11278288	-1	1212416	860	0	0	971
8316309	10953784	-1	1441792	1053	0	0	1053
8318318	11317952	-1	2765824	1955	0	0	1955
8319325	11074536	-1	1294336	935	0	0	935
8321309	8158288	-1	247808	243	0	0	243
8329310	-1	-1	0	0	0	0	0
8330311	6782880	-1	581632	686	0	0	698
8331311	14698400	-1	1785856	972	0	0	1000
8332311	15594512	-1	1881088	965	0	0	1000
8333312	16910392	-1	2105344	996	0	0	996
8334310	12675840	-1	686080	433	0	0	433
8335317	7688584	-1	516096	537	0	0	562
8336330	9905192	-1	1166336	942	0	0	1013
8337317	10510488	-1	1253376	954	0	0	954
8340312	12005520	-1	3829760	2552	0	0	2552
8341311	14491488	-1	1670144	922	0	0	922
8342315	14478880	-1	1867776	1032	0	0	1032
8343311	10461528	-1	1184768	906	0	0	906
8344310	8391808	-1	1032192	984	0	0	999
8346317	8801320	-1	2129920	1936	0	0	2006
8347311	11224056	-1	1474560	1051	0	0	1051
8348314	13486232	-1	1129472	670	0	0	688
8349315	13879896	-1	397312	229	0	0	229
8350317	-1	-1	0	0	0	0	0
8351319	-1	-1	0	0	0	0	0
8352315	-1	-1	0	0	0	0	67
8353315	16008792	-1	1310720	655	0	0	655
8354315	14627000	-1	1363968	746	0	0	746
8355321	-1	-1	110592	41	0	0	41
8356315	-1	-1	0	0	0	0	0
8357321	-1	-1	0	0	0	0	0
8358314	17488840	-1	664576	304	0	0	451
8359317	13693728	-1	578560	338	0	0	338
8361323	-1	-1	0	0	0	0	0
8363328	13053416	-1	646144	396	0	0	396
8364309	15413896	-1	585728	304	0	0	400
8365317	24929104	-1	361472	116	0	0	116
8366318	-1	-1	0	0	0	0	0
8367316	-1	-1	0	0	0	0	0
8368323	18500024	-1	1600252	692	0	0	692
8369309	-1	-1	0	0	0	0	0
8370312	17669352	-1	1055744	478	0	0	478
8371310	-1	-1	123904	55	0	0	55
8372311	-1	-1	0	0	0	0	39
8373309	9741568	-1	1010688	830	0	0	830
8374309	7819256	-1	966656	989	0	0	993
8375331	13314920	-1	1168384	702	0	0	702
8376309	-1	-1	16384	66	0	0	67
8377314	19962872	-1	1245184	499	0	0	499
8378312	-1	-1	98304	78	0	0	83
8379323	19948280	-1	1747968	701	0	0	701
8380314	-1	-1	0	0	0	0	0
8381310	-1	-1	0	0	0	0	0
8382314	17642944	-1	1018880	462	0	0	462
8383309	15837864	-1	593920	300	0	0	300
8384325	20103728	-1	957440	381	0	0	381
8385317	-1	-1	0	0	0	0	0
8386315	-1	-1	0	0	0	0	0
8387318	17706784	-1	781312	353	0	0	416
8389309	-1	-1	122880	92	0	0	95
8390312	22311752	-1	898048	322	0	0	322
8393325	-1	-1	0	0	0	0	0
8395316	-1	-1	0	0	0	0	0
8396309	24141232	-1	1080320	358	0	0	513
8397310	-1	-1	0	0	0	0	0
8398316	16018288	-1	672768	336	0	0	419
8399316	-1	-1	0	0	0	0	0
8401324	-1	-1	0	0	0	0	0
8406318	17469688	-1	543744	249	0	0	321
8408321	17660672	-1	679936	308	0	0	311
8409320	-1	-1	0	0	0	0	0
8410312	16263968	-1	555008	273	0	0	370
8412309	33512728	-1	322560	77	0	0	77
8414317	-1	-1	0	0	0	0	0
8415309	17802872	-1	680960	306	0	0	310
8416311	17179336	-1	221184	103	0	0	105
8417311	21585272	-1	509952	189	0	0	204
8418329	-1	-1	106496	78	0	0	142
8419310	14894544	-1	327680	176	0	0	176
8422310	-1	-1	0	0	0	0	0
8425316	17908848	-1	1130496	505	0	0	567
8426310	-1	-1	0	0	0	0	0
8427312	-1	-1	0	0	0	0	197
8428314	12891344	-1	1761280	1093	0	0	1093
8432311	23278936	-1	698368	240	0	0	240
8433312	-1	-1	0	0	0	0	0
8434309	17218656	-1	1140736	530	0	0	557
8435309	18661992	-1	1308672	561	0	0	561
8436318	18900784	-1	1367944	579	0	0	579
8437313	-1	-1	0	0	0	0	120
8438315	18183680	-1	1893376	833	0	0	833
8439311	-1	-1	0	0	0	0	0
8440312	18509120	-1	1105920	478	0	0	516
8441316	22937600	-1	172032	60	0	0	95
8442316	22923160	-1	2925568	1021	0	0	1021
8443314	-1	-1	0	0	0	0	0
8444309	-1	-1	0	0	0	0	0
8445322	19912864	-1	2103296	845	0	0	845
8446315	23047960	-1	556032	193	0	0	193
8447319	-1	-1	0	0	0	0	68
8448309	20430848	-1	2553856	1000	0	0	1000
8450319	22194608	-1	238592	86	0	0	86
8451316	10780072	-1	516096	383	0	0	383
8452312	16974584	-1	1824768	860	0	0	860
8453318	14706120	-1	1678336	913	0	0	913
8454319	-1	-1	0	0	0	0	0
8458310	-1	-1	73728	214	0	0	218
8459311	10862936	-1	1303552	960	0	0	960
8460312	22954376	-1	840704	293	0	0	293
8461321	12847704	-1	1034240	644	0	0	644
8462312	10741312	-1	707584	527	0	0	527
8464313	17160704	-1	2398208	1118	0	0	1118
8466310	-1	-1	0	0	0	0	0
8467323	-1	-1	0	0	0	0	0
8473325	-1	-1	0	0	0	0	2008
8479312	2557648	-1	3133440	9801	0	0	9801
8480319	9921896	-1	710656	573	0	0	573
8481310	-1	-1	0	0	0	0	52
8482318	11677192	-1	998400	684	0	0	684
8483318	-1	-1	0	0	0	0	0
8484317	-1	-1	0	0	0	0	0
8485316	8248032	-1	753664	731	0	0	731
8486316	-1	-1	0	0	0	0	0
8487309	11054264	-1	688128	498	0	0	520
8488317	-1	-1	94208	77	0	0	77
8490313	-1	-1	0	0	0	0	0
8491321	-1	-1	0	0	0	0	0
8493317	7385704	-1	468992	508	0	0	576
8494316	11548648	-1	799744	554	0	0	554
8495309	-1	-1	0	0	0	0	0
8496317	-1	-1	0	0	0	0	0
8498317	11533248	-1	696320	483	0	0	573
8499317	13766560	-1	705536	410	0	0	410
8500311	8070936	-1	204800	203	0	0	209
8502316	11232968	-1	556032	396	0	0	396
8503309	12049064	-1	361472	240	0	0	-1
8504310	-1	-1	0	0	0	0	-1
8505310	-1	-1	0	0	0	0	-1
8506317	-1	-1	0	0	0	0	-1
8507309	-1	-1	0	0	0	0	-1
8508312	-1	-1	0	0	0	0	-1
8509325	-1	-1	0	0	0	0	-1
8510316	-1	-1	0	0	0	0	-1
8511322	-1	-1	0	0	0	0	-1
8512315	-1	-1	0	0	0	0	-1
8520892	6683568	-1	1737728	2080	0	0	12335
8528889	-1	-1	0	0	0	0	0
8532890	-1	-1	0	0	0	0	0
8541894	-1	-1	0	0	0	0	0
8550897	-1	-1	0	0	0	0	0
8557890	-1	-1	0	0	0	0	0
8564898	2128704	-1	1330176	4999	0	0	4999
8573902	-1	-1	0	0	0	0	0
8582893	8595664	-1	741376	690	0	0	690
8586893	-1	-1	0	0	0	0	0
8595891	11976192	-1	865280	578	0	0	578
8602893	-1	-1	0	0	0	0	0
8611893	15878648	-1	611328	308	0	0	327
