89312265	13312000	-1	1943552	1168	0	0	10912
89315265	-1	-1	0	0	0	0	0
89322269	13708224	-1	1022976	597	0	0	668
89330266	-1	-1	0	0	0	0	0
89337266	7799520	-1	956416	981	0	0	2182
89344265	-1	-1	0	0	0	0	0
89352264	-1	-1	0	0	0	0	0
89356261	-1	-1	0	0	0	0	0
89364261	10283312	-1	850944	662	0	0	749
89371261	-1	-1	0	0	0	0	0
89379262	15898840	-1	2046976	1030	0	0	1030
89382260	-1	-1	0	0	0	0	0
89389294	32666864	-1	3969024	972	0	0	972
89393261	-1	-1	0	0	0	0	0
89398265	-1	-1	0	0	0	0	0
89405280	-1	-1	0	0	0	0	0
89411267	-1	-1	0	0	0	0	0
89419258	43270568	-1	7383040	1365	0	0	1365
89426260	-1	-1	0	0	0	0	0
89434267	-1	-1	0	0	0	0	0
89441268	-1	-1	0	0	0	0	0
89448264	21908064	-1	2026496	740	0	0	751
89456261	-1	-1	0	0	0	0	0
89462272	-1	-1	0	0	0	0	0
89468264	-1	-1	0	0	0	0	0
89475265	17770584	-1	1141760	514	0	0	623
89481263	-1	-1	0	0	0	0	0
89487260	-1	-1	0	0	0	0	0
89494264	13031352	-1	1594712	979	0	0	1029
89498262	-1	-1	0	0	0	0	0
89503272	-1	-1	0	0	0	0	0
89510264	-1	-1	0	0	0	0	0
89517265	-1	-1	0	0	0	0	0
89525264	25959064	-1	999424	308	0	0	320
89532269	-1	-1	0	0	0	0	0
89536266	-1	-1	0	0	0	0	0
89543262	-1	-1	0	0	0	0	0
89550270	38386080	-1	1588224	331	0	0	410
89558262	-1	-1	0	0	0	0	0
89564265	33162008	-1	2068480	499	0	0	523
89570264	-1	-1	0	0	0	0	0
89577258	13612760	-1	1488896	875	0	0	875
89583260	-1	-1	0	0	0	0	0
89591262	-1	-1	0	0	0	0	0
89598263	-1	-1	0	0	0	0	0
89605262	25144232	-1	1087488	346	0	0	435
89607260	-1	-1	0	0	0	0	0
89614264	-1	-1	0	0	0	0	0
89622259	-1	-1	0	0	0	0	0
89629265	23068984	-1	1833984	636	0	0	642
89635261	-1	-1	0	0	0	0	0
89642258	-1	-1	0	0	0	0	0
89649262	-1	-1	0	0	0	0	0
89657265	45013624	-1	3263488	580	0	0	580
89665261	-1	-1	0	0	0	0	0
89667259	-1	-1	0	0	0	0	0
89674264	-1	-1	0	0	0	0	0
89681260	-1	-1	0	0	0	0	0
89688264	-1	-1	0	0	0	0	0
89692264	-1	-1	0	0	0	0	0
89700264	38750536	-1	2334720	482	0	0	520
89702271	-1	-1	0	0	0	0	0
89709262	-1	-1	0	0	0	0	0
89716268	35326992	-1	2247680	509	0	0	550
89723264	-1	-1	0	0	0	0	0
89730265	25502304	-1	2706432	849	0	0	849
89737265	-1	-1	0	0	0	0	0
89743258	-1	-1	0	0	0	0	0
89745272	-1	-1	0	0	0	0	0
89752259	27559144	-1	2421760	703	0	0	703
89760274	-1	-1	0	0	0	0	0
89766262	-1	-1	0	0	0	0	0
89772261	34929360	-1	1899284	435	0	0	435
89779262	-1	-1	0	0	0	0	0
89786264	-1	-1	0	0	0	0	0
89793265	23282944	-1	3023872	1039	0	0	1039
89800264	-1	-1	0	0	0	0	0
89807264	-1	-1	0	0	0	0	0
89815268	-1	-1	0	0	0	0	0
89821274	-1	-1	0	0	0	0	0
89828264	-1	-1	0	0	0	0	0
89835259	30135704	-1	2614272	694	0	0	694
89838266	-1	-1	0	0	0	0	0
89844265	-1	-1	0	0	0	0	0
89851258	-1	-1	0	0	0	0	0
89858264	-1	-1	0	0	0	0	0
89865261	-1	-1	0	0	0	0	0
89873263	-1	-1	0	0	0	0	0
89881259	11109696	-1	1317888	949	0	0	949
89885264	-1	-1	0	0	0	0	0
89890264	-1	-1	0	0	0	0	0
89896259	-1	-1	0	0	0	0	0
89904263	-1	-1	0	0	0	0	0
89911257	19289536	-1	1468416	609	0	0	630
89917264	-1	-1	0	0	0	0	0
89922265	-1	-1	0	0	0	0	0
89929264	-1	-1	0	0	0	0	0
89937262	21481896	-1	1492992	556	0	0	570
89943265	-1	-1	0	0	0	0	0
89949268	-1	-1	0	0	0	0	0
89956266	-1	-1	0	0	0	0	120
89961264	20525408	-1	1157120	451	0	0	451
89968265	-1	-1	0	0	0	0	0
89975263	24069648	-1	1362944	453	0	0	526
89983263	-1	-1	0	0	0	0	0
89991263	-1	-1	0	0	0	0	0
89996265	22023544	-1	1307648	475	0	0	522
89999261	-1	-1	0	0	0	0	0
90005264	-1	-1	0	0	0	0	0
90012264	-1	-1	0	0	0	0	0
90019263	-1	-1	0	0	0	0	0
90026264	19583408	-1	2124800	868	0	0	868
90033269	-1	-1	0	0	0	0	0
90040269	-1	-1	0	0	0	0	0
90048259	-1	-1	0	0	0	0	0
90051264	-1	-1	0	0	0	0	0
90057263	-1	-1	0	0	0	0	0
90063264	-1	-1	0	0	0	0	0
90071267	-1	-1	0	0	0	0	0
90077260	13879872	-1	1728044	996	0	0	996
90084272	-1	-1	0	0	0	0	0
90087265	-1	-1	0	0	0	0	0
90094258	-1	-1	0	0	0	0	0
90101265	24350536	-1	995328	327	0	0	327
90108258	-1	-1	0	0	0	0	0
90115264	-1	-1	0	0	0	0	0
90122261	-1	-1	0	0	0	0	0
90130266	34561424	-1	2328576	539	0	0	539
90137260	-1	-1	0	0	0	0	0
90142264	-1	-1	0	0	0	0	0
90149263	-1	-1	0	0	0	0	0
90151261	-1	-1	0	0	0	0	0
90158265	-1	-1	0	0	0	0	0
90165263	-1	-1	0	0	0	0	0
90173316	21654448	-1	2284544	844	0	0	844
90178264	-1	-1	0	0	0	0	0
90185265	-1	-1	0	0	0	0	0
90192266	-1	-1	0	0	0	0	0
90200259	-1	-1	0	0	0	0	0
90206264	-1	-1	0	0	0	0	0
90213260	-1	-1	0	0	0	0	0
90220265	21752048	-1	875520	322	0	0	440
90226261	-1	-1	0	0	0	0	0
90233260	-1	-1	0	0	0	0	0
90240265	-1	-1	0	0	0	0	145
90245264	24217072	-1	1174528	388	0	0	388
90249264	-1	-1	0	0	0	0	0
90256271	-1	-1	0	0	0	0	0
90263265	-1	-1	0	0	0	0	0
90266268	-1	-1	0	0	0	0	0
90273279	32671624	-1	1388544	340	0	0	409
90276275	-1	-1	0	0	0	0	0
90283267	-1	-1	0	0	0	0	0
90290267	-1	-1	0	0	0	0	0
90296265	32938664	-1	1383424	336	0	0	417
90300264	-1	-1	0	0	0	0	0
90306258	-1	-1	0	0	0	0	0
90311263	-1	-1	0	0	0	0	0
90315263	-1	-1	0	0	0	0	0
90322259	36733360	-1	2447360	533	0	0	533
90330258	-1	-1	0	0	0	0	0
90337266	-1	-1	0	0	0	0	0
90339275	-1	-1	0	0	0	0	0
90346263	-1	-1	0	0	0	0	0
90348262	-1	-1	0	0	0	0	0
90355264	-1	-1	0	0	0	0	0
90359267	-1	-1	0	0	0	0	0
90366259	15823288	-1	625020	316	0	0	373
90374264	15732192	-1	1087488	553	0	0	639
90377266	-1	-1	0	0	0	0	0
90384264	-1	-1	0	0	0	0	0
90390265	-1	-1	0	0	0	0	0
90397259	-1	-1	0	0	0	0	0
90404263	33508240	-1	1390592	332	0	0	412
90409259	-1	-1	0	0	0	0	0
90415264	-1	-1	0	0	0	0	0
90422263	33796944	-1	1748992	414	0	0	422
90424265	-1	-1	0	0	0	0	0
90431264	-1	-1	0	0	0	0	0
90437267	-1	-1	0	0	0	0	0
90441274	-1	-1	0	0	0	0	0
90448270	39317640	-1	2034688	414	0	0	496
90454272	-1	-1	0	0	0	0	0
90458275	-1	-1	0	0	0	0	0
90464264	28273272	-1	1597440	452	0	0	452
90469265	-1	-1	0	0	0	0	0
90476295	-1	-1	0	0	0	0	0
90481268	-1	-1	0	0	0	0	0
90486260	-1	-1	0	0	0	0	0
90493263	15091976	-1	1124352	596	0	0	596
90500265	-1	-1	0	0	0	0	0
90507258	25575024	-1	2359296	738	0	0	738
90513263	-1	-1	0	0	0	0	0
90517261	-1	-1	0	0	0	0	0
90524265	-1	-1	0	0	0	0	0
90531270	-1	-1	0	0	0	0	0
90534264	-1	-1	0	0	0	0	0
90540267	-1	-1	0	0	0	0	0
90548265	-1	-1	0	0	0	0	0
90554268	26044912	-1	1888256	580	0	0	628
90561259	-1	-1	0	0	0	0	0
90569264	35682944	-1	1454080	326	0	0	333
90575263	-1	-1	0	0	0	0	0
90581265	-1	-1	0	0	0	0	0
90589264	-1	-1	0	0	0	0	0
90596273	25454560	-1	1097728	345	0	0	414
90603264	-1	-1	0	0	0	0	0
90608258	-1	-1	0	0	0	0	0
90615260	-1	-1	98304	149	0	0	155
90620264	42682424	-1	2080768	390	0	0	390
90626260	-1	-1	0	0	0	0	0
90633258	-1	-1	0	0	0	0	0
90640271	-1	-1	0	0	0	0	0
90643294	-1	-1	0	0	0	0	0
90648264	-1	-1	0	0	0	0	0
90656275	25639552	-1	3301092	1030	0	0	1030
90663267	-1	-1	0	0	0	0	0
90667263	-1	-1	0	0	0	0	0
90674264	-1	-1	0	0	0	0	0
90680265	-1	-1	0	0	0	0	0
90685259	-1	-1	0	0	0	0	0
90692264	-1	-1	0	0	0	0	0
90697262	-1	-1	0	0	0	0	0
90704264	30193368	-1	1849344	490	0	0	544
90708258	-1	-1	0	0	0	0	0
90713261	32120672	-1	1473536	367	0	0	431
90721265	-1	-1	0	0	0	0	0
90728285	-1	-1	0	0	0	0	0
90731264	-1	-1	0	0	0	0	0
90738265	24867880	-1	1308672	421	0	0	486
90746258	-1	-1	0	0	0	0	0
90751265	-1	-1	0	0	0	0	0
90758265	-1	-1	0	0	0	0	0
90765271	40345216	-1	2688000	533	0	0	533
90770260	-1	-1	0	0	0	0	0
90777265	-1	-1	0	0	0	0	0
90782265	-1	-1	0	0	0	0	0
90790258	-1	-1	0	0	0	0	0
90794267	-1	-1	0	0	0	0	0
90801264	24747176	-1	1036288	335	0	0	417
90808272	-1	-1	0	0	0	0	0
90813264	-1	-1	0	0	0	0	0
90821258	-1	-1	0	0	0	0	0
90828264	32343360	-1	1871872	463	0	0	463
90834265	-1	-1	0	0	0	0	0
90838259	-1	-1	0	0	0	0	0
90845265	-1	-1	0	0	0	0	0
90853265	38126680	-1	1901568	399	0	0	425
90855260	-1	-1	0	0	0	0	0
90863259	-1	-1	0	0	0	0	0
90869269	36647080	-1	1470464	321	0	0	385
90874268	-1	-1	0	0	0	0	28
90882257	-1	-1	0	0	0	0	0
90889258	34191848	-1	1795072	420	0	0	428
90897258	-1	-1	0	0	0	0	0
90904267	-1	-1	0	0	0	0	0
90911260	-1	-1	0	0	0	0	0
90918264	43887400	-1	3807232	694	0	0	694
90925258	-1	-1	0	0	0	0	0
90931260	-1	-1	0	0	0	0	0
90938265	-1	-1	0	0	0	0	0
90946264	-1	-1	0	0	0	0	0
90953263	-1	-1	0	0	0	0	0
90961271	13868768	-1	1494360	862	0	0	862
90968265	-1	-1	0	0	0	0	0
90975264	-1	-1	0	0	0	0	0
90982269	-1	-1	0	0	0	0	0
90984265	-1	-1	0	0	0	0	0
90992270	21184688	-1	1477632	558	0	0	633
90997265	-1	-1	0	0	0	0	-1
90999267	-1	-1	0	0	0	0	-1
91007266	-1	-1	0	0	20480	3445	-1
91011277	4717568	-1	303104	514	40960	3992	-1
91016263	61241168	-1	788480	103	40960	3998	-1
91023264	-1	420072	0	0	452608	8619	-1
91029263	-1	-1	0	0	94208	5391	-1
91036279	-1	-1	0	0	99328	5998	-1
91043264	29491200	138816	1142784	310	140288	8084	-1
91044265	-1	-1	0	0	0	0	-1
91054978	-1	151904	0	0	190464	10030	976
91058984	29318736	-1	1671168	456	79872	3977	518
91061979	-1	-1	0	0	0	0	0
91068972	-1	-1	0	0	0	0	0
91075985	-1	-1	0	0	0	0	0
91082972	-1	-1	0	0	0	0	0
91090979	33517872	-1	2425856	579	0	0	579
91098970	-1	-1	0	0	0	0	0
91105977	-1	-1	0	0	0	0	0
91108979	-1	-1	0	0	0	0	0
91115976	27113344	-1	1914880	565	0	0	565
91122977	-1	-1	0	0	0	0	0
91129977	39598328	-1	1846272	373	0	0	432
91137978	-1	-1	0	0	0	0	0
91145979	-1	-1	0	0	0	0	0
91152977	37891024	-1	1605632	339	0	0	339
91154976	-1	-1	0	0	0	0	0
91160984	-1	-1	0	0	0	0	0
91168979	-1	-1	0	0	0	0	0
91173976	-1	-1	0	0	0	0	0
91180977	26175304	-1	1508352	461	0	0	461
91184976	-1	-1	0	0	0	0	0
91192977	-1	-1	0	0	0	0	0
91195978	-1	-1	0	0	0	0	0
91202999	32360544	-1	1545216	382	0	0	391
91206976	-1	-1	0	0	0	0	0
91213978	-1	-1	0	0	0	0	0
91220973	-1	-1	0	0	0	0	0
91227976	36032704	-1	1630480	362	0	0	439
91229976	-1	-1	0	0	0	0	0
91236977	-1	-1	0	0	0	0	0
91238977	-1	-1	0	0	0	0	0
91245976	13421360	-1	2073600	1236	0	0	1236
91248976	-1	-1	0	0	0	0	0
91255978	-1	-1	0	0	0	0	0
91257976	-1	-1	0	0	0	0	0
91265972	-1	-1	0	0	0	0	0
91272977	754480	-1	417792	4430	0	0	4504
91273977	-1	-1	114688	959	0	0	1000
91279971	2278880	-1	1675264	5881	0	0	5881
91287976	-1	-1	0	0	0	0	0
91293973	6553600	-1	139264	170	0	0	171
91298976	8502552	-1	2887680	2717	0	0	2717
91305976	-1	-1	0	0	0	0	0
91312979	977352	-1	598016	4895	0	0	4895
91318975	1031088	-1	316416	2455	0	0	2455
91324971	-1	-1	0	0	0	0	0
91329972	-1	-1	0	0	0	0	0
91336976	753856	-1	499712	5303	0	0	5366
91343976	620216	-1	540672	6974	0	0	6974
91347977	4296800	-1	1347584	2509	0	0	2509
91354972	-1	-1	0	0	0	0	0
91357970	-1	-1	0	0	0	0	0
91365978	27085688	-1	1171456	346	0	0	353
91370974	28897056	-1	328704	91	0	0	94
91377981	-1	-1	0	0	0	0	0
91385971	-1	-1	0	0	0	0	0
91388975	-1	-1	0	0	0	0	0
91394978	8595928	-1	1242112	1156	0	0	1156
91399974	-1	-1	0	0	0	0	0
91406975	-1	-1	0	0	0	0	0
91410978	-1	-1	0	0	0	0	0
91418985	6463088	-1	1871872	2317	0	0	2317
91425976	-1	-1	0	0	0	0	0
91430974	-1	-1	0	0	0	0	0
91438972	8255176	-1	401408	389	0	0	391
91443974	19294056	-1	991232	411	0	0	411
91449989	-1	-1	0	0	0	0	0
91455977	-1	-1	0	0	0	0	0
91462973	-1	-1	0	0	0	0	0
91469975	34037464	-1	1757184	413	0	0	461
91477974	-1	-1	0	0	0	0	0
91483977	-1	-1	0	0	0	0	0
91491974	-1	-1	32768	547	0	0	652
91496982	533872	-1	335872	5033	0	0	5033
91499976	907824	-1	344064	3032	0	0	3032
91507981	1061608	-1	1018880	7678	0	0	7678
91515979	712264	-1	737280	8281	0	0	8281
91522970	1173016	-1	753664	5140	0	0	5140
91528973	-1	-1	0	0	0	0	0
91533989	20066512	-1	3195592	1274	0	0	1293
91541979	-1	-1	0	0	0	0	0
91548976	-1	-1	0	0	0	0	0
91552973	-1	-1	0	0	0	0	0
91559977	-1	-1	0	0	0	0	0
91566971	-1	-1	0	0	0	0	0
91568971	-1	-1	0	0	0	0	0
91575976	38689928	-1	2007040	415	0	0	422
91577970	-1	-1	0	0	0	0	0
91584973	-1	-1	0	0	0	0	0
91591977	-1	-1	0	0	0	0	0
91595976	-1	-1	0	0	0	0	0
91602976	-1	-1	0	0	0	0	0
91604976	-1	-1	0	0	0	0	0
91611973	18701112	-1	1049600	449	0	0	449
91614975	-1	-1	0	0	0	0	0
91622976	-1	-1	0	0	0	0	0
91628977	39334704	-1	3073024	625	0	0	625
91630980	-1	-1	0	0	0	0	0
91637977	-1	-1	0	0	0	0	0
91644972	-1	-1	0	0	0	0	0
91645977	-1	-1	0	0	0	0	0
91653976	-1	-1	0	0	0	0	0
91658972	-1	-1	0	0	0	0	0
91665976	-1	-1	0	0	0	0	0
91666976	-1	-1	0	0	0	0	0
91673971	22945856	-1	1138688	397	0	0	418
91679983	-1	-1	0	0	0	0	0
91685975	-1	-1	0	0	0	0	0
91693976	35607168	-1	2016256	453	0	0	453
91697970	-1	-1	0	0	0	0	0
91701976	-1	-1	0	0	0	0	0
91709982	-1	-1	0	0	0	0	0
91717973	-1	-1	0	0	0	0	0
91724975	27399352	-1	1311744	383	0	0	422
91729977	-1	-1	0	0	0	0	0
91736987	-1	-1	0	0	0	0	0
91741980	-1	-1	0	0	0	0	0
91748973	28171048	-1	1468416	417	0	0	438
91755982	-1	-1	0	0	0	0	0
91761974	-1	-1	0	0	0	0	0
91769978	-1	-1	32768	116	0	0	141
91774976	41416216	-1	2138112	413	0	0	413
91781977	-1	-1	0	0	0	0	0
91789977	-1	-1	0	0	0	0	0
91794971	-1	-1	0	0	0	0	0
91798976	-1	-1	0	0	0	0	0
91805986	-1	-1	0	0	0	0	0
91812971	-1	-1	0	0	0	0	0
91814977	-1	-1	0	0	0	0	0
91821976	14024056	-1	1246388	711	0	0	711
91828976	-1	-1	0	0	0	0	0
91832977	-1	-1	0	0	0	0	0
91839990	-1	-1	0	0	0	0	0
91846976	28352160	-1	1406976	397	0	0	413
91853975	-1	-1	0	0	0	0	0
91858973	-1	-1	0	0	0	0	0
91864977	-1	-1	0	0	0	0	0
91871971	24004176	-1	1977344	659	0	0	659
91879972	-1	-1	0	0	0	0	0
91884975	-1	-1	0	0	0	0	0
91891977	-1	-1	0	0	0	0	0
91897978	-1	-1	0	0	0	0	0
91904982	27376800	-1	2131968	623	0	0	623
91908976	-1	-1	0	0	0	0	0
91915975	-1	-1	0	0	0	0	0
91922976	-1	-1	0	0	0	0	0
91926978	-1	-1	0	0	0	0	0
91932973	-1	-1	0	0	0	0	0
91939977	-1	-1	0	0	0	0	0
91943975	-1	-1	0	0	0	0	0
91950979	31111936	-1	1442816	371	0	0	455
91954976	-1	-1	0	0	0	0	0
91962973	-1	-1	0	0	0	0	0
91965978	-1	-1	0	0	0	0	0
91972978	29977968	-1	1034240	276	0	0	313
91976974	-1	-1	0	0	0	0	0
91984976	-1	-1	0	0	0	0	0
91986978	-1	-1	0	0	0	0	0
91993971	-1	-1	0	0	0	0	0
92001976	20128912	-1	880640	350	0	0	438
92002976	-1	-1	0	0	0	0	0
92009971	-1	-1	0	0	0	0	0
92014976	-1	-1	0	0	0	0	0
92020976	37954824	-1	2690048	567	0	0	567
92023978	-1	-1	0	0	0	0	0
92030979	-1	-1	0	0	0	0	0
92037973	-1	-1	0	0	0	0	0
92045982	-1	-1	0	0	0	0	0
92049977	-1	-1	0	0	0	0	0
92056977	-1	-1	0	0	0	0	0
92060977	-1	-1	0	0	0	0	0
92068974	25057880	-1	1011712	323	0	0	446
92072975	-1	-1	0	0	0	0	0
92079978	-1	-1	0	0	0	0	0
92086007	-1	-1	0	0	0	0	0
92091981	26214400	-1	1114112	340	0	0	459
92099972	-1	-1	0	0	0	0	0
92106977	-1	-1	0	0	0	0	0
92113974	15322992	-1	599512	313	0	0	427
92114972	-1	-1	0	0	0	0	0
92121977	17786232	-1	1480704	666	0	0	735
92124977	-1	-1	0	0	0	0	0
92130977	-1	-1	0	0	0	0	0
92136977	-1	-1	0	0	0	0	0
92142982	-1	-1	0	0	0	0	0
92148980	33747776	-1	1269760	301	0	0	380
92154974	-1	-1	0	0	0	0	0
92160970	27822368	-1	1123328	323	0	0	323
92167976	-1	-1	0	0	0	0	0
92174971	-1	-1	0	0	0	0	0
92180976	-1	-1	0	0	0	0	0
92185977	35243280	-1	1224704	278	0	0	310
92190976	-1	-1	0	0	0	0	0
92198976	-1	-1	0	0	0	0	0
92200976	-1	-1	0	0	0	0	0
92207984	35551176	-1	2079744	468	0	0	476
92213976	-1	-1	0	0	0	0	0
92219972	-1	-1	0	0	0	0	0
92224976	-1	-1	0	0	0	0	0
92232977	38922392	-1	2875392	591	0	0	591
92239979	-1	-1	0	0	0	0	0
92246977	-1	-1	0	0	0	0	0
92251970	-1	-1	0	0	0	0	0
92258989	-1	-1	0	0	0	0	0
92262974	-1	-1	0	0	0	0	0
92269984	30308264	-1	1451008	383	0	0	383
92276975	-1	-1	0	0	0	0	0
92283982	-1	-1	0	0	0	0	0
92290976	-1	-1	0	0	0	0	0
92295977	-1	-1	0	0	0	0	0
92299971	-1	-1	40960	110	0	0	116
92304970	52613784	-1	2038784	310	0	0	404
92311970	-1	-1	0	0	0	0	0
92318976	-1	-1	0	0	0	0	0
92321972	-1	-1	0	0	0	0	0
92328970	40862480	-1	2145280	420	0	0	536
92334976	-1	-1	0	0	0	0	0
92338973	-1	-1	0	0	0	0	0
92345976	29939808	-1	1257472	336	0	0	428
92347979	-1	-1	0	0	0	0	0
92354974	-1	-1	0	0	0	0	0
92360976	-1	-1	0	0	0	0	0
92368975	41855592	-1	1627136	311	0	0	390
92373977	-1	-1	0	0	0	0	0
92380975	-1	-1	0	0	0	0	0
92388973	-1	-1	0	0	0	0	0
92392976	-1	-1	0	0	0	0	0
92399976	36901032	-1	1231572	267	0	0	314
92401972	-1	-1	0	0	0	0	0
92408982	-1	-1	0	0	0	0	0
92411976	-1	-1	0	0	0	0	0
92418975	17583104	-1	1606656	731	0	0	770
92419976	-1	-1	0	0	0	0	0
92426978	-1	-1	0	0	0	0	0
92434971	-1	-1	0	0	0	0	0
92441976	26923512	-1	1702912	506	0	0	517
92448970	-1	-1	0	0	0	0	0
92454976	20151696	-1	1319936	524	0	0	567
92461972	-1	-1	0	0	0	0	0
92468977	-1	-1	0	0	0	0	0
92475971	20282184	-1	1784832	704	0	0	704
92478971	-1	-1	0	0	0	0	0
92484980	-1	-1	0	0	0	0	0
92491973	-1	-1	0	0	0	0	0
92498976	-1	-1	0	0	0	0	0
92506973	23803472	-1	1514496	509	0	0	521
92509973	-1	-1	0	0	0	0	0
92517979	-1	-1	0	0	0	0	0
92521974	17692144	-1	844800	382	0	0	399
92526984	-1	-1	0	0	0	0	16
92534976	-1	-1	0	0	0	0	0
92539969	-1	-1	0	0	0	0	0
92546980	13552616	-1	1240064	732	0	0	732
92548976	-1	-1	0	0	0	0	0
92555987	-1	-1	0	0	0	0	0
92559974	-1	-1	0	0	0	0	0
92565976	-1	-1	0	0	0	0	0
92573982	17556864	-1	996352	454	0	0	553
92579975	-1	-1	0	0	0	0	0
92585976	30792384	-1	1851392	481	0	0	524
92592979	-1	-1	0	0	0	0	0
92600970	-1	-1	0	0	0	0	0
92602977	-1	-1	0	0	0	0	0
92610976	-1	-1	0	0	0	0	0
92617976	22641504	-1	1174528	415	0	0	514
92621976	-1	-1	0	0	0	0	0
92629970	-1	-1	0	0	0	0	0
92637977	-1	-1	0	0	0	0	0
92639976	-1	-1	0	0	0	0	0
92646975	30717520	-1	3175424	827	0	0	827
92652981	-1	-1	0	0	0	0	0
92657974	-1	-1	0	0	0	0	0
92663977	-1	-1	0	0	0	0	0
92671976	-1	-1	0	0	0	0	0
92677977	-1	-1	0	0	0	0	0
92684976	-1	-1	0	0	0	0	0
92692978	12898832	-1	856160	531	0	0	616
92693977	-1	-1	0	0	0	0	0
92699978	-1	-1	0	0	0	0	0
92704971	15648632	-1	1089536	557	0	0	557
92712977	-1	-1	0	0	0	0	0
92719974	-1	-1	0	0	0	0	0
92725983	-1	-1	0	0	0	0	0
92732975	31283736	-1	1122304	287	0	0	313
92739976	-1	-1	0	0	0	0	0
92746977	-1	-1	0	0	0	0	0
92750970	-1	-1	0	0	0	0	0
92757976	25992664	-1	1296384	399	0	0	425
92765972	-1	-1	0	0	0	0	0
92771976	-1	-1	0	0	0	0	0
92776977	-1	-1	0	0	0	0	0
92783976	29017768	-1	1117184	308	0	0	406
92788982	-1	-1	0	0	0	0	0
92795972	16162136	-1	969728	480	0	0	-1
92802980	-1	-1	0	0	0	0	-1
92809974	13619200	-1	1225728	720	0	0	-1
92815970	-1	-1	0	0	0	0	-1
92822978	-1	-1	0	0	0	0	-1
92830975	-1	-1	0	0	0	0	-1
92837977	-1	-1	0	0	0	0	-1
92839974	-1	-1	0	0	0	0	-1
92851396	22124848	-1	3512320	1270	0	0	18051
92853396	-1	-1	0	0	0	0	0
92857401	-1	-1	0	0	0	0	0
92863393	-1	-1	0	0	0	0	0
92871400	-1	-1	0	0	0	0	0
92878401	-1	-1	0	0	0	0	0
92883397	-1	-1	0	0	0	0	0
92889401	-1	-1	0	0	0	0	0
92897395	21245184	-1	1208320	455	0	0	518
92904407	-1	-1	0	0	0	0	0
92912398	21122872	-1	1177600	446	0	0	527
92919400	-1	-1	0	0	0	0	0
92927397	-1	-1	0	0	0	0	0
92929401	-1	-1	0	0	0	0	0
92936406	18981928	-1	1025024	432	0	0	535
92941400	-1	-1	0	0	0	0	0
92948401	-1	-1	0	0	0	0	0
92955397	-1	-1	0	0	0	0	0
92961400	18399640	-1	1018880	443	0	0	518
92968400	-1	-1	0	0	0	0	0
92970400	-1	-1	0	0	0	0	0
92977400	-1	-1	0	0	0	0	0
92984399	21444216	-1	1423360	531	0	0	611
92991401	-1	-1	0	0	0	0	0
92999400	-1	-1	0	0	0	0	0
93006400	22283008	-1	1935836	695	0	0	704
93010400	-1	-1	0	0	0	0	0
93017397	-1	-1	0	0	0	0	0
93025407	-1	-1	0	0	0	0	0
93031398	-1	-1	0	0	0	0	0
93038400	15304648	-1	1132544	592	0	0	648
93044400	-1	-1	0	0	0	0	0
93047398	-1	-1	0	0	0	0	0
93052401	-1	-1	0	0	0	0	0
93058397	19532576	-1	1403904	575	0	0	661
93064395	-1	-1	0	0	0	0	0
93069394	-1	-1	0	0	0	0	0
93076396	8658904	-1	417792	386	0	0	387
93081410	6225920	-1	564224	725	0	0	725
93086400	-1	-1	0	0	0	0	0
93093394	-1	-1	0	0	0	0	0
93100406	-1	-1	0	0	0	0	0
93107397	22100336	-1	2129920	771	0	0	771
93114402	-1	-1	0	0	0	0	0
93118402	-1	-1	0	0	0	0	0
93125401	-1	-1	0	0	0	0	0
93133402	-1	-1	0	0	0	0	0
93139396	-1	-1	0	0	0	0	0
93145400	25106288	-1	1405952	448	0	0	448
93153399	-1	-1	0	0	0	0	0
93156393	-1	-1	0	0	0	0	0
93163400	-1	-1	0	0	0	0	0
93170394	20165952	-1	1545216	613	0	0	623
93177400	-1	-1	0	0	0	0	0
93184400	-1	-1	0	0	0	0	0
93192407	20700744	-1	1728512	668	0	0	668
93196400	-1	-1	0	0	0	0	0
93203408	-1	-1	0	0	0	0	0
93210401	-1	-1	0	0	0	0	0
93218403	25684008	-1	1447936	451	0	0	459
93221399	-1	-1	0	0	0	0	0
93229398	-1	-1	0	0	0	0	0
93235400	-1	-1	0	0	0	0	0
93237400	-1	-1	0	0	0	0	0
93244399	23587640	-1	1270784	431	0	0	512
93248408	-1	-1	0	0	0	0	0
93255399	-1	-1	0	0	0	0	0
93262398	-1	-1	0	0	0	0	30
93267400	16686344	-1	1186816	569	0	0	637
93270400	-1	-1	0	0	0	0	0
93276394	-1	-1	0	0	0	0	0
93284400	8113080	-1	1052672	1038	0	0	1038
93287401	-1	-1	0	0	0	0	0
93294401	-1	-1	0	0	0	0	0
93297400	-1	-1	0	0	0	0	0
93303398	-1	-1	0	0	0	0	0
93310396	17712248	-1	1844288	833	0	0	833
93317399	-1	-1	0	0	0	0	0
93322397	-1	-1	0	0	0	0	0
93329401	9564392	-1	1156096	967	0	0	967
93331400	-1	-1	0	0	0	0	0
93338397	-1	-1	0	0	0	0	0
93343400	-1	-1	0	0	0	0	0
93351396	-1	-1	0	0	0	0	0
93359401	35864072	-1	2479104	553	0	0	553
93365398	-1	-1	0	0	0	0	0
93371401	-1	-1	0	0	0	0	0
93378401	-1	-1	0	0	0	0	0
93384400	-1	-1	0	0	0	0	0
93386400	-1	-1	0	0	0	0	0
93394399	-1	-1	0	0	0	0	0
93396395	-1	-1	0	0	0	0	0
93403405	-1	-1	0	0	0	0	0
93406401	-1	-1	0	0	0	0	0
93412404	27214528	-1	1108992	326	0	0	371
93419400	33901184	-1	1470464	347	0	0	347
93423400	-1	-1	0	0	0	0	0
93430410	-1	-1	0	0	0	0	0
93437401	-1	-1	0	0	0	0	0
93442397	28906056	-1	1264640	350	0	0	383
93447400	-1	-1	0	0	0	0	32
93454400	-1	-1	0	0	0	0	0
93460397	-1	-1	0	0	0	0	0
93465401	-1	-1	0	0	0	0	0
93472398	24982216	-1	1133568	363	0	0	423
93475406	-1	-1	0	0	0	0	0
93482393	-1	-1	0	0	0	0	0
93485398	-1	-1	0	0	0	0	0
93491400	20870096	-1	1095680	420	0	0	477
93498400	-1	-1	0	0	0	0	0
93506401	-1	-1	0	0	0	0	0
93513399	-1	-1	0	0	0	0	0
93520394	37256768	-1	1699840	365	0	0	423
93527395	-1	-1	0	0	0	0	0
93535407	-1	-1	0	0	0	0	0
93542400	39793336	-1	3213312	646	0	0	646
93547396	-1	-1	0	0	0	0	0
93554400	-1	-1	0	0	0	0	0
93561399	-1	-1	0	0	0	0	0
93567405	-1	-1	0	0	0	0	0
93573404	-1	-1	0	0	0	0	0
93581402	24125064	-1	986112	327	0	0	329
93586400	-1	-1	0	0	0	0	0
93593395	-1	-1	0	0	0	0	0
93600401	-1	-1	0	0	0	0	0
93607398	-1	-1	0	0	0	0	0
93614401	14524552	-1	2055224	1132	0	0	1132
93622400	-1	-1	0	0	0	0	0
93629400	-1	-1	0	0	0	0	0
93635399	-1	-1	0	0	0	0	0
93642394	-1	-1	0	0	0	0	0
93648399	-1	-1	0	0	0	0	0
93654398	15334520	-1	2079744	1085	0	0	1085
93661406	-1	-1	0	0	0	0	0
93668396	-1	-1	0	0	0	0	0
93670405	-1	-1	0	0	0	0	0
93678400	-1	-1	0	0	0	0	0
93685395	-1	-1	0	0	0	0	0
93689400	-1	-1	0	0	0	0	0
93697399	-1	-1	0	0	0	0	0
93704400	26203728	-1	2011136	614	0	0	688
93711400	-1	-1	0	0	0	0	0
93718400	-1	-1	0	0	0	0	0
93721400	-1	-1	0	0	0	0	0
93729427	21158768	-1	1388544	525	0	0	615
93732394	-1	-1	0	0	0	0	0
93739400	-1	-1	0	0	0	0	0
93742401	-1	-1	0	0	0	0	0
93749399	30727216	-1	3268608	851	0	0	851
93756402	-1	-1	0	0	0	0	0
93764393	-1	-1	0	0	0	0	0
93767399	-1	-1	0	0	0	0	0
93775397	-1	-1	0	0	0	0	0
93779394	-1	-1	0	0	0	0	0
93785401	18641144	-1	1209344	519	0	0	526
93793403	-1	-1	0	0	0	0	0
93800400	-1	-1	0	0	0	0	0
93808410	-1	-1	0	0	0	0	0
93816400	21799048	-1	1286144	472	0	0	561
93823393	-1	-1	0	0	0	0	0
93831403	14912472	-1	1006592	540	0	0	660
93838395	-1	-1	0	0	0	0	0
93842400	-1	-1	0	0	0	0	0
93849408	-1	-1	0	0	0	0	0
93856408	19613888	-1	1113088	454	0	0	521
93864400	-1	-1	0	0	0	0	0
93871399	20514280	-1	1225728	478	0	0	545
93878402	-1	-1	0	0	0	0	0
93885400	12680464	-1	1174528	741	0	0	837
93892400	-1	-1	0	0	0	0	0
93900399	12756528	-1	991820	622	0	0	622
93901408	-1	-1	0	0	0	0	0
93909400	-1	-1	0	0	0	0	0
93915395	11620640	-1	971776	669	0	0	669
93919400	-1	-1	0	0	0	0	0
93926408	-1	-1	0	0	0	0	0
93927396	-1	-1	0	0	0	0	0
93932400	-1	-1	0	0	0	0	0
93939399	17206624	-1	1028096	478	0	0	530
93946406	29507920	-1	1084416	294	0	0	316
93950400	-1	-1	0	0	0	0	0
93952401	-1	-1	0	0	0	0	0
93959396	-1	-1	0	0	0	0	0
93960400	-1	-1	0	0	0	0	0
93967401	12821632	-1	910336	568	0	0	631
93977400	-1	-1	0	0	0	0	0
93984402	-1	-1	0	0	0	0	0
93990396	-1	-1	0	0	0	0	0
93997400	48301392	-1	3779584	626	0	0	626
93999398	-1	-1	0	0	0	0	0
94006404	-1	-1	0	0	0	0	0
94011399	-1	-1	0	0	0	0	0
94018397	-1	-1	0	0	0	0	0
94024402	-1	-1	0	0	0	0	0
94030400	-1	-1	0	0	0	0	0
94033397	-1	-1	0	0	0	0	0
94039399	37832840	-1	2019328	427	0	0	440
94043401	-1	-1	0	0	0	0	0
94049397	-1	-1	0	0	0	0	0
94056400	23421840	-1	1911808	653	0	0	653
94060400	-1	-1	0	0	0	0	0
94067400	-1	-1	0	0	0	0	0
94073404	-1	-1	0	0	0	0	0
94076399	-1	-1	0	0	0	0	0
94083427	35558120	-1	2857984	643	0	0	643
94090401	-1	-1	0	0	0	0	0
94096395	-1	-1	0	0	0	0	0
94098401	-1	-1	0	0	0	0	0
94105403	-1	-1	0	0	0	0	0
94109393	-1	-1	0	0	0	0	0
94116396	-1	-1	0	0	0	0	0
94123399	-1	-1	0	0	0	0	0
94129398	35592136	-1	1819648	409	0	0	428
94136395	-1	-1	0	0	0	0	0
94140395	-1	-1	0	0	0	0	0
94148400	-1	-1	0	0	0	0	0
94155398	-1	-1	0	0	0	0	0
94162402	-1	-1	0	0	0	0	0
94166400	-1	-1	0	0	0	0	0
94173415	39466512	-1	2733056	554	0	0	554
94175394	-1	-1	0	0	0	0	0
94183399	-1	-1	0	0	0	0	0
94188400	-1	-1	0	0	0	0	0
94195402	-1	-1	0	0	0	0	0
94202395	-1	-1	0	0	0	0	0
94210400	-1	-1	0	0	0	0	0
94217393	25230088	-1	3223144	1022	0	0	1044
94223403	-1	-1	0	0	0	0	0
94231397	-1	-1	0	0	0	0	0
94237400	-1	-1	0	0	0	0	0
94242400	-1	-1	0	0	0	0	0
94246396	-1	-1	0	0	0	0	0
94254400	-1	-1	0	0	0	0	0
94259398	-1	-1	0	0	0	0	0
94266400	21069104	-1	1556480	591	0	0	591
94267408	-1	-1	0	0	0	0	0
94275397	-1	-1	0	0	0	0	0
94279401	25260296	-1	1323008	419	0	0	419
94284404	-1	-1	0	0	0	0	0
94289400	-1	-1	0	0	0	0	0
94297400	-1	-1	0	0	0	0	0
94304398	-1	-1	0	0	0	0	0
94312410	20299176	-1	1321984	521	0	0	609
94320394	17713088	-1	1501184	678	0	0	678
94325394	74440344	-1	856064	92	0	0	92
94332400	-1	-1	0	0	0	0	0
94339401	-1	-1	0	0	0	0	0
94340409	-1	-1	0	0	0	0	0
94348399	-1	-1	0	0	0	0	0
94355400	-1	-1	0	0	0	0	0
94361396	10807208	-1	1277952	946	0	0	946
94369395	-1	-1	0	0	0	0	0
94377401	12809688	-1	1269760	793	0	0	793
94383395	-1	-1	0	0	0	0	0
94390399	-1	-1	0	0	0	0	0
94395402	-1	-1	0	0	0	0	0
94403406	21853696	-1	1783808	653	0	0	670
94404400	-1	-1	0	0	0	0	0
94409399	-1	-1	0	0	0	0	0
94413397	-1	-1	0	0	0	0	0
94419400	-1	-1	0	0	0	0	0
94427395	24246736	-1	1885184	622	0	0	682
94432402	34281552	-1	4105216	958	0	0	958
94435401	-1	-1	0	0	0	0	0
94442398	-1	-1	0	0	0	0	0
94448396	-1	-1	0	0	0	0	0
94453400	-1	-1	0	0	0	0	0
94458396	-1	-1	0	0	0	0	0
94465404	-1	-1	0	0	0	0	0
94468401	-1	-1	0	0	0	0	0
94475394	-1	-1	98304	216	0	0	222
94480401	32785616	-1	3118732	761	0	0	761
94485401	-1	-1	0	0	0	0	0
94490396	-1	-1	0	0	0	0	0
94496401	-1	-1	0	0	0	0	0
94503399	-1	-1	0	0	0	0	0
94506394	-1	-1	0	0	0	0	0
94513404	11820672	-1	880640	596	0	0	636
94520397	-1	-1	0	0	0	0	124
94525400	23178544	-1	985088	340	0	0	340
94532400	-1	-1	0	0	0	0	0
94539407	-1	-1	0	0	0	0	0
94542402	-1	-1	0	0	0	0	0
94546402	-1	-1	0	0	0	0	0
94550397	-1	-1	0	0	0	0	0
94557402	27718840	-1	1101824	318	0	0	-1
94562398	-1	-1	0	0	0	0	-1
94569404	-1	-1	0	0	0	0	-1
94576402	-1	-1	0	0	0	0	-1
94582407	27267792	-1	2873344	843	0	0	-1
94588403	-1	-1	0	0	0	0	-1
94593397	-1	-1	0	0	0	0	-1
94599400	-1	-1	0	0	0	0	-1
94607003	25589552	-1	2507776	784	0	0	14447
94610004	-1	-1	0	0	0	0	0
94613001	-1	-1	0	0	0	0	0
94620003	-1	-1	0	0	0	0	0
94626008	-1	-1	0	0	0	0	0
94632008	-1	-1	0	0	0	0	0
94639010	-1	-1	0	0	0	0	0
94641009	-1	-1	0	0	0	0	0
94648006	12347976	-1	1792000	1161	0	0	1161
94650004	-1	-1	0	0	0	0	0
94657004	-1	-1	0	0	0	0	0
94665004	21179648	-1	1596416	603	0	0	603
94671008	-1	-1	0	0	0	0	0
94678001	-1	-1	0	0	0	0	0
94686003	-1	-1	0	0	0	0	0
94694006	26051336	-1	1374208	422	0	0	524
94702012	-1	-1	0	0	0	0	0
94709005	20783120	-1	1369088	527	0	0	569
94716015	-1	-1	0	0	0	0	0
94720009	-1	-1	0	0	0	0	0
94728001	-1	-1	0	0	0	0	0
94735011	22902368	-1	1331200	465	0	0	519
94742003	-1	-1	0	0	0	0	0
94744007	-1	-1	0	0	0	0	0
94751009	-1	-1	0	0	0	0	0
94759008	23319360	-1	1501184	515	0	0	540
94763008	-1	-1	0	0	0	0	0
94770008	-1	-1	0	0	0	0	0
94777008	-1	-1	0	0	0	0	0
94785009	12301664	-1	2114348	1375	0	0	1375
94792002	-1	-1	0	0	0	0	0
94799007	-1	-1	0	0	0	0	0
94802003	-1	-1	0	0	0	0	0
94809008	-1	-1	0	0	0	0	0
94814007	-1	-1	0	0	0	0	0
94821004	23460192	-1	1700864	580	0	0	663
94828007	-1	-1	0	0	0	0	0
94835009	16914320	-1	1241088	587	0	0	587
94841006	-1	-1	0	0	0	0	0
94848003	-1	-1	0	0	0	0	0
94854004	22137264	-1	1682432	608	0	0	646
94859007	-1	-1	0	0	0	0	39
94863003	-1	-1	0	0	0	0	0
94869014	-1	-1	0	0	0	0	0
94877004	-1	-1	0	0	0	0	0
94884009	18985112	-1	1300480	548	0	0	632
94889007	-1	-1	0	0	0	0	0
94896011	-1	-1	0	0	0	0	0
94902011	-1	-1	0	0	0	0	0
94908004	19271048	-1	1093632	454	0	0	519
94916012	-1	-1	0	0	0	0	0
94918008	-1	-1	0	0	0	0	0
94925004	-1	-1	0	0	0	0	0
94931004	24437936	-1	2174976	712	0	0	712
94938004	-1	-1	0	0	0	0	0
94945009	-1	-1	0	0	0	0	0
94953004	-1	-1	0	0	0	0	0
94959009	-1	-1	0	0	0	0	0
94966008	-1	-1	0	0	0	0	0
94973008	22552288	-1	1426432	506	0	0	511
94980009	-1	-1	0	0	0	0	0
94987008	-1	-1	0	0	0	0	0
94990008	26154728	-1	2154496	659	0	0	677
94995007	-1	-1	25600	153	0	0	153
95000003	-1	-1	0	0	0	0	0
95006008	-1	-1	0	0	0	0	0
95012006	-1	-1	0	0	0	0	0
95015002	-1	-1	0	0	0	0	0
95023009	-1	-1	0	0	0	0	0
95030004	20033304	-1	1354752	541	0	0	541
95037013	-1	-1	0	0	0	0	0
95045004	-1	-1	0	0	0	0	0
95046004	-1	-1	0	0	0	0	0
95053011	19768720	-1	1238016	501	0	0	540
95060004	-1	-1	0	0	0	0	0
95067013	-1	-1	0	0	0	0	0
95069011	-1	-1	0	0	0	0	0
95076003	12901832	-1	778948	483	0	0	537
95080008	-1	-1	0	0	0	0	0
95087005	-1	-1	0	0	0	0	0
95088001	-1	-1	0	0	0	0	0
95095008	13273008	-1	1655808	998	0	0	1098
95103004	-1	-1	0	0	0	0	0
95110008	26841872	-1	946176	282	0	0	322
95117008	-1	-1	0	0	0	0	0
95124008	11743208	-1	1489920	1015	0	0	1015
95131007	-1	-1	0	0	0	0	0
95138008	-1	-1	0	0	0	0	0
95142008	-1	-1	0	0	0	0	0
95148007	-1	-1	0	0	0	0	0
95151002	-1	-1	0	0	0	0	0
95158007	23960904	-1	2632704	879	0	0	879
95160001	-1	-1	0	0	0	0	0
95166002	-1	-1	0	0	0	0	0
95167008	-1	-1	0	0	0	0	0
95171002	-1	-1	0	0	0	0	0
95176008	-1	-1	0	0	0	0	0
95183008	-1	-1	0	0	0	0	0
95188007	-1	-1	0	0	0	0	0
95192009	-1	-1	0	0	0	0	0
95198009	23594080	-1	1722368	584	0	0	584
95206004	-1	-1	0	0	0	0	0
95208006	-1	-1	0	0	0	0	0
95216009	23744784	-1	2427904	818	0	0	861
95219011	-1	-1	0	0	0	0	0
95226003	-1	-1	0	0	0	0	0
95233008	20765768	-1	1339392	516	0	0	523
95240004	-1	-1	0	0	22528	6771	0
95248000	-1	390792	0	0	393216	8049	0
95249013	-1	-1	0	0	73728	992	0
95257002	26060528	846608	2462720	756	841728	7953	756
95264004	-1	1396472	0	0	1218560	6980	0
95272002	-1	1650832	0	0	1655808	8024	0
95277007	-1	1826192	0	0	1135616	4974	0
95283006	-1	1832232	0	0	1386496	6053	0
95291015	43899384	971296	24945824	4546	948224	7809	4668
95300002	-1	1174376	0	0	1317888	8977	0
95307014	-1	1459928	0	0	1029120	5639	0
95315001	-1	865080	0	0	1004544	9289	0
95318002	-1	1622336	0	0	614400	3029	0
95325010	-1	1903640	0	0	1660928	6979	0
95332005	-1	2134528	0	0	1861632	6977	0
95340008	-1	2270288	0	0	2280448	8035	0
95345005	-1	2404280	0	0	1481728	4930	0
95351007	-1	2455800	0	0	1854464	6041	0
95359004	-1	2446728	0	0	2407424	7871	0
95367001	-1	2421928	0	0	2436096	8046	0
95373009	-1	2540672	0	0	1905664	6000	0
95380008	-1	2577592	0	0	2269184	7042	0
95388000	-1	2599040	0	0	2616320	8053	0
95393003	-1	2826816	0	0	1755136	4967	0
95398040	-1	2776048	0	0	1705984	4916	0
95405001	-1	2518384	0	0	2172928	6902	0
95410001	-1	2934024	0	0	1833984	5000	0
95417001	-1	2983856	0	0	2607104	6989	0
95423003	-1	3011872	0	0	2253824	5986	0
95431007	-1	3128648	0	0	3130368	8004	0
95438003	-1	3114072	0	0	2726912	7005	0
95440002	-1	3345264	0	0	834560	1995	0
95448008	-1	3095920	0	0	3069952	7932	0
95454002	-1	3317488	0	0	2514944	6064	0
95457027	-1	3456712	0	0	1274880	2950	0
95463009	-1	3449608	0	0	2572288	5965	0
95470010	-1	3340160	0	0	2958336	7085	0
95477005	-1	2906272	0	0	2482176	6832	0
95484008	-1	3675808	0	0	3212288	6991	0
95491002	-1	3547096	0	0	625664	1411	0
95498004	-1	-1	0	0	0	0	0
95499002	-1	-1	0	0	0	0	0
95506008	-1	-1	0	0	0	0	0
95513004	-1	-1	0	0	0	0	0
95521011	-1	-1	0	0	0	0	0
95528005	-1	-1	0	0	0	0	0
95535009	-1	-1	0	0	0	0	0
95542019	-1	-1	0	0	0	0	0
95546001	-1	-1	0	0	0	0	0
95553009	-1	-1	0	0	0	0	0
95561005	-1	-1	0	0	0	0	0
95565008	-1	-1	0	0	0	0	0
95572003	-1	-1	0	0	0	0	0
95575003	-1	-1	0	0	0	0	0
95583008	-1	-1	0	0	0	0	0
95588001	-1	-1	0	0	0	0	0
95595008	-1	-1	0	0	0	0	0
95597008	-1	-1	0	0	0	0	0
95605003	-1	-1	0	0	0	0	0
95610005	-1	-1	0	0	0	0	0
95614008	-1	-1	0	0	0	0	0
95621005	-1	-1	0	0	0	0	0
95627006	-1	-1	0	0	0	0	0
95632008	-1	-1	0	0	0	0	0
95639017	-1	-1	0	0	0	0	0
95643007	-1	-1	0	0	0	0	0
95651002	-1	-1	0	0	0	0	0
95656015	-1	-1	0	0	0	0	0
95663007	-1	-1	0	0	0	0	0
95666002	-1	-1	0	0	0	0	0
95672008	-1	-1	0	0	0	0	0
95679005	-1	-1	0	0	0	0	0
95687013	-1	-1	0	0	0	0	0
95694003	-1	-1	0	0	0	0	0
95702008	-1	-1	0	0	0	0	0
95703002	-1	-1	0	0	0	0	0
95711003	-1	-1	0	0	0	0	0
95716003	-1	-1	0	0	0	0	0
95723008	-1	-1	0	0	0	0	0
95726005	-1	-1	0	0	0	0	0
95733002	-1	-1	0	0	0	0	0
95740005	-1	-1	0	0	0	0	0
95742004	-1	-1	0	0	0	0	0
95750002	-1	-1	0	0	0	0	0
95755001	-1	-1	0	0	0	0	0
95763012	-1	-1	0	0	0	0	0
95765009	-1	-1	0	0	0	0	0
95772001	-1	-1	0	0	0	0	0
95779013	-1	-1	0	0	0	0	0
95786001	-1	-1	0	0	0	0	0
95793008	-1	-1	0	0	0	0	0
95795009	-1	-1	0	0	0	0	0
95802002	-1	-1	0	0	0	0	0
95809008	-1	-1	0	0	0	0	0
95813021	-1	-1	0	0	0	0	0
95818005	-1	-1	0	0	0	0	0
95825002	-1	-1	0	0	0	0	0
95830002	-1	-1	0	0	0	0	0
95837007	-1	-1	0	0	0	0	0
95844007	-1	-1	0	0	0	0	0
95847003	-1	-1	0	0	0	0	0
95854008	-1	-1	0	0	0	0	0
95861006	-1	-1	0	0	0	0	0
95863004	-1	-1	0	0	0	0	0
95870003	-1	-1	0	0	0	0	0
95874009	-1	-1	0	0	0	0	0
95881033	-1	-1	0	0	0	0	0
95888010	-1	-1	0	0	0	0	0
95896001	-1	-1	0	0	0	0	0
95903010	-1	-1	0	0	0	0	0
95909004	-1	-1	0	0	0	0	0
95916008	-1	-1	0	0	0	0	0
95922008	-1	-1	0	0	0	0	0
95929008	-1	-1	0	0	0	0	0
95936001	-1	-1	0	0	0	0	0
95943007	-1	-1	0	0	0	0	0
95946008	-1	-1	0	0	0	0	0
95953003	-1	-1	0	0	0	0	0
95959008	-1	-1	0	0	0	0	0
95963008	-1	-1	0	0	0	0	0
95971009	-1	-1	0	0	0	0	0
95979008	-1	-1	0	0	0	0	0
95986002	-1	-1	0	0	0	0	0
95991004	-1	-1	0	0	0	0	0
95997007	-1	-1	0	0	0	0	0
96005012	-1	-1	0	0	0	0	0
96007013	-1	-1	0	0	0	0	0
96014001	-1	-1	0	0	0	0	0
96022023	-1	-1	0	0	0	0	0
96029004	-1	-1	0	0	0	0	0
96037014	-1	-1	0	0	0	0	0
96044005	-1	-1	0	0	0	0	0
96050008	-1	-1	0	0	0	0	0
96056007	-1	-1	0	0	0	0	0
96063013	-1	-1	0	0	0	0	0
96071008	-1	-1	0	0	0	0	0
96077009	-1	-1	0	0	0	0	0
96364001	-1	-1	0	0	0	0	0
96371008	-1	-1	0	0	0	0	0
96373011	-1	-1	0	0	0	0	0
96379004	-1	-1	0	0	0	0	0
96387003	-1	-1	0	0	0	0	0
96393005	-1	-1	0	0	0	0	0
96399015	-1	-1	0	0	0	0	0
96407008	-1	-1	0	0	0	0	0
96413007	-1	-1	0	0	0	0	0
96420008	-1	-1	0	0	0	0	0
96426001	-1	-1	0	0	0	0	0
96432006	-1	-1	0	0	0	0	0
96440002	-1	-1	0	0	0	0	0
96447008	-1	-1	0	0	0	0	0
96452001	-1	-1	0	0	0	0	0
96457013	-1	-1	0	0	0	0	0
96464009	-1	-1	0	0	0	0	0
96470003	-1	-1	0	0	0	0	0
96477008	-1	-1	0	0	0	0	0
96484005	-1	-1	0	0	0	0	0
96487005	-1	-1	0	0	0	0	0
96494001	-1	-1	0	0	0	0	0
96501003	-1	-1	0	0	0	0	0
96508008	-1	-1	0	0	0	0	0
96515003	-1	-1	0	0	0	0	0
96522020	-1	-1	0	0	0	0	0
96526007	-1	-1	0	0	0	0	0
96533002	-1	-1	0	0	0	0	0
96540011	-1	-1	0	0	0	0	0
96547002	-1	-1	0	0	0	0	0
96554011	-1	-1	0	0	0	0	0
96560005	-1	-1	0	0	0	0	0
96562002	-1	-1	0	0	0	0	0
96570001	-1	-1	0	0	0	0	0
96572009	-1	-1	0	0	0	0	0
96574005	-1	-1	0	0	0	0	0
96581001	-1	-1	0	0	0	0	0
96582002	-1	-1	0	0	0	0	0
96589006	2704152	-1	174080	515	0	0	-1
96594002	-1	-1	0	0	0	0	-1
96601003	19160952	1001600	3250176	1357	456704	3647	-1
96604032	-1	2637904	0	0	1006592	3052	-1
96611002	-1	3955696	0	0	3428352	6933	-1
96619006	-1	4220664	0	0	4193280	7948	-1
96627968	24885736	2943920	2385920	767	2235392	6074	15822
96630978	-1	4320896	0	0	1624064	3006	0
96633969	-1	4239856	0	0	860160	1623	0
96640966	-1	2605960	0	0	2696192	8276	0
96647968	-1	4240640	0	0	3704832	6989	0
96650991	-1	4158584	0	0	1561600	3004	0
96657969	-1	4764888	0	0	4060160	6816	0
96665969	-1	5009752	0	0	5106688	8154	0
96672970	-1	5117368	0	0	4485120	7011	0
96680971	-1	3522712	0	0	3395584	7711	0
96688976	-1	4200216	0	0	4203520	8006	0
96695969	-1	4173608	0	0	3637248	6971	0
96701971	-1	4057856	0	0	3077120	6066	0
96709971	-1	4133016	0	0	4121600	7977	0
96716966	-1	4070088	0	0	3578880	7034	0
96724966	-1	4199576	0	0	4183040	7968	0
96728981	-1	4305288	0	0	2101248	3904	0
96735969	-1	4292512	0	0	3603456	6715	0
96742978	-1	-1	0	0	0	0	0
96749972	-1	-1	0	0	0	0	0
96756969	-1	-1	0	0	0	0	0
96763966	-1	-1	0	0	0	0	0
96771968	-1	-1	0	0	0	0	0
96777969	-1	-1	0	0	0	0	0
96784968	-1	-1	0	0	0	0	0
96791968	-1	-1	0	0	0	0	0
96798967	-1	-1	0	0	0	0	0
96803970	-1	-1	0	0	0	0	0
96811970	-1	-1	0	0	0	0	0
96818968	-1	-1	0	0	0	0	0
96825968	-1	-1	0	0	0	0	0
96833972	-1	-1	0	0	0	0	0
96837973	-1	-1	0	0	0	0	0
96844976	-1	-1	0	0	0	0	0
96851976	-1	-1	0	0	0	0	0
96858976	-1	-1	0	0	0	0	0
96861978	-1	-1	0	0	0	0	0
96869976	-1	-1	0	0	0	0	0
96876969	-1	-1	0	0	0	0	0
96880970	-1	-1	0	0	0	0	0
96885976	-1	-1	0	0	0	0	0
96892973	-1	-1	0	0	0	0	0
96898966	-1	-1	0	0	0	0	0
96901975	-1	-1	0	0	0	0	0
96906967	-1	-1	0	0	0	0	0
96914982	-1	-1	0	0	0	0	0
96922968	-1	-1	0	0	0	0	0
96927968	-1	-1	0	0	0	0	0
96933977	-1	-1	0	0	0	0	0
96940968	-1	-1	0	0	0	0	0
96947967	-1	-1	0	0	0	0	0
96954970	-1	-1	0	0	0	0	0
96961983	-1	-1	0	0	0	0	0
96967969	-1	-1	0	0	0	0	0
96969970	-1	-1	0	0	0	0	0
96976968	-1	-1	0	0	0	0	0
96983968	-1	-1	0	0	0	0	0
96991981	-1	-1	0	0	0	0	0
96995968	-1	-1	0	0	0	0	0
97002969	-1	-1	0	0	0	0	0
97008971	-1	-1	0	0	0	0	0
97016968	-1	-1	0	0	0	0	0
97023968	-1	-1	0	0	0	0	0
97031969	-1	-1	0	0	0	0	0
97034965	-1	-1	0	0	0	0	0
97042967	-1	-1	0	0	0	0	0
97044967	-1	-1	0	0	0	0	0
97050971	-1	-1	0	0	0	0	0
97058968	-1	-1	0	0	0	0	0
97061970	-1	15792	0	0	644096	326340	0
97069965	-1	1267032	0	0	1241088	7836	0
97076971	-1	3379768	0	0	1361920	3223	0
97079966	-1	-1	0	0	0	0	0
97086976	-1	-1	0	0	0	0	0
97092969	-1	-1	0	0	0	0	0
97094968	-1	-1	0	0	0	0	0
97102968	-1	-1	0	0	0	0	0
97109968	-1	-1	0	0	0	0	0
97118013	-1	424168	0	0	2359296	44497	0
97120969	-1	-1	0	0	0	0	0
97127968	-1	-1	0	0	0	0	0
97134968	-1	-1	0	0	0	0	0
97138968	-1	-1	0	0	0	0	0
97146969	-1	177488	0	0	649216	29261	0
97152971	-1	3476896	0	0	2590720	5961	0
97159972	-1	3997288	0	0	167936	336	0
97167968	-1	-1	0	0	0	0	0
97175969	-1	-1	0	0	0	0	0
97182968	-1	146704	0	0	544768	29707	0
97190967	-1	3315168	0	0	2863104	6909	0
97198969	-1	-1	0	0	0	0	0
97206970	-1	-1	0	0	0	0	0
97213969	-1	-1	0	0	0	0	0
97221969	-1	-1	0	0	0	0	0
97227971	-1	-1	0	0	0	0	0
97232967	-1	-1	0	0	0	0	0
97239975	-1	55544	0	0	347136	49995	0
97242967	-1	2422048	0	0	934912	3087	0
97249967	-1	3349240	0	0	552960	1320	0
97256968	-1	-1	0	0	0	0	0
97262965	-1	-1	0	0	0	0	0
97270973	-1	-1	0	0	0	0	0
97278965	-1	551960	0	0	2359296	34195	0
97284974	-1	-1	0	0	0	0	0
97292969	-1	-1	0	0	0	0	0
97296971	-1	-1	0	0	0	0	0
97302968	-1	345608	0	0	1055744	24437	0
97309971	-1	3208336	0	0	779264	1943	0
97315970	-1	-1	0	0	0	0	0
97320971	-1	-1	0	0	0	0	0
97325966	-1	-1	0	0	0	0	0
97332968	-1	611152	0	0	2097152	27451	0
97340973	-1	-1	0	0	0	0	0
97343978	-1	-1	0	0	0	0	0
97350968	-1	-1	0	0	0	0	0
97355977	-1	-1	0	0	0	0	0
97361968	-1	489272	0	0	1810432	29602	0
97366970	-1	3739520	0	0	811008	1734	0
97372977	-1	-1	0	0	0	0	0
97377969	-1	-1	0	0	0	0	0
97384967	-1	-1	0	0	0	0	0
97385991	-1	-1	0	0	0	0	0
97393968	-1	66792	0	0	252928	30293	0
97400967	-1	2879648	0	0	1582080	4395	0
97407975	-1	-1	0	0	0	0	0
97414966	-1	-1	0	0	0	0	0
97419967	-1	-1	0	0	0	0	0
97427968	-1	605240	0	0	2097152	27719	0
97434976	-1	-1	0	0	0	0	0
97440970	-1	-1	0	0	0	0	0
97448971	-1	53272	0	0	145408	21836	0
97454969	-1	1540192	0	0	1310720	6808	0
97461966	-1	-1	0	0	0	0	0
97469969	-1	-1	0	0	0	0	0
97475972	-1	-1	0	0	0	0	0
97483975	-1	388536	0	0	1310720	26987	0
97491969	-1	-1	0	0	0	0	0
97497968	-1	-1	0	0	0	0	0
97502970	-1	-1	0	0	0	0	0
97506983	-1	-1	0	0	0	0	0
97513971	-1	513408	0	0	2063360	32151	0
97518968	-1	3933624	0	0	1344512	2734	0
97524969	-1	-1	0	0	0	0	0
97530967	-1	-1	0	0	0	0	0
97537977	-1	-1	0	0	0	0	0
97543969	-1	-1	0	0	0	0	0
97550968	-1	-1	0	0	0	0	0
97557975	-1	-1	0	0	0	0	0
97562970	-1	-1	0	0	0	0	0
97568970	-1	22720	0	0	148480	52286	0
97573968	-1	2839272	0	0	1686528	4752	0
97577990	-1	369368	0	0	197632	4280	0
97582974	-1	1368616	0	0	519168	3034	0
97589968	-1	-1	0	0	0	0	0
97595967	-1	-1	0	0	0	0	0
97599970	-1	-1	0	0	0	0	0
97606968	-1	-1	0	0	0	0	0
97612966	-1	-1	0	0	0	0	0
97619968	-1	-1	0	0	0	0	0
97624970	-1	-1	0	0	0	0	0
97632968	-1	-1	0	0	0	0	0
97638968	-1	-1	0	0	0	0	0
97646973	-1	-1	0	0	0	0	0
97654969	-1	-1	0	0	0	0	0
97660971	-1	-1	0	0	0	0	0
97662971	-1	-1	0	0	0	0	0
97669969	-1	-1	0	0	0	0	0
97675970	-1	-1	0	0	0	0	0
97680973	-1	-1	0	0	0	0	0
97688967	-1	-1	0	0	0	0	0
97690969	-1	-1	0	0	0	0	0
97697968	-1	-1	0	0	0	0	0
97703979	-1	-1	0	0	0	0	0
97706969	-1	-1	0	0	0	0	0
97713966	-1	-1	0	0	0	0	0
97720968	-1	-1	0	0	0	0	0
97721983	-1	-1	0	0	0	0	0
97728972	-1	-1	0	0	0	0	0
97730967	-1	-1	0	0	0	0	0
97731967	-1	-1	0	0	0	0	0
97738968	-1	-1	0	0	0	0	0
97745969	-1	-1	0	0	0	0	0
97751974	-1	-1	0	0	0	0	0
97758968	-1	-1	0	0	0	0	0
97762967	-1	-1	0	0	0	0	0
97769974	-1	-1	0	0	0	0	0
97777972	-1	-1	0	0	0	0	0
97779968	-1	-1	0	0	0	0	0
97786975	-1	-1	0	0	0	0	0
97793967	-1	-1	0	0	0	0	0
97798968	-1	-1	0	0	0	0	0
97802971	-1	-1	0	0	0	0	0
97809970	-1	-1	0	0	0	0	0
97817968	12912816	-1	1333248	826	0	0	867
97825989	-1	-1	0	0	0	0	0
97829974	-1	-1	0	0	0	0	0
97835969	-1	-1	0	0	0	0	0
97841970	19839728	-1	2316288	934	0	0	934
97848971	-1	-1	0	0	0	0	0
97856969	-1	-1	0	0	0	0	0
97863969	-1	-1	0	0	0	0	0
97870965	-1	-1	0	0	0	0	0
97874969	-1	-1	0	0	0	0	0
97880972	30468952	-1	1180672	310	0	0	321
97883966	-1	-1	0	0	0	0	0
97890968	-1	-1	0	0	0	0	0
97894969	-1	-1	0	0	0	0	0
97902966	12566880	-1	2214912	1410	0	0	1410
97905968	-1	-1	0	0	0	0	0
97912966	-1	-1	0	0	0	0	0
97914965	-1	-1	0	0	0	0	0
97921968	-1	-1	0	0	0	0	0
97928973	-1	-1	0	0	0	0	0
97933969	-1	-1	0	0	0	0	0
97939969	-1	-1	0	0	0	0	0
97946973	22608744	-1	788480	279	0	0	376
97953968	-1	-1	0	0	0	0	0
97961965	26974240	-1	1163264	345	0	0	345
97967968	-1	-1	0	0	0	0	0
97974966	-1	-1	0	0	0	0	0
97978967	-1	-1	0	0	0	0	0
97985968	-1	-1	0	0	0	0	0
97990966	14655584	-1	1824620	996	0	0	1193
97993974	-1	-1	0	0	0	0	0
98000969	-1	-1	0	0	0	0	0
98007968	-1	-1	0	0	0	0	0
98013981	20547640	-1	1399808	545	0	0	545
98018967	-1	-1	0	0	0	0	0
98025969	-1	-1	0	0	0	0	0
98031967	-1	-1	0	0	0	0	0
98038978	-1	-1	0	0	0	0	0
98045968	22644680	-1	1440768	509	0	0	527
98050967	-1	-1	0	0	0	0	0
98058967	-1	-1	0	0	0	0	0
98062983	-1	-1	0	0	0	0	0
98069969	16755160	-1	1294336	618	0	0	618
98076966	-1	-1	0	0	0	0	0
98082978	-1	-1	0	0	0	0	0
98090966	20905152	-1	1032192	395	0	0	429
98095968	-1	-1	0	0	0	0	0
98101969	-1	-1	0	0	0	0	0
98104969	-1	-1	0	0	0	0	0
98110967	20645368	-1	1661952	644	0	0	644
98113970	-1	-1	0	0	0	0	0
98119968	-1	-1	0	0	0	0	0
98126967	-1	-1	0	0	0	0	0
98133977	-1	-1	0	0	0	0	0
98140965	-1	-1	0	0	0	0	0
98141967	-1	-1	0	0	0	0	0
98150019	-1	-1	0	0	0	0	0
98156966	-1	-1	0	0	0	0	0
98164976	16666480	-1	966656	464	0	0	507
98168969	-1	-1	0	0	0	0	0
98175979	26390896	-1	1623040	492	0	0	519
98182968	-1	-1	0	0	0	0	0
98189968	-1	-1	0	0	0	0	0
98197967	14518328	-1	876544	483	0	0	486
98202966	64512000	-1	193536	24	0	0	73
98208968	-1	-1	0	0	0	0	0
98212974	-1	-1	0	0	0	0	0
98219965	21987928	-1	1052672	383	0	0	414
98223970	-1	-1	0	0	0	0	0
98228967	-1	-1	0	0	0	0	0
98235967	-1	-1	0	0	0	0	0
98242972	-1	-1	0	0	0	0	0
98249965	19236224	-1	1512448	629	0	0	-1
98255972	-1	-1	0	0	0	0	-1
98262967	-1	-1	0	0	0	0	-1
98264969	-1	-1	0	0	0	0	-1
98272969	22490304	-1	1832960	652	0	0	-1
98279965	-1	-1	0	0	0	0	-1
98282969	-1	-1	0	0	0	0	-1
98290972	-1	-1	0	0	0	0	-1
98294965	-1	-1	0	0	0	0	-1
98298975	-1	-1	0	0	0	0	-1
98308747	8512768	-1	1059840	996	0	0	2320
98312745	-1	-1	0	0	0	0	0
98317741	-1	-1	0	0	0	0	0
98324744	-1	-1	0	0	0	0	0
98330742	28955056	-1	1780736	492	0	0	492
98334740	-1	-1	0	0	0	0	0
98341744	-1	-1	0	0	0	0	0
98347742	-1	-1	0	0	0	0	0
98352748	-1	-1	0	0	0	0	0
98357744	-1	-1	0	0	0	0	0
98365737	35918768	-1	2101248	468	0	0	468
98371744	-1	-1	0	0	0	0	0
98376743	-1	-1	0	0	0	0	0
98382738	-1	-1	0	0	0	0	0
98389744	36934448	-1	1879040	407	0	0	431
98393741	-1	-1	0	0	0	0	0
98400744	-1	-1	0	0	0	0	0
98408741	-1	-1	0	0	0	0	0
98415750	34992552	-1	2029568	464	0	0	546
98422746	-1	-1	0	0	0	0	0
98430751	43426408	-1	3028992	558	0	0	558
98438737	-1	-1	0	0	0	0	0
98445745	-1	-1	0	0	0	0	0
98452744	-1	-1	0	0	0	0	0
98457740	-1	-1	0	0	0	0	0
98464744	-1	-1	0	0	0	0	0
98467743	-1	-1	0	0	0	0	0
98474748	-1	-1	0	0	0	0	0
98481744	23229584	-1	1385064	477	0	0	595
98486740	-1	-1	0	0	0	0	0
98493746	-1	-1	0	0	0	0	0
98495745	-1	-1	0	0	0	0	0
98502750	13450824	-1	1451008	863	0	0	863
98505737	-1	-1	0	0	0	0	0
98512745	-1	-1	0	0	0	0	0
98515739	-1	-1	0	0	0	0	0
98522745	24491832	-1	893952	292	0	0	304
98530742	-1	-1	0	0	0	0	0
98532737	-1	-1	0	0	0	0	0
98539745	-1	-1	0	0	0	0	0
98546736	18658528	-1	1033216	443	0	0	512
98553744	-1	-1	0	0	0	0	0
98557742	-1	-1	0	0	0	0	0
98564745	-1	-1	0	0	0	0	0
98571744	33315096	-1	2369536	569	0	0	569
98578737	-1	-1	0	0	0	0	0
98586736	-1	-1	0	0	0	0	0
98590739	-1	-1	0	0	0	0	0
98598744	-1	-1	0	0	0	0	0
98605742	-1	-1	0	0	0	0	0
98612751	20655160	-1	1569792	608	0	0	608
98619742	-1	-1	0	0	0	0	0
98623737	-1	-1	0	0	0	0	0
98627746	-1	-1	0	0	0	0	0
98634740	24783920	-1	1220608	394	0	0	398
98636736	-1	-1	0	0	0	0	0
98644744	-1	-1	0	0	0	0	0
98649741	-1	-1	0	0	0	0	0
98655736	25977672	-1	854016	263	0	0	311
98663743	-1	-1	0	0	0	0	0
98664744	-1	-1	0	0	0	0	0
98671750	32576296	-1	2610176	641	0	0	641
98676744	-1	-1	0	0	0	0	0
98681739	-1	-1	0	0	0	0	0
98688738	-1	-1	0	0	0	0	0
98695744	-1	-1	0	0	0	0	0
98700737	-1	-1	0	0	0	0	0
98705740	27859432	-1	860160	247	0	0	250
98710742	58843944	-1	2611200	355	0	0	355
98716752	-1	-1	0	0	0	0	0
98722736	-1	-1	0	0	0	0	0
98729737	-1	-1	0	0	0	0	0
98733745	-1	-1	0	0	0	0	0
98740741	-1	-1	0	0	0	0	0
98747737	-1	-1	0	0	0	0	0
98754739	-1	-1	0	0	0	0	0
98762751	36502952	-1	1501184	329	0	0	431
98767747	-1	-1	0	0	0	0	0
98775736	22440008	-1	2555356	911	0	0	911
98782747	-1	-1	0	0	0	0	0
98788739	-1	-1	0	0	0	0	0
98791738	-1	-1	0	0	0	0	0
98799743	-1	-1	0	0	0	0	0
98803739	-1	-1	0	0	0	0	0
98807737	-1	-1	0	0	0	0	0
98813739	-1	-1	0	0	0	0	0
98819739	39541176	-1	2397184	485	0	0	485
98825739	-1	-1	0	0	0	0	0
98828747	-1	-1	0	0	0	0	0
98835739	-1	-1	0	0	0	0	0
98841744	-1	-1	0	0	0	0	0
98847737	-1	-1	0	0	0	0	0
98855745	30221840	-1	1118208	296	0	0	316
98862736	-1	-1	0	0	0	0	0
98866736	-1	-1	0	0	0	0	0
98874744	-1	-1	0	0	0	0	0
98881737	40111640	-1	1549312	309	0	0	407
98888737	-1	-1	0	0	0	0	0
98893741	-1	-1	0	0	0	0	0
98900743	25304672	-1	1173504	371	0	0	418
98903746	-1	-1	0	0	0	0	0
98910740	-1	-1	0	0	0	0	0
98911738	-1	-1	0	0	0	0	0
98918746	-1	-1	0	0	0	0	0
98924741	38448304	-1	2037760	424	0	0	439
98932749	-1	-1	0	0	0	0	0
98937744	-1	-1	0	0	0	0	0
98944744	-1	-1	0	0	0	0	0
98951745	-1	-1	0	0	0	0	0
98956736	-1	-1	0	0	0	0	0
98963750	17697224	-1	869376	393	0	0	393
98969745	-1	-1	0	0	0	0	0
98973746	-1	-1	0	0	0	0	0
98980747	-1	-1	0	0	0	0	0
98986740	32637968	-1	1285120	315	0	0	410
98994748	-1	-1	0	0	0	0	0
98997743	-1	-1	0	0	0	0	0
99002736	-1	-1	0	0	0	0	0
99010743	37938360	-1	2314240	488	0	0	488
99017737	-1	-1	0	0	0	0	0
99024739	-1	-1	0	0	0	0	0
99030741	-1	-1	0	0	0	0	0
99037744	-1	-1	0	0	0	0	0
99044738	27706280	-1	1277952	369	0	0	413
99047737	-1	-1	0	0	0	0	0
99055736	-1	-1	0	0	0	0	0
99062737	-1	-1	0	0	0	0	0
99065751	-1	-1	0	0	0	0	0
99071744	22402416	-1	2931916	1047	0	0	1047
99075741	-1	-1	0	0	0	0	0
99082744	-1	-1	0	0	0	0	0
99088743	-1	-1	0	0	0	0	0
99091742	-1	-1	0	0	0	0	0
99098743	21175544	-1	1122304	424	0	0	428
99103745	189976384	-1	498688	21	0	0	101
99110748	-1	-1	0	0	0	0	0
99117746	-1	-1	0	0	0	0	0
99124745	-1	-1	0	0	0	0	0
99132745	23522744	-1	1852416	630	0	0	630
99139737	-1	-1	0	0	0	0	0
99147748	-1	-1	0	0	0	0	0
99153740	-1	-1	0	0	0	0	0
99158747	-1	-1	0	0	0	0	0
99161745	-1	-1	0	0	0	0	0
99168751	-1	-1	0	0	0	0	0
99173740	-1	-1	0	0	0	0	0
99179745	32440760	-1	3045376	751	0	0	751
99183741	-1	-1	0	0	0	0	0
99190750	-1	-1	0	0	0	0	0
99197742	-1	-1	0	0	0	0	0
99203745	-1	-1	0	0	0	0	0
99208748	28901616	-1	1997824	553	0	0	553
99212741	-1	-1	0	0	0	0	0
99219745	-1	-1	0	0	0	0	0
99225744	-1	-1	0	0	0	0	0
99232739	-1	-1	0	0	0	0	0
99239743	25766056	-1	1906688	592	0	0	621
99247746	-1	-1	0	0	0	0	0
99254745	22036624	-1	1572864	571	0	0	599
99261750	-1	-1	0	0	0	0	0
99270744	-1	-1	0	0	0	0	0
99275738	-1	-1	0	0	0	0	0
99282744	17468888	-1	1615872	740	0	0	761
99290738	-1	-1	0	0	0	0	0
99292750	-1	-1	0	0	0	0	0
99299746	18445296	-1	1420288	616	0	0	623
99302737	-1	-1	0	0	0	0	0
99310744	-1	-1	0	0	0	0	0
99311751	-1	-1	0	0	0	0	0
99318744	-1	-1	0	0	0	0	0
99325747	34467920	-1	2180096	506	0	0	506
99330741	-1	-1	0	0	0	0	0
99336737	7942712	-1	946176	953	0	0	953
99343759	-1	-1	0	0	0	0	0
99347742	-1	-1	0	0	0	0	0
99351737	20187224	-1	1165812	462	0	0	539
99356745	-1	-1	0	0	0	0	0
99363741	-1	-1	0	0	0	0	0
99370739	-1	-1	0	0	0	0	0
99374746	-1	-1	0	0	0	0	0
99380738	14659960	-1	1332224	727	0	0	738
99388747	-1	-1	0	0	0	0	0
99395739	-1	-1	0	0	0	0	0
99402750	-1	-1	0	0	0	0	0
99409740	26807456	-1	1832960	547	0	0	547
99413744	-1	-1	0	0	0	0	0
99420744	-1	-1	0	0	0	0	0
99427736	15508520	-1	761856	393	0	0	398
99432750	52842088	-1	733184	111	0	0	148
99437738	-1	-1	0	0	0	0	0
99445747	553824	-1	368640	5325	0	0	5473
99452744	1437800	-1	1059840	5897	0	0	5897
99459745	-1	-1	0	0	0	0	0
99465746	-1	-1	0	0	0	0	0
99473737	516744	-1	327680	5073	0	0	5152
99480737	898264	-1	794624	7077	0	0	7077
99487736	7844168	-1	669696	683	0	0	683
99492737	-1	-1	0	0	0	0	0
99499741	368176	-1	237568	5162	0	0	5223
99505745	1472248	-1	963584	5236	0	0	5236
99510747	-1	-1	0	0	0	0	0
99517739	-1	-1	0	0	0	0	0
99524744	-1	-1	106496	4672	0	0	5109
99532737	1833288	-1	1803264	7869	0	0	7869
99537743	16757208	-1	919552	439	0	0	439
99544742	-1	-1	0	0	0	0	0
99552744	-1	-1	0	0	0	0	0
99555737	-1	-1	0	0	0	0	0
99562739	-1	-1	131072	5120	0	0	5526
99568746	257000	-1	204800	6375	0	0	6375
99574742	758464	-1	534528	5638	0	0	5638
99581743	170856	-1	155648	7288	0	0	7288
99588742	796024	-1	696320	6998	0	0	6998
99595744	-1	-1	80896	498	0	0	498
99601744	18125904	-1	1470464	649	0	0	733
99608739	-1	-1	0	0	0	0	0
99614736	-1	-1	0	0	0	0	0
99617744	-1	-1	0	0	0	0	0
99623740	24613576	-1	1341440	436	0	0	535
99629738	-1	-1	0	0	0	0	0
99634738	-1	-1	0	0	0	0	0
99641750	-1	-1	0	0	0	0	0
99648743	21498424	-1	1480704	551	0	0	561
99656747	15797904	-1	1589664	805	0	0	805
99658742	-1	-1	0	0	0	0	0
99665742	-1	-1	0	0	0	0	0
99673744	-1	-1	0	0	0	0	0
99676746	-1	-1	0	0	0	0	0
99682740	-1	-1	0	0	0	0	0
99690738	-1	-1	0	0	0	0	0
99696738	32783056	-1	2229248	544	0	0	544
99702753	-1	-1	0	0	0	0	0
99705749	-1	-1	0	0	0	0	0
99712742	-1	-1	0	0	0	0	0
99720739	-1	-1	0	0	0	0	0
99724743	-1	-1	0	0	0	0	0
99731736	28275616	-1	1095680	310	0	0	315
99738744	-1	-1	0	0	0	0	0
99744738	-1	-1	0	0	0	0	0
99752736	29078472	-1	1428480	393	0	0	426
99756744	-1	-1	0	0	0	0	0
99763738	-1	-1	0	0	0	0	0
99768744	-1	-1	0	0	0	0	0
99772736	-1	-1	0	0	0	0	0
99779743	-1	-1	0	0	0	0	0
99783746	-1	-1	0	0	0	0	0
99789739	27494064	-1	1051648	306	0	0	409
99793738	-1	-1	0	0	0	0	0
99800745	22280440	-1	1013760	364	0	0	412
99807752	-1	-1	0	0	0	0	0
99814743	-1	-1	0	0	0	0	0
99820741	-1	-1	0	0	0	0	0
99827744	40230496	-1	3444736	685	0	0	685
99835740	-1	-1	0	0	0	0	0
99842744	-1	-1	0	0	0	0	0
99848742	-1	-1	0	0	0	0	0
99852739	-1	-1	0	0	0	0	0
99856743	-1	-1	0	0	0	0	0
99863743	-1	-1	0	0	0	0	0
99870744	-1	-1	0	0	0	0	0
99878737	26137960	-1	1610752	493	0	0	493
99883737	-1	-1	0	0	0	0	0
99889736	-1	-1	0	0	0	0	0
99896738	-1	-1	0	0	0	0	0
99904747	35866360	-1	2264064	505	0	0	505
99908743	-1	-1	0	0	0	0	0
99914737	-1	-1	0	0	0	0	0
99922744	-1	-1	0	0	0	0	0
99929745	-1	-1	0	0	0	0	0
99937743	-1	-1	0	0	0	0	0
99944738	13455680	-1	1510400	898	0	0	898
99950744	-1	-1	0	0	0	0	0
99958737	-1	-1	0	0	0	0	0
99961746	-1	-1	0	0	0	0	0
99966745	30484168	-1	1257472	330	0	0	-1
99969743	-1	-1	0	0	0	0	-1
99976744	-1	-1	0	0	0	0	-1
99983744	-1	-1	0	0	0	0	-1
99990737	1093944	-1	712704	5212	0	0	-1
99998745	1271864	-1	710656	4470	0	0	-1
100005737	-1	-1	0	0	0	0	-1
100012746	-1	-1	98304	4339	0	0	-1
100013755	-1	-1	0	0	0	0	-1
100019841	-1	-1	0	0	0	0	19604
100022842	-1	-1	0	0	0	0	3001
100025850	13014112	-1	1431552	880	0	0	2986
100032841	71387432	-1	1186816	133	0	0	133
100039844	-1	-1	0	0	0	0	0
100042840	-1	-1	0	0	0	0	0
100049848	-1	-1	0	0	0	0	0
100053841	-1	-1	0	0	0	0	0
100060844	-1	-1	0	0	0	0	0
100066843	27661160	-1	2690048	778	0	0	778
100071841	-1	-1	0	0	0	0	0
100078840	-1	-1	0	0	0	0	0
100084842	-1	-1	0	0	0	0	0
100091844	-1	-1	0	0	0	0	0
100098840	-1	-1	0	0	0	0	0
100105841	23133088	-1	1526784	528	0	0	528
100112843	-1	-1	0	0	0	0	0
100119841	-1	-1	0	0	0	0	0
100127844	-1	-1	0	0	0	0	0
100134841	16148256	-1	1122304	556	0	0	556
100136844	-1	-1	0	0	0	0	0
100144851	-1	-1	0	0	0	0	0
100152841	-1	-1	0	0	0	0	150
100157840	16976400	-1	1027072	484	0	0	484
100164840	-1	-1	0	0	0	0	0
100172844	-1	-1	0	0	0	0	0
100177840	-1	-1	0	0	0	0	0
100182840	18178600	-1	1120256	493	0	0	512
100188853	-1	-1	0	0	0	0	0
100196842	-1	-1	0	0	0	0	0
100202845	-1	-1	0	0	0	0	0
100209840	13016136	-1	1410624	867	0	0	1046
100217838	-1	-1	0	0	0	0	0
100220840	-1	-1	0	0	0	0	0
100227841	-1	-1	0	0	0	0	0
100235851	23331848	-1	1478656	507	0	0	584
100241840	-1	-1	0	0	0	0	0
100249842	-1	-1	0	0	0	0	0
100251840	-1	-1	0	0	0	0	0
100258842	31223608	-1	2380800	610	0	0	610
100266848	-1	-1	0	0	0	0	0
100272840	-1	-1	0	0	0	0	0
100277847	-1	-1	0	0	0	0	0
100283840	25288984	-1	1779712	563	0	0	563
100291841	-1	-1	0	0	0	0	0
100298840	-1	-1	0	0	0	0	0
100304840	-1	-1	0	0	0	0	0
100310850	20657320	-1	1192960	462	0	0	523
100316844	-1	-1	0	0	0	0	0
100323842	-1	-1	0	0	0	0	0
100328840	-1	-1	0	0	0	0	0
100336840	26605328	-1	2188288	658	0	0	658
100342840	-1	-1	0	0	0	0	0
100346844	-1	-1	0	0	0	0	0
100353843	-1	-1	0	0	0	0	0
100359840	-1	-1	0	0	0	0	0
100364841	-1	-1	0	0	0	0	0
100370840	-1	-1	0	0	0	0	0
100372841	-1	-1	0	0	0	0	0
100379840	18185680	-1	1323008	582	0	0	621
100386844	-1	-1	0	0	0	0	0
100388843	-1	-1	0	0	0	0	0
100395841	22937600	-1	1390592	485	0	0	518
100397855	-1	-1	0	0	0	0	0
100404840	-1	-1	0	0	0	0	0
100412841	-1	-1	0	0	0	0	0
100419843	-1	-1	0	0	0	0	0
100425841	26790424	-1	2019328	603	0	0	603
100430847	-1	-1	0	0	0	0	0
100438840	-1	-1	0	0	0	0	0
100441846	-1	-1	0	0	0	0	0
100447840	-1	-1	0	0	0	0	0
100454839	-1	-1	0	0	0	0	143
100459840	25963624	-1	1590272	490	0	0	490
100466843	-1	-1	0	0	0	0	0
100552840	-1	-1	0	0	0	0	0
100558851	29657504	-1	2557960	690	0	0	753
100560841	-1	-1	0	0	0	0	0
100567854	-1	-1	0	0	0	0	0
100575871	-1	-1	0	0	0	0	0
100580845	-1	-1	0	0	0	0	0
100588840	25368776	-1	3145728	992	0	0	992
100595839	-1	-1	0	0	0	0	0
100603840	-1	-1	0	0	0	0	0
100611841	-1	-1	0	0	0	0	0
100616847	-1	-1	0	0	0	0	0
100622849	-1	-1	0	0	0	0	0
100630840	25381768	-1	1935360	610	0	0	610
100637843	-1	-1	0	0	0	0	0
100639839	-1	-1	0	0	0	0	0
100646847	-1	-1	0	0	0	0	0
100653840	-1	-1	0	0	0	0	0
100660841	-1	-1	0	0	0	0	0
100668840	23920640	-1	1270784	425	0	0	466
100673851	-1	-1	0	0	0	0	0
100679841	-1	-1	0	0	0	0	0
100686841	-1	-1	0	0	0	0	0
100693840	18221592	-1	1330176	584	0	0	584
100699839	-1	-1	0	0	0	0	0
100705840	-1	-1	0	0	0	0	0
100711843	-1	-1	0	0	0	0	0
100718853	20969952	-1	2191360	836	0	0	836
100723841	-1	-1	0	0	0	0	0
100729842	-1	-1	0	0	0	0	0
100736842	-1	-1	0	0	0	0	0
100738841	-1	-1	0	0	0	0	0
100745838	-1	-1	0	0	0	0	0
100752842	10195800	-1	1062912	834	0	0	834
100760841	-1	-1	0	0	0	0	0
100766839	-1	-1	0	0	0	0	0
100774844	30907104	-1	3129344	810	0	0	810
100776839	-1	-1	0	0	0	0	0
100783843	-1	-1	0	0	0	0	0
100787840	-1	-1	0	0	0	0	0
100794842	-1	-1	0	0	0	0	0
100801840	-1	-1	0	0	0	0	0
100808844	-1	-1	0	0	0	0	0
100815839	18871448	-1	1165312	494	0	0	531
100823843	-1	-1	0	0	0	0	0
100830840	-1	-1	0	0	0	0	0
100837858	-1	-1	0	0	0	0	0
100844842	22054080	-1	1334272	484	0	0	512
100849840	-1	-1	0	0	0	0	0
100856840	-1	-1	0	0	0	0	0
100862840	-1	-1	0	0	0	0	0
100868840	20108864	-1	2395468	953	0	0	953
100871841	-1	-1	0	0	0	0	0
100878840	-1	-1	0	0	0	0	0
100881839	-1	-1	0	0	0	0	0
100888840	-1	-1	0	0	0	0	0
100895843	-1	-1	0	0	0	0	0
100901840	19728768	-1	1129472	458	0	0	519
100909841	-1	-1	0	0	0	0	0
100911840	-1	-1	0	0	0	0	0
100919842	-1	-1	0	0	0	0	0
100926840	22881792	-1	1175552	411	0	0	513
100931843	-1	-1	0	0	0	0	0
100938843	-1	-1	0	0	0	0	0
100943844	-1	-1	0	0	0	0	0
100949841	27197960	-1	2135040	628	0	0	628
100955840	-1	-1	0	0	0	0	0
100962843	-1	-1	0	0	0	0	0
100969847	-1	-1	0	0	0	0	0
100970840	-1	-1	0	0	0	0	0
100978840	-1	-1	0	0	0	0	0
100979845	-1	-1	0	0	0	0	0
100986845	-1	-1	0	0	0	0	0
100994840	25549800	-1	2606080	816	0	0	816
100997840	-1	-1	0	0	0	0	0
101004839	-1	-1	0	0	0	0	0
101011847	-1	-1	0	0	0	0	0
101014842	-1	-1	0	0	0	0	0
101021841	-1	-1	0	0	0	0	0
101028840	17634576	-1	1285120	583	0	0	583
101035841	-1	-1	0	0	0	0	0
101042850	-1	-1	0	0	0	0	0
101049840	-1	-1	0	0	0	0	0
101057839	18955304	-1	1502208	634	0	0	663
101065839	-1	-1	0	0	0	0	0
101070840	-1	-1	0	0	0	0	0
101073840	-1	-1	0	0	0	0	0
101079839	23415464	-1	1053696	360	0	0	416
101086842	-1	-1	0	0	0	0	0
101089841	-1	-1	0	0	0	0	0
101096852	-1	-1	0	0	0	0	0
101103844	24556816	-1	1310720	427	0	0	507
101110846	-1	-1	0	0	0	0	0
101116839	-1	-1	0	0	0	0	0
101121840	-1	-1	0	0	0	0	0
101128842	25407008	-1	2054792	647	0	0	647
101131842	-1	-1	0	0	0	0	0
101138840	-1	-1	0	0	0	0	0
101145846	-1	-1	0	0	0	0	0
101150843	-1	-1	0	0	0	0	0
101157850	-1	-1	0	0	0	0	0
101161842	-1	-1	0	0	0	0	0
101169843	-1	-1	0	0	0	0	671
101174842	619144	-1	434176	5610	0	0	5610
101181840	781424	-1	400384	4099	0	0	4099
101188842	478456	-1	303104	5068	0	0	5185
101195840	1353088	-1	1093632	6466	0	0	6466
101202840	-1	-1	0	0	0	0	0
101208846	-1	-1	0	0	0	0	234
101213841	791312	-1	499712	5052	0	0	5052
101221839	523328	-1	286720	4383	0	0	4383
101225840	-1	-1	0	0	0	0	0
101232840	-1	-1	0	0	0	0	0
101240840	226024	-1	155648	5509	0	0	5541
101248839	194000	-1	180224	7432	0	0	7999
101249839	-1	-1	32768	1298	0	0	1298
101256842	187864	-1	163840	6977	0	0	7003
101258842	-1	-1	49152	2093	0	0	2093
101265846	173248	-1	147456	6809	0	0	7003
101270842	235472	-1	155648	5288	0	0	5288
101277840	6550256	-1	2806784	3428	0	0	3428
101281840	-1	-1	0	0	0	0	0
101288839	-1	-1	0	0	0	0	0
101295844	-1	-1	0	0	0	0	0
101302841	9162616	-1	483328	422	0	0	425
101307840	25764152	-1	421888	131	0	0	205
101314841	-1	-1	0	0	0	0	0
101321841	22394800	-1	1377280	492	0	0	492
101329848	-1	-1	0	0	0	0	0
101336841	-1	-1	0	0	0	0	0
101343841	-1	-1	0	0	0	0	0
101350853	21695296	-1	1233920	455	0	0	455
101355841	-1	-1	0	0	0	0	0
101360841	-1	-1	0	0	0	0	0
101368851	-1	-1	0	0	0	0	0
101373844	-1	-1	0	0	0	0	0
101376841	-1	-1	0	0	0	0	0
101383839	21864696	-1	1156096	423	0	0	559
101388843	-1	-1	0	0	0	0	0
101391840	-1	-1	0	0	0	0	0
101398845	26615208	-1	2325504	699	0	0	699
101400840	-1	-1	0	0	0	0	0
101408839	-1	-1	0	0	0	0	0
101415853	-1	-1	0	0	0	0	0
101422840	-1	-1	0	0	0	0	0
101429840	-1	-1	0	0	0	0	0
101436840	-1	-1	0	0	0	0	0
101443844	13576320	-1	887552	523	0	0	536
101451847	-1	-1	0	0	0	0	0
101452841	-1	-1	0	0	0	0	0
101460846	17753944	-1	1313792	592	0	0	632
101462842	-1	-1	0	0	0	0	0
101469840	-1	-1	0	0	0	0	0
101476846	-1	-1	0	0	0	0	0
101482840	-1	-1	0	0	0	0	0
101488841	20854104	-1	1113088	427	0	0	518
101495840	-1	-1	0	0	0	0	0
101501842	-1	-1	0	0	0	0	0
101508843	-1	-1	0	0	0	0	0
101516842	29353664	-1	2491392	679	0	0	679
101519844	-1	-1	0	0	0	0	0
101526840	-1	-1	0	0	0	0	0
101533841	-1	-1	0	0	0	0	0
101540842	-1	-1	0	0	0	0	0
101545848	-1	-1	0	0	0	0	0
101551843	20112648	-1	1121280	446	0	0	518
101557856	-1	-1	0	0	0	0	0
101559841	-1	-1	0	0	0	0	0
101567842	18774664	-1	1206272	514	0	0	536
101570841	-1	-1	0	0	0	0	0
101575840	-1	-1	0	0	0	0	0
101581840	-1	-1	0	0	0	0	0
101588848	-1	-1	0	0	0	0	0
101595839	18870856	-1	1188864	504	0	0	504
101602843	-1	-1	0	0	0	0	0
101609841	-1	-1	0	0	0	0	0
101616840	18533672	-1	1633280	705	0	0	787
101621840	91836632	-1	654336	57	0	0	57
101628843	-1	-1	0	0	0	0	0
101634843	-1	-1	0	0	0	0	0
101642845	-1	-1	0	0	0	0	0
101643840	-1	-1	0	0	0	0	0
101650841	-1	-1	0	0	0	0	0
101657855	20682104	-1	1571840	608	0	0	608
101664843	-1	-1	0	0	0	0	0
101670841	-1	-1	0	0	0	0	0
101678849	-1	-1	0	0	0	0	0
101685852	-1	-1	0	0	0	0	0
101692840	-1	-1	0	0	0	0	0
101700842	24825864	-1	1424384	459	0	0	459
101705848	-1	-1	0	0	0	0	0
101712845	-1	-1	0	0	0	0	0
101718841	-1	-1	0	0	0	0	0
101725842	9976032	-1	1122304	900	0	0	900
101732841	-1	-1	0	0	0	0	0
101738841	-1	-1	0	0	0	0	0
101743841	-1	-1	0	0	0	0	0
101750851	15723376	-1	1476032	751	0	0	751
101754840	-1	-1	0	0	0	0	0
101762841	-1	-1	0	0	0	0	0
101768847	-1	-1	0	0	0	0	0
101775841	-1	-1	0	0	0	0	0
101782842	26160936	-1	1402880	429	0	0	515
101786840	-1	-1	0	0	0	0	0
101793843	-1	-1	0	0	0	0	0
101799840	-1	-1	0	0	0	0	0
101803841	-1	-1	0	0	0	0	0
101810839	9104888	-1	388096	341	0	0	-1
101816841	-1	-1	0	0	0	0	-1
101821840	21918440	-1	1739776	635	0	0	-1
101828843	-1	-1	0	0	0	0	-1
101836840	-1	-1	0	0	0	0	-1
101845582	16323272	-1	2752512	1349	0	0	13655
101848581	-1	-1	0	0	0	0	0
101855577	-1	-1	0	0	0	0	0
101860576	-1	-1	0	0	0	0	0
101865577	-1	-1	0	0	0	0	0
101872580	-1	-1	0	0	0	0	0
101879590	-1	-1	0	0	0	0	0
101887576	-1	-1	0	0	0	0	0
101889577	-1	-1	0	0	0	0	0
101896578	31049784	-1	2868224	739	0	0	739
101902578	-1	-1	0	0	0	0	0
101910577	-1	-1	0	0	0	0	0
101916588	-1	-1	0	0	0	0	0
101923577	-1	-1	0	0	0	0	0
101930580	37812208	-1	3001344	635	0	0	635
101933578	-1	-1	0	0	0	0	0
101941576	-1	-1	0	0	0	0	0
101943579	-1	-1	0	0	0	0	0
101950577	-1	-1	0	0	0	0	0
101958577	-1	-1	0	0	0	0	0
101964576	-1	-1	0	0	0	0	0
101971579	34849208	-1	1611776	370	0	0	431
101978576	-1	-1	0	0	0	0	0
101981577	-1	-1	0	0	0	0	0
101988577	-1	-1	0	0	0	0	0
101995576	33785640	-1	2039808	483	0	0	571
102002576	-1	-1	0	0	0	0	0
102009577	20508760	-1	2227764	869	0	0	869
102015579	-1	-1	0	0	0	0	0
102022579	-1	-1	0	0	0	0	0
102028583	-1	-1	0	0	0	0	0
102035589	-1	-1	0	0	0	0	0
102041578	-1	-1	0	0	0	0	0
102045651	-1	-1	0	0	0	0	0
102052585	-1	-1	0	0	0	0	0
102058581	17664928	-1	1214464	550	0	0	620
102064578	-1	-1	0	0	0	0	0
102071575	-1	-1	0	0	0	0	0
102076579	21154960	-1	1171456	443	0	0	462
102080576	-1	-1	0	0	0	0	0
102086576	-1	-1	0	0	0	0	0
102092576	-1	-1	0	0	0	0	0
102099585	14264888	-1	1027072	576	0	0	576
102104580	-1	-1	0	0	0	0	0
102111576	-1	-1	0	0	0	0	0
102115576	-1	-1	0	0	0	0	0
102119577	-1	-1	0	0	0	0	0
102125575	27578760	-1	968704	281	0	0	315
102129576	-1	-1	0	0	0	0	0
102134576	-1	-1	0	0	0	0	0
102139575	-1	-1	0	0	0	0	0
102145576	27686432	-1	1567744	453	0	0	453
102152576	-1	-1	0	0	0	0	0
102158576	-1	-1	0	0	0	0	0
102165579	-1	-1	0	0	0	0	0
102172581	25450144	-1	1043456	328	0	0	412
102175577	-1	-1	0	0	0	0	0
102180580	-1	-1	0	0	0	0	0
102186647	38944392	-1	2769920	569	0	0	569
102191577	-1	-1	0	0	0	0	0
102198576	-1	-1	0	0	0	0	0
102206577	-1	-1	0	0	0	0	0
102210576	-1	-1	0	0	0	0	0
102217576	-1	-1	0	0	0	0	0
102221576	-1	-1	0	0	0	0	0
102228577	-1	-1	0	0	0	0	0
102232577	-1	-1	0	0	0	0	0
102239576	35797720	-1	2492416	557	0	0	557
102245575	-1	-1	0	0	0	0	0
102252576	-1	-1	0	0	0	0	0
102259579	-1	-1	0	0	0	0	0
102267577	-1	-1	0	0	0	0	0
102269578	-1	-1	0	0	0	0	0
102276576	-1	-1	0	0	0	0	0
102283578	34459248	-1	1335296	310	0	0	408
102287575	-1	-1	0	0	0	0	0
102294577	-1	-1	0	0	0	0	0
102301576	-1	-1	0	0	0	0	0
102308580	-1	-1	0	0	0	0	0
102315576	20158208	-1	2202284	874	0	0	874
102321575	-1	-1	0	0	0	0	0
102328577	-1	-1	0	0	0	0	0
102334576	-1	-1	0	0	0	0	0
102341580	-1	-1	0	0	0	0	0
102348576	-1	-1	0	0	0	0	0
102354574	36996944	-1	2992128	647	0	0	656
102360576	-1	-1	0	0	0	0	0
102368584	-1	-1	0	0	0	0	0
102375576	-1	-1	0	0	0	0	0
102379578	-1	-1	0	0	0	0	0
102385580	22979256	-1	1694720	590	0	0	614
102388576	-1	-1	0	0	0	0	0
102391576	-1	-1	0	0	0	0	0
102398576	21941992	-1	1859584	678	0	0	690
102405575	-1	-1	0	0	0	0	0
102412575	-1	-1	0	0	0	0	0
102417576	-1	-1	0	0	0	0	0
102424580	18839768	-1	1052672	447	0	0	447
102428575	-1	-1	0	0	0	0	0
102433577	-1	-1	0	0	0	0	0
102440575	17875968	-1	1325056	593	0	0	593
102443574	-1	-1	0	0	0	0	0
102450583	-1	-1	0	0	0	0	0
102455576	-1	-1	0	0	0	0	0
102460578	-1	-1	0	0	0	0	0
102467580	18747696	-1	1185792	506	0	0	514
102469578	-1	-1	0	0	0	0	0
102476589	-1	-1	0	0	0	0	0
102481577	16274288	-1	911360	448	0	0	459
102486576	-1	-1	0	0	0	0	0
102489574	-1	-1	0	0	0	0	0
102496577	-1	-1	0	0	0	0	0
102503577	28281424	-1	1445888	409	0	0	444
102504575	-1	-1	0	0	0	0	0
102512581	-1	-1	0	0	0	0	0
102519574	-1	-1	0	0	0	0	0
102525576	-1	-1	0	0	0	0	0
102531577	24176392	-1	1239040	410	0	0	418
102537615	-1	-1	0	0	0	0	0
102543576	-1	-1	0	0	0	0	0
102550589	-1	-1	0	0	0	0	0
102557577	23471960	-1	1088512	371	0	0	411
102564575	-1	-1	0	0	0	0	0
102568578	-1	-1	0	0	0	0	0
102574576	-1	-1	0	0	0	0	0
102581575	16336920	-1	1065984	522	0	0	613
102586576	-1	-1	0	0	0	0	0
102593577	-1	-1	0	0	0	0	0
102596577	-1	-1	0	0	0	0	0
102604575	20597176	-1	1544788	600	0	0	626
102609575	-1	-1	0	0	0	0	0
102615583	-1	-1	0	0	0	0	0
102623576	-1	-1	0	0	0	0	0
102630587	10904880	-1	1255424	921	0	0	959
102637577	-1	-1	0	0	0	0	0
102644577	-1	-1	0	0	0	0	0
102651576	37888000	-1	2273280	480	0	0	480
102655579	-1	-1	0	0	0	0	0
102661575	-1	-1	0	0	0	0	0
102668577	-1	-1	0	0	0	0	0
102675585	-1	-1	0	0	0	0	0
102682579	-1	-1	0	0	0	0	0
102690581	-1	-1	0	0	0	0	0
102695578	23643024	-1	1063936	360	0	0	426
102703574	-1	-1	0	0	0	0	0
102709576	-1	-1	0	0	0	0	0
102716575	-1	-1	0	0	0	0	0
102723577	35959688	-1	2076672	462	0	0	462
102730576	-1	-1	0	0	0	0	0
102737575	-1	-1	0	0	0	0	0
102740576	-1	-1	0	0	0	0	0
102746574	-1	-1	0	0	0	0	0
102748574	-1	-1	0	0	0	0	0
102755583	-1	-1	0	0	0	0	0
102759579	-1	-1	0	0	0	0	0
102766576	34944776	-1	2153472	493	0	0	493
102769578	-1	-1	0	0	0	0	0
102777579	-1	-1	0	0	0	0	0
102782578	41527352	-1	3073024	592	0	0	592
102786582	-1	-1	0	0	0	0	0
102794577	-1	-1	0	0	0	0	0
102800576	-1	-1	0	0	0	0	0
102805576	-1	-1	0	0	0	0	0
102812581	37457768	-1	3811328	814	0	0	814
102819579	-1	-1	0	0	0	0	0
102826579	-1	-1	0	0	0	0	0
102833578	-1	-1	0	0	0	0	0
102840576	-1	-1	0	0	0	0	0
102845575	39494064	-1	2344960	475	0	0	475
102849576	-1	-1	0	0	0	0	0
102856576	-1	-1	0	0	0	0	0
102861577	-1	-1	0	0	0	0	0
102867575	-1	-1	0	0	0	0	0
102873586	34837784	-1	1637376	376	0	0	426
102881577	-1	-1	0	0	0	0	0
102887576	20460272	-1	1514060	592	0	0	658
102891575	-1	-1	0	0	0	0	0
102898574	-1	-1	0	0	0	0	0
102906576	17263880	-1	1165312	540	0	0	625
102910579	-1	-1	0	0	0	0	0
102914575	-1	-1	0	0	0	0	0
102921577	-1	-1	0	0	0	0	0
102928574	20140104	-1	1789952	711	0	0	719
102930576	-1	-1	0	0	0	0	0
102937576	-1	-1	0	0	0	0	0
102944575	24676104	-1	1514496	491	0	0	514
102951577	-1	-1	0	0	0	0	0
102959574	-1	-1	0	0	0	0	0
102966576	19367040	-1	1309696	541	0	0	611
102974575	-1	-1	0	0	0	0	0
102981577	-1	-1	0	0	0	0	0
102988575	24209464	-1	1352704	447	0	0	515
102994585	-1	-1	0	0	0	0	0
103002575	11265464	-1	987136	701	0	0	701
103009577	-1	-1	0	0	0	0	0
103017578	-1	-1	0	0	0	0	0
103022576	-1	-1	0	0	0	0	0
103029575	32375832	-1	2282496	564	0	0	564
103037577	-1	-1	0	0	0	0	0
103043576	-1	-1	0	0	0	0	0
103049587	22508856	-1	1505280	535	0	0	566
103052585	-1	-1	0	0	0	0	0
103057576	-1	-1	0	0	0	0	0
103061580	-1	-1	0	0	0	0	0
103068578	-1	-1	0	0	0	0	0
103075580	33952072	-1	3963904	934	0	0	934
103082576	-1	-1	0	0	0	0	0
103088576	-1	-1	0	0	0	0	0
103095575	-1	-1	0	0	0	0	0
103102577	34994712	-1	4361216	997	0	0	997
103110575	-1	-1	0	0	0	0	0
103115580	-1	-1	0	0	0	0	0
103122576	-1	-1	0	0	0	0	0
103130577	-1	-1	0	0	0	0	0
103136577	-1	-1	0	0	0	0	0
103143579	20201304	-1	1224704	485	0	0	485
103147576	-1	-1	0	0	0	0	0
103155575	-1	-1	0	0	0	0	0
103162576	-1	-1	0	0	0	0	0
103169575	20452512	-1	1523712	596	0	0	596
103173577	-1	-1	0	0	0	0	0
103178576	-1	-1	0	0	0	0	0
103183575	-1	-1	0	0	0	0	0
103187580	-1	-1	0	0	0	0	0
103192574	-1	-1	0	0	0	0	0
103198575	19110432	-1	2720848	1139	0	0	1139
103203578	-1	-1	0	0	0	0	0
103210575	-1	-1	0	0	0	0	0
103217574	-1	-1	0	0	0	0	0
103223575	-1	-1	0	0	0	0	0
103228576	-1	-1	0	0	0	0	0
103236577	34248480	-1	2487296	581	0	0	581
103240577	-1	-1	0	0	0	0	0
103244575	-1	-1	0	0	0	0	0
103249576	-1	-1	0	0	0	0	0
103254584	-1	-1	0	0	0	0	0
103261575	-1	-1	0	0	0	0	0
103267580	-1	-1	0	0	0	0	0
103272577	-1	-1	0	0	0	0	0
103279576	19018232	-1	1278976	538	0	0	538
103286578	-1	-1	0	0	0	0	0
103289576	-1	-1	0	0	0	0	0
103296576	-1	-1	0	0	0	0	0
103303578	27217920	-1	1360896	400	0	0	443
103310576	-1	-1	0	0	0	0	0
103317577	38298000	-1	2475008	517	0	0	517
103323576	-1	-1	0	0	0	0	0
103329576	-1	-1	0	0	0	0	0
103336580	-1	-1	0	0	0	0	0
103343588	-1	-1	0	0	0	0	0
103347575	-1	-1	0	0	0	0	43
103352578	15451248	-1	1170432	606	0	0	606
103359576	-1	-1	0	0	0	0	0
103367577	-1	-1	0	0	0	0	0
103374578	-1	-1	0	0	0	0	0
103380579	29645432	-1	2401280	648	0	0	648
103387590	-1	-1	0	0	0	0	0
103393576	-1	-1	0	0	0	0	0
103397577	-1	-1	0	0	0	0	0
103403576	-1	-1	0	0	0	0	0
103409580	-1	-1	0	0	0	0	0
103416576	-1	-1	0	0	0	0	0
103422583	18105280	-1	1163264	514	0	0	514
103424581	-1	-1	0	0	0	0	0
103431575	-1	-1	0	0	0	0	0
103436576	16160272	-1	961536	476	0	0	476
103440576	-1	-1	0	0	0	0	0
103447576	-1	-1	0	0	0	0	0
103452576	-1	-1	0	0	0	0	0
103457576	-1	-1	0	0	0	0	0
103464576	27558960	-1	1267712	368	0	0	443
103468583	-1	-1	0	0	0	0	0
103474574	-1	-1	0	0	0	0	0
103481578	-1	-1	0	0	0	0	0
103488581	36780144	-1	2919424	635	0	0	-1
103493576	-1	-1	0	0	0	0	-1
103500576	-1	-1	0	0	0	0	-1
103507576	-1	-1	0	0	0	0	-1
103514582	-1	-1	0	0	0	0	-1
103517576	-1	-1	0	0	0	0	-1
103523577	491976	-1	352256	5728	0	0	-1
103530575	2608648	-1	809984	2484	0	0	-1
103535576	-1	-1	0	0	0	0	-1
103542575	17047096	-1	1263616	593	0	0	-1
103545577	-1	-1	0	0	0	0	-1
103551575	-1	-1	0	0	0	0	-1
103558486	-1	-1	131072	4527	0	0	9284
103561483	-1	-1	73728	3321	0	0	3321
103564476	-1	-1	65536	2534	0	0	2534
103571480	209320	-1	188416	7201	0	0	7201
103578479	197968	-1	172032	6952	0	0	6952
103584481	288208	-1	229376	6367	0	0	6367
103590483	1019592	-1	770048	6042	0	0	6042
103597481	7640872	-1	1774592	1858	0	0	1858
103604481	-1	-1	0	0	0	0	0
103611490	22981096	-1	1298432	452	0	0	527
103618480	-1	-1	0	0	0	0	0
103626488	-1	-1	0	0	0	0	0
103633480	-1	-1	0	0	0	0	0
103639480	18815176	-1	1093632	465	0	0	560
103645479	-1	-1	0	0	0	0	0
103649478	-1	-1	0	0	0	0	0
103656477	-1	-1	0	0	0	0	0
103664486	18661056	-1	1418240	608	0	0	608
103669478	-1	-1	0	0	0	0	0
103673489	-1	-1	0	0	0	0	0
103681481	-1	-1	0	0	0	0	0
103689490	14026192	-1	1309696	747	0	0	747
103695481	19073912	-1	1118208	469	0	0	546
103698480	-1	-1	0	0	0	0	0
103706480	-1	-1	0	0	0	0	0
103713481	-1	-1	0	0	0	0	0
103720481	-1	-1	0	0	0	0	0
103728481	25439064	-1	1736216	546	0	0	636
103735480	-1	-1	0	0	0	0	0
103742481	17836144	-1	1157120	519	0	0	541
103749481	-1	-1	0	0	0	0	0
103755481	-1	-1	0	0	0	0	0
103761482	23019328	-1	1211392	421	0	0	528
103764481	-1	-1	0	0	0	0	0
103771484	-1	-1	0	0	0	0	0
103778478	-1	-1	0	0	0	0	0
103783479	-1	-1	0	0	0	0	0
103790478	-1	-1	0	0	0	0	0
103793480	-1	-1	0	0	0	0	0
103801480	42429496	-1	2572288	485	0	0	485
103808476	-1	-1	0	0	0	0	0
103816479	-1	-1	0	0	0	0	0
103818481	-1	-1	0	0	0	0	0
103825479	-1	-1	0	0	0	0	0
103832481	-1	-1	0	0	0	0	0
103836474	-1	-1	0	0	0	0	0
103844481	-1	-1	0	0	0	0	0
103851478	25466432	-1	1025024	322	0	0	405
103858483	-1	-1	0	0	0	0	0
103864479	20697992	-1	923648	357	0	0	407
103871487	-1	-1	0	0	0	0	0
103879480	-1	-1	0	0	0	0	0
103881478	-1	-1	0	0	0	0	0
103888480	25857744	-1	950272	294	0	0	309
103894480	-1	-1	0	0	0	0	0
103901481	-1	-1	0	0	0	0	0
103906480	-1	-1	0	0	0	0	0
103913476	37577624	-1	1968128	419	0	0	419
103920479	-1	-1	0	0	0	0	0
103926482	-1	-1	0	0	0	0	0
103933478	-1	-1	0	0	0	0	0
103938481	-1	-1	0	0	0	0	0
103943477	-1	-1	0	0	0	0	0
103948486	-1	-1	0	0	0	0	0
103955481	-1	-1	0	0	0	0	0
103962480	40049776	-1	2658304	531	0	0	531
103970481	-1	-1	0	0	0	0	0
103977480	-1	-1	0	0	0	0	0
103979478	-1	-1	0	0	0	0	0
103987477	-1	-1	0	0	0	0	0
103994483	-1	-1	0	0	0	0	0
103997480	-1	-1	0	0	0	0	0
104004476	-1	-1	0	0	0	0	0
104008481	-1	-1	0	0	0	0	0
104093479	19899168	-1	2241144	901	0	0	901
104095477	-1	-1	0	0	0	0	0
104103484	-1	-1	0	0	0	0	0
104111475	-1	-1	0	0	0	0	0
104115480	-1	-1	0	0	0	0	0
104123481	-1	-1	0	0	0	0	0
104127474	-1	-1	0	0	0	0	0
104134480	-1	-1	0	0	0	0	0
104139478	-1	-1	0	0	0	0	0
104146481	31168216	-1	2314240	594	0	0	594
104153482	-1	-1	0	0	0	0	0
104157482	-1	-1	0	0	0	0	0
104165481	-1	-1	0	0	0	0	0
104171478	-1	-1	0	0	0	0	0
104178481	-1	-1	0	0	0	0	0
104186476	35462736	-1	1684480	380	0	0	417
104193482	-1	-1	0	0	0	0	0
104200479	-1	-1	0	0	0	0	0
104207482	-1	-1	0	0	0	0	0
104213481	54859448	-1	4793344	699	0	0	699
104220480	-1	-1	0	0	0	0	0
104228474	-1	-1	0	0	0	0	0
104235482	-1	-1	0	0	0	0	0
104242480	-1	-1	0	0	0	0	0
104250480	-1	-1	0	0	0	0	0
104258477	31445440	-1	1631232	415	0	0	415
104264480	-1	-1	0	0	0	0	0
104271480	-1	-1	0	0	0	0	0
104279476	-1	-1	0	0	0	0	0
104287480	40960000	-1	3502080	684	0	0	684
104294477	-1	-1	0	0	0	0	0
104301484	-1	-1	0	0	0	0	0
104304479	-1	-1	0	0	0	0	0
104311481	-1	-1	0	0	0	0	0
104316480	-1	-1	0	0	0	0	0
104323477	35560728	-1	1173504	264	0	0	332
104328480	-1	-1	0	0	0	0	0
104335481	-1	-1	0	0	0	0	0
104337477	-1	-1	0	0	0	0	0
104344480	31610120	-1	1118208	283	0	0	331
104350480	-1	-1	0	0	0	0	0
104357480	-1	-1	0	0	0	0	0
104364479	-1	-1	0	0	0	0	0
104372489	25825416	-1	1894940	587	0	0	587
104378480	-1	-1	0	0	0	0	0
104385486	-1	-1	0	0	0	0	0
104393482	-1	-1	0	0	0	0	0
104400487	-1	-1	0	0	0	0	0
104404479	6145448	-1	1088512	1417	0	0	1419
104408480	-1	-1	0	0	0	0	60
104415475	-1	-1	0	0	0	0	0
104420480	-1	-1	0	0	0	0	0
104423482	-1	-1	0	0	0	0	0
104429476	22806528	-1	1425408	500	0	0	523
104436478	-1	-1	0	0	0	0	0
104443479	20983712	-1	1620992	618	0	0	628
104450486	-1	-1	0	0	0	0	0
104455478	-1	-1	0	0	0	0	0
104462480	-1	-1	0	0	0	0	0
104469481	52186072	-1	4579328	702	0	0	702
104477481	-1	-1	0	0	0	0	0
104484480	-1	-1	0	0	0	0	0
104488478	-1	-1	0	0	0	0	0
104495498	-1	-1	0	0	0	0	0
104500483	-1	-1	0	0	0	0	0
104507482	-1	-1	0	0	0	0	0
104511486	-1	-1	0	0	0	0	0
104515480	-1	-1	0	0	0	0	0
104522480	26839768	-1	1942528	579	0	0	579
104529481	-1	-1	0	0	0	0	0
104532480	-1	-1	0	0	0	0	0
104539479	37942896	-1	2034688	429	0	0	429
104544480	-1	-1	0	0	0	0	0
104550478	-1	-1	0	0	0	0	0
104557480	-1	-1	0	0	0	0	0
104561481	-1	-1	0	0	0	0	0
104567476	28044304	-1	1349632	385	0	0	385
104575480	-1	-1	0	0	0	0	0
104582476	-1	-1	0	0	0	0	0
104590480	-1	-1	0	0	0	0	0
104597476	33414240	-1	1800192	431	0	0	431
104604480	-1	-1	0	0	0	0	0
104608480	-1	-1	0	0	0	0	0
104615487	39584616	-1	3359744	679	0	0	679
104618480	-1	-1	0	0	0	0	0
104623480	-1	-1	0	0	0	0	0
104630480	-1	-1	0	0	0	0	0
104635481	-1	-1	0	0	0	0	0
104642476	-1	-1	0	0	0	0	0
104648481	-1	-1	0	0	0	0	0
104653480	-1	-1	0	0	0	0	0
104660477	-1	-1	0	0	0	0	0
104667480	25985024	-1	1624064	500	0	0	517
104674490	-1	-1	0	0	0	0	0
104680480	25697656	-1	1924112	599	0	0	674
104686479	-1	-1	0	0	0	0	0
104692481	16024704	-1	1141760	570	0	0	633
104699474	-1	-1	0	0	0	0	0
104707515	-1	-1	0	0	0	0	0
104713485	-1	-1	0	0	0	0	0
104720476	21264744	-1	1137664	428	0	0	428
104727483	19011088	-1	1378304	580	0	0	580
104730481	-1	-1	0	0	0	0	0
104738480	-1	-1	0	0	0	0	0
104745478	-1	-1	0	0	0	0	0
104749482	-1	-1	0	0	0	0	0
104756481	8147432	-1	935936	919	0	0	919
104762478	-1	-1	0	0	0	0	0
104768483	-1	-1	0	0	0	0	0
104773481	-1	-1	0	0	0	0	0
104780480	21935928	-1	1157120	422	0	0	450
104783477	-1	-1	0	0	0	0	0
104789480	-1	-1	0	0	0	0	0
104795476	-1	-1	0	0	0	0	0
104802480	27841472	-1	1510400	434	0	0	434
104809476	-1	-1	0	0	0	0	0
104816480	-1	-1	0	0	0	0	0
104824482	26509736	-1	1544192	466	0	0	466
104829476	-1	-1	0	0	0	0	0
104834480	-1	-1	0	0	0	0	0
104842485	-1	-1	0	0	0	0	0
104850480	-1	-1	0	0	0	0	0
104856481	26263552	-1	1641472	500	0	0	522
104861480	-1	-1	0	0	0	0	0
104868478	20356712	-1	1521664	598	0	0	598
104875483	-1	-1	0	0	0	0	0
104882479	-1	-1	0	0	0	0	0
104889476	-1	-1	32768	318	0	0	319
104894483	46996208	-1	2009088	342	0	0	440
104898478	-1	-1	0	0	0	0	0
104906480	-1	-1	0	0	0	0	0
104910477	-1	-1	106496	200	0	0	201
104915476	60818096	-1	1452032	191	0	0	223
104921480	17136944	-1	1165312	544	0	0	639
104925480	-1	-1	0	0	0	0	0
104930475	-1	-1	0	0	0	0	0
104937480	-1	-1	0	0	0	0	0
104943479	-1	-1	0	0	0	0	0
104950475	-1	-1	0	0	0	0	121
104955480	24315936	-1	2872320	945	0	0	945
104959478	-1	-1	0	0	0	0	0
104966484	-1	-1	0	0	0	0	0
104971480	-1	-1	0	0	0	0	0
104978491	-1	-1	0	0	0	0	0
104979485	-1	-1	0	0	0	0	0
104987477	25523624	-1	3126644	980	0	0	980
104993479	-1	-1	0	0	0	0	0
104998488	-1	-1	0	0	0	0	0
105006475	-1	-1	0	0	0	0	0
105013480	28348808	-1	2200576	621	0	0	621
105020480	-1	-1	0	0	0	0	0
105023476	-1	-1	0	0	0	0	0
105031478	-1	-1	0	0	0	0	0
105037480	26433056	-1	1807360	547	0	0	606
105043480	-1	-1	0	0	0	0	0
105050479	21403968	-1	1506304	563	0	0	563
105057480	-1	-1	0	0	0	0	0
105065477	-1	-1	0	0	0	0	0
105073481	21140160	-1	1442816	546	0	0	641
105076479	-1	-1	0	0	0	0	0
105081476	-1	-1	0	0	0	0	0
105088482	-1	-1	0	0	0	0	0
105096477	-1	-1	0	0	0	0	0
105102480	24342896	-1	1497088	492	0	0	534
105108479	-1	-1	0	0	0	0	0
105115494	15926648	-1	1212416	609	0	0	609
105122480	-1	-1	0	0	0	0	0
105129480	-1	-1	0	0	0	0	0
105134480	18494064	-1	1220608	528	0	0	631
105138482	-1	-1	0	0	0	0	0
105145486	-1	-1	0	0	0	0	0
105152480	-1	-1	0	0	0	0	0
105158476	-1	-1	0	0	0	0	0
105164480	8327704	-1	1193984	1147	0	0	1147
105172479	-1	-1	0	0	0	0	0
105179479	8536840	-1	1039360	974	0	0	974
105186478	-1	-1	0	0	0	0	0
105193481	-1	-1	0	0	0	0	0
105200480	-1	-1	0	0	0	0	0
105207487	16810944	-1	1290240	614	0	0	688
105215479	-1	-1	0	0	0	0	0
105220480	-1	-1	0	0	0	0	0
105227483	-1	-1	0	0	0	0	0
105235479	18189848	-1	2269184	998	0	0	998
105242480	-1	-1	0	0	0	0	0
105245480	-1	-1	0	0	0	0	0
105252481	-1	-1	0	0	0	0	0
105259481	-1	-1	0	0	0	0	0
105264476	-1	-1	0	0	0	0	0
105272480	-1	-1	0	0	0	0	0
105278477	13637976	-1	1917840	1125	0	0	1125
105280484	-1	-1	0	0	0	0	0
105287481	-1	-1	0	0	0	0	0
105293481	-1	-1	0	0	0	0	0
105300477	-1	-1	0	0	0	0	0
105306481	-1	-1	0	0	0	0	0
105310494	-1	-1	0	0	0	0	0
105317480	33650848	-1	1678336	399	0	0	399
105319479	-1	-1	0	0	0	0	0
105326480	-1	-1	0	0	0	0	0
105334484	27542832	-1	1273856	370	0	0	406
105337481	-1	-1	0	0	0	0	0
105345480	-1	-1	0	0	0	0	0
105351481	-1	-1	0	0	0	0	0
105358480	33777440	-1	2672640	633	0	0	633
105362480	-1	-1	0	0	0	0	0
105369476	-1	-1	0	0	0	0	0
105371476	-1	-1	0	0	0	0	0
105378480	-1	-1	0	0	0	0	0
105385476	-1	-1	0	0	0	0	0
105392480	-1	-1	0	0	0	0	0
105399477	22736272	-1	670720	236	0	0	-1
105406481	-1	-1	0	0	0	0	-1
105413501	27996832	-1	2229248	637	0	0	-1
105419482	-1	-1	0	0	0	0	-1
105424480	-1	-1	0	0	0	0	-1
105431481	-1	-1	0	0	0	0	-1
105435480	-1	-1	0	0	0	0	-1
105442099	14145488	-1	2737152	1548	0	0	17294
105445096	-1	-1	0	0	0	0	0
105453096	-1	-1	0	0	0	0	0
105459095	-1	-1	0	0	0	0	0
105465090	-1	-1	0	0	0	0	0
105473097	-1	-1	0	0	0	0	0
105480091	36049520	-1	1563648	347	0	0	424
105481099	-1	-1	0	0	0	0	0
105488090	-1	-1	0	0	0	0	0
105493094	-1	-1	0	0	0	0	0
105500091	-1	-1	0	0	0	0	0
105507095	34759200	-1	2663424	613	0	0	613
105514094	-1	-1	0	0	0	0	0
105520097	-1	-1	0	0	0	0	0
105526097	-1	-1	0	0	0	0	0
105533098	-1	-1	0	0	0	0	0
105539091	-1	-1	0	0	0	0	0
105544096	-1	-1	0	0	0	0	0
105552093	-1	-1	0	0	0	0	0
105558097	16736496	-1	1215488	581	0	0	581
105566090	-1	-1	0	0	0	0	0
105570091	-1	-1	0	0	0	0	0
105577090	10370824	-1	1116160	861	0	0	925
105581096	-1	-1	0	0	0	0	0
105587092	-1	-1	0	0	0	0	0
105593099	28702344	-1	968704	270	0	0	318
105600092	-1	-1	0	0	0	0	0
105607092	-1	-1	0	0	0	0	0
105612095	16073304	-1	2039300	1015	0	0	1015
105616099	-1	-1	0	0	0	0	0
105622096	-1	-1	0	0	0	0	0
105627094	-1	-1	0	0	0	0	0
105634096	-1	-1	0	0	0	0	0
105636096	-1	-1	0	0	0	0	0
105643094	-1	-1	0	0	0	0	0
105648091	-1	-1	0	0	0	0	0
105654093	-1	-1	0	0	0	0	0
105661089	18861104	-1	990208	420	0	0	524
105663096	-1	-1	0	0	0	0	0
105667091	-1	-1	0	0	0	0	0
105674094	24373952	-1	1358848	446	0	0	512
105676089	-1	-1	0	0	0	0	0
105683101	-1	-1	0	0	0	0	0
105686098	-1	-1	0	0	0	0	0
105694099	11125424	-1	1161216	835	0	0	835
105697097	-1	-1	0	0	0	0	0
105704093	-1	-1	0	0	0	0	0
105710102	-1	-1	0	0	0	0	0
105716091	9213280	-1	434176	377	0	0	380
105721093	57468120	-1	474112	66	0	0	156
105727096	-1	-1	0	0	0	0	0
105735092	20401984	-1	1071104	420	0	0	520
105743096	-1	-1	0	0	0	0	0
105751092	-1	-1	0	0	0	0	0
105758092	12043952	-1	934912	621	0	0	725
105762089	-1	-1	0	0	0	0	0
105769091	-1	-1	0	0	0	0	0
105777095	13598464	-1	1099776	647	0	0	647
105785096	-1	-1	0	0	0	0	0
105791097	-1	-1	0	0	0	0	0
105797091	-1	-1	0	0	0	0	0
105804095	20107640	-1	1188864	473	0	0	473
105811091	-1	-1	0	0	0	0	0
105818091	-1	-1	0	0	0	0	0
105822097	-1	-1	0	0	0	0	0
105828089	18318224	-1	989184	432	0	0	533
105835095	-1	-1	0	0	0	0	0
105842091	-1	-1	0	0	0	0	0
105848092	-1	-1	0	0	0	0	0
105855093	19870752	-1	1085440	437	0	0	535
105863101	-1	-1	0	0	0	0	0
105870093	22066736	-1	1224704	444	0	0	532
105876095	-1	-1	0	0	0	0	0
105884094	-1	-1	0	0	0	0	0
105885093	-1	-1	0	0	0	0	0
105892102	-1	-1	0	0	0	0	0
105899095	19846800	-1	1027072	414	0	0	457
105904090	-1	-1	0	0	0	0	58
105907096	-1	-1	0	0	0	0	0
105913095	-1	-1	0	0	0	0	0
105920092	18857688	-1	2312424	981	0	0	1042
105921090	-1	-1	0	0	0	0	0
105929092	-1	-1	0	0	0	0	0
105936089	-1	-1	0	0	0	0	0
105943097	-1	-1	0	0	0	0	0
105950116	-1	-1	0	0	0	0	0
105957096	32926976	-1	3605504	876	0	0	876
105959097	-1	-1	0	0	0	0	0
105967101	-1	-1	0	0	0	0	0
105974097	-1	-1	0	0	0	0	0
105981097	-1	-1	0	0	0	0	0
105986089	-1	-1	0	0	0	0	0
105989097	-1	-1	0	0	0	0	0
105997103	18134112	-1	997376	440	0	0	526
106004096	-1	-1	0	0	0	0	0
106012089	15469712	-1	1299456	672	0	0	733
106016095	-1	-1	0	0	0	0	0
106022094	-1	-1	0	0	0	0	0
106027090	-1	-1	0	0	0	0	0
106033094	32300968	-1	2620416	649	0	0	649
106039092	-1	-1	0	0	0	0	0
106046095	-1	-1	0	0	0	0	0
106053094	-1	-1	0	0	0	0	0
106054100	-1	-1	0	0	0	0	0
106060096	-1	-1	0	0	0	0	0
106068094	27025648	-1	1739776	515	0	0	549
106073089	-1	-1	0	0	0	0	0
106079098	-1	-1	0	0	0	0	0
106082089	-1	-1	0	0	0	0	0
106089105	32914488	-1	2991104	727	0	0	727
106095095	-1	-1	0	0	0	0	0
106100093	-1	-1	0	0	0	0	0
106108097	51857712	-1	4965376	766	0	0	766
106110098	-1	-1	0	0	0	0	0
106116091	-1	-1	0	0	0	0	0
106123098	-1	-1	0	0	0	0	0
106130092	-1	-1	0	0	0	0	0
106136098	-1	-1	0	0	0	0	0
106144093	-1	-1	0	0	0	0	0
106151108	30520376	-1	3170304	831	0	0	831
106159095	-1	-1	0	0	0	0	0
106166103	-1	-1	0	0	0	0	0
106170096	-1	-1	0	0	0	0	0
106176092	-1	-1	0	0	0	0	0
106180100	-1	-1	0	0	0	0	0
106186096	33452600	-1	2952192	706	0	0	719
106193097	-1	-1	0	0	0	0	0
106200099	-1	-1	0	0	0	0	0
106208101	-1	-1	0	0	0	0	0
106214096	27049992	-1	4148792	1227	0	0	1227
106222090	-1	-1	0	0	0	0	0
106228096	-1	-1	0	0	0	0	0
106236091	-1	-1	0	0	0	0	0
106241096	-1	-1	0	0	0	0	0
106248095	-1	-1	0	0	0	0	0
106255093	35737760	-1	2908160	651	0	0	651
106262095	-1	-1	0	0	0	0	0
106270096	-1	-1	0	0	0	0	0
106274096	-1	-1	0	0	0	0	0
106281091	-1	-1	0	0	0	0	0
106287097	-1	-1	0	0	0	0	0
106291096	-1	-1	0	0	0	0	0
106298090	-1	-1	0	0	0	0	0
106304101	26078672	-1	1101824	338	0	0	412
106311092	-1	-1	0	0	0	0	0
106317095	-1	-1	0	0	0	0	0
106323095	-1	-1	0	0	0	0	0
106330089	27584792	-1	1117184	324	0	0	415
106338095	-1	-1	0	0	0	0	0
106345089	-1	-1	0	0	0	0	0
106350100	-1	-1	0	0	0	0	0
106358090	37809232	-1	2396160	507	0	0	507
106365098	-1	-1	0	0	0	0	0
106370093	-1	-1	0	0	0	0	0
106377104	-1	-1	0	0	0	0	0
106385093	-1	-1	0	0	0	0	0
106389106	-1	-1	0	0	0	0	0
106397098	-1	-1	0	0	0	0	0
106399095	-1	-1	0	0	0	0	0
106406093	44374272	-1	4032512	727	0	0	727
106414096	-1	-1	0	0	0	0	0
106417089	-1	-1	0	0	0	0	0
106425089	-1	-1	0	0	0	0	0
106430094	-1	-1	0	0	0	0	0
106435089	38900640	-1	2630656	541	0	0	546
106440097	-1	-1	0	0	0	0	0
106448093	-1	-1	0	0	0	0	0
106455096	19580192	-1	2139136	874	0	0	956
106463091	-1	-1	0	0	0	0	0
106471096	22207408	-1	1507328	543	0	0	625
106478092	-1	-1	0	0	0	0	0
106486096	-1	-1	0	0	0	0	0
106493094	-1	-1	0	0	0	0	0
106501100	14718272	-1	2619852	1424	0	0	1424
106502092	-1	-1	0	0	0	0	0
106509090	-1	-1	0	0	0	0	0
106515102	-1	-1	0	0	0	0	0
106522093	-1	-1	0	0	0	0	0
106526089	-1	-1	0	0	0	0	0
106534099	-1	-1	16384	254	0	0	273
106539091	14009792	-1	1462272	835	0	0	835
106547096	-1	-1	0	0	0	0	0
106549096	-1	-1	0	0	0	0	0
106557091	-1	-1	0	0	0	0	0
106563095	10295712	-1	1182720	919	0	0	919
106570099	-1	-1	0	0	0	0	0
106578097	31742448	-1	20338972	5126	0	0	5138
106588096	-1	-1	0	0	0	0	0
106592096	-1	-1	0	0	0	0	0
106599092	-1	-1	0	0	0	0	0
106604095	-1	-1	0	0	0	0	0
106610097	-1	-1	0	0	0	0	0
106613090	-1	-1	0	0	0	0	0
106619102	-1	-1	0	0	0	0	0
106626097	-1	-1	0	0	0	0	0
106632090	-1	-1	0	0	0	0	0
106639100	-1	-1	0	0	0	0	0
106646090	-1	-1	0	0	0	0	0
106653094	-1	-1	0	0	0	0	0
106659093	-1	-1	0	0	0	0	0
106666099	-1	-1	0	0	0	0	0
106674093	-1	-1	0	0	0	0	0
106680097	-1	-1	0	0	0	0	0
106687089	-1	-1	0	0	0	0	0
106695096	-1	-1	0	0	0	0	0
106701096	-1	-1	0	0	0	0	0
106708091	-1	-1	0	0	0	0	0
106713101	-1	-1	0	0	0	0	0
106719094	-1	-1	0	0	0	0	0
106724101	-1	-1	0	0	0	0	0
106729096	-1	-1	0	0	0	0	0
106737090	-1	-1	0	0	0	0	0
106742103	-1	-1	0	0	0	0	0
106749095	-1	-1	0	0	0	0	0
106751091	-1	-1	0	0	0	0	0
106758100	-1	-1	0	0	0	0	0
106766092	-1	-1	0	0	0	0	0
106774097	-1	-1	0	0	0	0	0
106781094	-1	-1	0	0	0	0	0
106786089	-1	-1	0	0	0	0	0
106793098	-1	-1	0	0	0	0	0
106801100	-1	-1	0	0	0	0	0
106808097	-1	-1	0	0	0	0	0
106815093	-1	-1	0	0	0	0	0
106822095	-1	-1	0	0	0	0	0
106830090	-1	-1	0	0	0	0	0
106833089	-1	-1	0	0	0	0	0
106839095	-1	-1	0	0	0	0	0
106845089	-1	-1	0	0	0	0	0
106852089	-1	-1	0	0	0	0	0
106859090	23515688	-1	1657856	564	0	0	564
106866093	-1	-1	0	0	0	0	0
106873089	-1	-1	0	0	0	0	0
106881096	-1	-1	0	0	0	0	0
106888093	27566440	-1	1557504	452	0	0	515
106894097	-1	-1	0	0	0	0	0
106901093	-1	-1	0	0	0	0	0
106905100	-1	-1	0	0	0	0	0
106911089	22121928	-1	1283072	464	0	0	464
106918094	-1	-1	0	0	0	0	0
106922096	-1	-1	0	0	0	0	0
106927096	-1	-1	0	0	0	0	0
106934090	29955824	-1	3010560	804	0	0	804
106942096	-1	-1	0	0	0	0	0
106949093	-1	-1	0	0	0	0	0
106956101	-1	-1	0	0	0	0	0
106959097	-1	-1	0	0	0	0	0
106967093	-1	-1	0	0	0	0	0
106971089	-1	-1	0	0	0	0	0
106978092	-1	-1	0	0	0	0	0
106980093	-1	-1	0	0	0	0	0
106987097	35437984	-1	3588096	810	0	0	810
106991094	-1	-1	0	0	0	0	0
106999095	-1	-1	0	0	0	0	0
107007094	-1	-1	0	0	0	0	0
107012089	-1	-1	0	0	0	0	0
107019097	-1	-1	0	0	0	0	0
107027089	-1	-1	0	0	0	0	0
107035098	30865104	-1	4301824	1115	0	0	1115
107042091	-1	-1	0	0	0	0	0
107049089	-1	-1	0	0	0	0	0
107056093	-1	-1	0	0	0	0	0
107063096	-1	-1	0	0	0	0	0
107071089	-1	-1	0	0	0	0	0
107078099	24664720	-1	1708032	554	0	0	622
107085093	-1	-1	0	0	0	0	0
107092096	17303248	-1	940864	435	0	0	537
107100089	14958704	-1	1106944	592	0	0	640
107105094	-1	-1	0	0	0	0	0
107111096	-1	-1	0	0	0	0	0
107119100	-1	-1	0	0	0	0	0
107125096	-1	-1	0	0	0	0	0
107133089	37733392	-1	2155520	457	0	0	457
107140090	-1	-1	0	0	0	0	0
107148090	-1	-1	0	0	0	0	0
107153100	-1	-1	0	0	0	0	0
107160092	-1	-1	0	0	0	0	0
107166097	18854200	-1	765952	325	0	0	-1
107169097	-1	-1	0	0	0	0	-1
107176091	-1	-1	0	0	0	0	-1
107184093	-1	-1	0	0	0	0	-1
107191096	33143896	-1	2618368	632	0	0	-1
107193090	-1	-1	0	0	0	0	-1
107200102	-1	-1	0	0	0	0	-1
107205095	-1	-1	0	0	0	0	-1
107211096	-1	-1	0	0	0	0	-1
107216831	30696456	-1	1335296	348	0	0	1028
107219831	-1	-1	0	0	0	0	0
107223829	-1	-1	0	0	0	0	0
107230832	-1	-1	0	0	0	0	0
107236835	-1	-1	0	0	0	0	0
107244836	-1	-1	0	0	0	0	0
107251842	37449144	-1	1736704	371	0	0	389
107254834	-1	-1	0	0	0	0	0
107261832	-1	-1	0	0	0	0	0
107262832	-1	-1	0	0	0	0	0
107270840	36988960	-1	1363968	295	0	0	321
107272833	-1	-1	0	0	0	0	0
107279831	-1	-1	0	0	0	0	0
107284833	-1	-1	0	0	0	0	0
107292831	-1	-1	0	0	0	0	0
107299833	30072232	-1	2353152	626	0	0	626
107306832	-1	-1	0	0	0	0	0
107313832	-1	-1	0	0	0	0	0
107315834	-1	-1	0	0	0	0	0
107322834	-1	-1	0	0	0	0	0
107326835	35610120	-1	1963008	441	0	0	527
107331832	-1	-1	0	0	0	0	0
107337833	-1	-1	0	0	0	0	0
107345841	-1	-1	0	0	0	0	0
107351835	-1	-1	0	0	0	0	0
107358833	36102432	-1	1796096	398	0	0	415
107365834	-1	-1	0	0	0	0	0
107368835	-1	-1	0	0	0	0	0
107375844	-1	-1	0	0	0	0	0
107382831	25741664	-1	1628160	506	0	0	506
107386830	-1	-1	0	0	0	0	0
107390833	-1	-1	0	0	0	0	0
107398839	20838568	-1	596504	229	0	0	527
107403831	24750296	-1	2326528	752	0	0	752
107410832	-1	-1	0	0	0	0	0
107415830	-1	-1	0	0	0	0	0
107420829	-1	-1	0	0	0	0	0
107424832	-1	-1	0	0	0	0	0
107431833	-1	-1	0	0	0	0	0
107438832	29120000	-1	2329600	640	0	0	640
107446842	-1	-1	0	0	0	0	0
107453832	-1	-1	0	0	0	0	0
107460830	-1	-1	0	0	0	0	0
107466831	-1	-1	0	0	0	0	0
107469832	-1	-1	0	0	0	0	0
107475829	30104880	-1	1064960	283	0	0	309
107482832	-1	-1	0	0	0	0	0
107487831	-1	-1	0	0	0	0	0
107494832	-1	-1	0	0	0	0	0
107501832	25853648	-1	1056768	327	0	0	363
107502832	-1	-1	0	0	0	0	0
107510841	-1	-1	0	0	0	0	0
107517838	-1	-1	8192	148	0	0	155
107522828	47064616	-1	1223680	208	0	0	257
107529836	-1	-1	0	0	0	0	0
107533832	-1	-1	0	0	0	0	0
107540833	37551512	-1	3971072	846	0	0	846
107544832	-1	-1	0	0	0	0	0
107551828	-1	-1	0	0	0	0	0
107559831	-1	-1	0	0	0	0	0
107566830	-1	-1	0	0	0	0	0
107573832	-1	-1	0	0	0	0	0
107580831	-1	-1	0	0	0	0	0
107587839	40794120	-1	3273728	642	0	0	642
107595830	-1	-1	0	0	0	0	0
107603838	-1	-1	0	0	0	0	0
107611830	-1	-1	0	0	0	0	0
107618840	-1	-1	0	0	0	0	0
107622833	-1	-1	0	0	0	0	0
107630838	21971064	-1	1908736	695	0	0	695
107637833	-1	-1	0	0	0	0	0
107644833	-1	-1	0	0	0	0	0
107648833	-1	-1	0	0	0	0	0
107655833	44326184	-1	2781468	502	0	0	502
107662833	-1	-1	0	0	0	0	0
107669833	-1	-1	0	0	0	0	0
107674836	-1	-1	0	0	0	0	0
107681838	-1	-1	0	0	0	0	0
107687830	17468848	-1	1286144	589	0	0	642
107691833	-1	-1	0	0	0	0	0
107699831	-1	-1	0	0	0	0	0
107706841	-1	-1	0	0	0	0	0
107713834	-1	-1	0	0	0	0	0
107720830	20433720	-1	904192	354	0	0	414
107726832	-1	-1	0	0	0	0	0
107730832	-1	-1	0	0	0	0	0
107737838	14563552	-1	524288	288	0	0	293
107742838	73406744	-1	935936	102	0	0	185
107749828	-1	-1	0	0	0	0	0
107755832	36819960	-1	1284096	279	0	0	321
107762832	-1	-1	0	0	0	0	0
107767840	-1	-1	0	0	0	0	0
107772828	-1	-1	0	0	0	0	11
107777828	22304952	-1	1126400	404	0	0	407
107783843	-1	-1	0	0	0	0	0
107791833	-1	-1	0	0	0	0	0
107798830	-1	-1	0	0	0	0	0
107806830	17912536	-1	768000	343	0	0	411
107812832	-1	-1	0	0	0	0	0
107820832	-1	-1	0	0	0	0	0
107823832	-1	-1	0	0	0	0	0
107830831	31206400	-1	1248256	320	0	0	402
107835836	-1	-1	0	0	0	0	0
107842829	-1	-1	0	0	0	0	0
107850832	24024416	-1	1204224	401	0	0	408
107854830	-1	-1	0	0	0	0	0
107861832	31201128	-1	1875968	481	0	0	481
107865834	-1	-1	0	0	0	0	0
107872828	-1	-1	0	0	0	0	0
107879836	-1	-1	0	0	0	0	0
107886830	-1	-1	0	0	0	0	0
107891829	-1	-1	0	0	0	0	0
107898832	-1	-1	0	0	0	0	0
107903843	-1	-1	0	0	0	0	0
107908831	24378760	-1	1898496	623	0	0	623
107911833	-1	-1	0	0	0	0	0
107917832	-1	-1	0	0	0	0	0
107920830	-1	-1	0	0	0	0	0
107926835	-1	-1	0	0	0	0	0
107933832	-1	-1	0	0	0	0	0
107938838	-1	-1	0	0	0	0	0
107946830	26574736	-1	966656	291	0	0	311
107953831	-1	-1	0	0	0	0	0
107958832	-1	-1	0	0	0	0	0
107964833	-1	-1	0	0	0	0	0
107970837	34189104	-1	1158156	271	0	0	322
107973834	-1	-1	0	0	0	0	0
107981832	-1	-1	0	0	0	0	0
107984831	-1	-1	0	0	0	0	0
107992828	26886280	-1	2466816	734	0	0	734
107994832	-1	-1	0	0	0	0	0
108000837	-1	-1	0	0	0	0	0
108008832	-1	-1	0	0	0	0	0
108015833	-1	-1	0	0	0	0	0
108023829	-1	-1	0	0	0	0	0
108029832	32671056	-1	1380352	338	0	0	338
108036831	-1	-1	0	0	0	0	0
108044832	-1	-1	0	0	0	0	0
108051828	16448248	-1	524288	255	0	0	259
108056832	36296864	-1	589824	130	0	0	186
108063833	-1	-1	0	0	0	0	0
108069837	-1	-1	0	0	0	0	0
108075832	-1	-1	0	0	0	0	0
108080832	-1	-1	0	0	0	0	0
108083832	-1	-1	0	0	0	0	0
108090837	17032288	-1	887808	417	0	0	517
108093833	-1	-1	0	0	0	0	0
108098828	-1	-1	0	0	0	0	0
108105832	28730344	-1	1260544	351	0	0	441
108108835	-1	-1	0	0	0	0	0
108115842	-1	-1	0	0	0	0	0
108122837	29425864	-1	1199104	326	0	0	326
108129837	-1	-1	0	0	0	0	0
108137832	-1	-1	0	0	0	0	0
108144829	-1	-1	0	0	0	0	0
108150830	25879272	-1	996352	308	0	0	346
108156833	-1	-1	0	0	0	0	0
108161835	-1	-1	0	0	0	0	0
108166833	-1	-1	0	0	0	0	0
108173829	23189264	-1	924672	319	0	0	379
108180832	-1	-1	0	0	0	0	0
108188830	26447496	-1	2416640	731	0	0	731
108195833	-1	-1	0	0	0	0	0
108202830	-1	-1	0	0	0	0	0
108209835	-1	-1	0	0	0	0	0
108216832	-1	-1	0	0	0	0	0
108222835	20710400	-1	828416	320	0	0	320
108226832	-1	-1	0	0	0	0	0
108233830	-1	-1	0	0	0	0	0
108237833	-1	-1	0	0	0	0	0
108244832	-1	-1	0	0	0	0	0
108251829	38784416	-1	1478656	305	0	0	325
108254833	-1	-1	0	0	0	0	0
108261834	-1	-1	0	0	0	0	0
108264829	-1	-1	0	0	0	0	0
108271835	25171432	-1	689068	219	0	0	314
108278832	-1	-1	0	0	0	0	0
108286829	23678472	-1	1485824	502	0	0	514
108291832	-1	-1	0	0	0	0	0
108297830	-1	-1	0	0	0	0	0
108305831	-1	-1	0	0	0	0	939
108310829	10283472	-1	2240512	1743	0	0	1743
108316832	-1	-1	0	0	0	0	0
108318832	-1	-1	0	0	0	0	0
108324830	-1	-1	0	0	0	0	0
108331832	16174512	-1	1502208	743	0	0	743
108336834	-1	-1	0	0	0	0	0
108343830	13745672	-1	1067008	621	0	0	621
108348831	-1	-1	0	0	0	0	0
108356828	-1	-1	0	0	0	0	0
108364831	-1	-1	0	0	0	0	0
108370829	-1	-1	0	0	0	0	0
108378832	14807864	-1	1558528	842	0	0	842
108380832	-1	-1	0	0	0	0	0
108387829	-1	-1	0	0	0	0	0
108389834	-1	-1	0	0	0	0	0
108397834	14214224	-1	1314816	740	0	0	740
108404833	-1	-1	0	0	0	0	0
108411832	-1	-1	0	0	0	0	0
108418832	-1	-1	0	0	0	0	0
108425835	17166952	-1	2424832	1130	0	0	1130
108433828	-1	-1	0	0	0	0	0
108439827	-1	-1	0	0	0	0	0
108447829	-1	-1	0	0	0	0	0
108455832	-1	-1	0	0	0	0	0
108462829	-1	-1	0	0	0	0	210
108467833	34157496	-1	2894848	678	0	0	799
108474832	-1	-1	0	0	0	0	0
108479832	-1	-1	0	0	0	0	0
108486832	-1	-1	0	0	0	0	0
108493830	-1	-1	0	0	0	0	0
108499836	-1	-1	0	0	0	0	0
108505833	-1	-1	0	0	0	0	0
108509829	34177120	-1	1465344	343	0	0	421
108514832	-1	-1	0	0	0	0	0
108521829	-1	-1	0	0	0	0	0
108528832	-1	-1	0	0	0	0	0
108535832	29292608	-1	1208320	330	0	0	414
108539836	-1	-1	0	0	0	0	0
108546836	-1	-1	0	0	0	0	0
108551832	-1	-1	0	0	0	0	0
108556841	-1	-1	0	0	0	0	0
108563832	16765832	-1	2166984	1034	0	0	1034
108571833	-1	-1	0	0	0	0	0
108577836	-1	-1	0	0	0	0	0
108584829	-1	-1	0	0	0	0	0
108590839	-1	-1	0	0	0	0	0
108596831	-1	-1	0	0	0	0	0
108601834	-1	-1	0	0	0	0	0
108609833	23253528	-1	1296384	446	0	0	515
108612830	-1	-1	0	0	0	0	0
108619833	-1	-1	0	0	0	0	0
108623832	-1	-1	0	0	0	0	0
108630844	25407464	-1	1908736	601	0	0	629
108632838	-1	-1	0	0	0	0	0
108639832	-1	-1	0	0	0	0	0
108645832	-1	-1	0	0	0	0	0
108648833	-1	-1	0	0	0	0	0
108656832	27942352	-1	1725440	494	0	0	535
108661828	-1	-1	0	0	0	0	0
108666832	-1	-1	0	0	0	0	0
108673831	-1	-1	0	0	0	0	0
108678832	18873848	-1	1498112	635	0	0	651
108686832	-1	-1	0	0	0	0	0
108692831	-1	-1	0	0	0	0	0
108698833	-1	-1	0	0	0	0	0
108705828	17561760	-1	1374208	626	0	0	626
108711832	-1	-1	0	0	0	0	0
108716834	-1	-1	0	0	0	0	0
108722828	-1	-1	0	0	0	0	0
108728832	24406120	-1	1324032	434	0	0	511
108735829	-1	-1	0	0	0	0	0
108741833	25673144	-1	1437696	448	0	0	552
108749831	-1	-1	0	0	0	0	0
108757838	-1	-1	0	0	0	0	0
108764830	-1	-1	0	0	0	0	0
108770834	16063640	-1	1078272	537	0	0	556
108778832	-1	-1	0	0	0	0	0
108784834	-1	-1	0	0	0	0	0
108788833	-1	-1	0	0	0	0	0
108794839	22866368	-1	1314816	460	0	0	523
108801832	-1	-1	0	0	0	0	0
108808833	-1	-1	0	0	0	0	0
108810828	-1	-1	0	0	0	0	0
108817833	15143272	-1	974848	515	0	0	515
108824833	-1	-1	0	0	0	0	0
108831833	-1	-1	0	0	0	0	0
108837833	27719440	-1	1787904	516	0	0	538
108840831	-1	-1	0	0	0	0	0
108848832	-1	-1	0	0	0	0	0
108853832	-1	-1	0	0	0	0	0
108861840	-1	-1	0	0	0	0	0
108868833	14198680	-1	1615100	910	0	0	1044
108873836	-1	-1	0	0	0	0	0
108879832	-1	-1	0	0	0	0	0
108887830	-1	-1	0	0	0	0	0
108894828	32591976	-1	2464768	605	0	0	605
108899833	-1	-1	0	0	0	0	0
108903830	-1	-1	0	0	0	0	0
108910832	-1	-1	0	0	0	0	0
108917829	-1	-1	0	0	0	0	0
108925832	-1	-1	0	0	0	0	0
108932830	-1	-1	0	0	0	0	0
108935836	-1	-1	0	0	0	0	0
108942832	25809888	-1	2077696	644	0	0	644
108948829	-1	-1	0	0	0	0	0
108955832	-1	-1	0	0	0	0	0
108962829	-1	-1	0	0	0	0	0
108969832	-1	-1	0	0	0	0	0
108976830	-1	-1	0	0	0	0	0
108983829	38611624	-1	2171904	450	0	0	450
108990833	-1	-1	0	0	0	0	0
108998831	-1	-1	0	0	0	0	0
109005834	-1	-1	0	0	0	0	0
109012837	-1	-1	0	0	0	0	0
109015829	-1	-1	0	0	0	0	0
109023830	23492136	-1	954368	325	0	0	-1
109030832	-1	-1	0	0	0	0	-1
109037831	-1	-1	0	0	0	0	-1
109042834	25208152	-1	2980864	946	0	0	-1
109046832	-1	-1	0	0	0	0	-1
109053829	-1	-1	0	0	0	0	-1
109060840	-1	-1	0	0	0	0	-1
109064832	-1	-1	0	0	0	0	-1
