14133	19183952	-1	11246592	4690	0	0	4690
23121	-1	-1	0	0	0	0	0
32143	-1	-1	0	0	0	0	0
40122	-1	-1	0	0	0	0	0
50132	-1	-1	0	0	0	0	0
58123	32461536	-1	2820096	695	0	0	695
67121	-1	-1	0	0	0	0	0
76122	24011032	-1	957440	319	0	0	319
85129	22942312	872384	2991104	1043	962560	8826	1043
90120	28526064	2016704	3002368	842	1259520	4996	842
97120	-1	3835688	0	0	3340288	6966	0
106129	-1	4058544	0	0	4576256	9020	0
116120	-1	4636792	0	0	5792768	9994	0
120120	-1	5166456	0	0	2577408	3990	0
129128	-1	5538272	0	0	6221824	8987	0
138126	-1	3718160	0	0	4132864	8892	0
147123	-1	2806208	0	0	3118080	8889	0
153137	-1	2781912	0	0	2127872	6119	0
162126	-1	2966240	0	0	3360768	9064	0
167120	-1	3077048	0	0	1889280	4911	0
176120	-1	3930224	0	0	4434944	9027	0
184218	-1	4485192	0	0	4552704	8120	0
193133	-1	4644480	0	0	4977664	8573	0
202130	-1	6076792	0	0	6825984	8986	0
210125	-1	5966008	0	0	5958656	7990	0
220120	-1	7044912	0	0	8780800	9971	0
229121	-1	6447704	0	0	7240704	8983	0
238131	-1	5594288	0	0	6298624	9007	0
246125	-1	5790320	0	0	5755904	7952	0
255122	-1	3938368	0	0	4438016	9014	0
265134	-1	2485832	0	0	3092480	9952	0
271123	-1	3155120	0	0	2373632	6018	0
279120	-1	1895936	0	0	1897472	8006	0
286126	-1	2687584	0	0	2348032	6989	0
295129	-1	2539712	0	0	2852864	8986	0
302123	-1	2967864	0	0	2590720	6983	0
311128	-1	3250592	0	0	3651584	8986	0
321124	-1	4689920	0	0	5868544	10010	0
331120	-1	4985488	0	0	6220800	9982	0
340126	-1	5457768	0	0	5872640	8608	0
346129	-1	3266496	0	0	2384896	5840	0
354125	-1	4587512	0	0	4579328	7985	0
363120	-1	5010440	0	0	5624832	8980	0
372124	-1	4989848	0	0	5596160	8972	0
378120	-1	3768192	0	0	2836480	6021	0
380122	-1	3176656	0	0	780288	1965	0
389134	-1	3505344	0	0	3933184	8976	0
398126	-1	3425480	0	0	3861504	9018	0
407125	-1	3474376	0	0	3889152	8955	0
414126	-1	3638728	0	0	3189760	7012	0
421121	-1	3574312	0	0	3127296	6999	0
425121	-1	2395432	0	0	1200128	4008	0
433132	-1	3891944	0	0	3871744	7958	0
442131	-1	4110408	0	0	4615168	8982	0
451132	-1	4197224	0	0	4741120	9036	0
458127	-1	4274736	0	0	3707904	6939	0
467121	-1	4646680	0	0	5231616	9007	0
471130	-1	3586296	0	0	1807360	4031	0
480123	-1	3657272	0	0	4097024	8961	0
489122	-1	4782184	0	0	5382144	9003	0
492130	-1	5013720	0	0	1875968	2993	0
501119	-1	3229992	0	0	3400704	8422	0
510129	-1	4372864	0	0	4903936	8971	0
517125	-1	4174328	0	0	3656704	7007	0
526127	-1	4670120	0	0	5203968	8914	0
535120	-1	4278720	0	0	4840448	9050	0
541132	-1	4202824	0	0	3130368	5958	0
545124	-1	4035248	0	0	2018304	4001	0
553120	-1	4339440	0	0	4349952	8019	0
562131	-1	4338880	0	0	4860928	8962	0
569128	-1	4189464	0	0	3655680	6980	0
577121	-1	4129144	0	0	4135936	8013	0
586119	-1	4506712	0	0	5067776	8995	0
595141	-1	4545352	0	0	5083136	8946	0
602137	-1	4429328	0	0	3869696	6989	0
610127	-1	4459256	0	0	4469760	8018	0
619129	-1	5537240	0	0	6234112	9006	0
627126	-1	5670832	0	0	5659648	7984	0
632125	-1	5643976	0	0	3107840	4405	0
640127	-1	2277080	0	0	2290688	8047	0
647121	-1	5283296	0	0	4616192	6989	0
653119	-1	4220920	0	0	3161088	5991	0
661128	-1	2998008	0	0	2993152	7987	0
670127	-1	2874888	0	0	3235840	9004	0
679127	-1	2824664	0	0	3173376	8987	0
688136	-1	2548904	0	0	2864128	8989	0
697121	-1	2586960	0	0	2907136	8990	0
705126	-1	2998280	0	0	2984960	7964	0
711130	-1	3406632	0	0	2547712	5982	0
719150	-1	4349224	0	0	4363264	8025	0
728125	-1	3804120	0	0	4279296	8999	0
738129	-1	4005168	0	0	4987904	9962	0
747127	-1	4131040	0	0	4613120	8933	0
748123	-1	4472152	0	0	577536	1033	0
755119	-1	4124192	0	0	3620864	7023	0
759135	-1	4105800	0	0	2029568	3954	0
768131	-1	3949584	0	0	4452352	9018	0
775120	-1	4161456	0	0	3647488	7011	0
784128	-1	4363200	0	0	4899840	8983	0
792134	-1	4700888	0	0	4587520	7807	0
801123	-1	3520496	0	0	3930112	8930	0
806125	-1	5790328	0	0	3617792	4998	0
815122	-1	7125672	0	0	7995392	8976	0
823122	-1	6705464	0	0	6700032	7993	0
826128	-1	3771880	0	0	1416192	3003	0
835125	-1	4695216	0	0	5273600	8985	0
842131	-1	5703176	0	0	4984832	6992	0
851125	-1	6014992	0	0	6752256	8980	0
861120	-1	6056168	0	0	7565312	9993	0
867122	-1	5213368	0	0	3885056	5961	0
877120	-1	4734712	0	0	5922816	10007	0
884120	-1	4755256	0	0	4153344	6987	0
892119	-1	4878472	0	0	4879360	8001	0
900123	-1	2791232	0	0	1931264	5535	0
905122	-1	972824	0	0	835584	6871	0
914120	-1	3843968	0	0	4319232	8989	0
922120	-1	4148144	0	0	4146176	7996	0
928124	-1	4526664	0	0	3382272	5977	0
938127	-1	4712768	0	0	5890048	9998	0
947125	-1	1837288	0	0	2058240	8962	0
955127	-1	2786160	0	0	2788352	8006	0
964122	-1	3052080	0	0	3433472	8999	0
974131	-1	3475416	0	0	4332544	9973	0
983121	-1	3984512	0	0	4486144	9007	0
988121	-1	4516240	0	0	2819072	4993	0
995120	-1	3982064	0	0	3483648	6998	0
1003129	-1	3987528	0	0	3980288	7985	0
1009131	-1	4219656	0	0	3160064	5991	0
1016123	-1	4107920	0	0	3596288	7003	0
1021121	-1	4721776	0	0	2935808	4974	0
1027120	-1	5094872	0	0	3796992	5962	0
1036120	-1	4456112	0	0	5021696	9015	0
1044137	-1	3252632	0	0	3246080	7983	0
1053126	-1	2021992	0	0	2278400	9014	0
1060128	-1	2492488	0	0	2177024	6987	0
1065133	-1	2124176	0	0	939008	3536	0
1074124	-1	-1	0	0	0	0	0
1084124	-1	-1	0	0	0	0	0
1092123	-1	-1	0	0	0	0	0
1102122	-1	-1	0	0	0	0	0
1111127	-1	-1	0	0	0	0	0
1118123	-1	-1	0	0	0	0	0
1123122	-1	-1	0	0	0	0	0
1131120	-1	-1	0	0	0	0	0
1141134	-1	-1	0	0	0	0	0
1151134	-1	-1	0	0	0	0	0
1159119	-1	-1	0	0	0	0	0
1167129	-1	-1	0	0	0	0	0
1175125	-1	-1	0	0	0	0	0
1181122	-1	-1	0	0	0	0	0
1189127	-1	-1	0	0	0	0	0
1195125	-1	-1	0	0	0	0	0
1205133	-1	-1	0	0	0	0	0
1212127	-1	-1	0	0	0	0	0
1221126	-1	-1	0	0	0	0	0
1229131	-1	-1	0	0	0	0	0
1238129	-1	-1	0	0	0	0	0
1243127	-1	-1	0	0	0	0	0
1251126	-1	-1	0	0	0	0	0
1260133	-1	-1	0	0	0	0	0
1269131	-1	-1	0	0	0	0	0
1278126	-1	-1	0	0	0	0	0
1287132	-1	-1	0	0	0	0	0
1294122	-1	-1	0	0	0	0	0
1300127	-1	-1	0	0	0	0	0
1309138	-1	-1	0	0	0	0	0
1318121	-1	-1	0	0	0	0	0
1326119	-1	-1	0	0	0	0	0
1336125	-1	-1	0	0	0	0	0
1343124	-1	-1	0	0	0	0	0
1352123	-1	-1	0	0	0	0	0
1361125	-1	-1	0	0	0	0	0
1370122	-1	-1	0	0	0	0	0
1376119	-1	-1	0	0	0	0	0
1386132	-1	-1	0	0	0	0	0
1395123	-1	-1	0	0	0	0	0
1403126	-1	-1	0	0	0	0	0
1412121	-1	-1	0	0	0	0	0
1421131	-1	-1	0	0	0	0	0
1431121	-1	-1	0	0	0	0	0
1439120	-1	-1	0	0	0	0	0
1447130	-1	-1	0	0	0	0	0
1455128	-1	-1	0	0	0	0	0
1464121	-1	-1	0	0	0	0	0
1473132	-1	-1	0	0	0	0	0
1483133	-1	-1	0	0	0	0	0
1488121	-1	-1	0	0	0	0	0
1492119	-1	-1	0	0	0	0	0
1501123	-1	-1	0	0	0	0	0
1510141	-1	2233752	0	0	1309696	4690	0
1516126	-1	5116344	0	0	3827712	5985	0
1523127	-1	8328504	0	0	7267328	6980	0
1532121	-1	10677960	0	0	11983872	8978	0
1539128	-1	10840104	0	0	9456640	6979	0
1547133	-1	11631368	0	0	11580416	7964	0
1557131	-1	10368824	0	0	12937216	9981	0
1561123	-1	10384792	0	0	5177344	3988	0
1570123	-1	11318760	0	0	12688384	8968	0
1579141	-1	11361608	0	0	12754944	8981	0
1588142	-1	8888728	0	0	9970688	8973	0
1598121	-1	8396768	0	0	8223744	7835	-1
1600121	-1	-1	0	0	0	0	-1
1609128	-1	-1	0	0	0	0	-1
1616127	-1	-1	0	0	0	0	-1
1626147	-1	-1	0	0	0	0	-1
1632128	-1	-1	0	0	0	0	-1
1640133	-1	-1	0	0	0	0	-1
1649130	-1	-1	0	0	0	0	-1
1656148	-1	-1	0	0	0	0	-1
1665124	-1	-1	0	0	0	0	-1
1672120	-1	-1	0	0	0	0	-1
1679127	-1	-1	0	0	0	0	-1
1688142	-1	-1	0	0	0	0	-1
1694122	-1	-1	0	0	0	0	-1
1703133	-1	-1	0	0	0	0	-1
1704136	-1	-1	0	0	0	0	-1
1713119	-1	-1	0	0	0	0	-1
1720126	-1	-1	0	0	0	0	-1
1723123	-1	-1	0	0	0	0	-1
1732143	-1	-1	0	0	0	0	-1
1742119	-1	-1	0	0	0	0	-1
1750122	-1	-1	0	0	0	0	-1
1758150	-1	-1	0	0	0	0	-1
1766120	-1	-1	0	0	0	0	-1
1775128	-1	-1	0	0	0	0	-1
1780121	-1	-1	0	0	0	0	-1
1789130	-1	-1	0	0	0	0	-1
1797123	-1	-1	0	0	0	0	-1
1805140	-1	-1	0	0	0	0	-1
1815137	-1	-1	0	0	0	0	-1
1824126	-1	-1	0	0	0	0	-1
1833124	-1	-1	0	0	0	0	-1
1842122	-1	-1	0	0	0	0	-1
1851119	-1	-1	0	0	0	0	-1
1858125	-1	-1	0	0	0	0	-1
1865121	-1	-1	0	0	0	0	-1
1873119	-1	702680	0	0	665600	7577	-1
1883120	-1	2210888	0	0	2761728	9993	-1
1892126	-1	3124752	0	0	3508224	8981	-1
1899125	-1	3442880	0	0	2995200	6959	-1
1908135	-1	3180088	0	0	3559424	8954	-1
1917121	-1	2998320	0	0	3394560	9057	-1
1922120	-1	3522880	0	0	2198528	4992	-1
1932131	-1	3535592	0	0	4420608	10002	-1
1940129	-1	2603920	0	0	613376	1884	-1
1949124	-1	-1	0	0	0	0	-1
1957127	-1	-1	0	0	0	0	-1
1962120	-1	-1	0	0	0	0	-1
1971136	-1	-1	0	0	0	0	-1
1980121	-1	-1	0	0	0	0	-1
1990119	-1	-1	0	0	0	0	-1
2000142	-1	-1	0	0	0	0	-1
2005121	-1	-1	0	0	0	0	-1
2014121	-1	-1	0	0	0	0	-1
2022122	-1	-1	0	0	0	0	-1
2026135	-1	-1	0	0	0	0	-1
2035122	-1	-1	0	0	0	0	-1
2040121	-1	-1	0	0	0	0	-1
2048131	-1	-1	0	0	0	0	-1
2058121	-1	-1	0	0	0	0	-1
2067135	-1	-1	0	0	0	0	-1
2073122	-1	-1	0	0	0	0	-1
2080140	-1	-1	0	0	0	0	-1
2087124	-1	-1	0	0	0	0	-1
2092120	-1	-1	0	0	0	0	-1
2101128	-1	-1	0	0	0	0	-1
2110122	-1	-1	0	0	0	0	-1
2119121	-1	-1	0	0	0	0	-1
2128138	-1	-1	0	0	0	0	-1
2137121	-1	-1	0	0	0	0	-1
2145122	-1	-1	0	0	0	0	-1
2153130	-1	-1	0	0	0	0	-1
2162127	-1	-1	0	0	0	0	-1
2171127	-1	-1	0	0	0	0	-1
2180135	-1	-1	0	0	0	0	-1
2189133	-1	-1	0	0	0	0	-1
2198130	-1	-1	0	0	0	0	-1
2207121	-1	-1	0	0	0	0	-1
2214127	-1	-1	0	0	0	0	-1
2221128	-1	-1	0	0	0	0	-1
2228121	-1	-1	0	0	0	0	-1
2236129	-1	-1	0	0	0	0	-1
2245126	-1	-1	0	0	0	0	-1
2248122	-1	-1	0	0	0	0	-1
2257119	-1	-1	0	0	0	0	-1
2261128	-1	-1	0	0	0	0	-1
2270124	-1	-1	0	0	0	0	-1
2279122	-1	-1	0	0	0	0	-1
2288126	-1	-1	0	0	0	0	-1
2296126	-1	-1	0	0	0	0	-1
2306121	-1	-1	0	0	0	0	-1
2312128	-1	-1	0	0	0	0	-1
2321123	-1	-1	0	0	0	0	-1
2330129	-1	-1	0	0	0	0	-1
2333120	-1	-1	0	0	0	0	-1
2342130	-1	-1	0	0	0	0	-1
2351134	-1	-1	0	0	0	0	-1
2354121	-1	-1	0	0	0	0	-1
2363119	-1	-1	0	0	0	0	-1
2372128	-1	-1	0	0	0	0	-1
2379124	-1	-1	0	0	0	0	-1
2388125	-1	-1	0	0	0	0	-1
2397128	-1	-1	0	0	0	0	-1
2405138	-1	-1	0	0	0	0	-1
2414134	-1	-1	0	0	0	0	-1
2423120	-1	-1	0	0	0	0	-1
2432126	-1	-1	0	0	0	0	-1
2441122	-1	-1	0	0	0	0	-1
2447121	-1	-1	0	0	0	0	-1
2451135	-1	-1	0	0	0	0	-1
2460122	-1	-1	0	0	0	0	-1
2468136	-1	-1	0	0	0	0	-1
2478133	-1	-1	0	0	0	0	-1
2484126	-1	-1	0	0	0	0	-1
2489128	-1	-1	0	0	0	0	-1
2496122	-1	-1	0	0	0	0	-1
2501125	-1	-1	0	0	0	0	-1
2509120	-1	-1	0	0	0	0	-1
2518120	-1	-1	0	0	0	0	-1
2523121	-1	-1	0	0	0	0	-1
2533127	-1	-1	0	0	0	0	-1
2540141	-1	-1	0	0	0	0	-1
2548128	-1	-1	0	0	0	0	-1
2556124	-1	-1	0	0	0	0	-1
2561126	-1	-1	0	0	0	0	-1
2570134	-1	-1	0	0	0	0	-1
2576123	-1	-1	0	0	0	0	-1
2580130	-1	-1	0	0	0	0	-1
2586119	-1	-1	0	0	0	0	-1
2596121	-1	-1	0	0	0	0	-1
2598133	-1	-1	0	0	0	0	-1
2603124	-1	-1	0	0	0	0	-1
2609122	-1	-1	0	0	0	0	-1
2616127	-1	-1	0	0	0	0	-1
2626132	-1	-1	0	0	0	0	-1
2632125	-1	-1	0	0	0	0	-1
2641128	-1	-1	0	0	0	0	-1
2649127	-1	-1	0	0	0	0	-1
2658125	-1	-1	0	0	0	0	-1
2666122	-1	-1	0	0	0	0	-1
2675121	-1	-1	0	0	0	0	-1
2683131	-1	-1	0	0	0	0	-1
2688120	-1	-1	0	0	0	0	-1
2697127	-1	-1	0	0	0	0	-1
2704134	-1	-1	0	0	0	0	-1
2709128	-1	-1	0	0	0	0	-1
2719160	-1	-1	0	0	0	0	-1
2728123	-1	-1	0	0	0	0	-1
2734120	-1	-1	0	0	0	0	-1
2740139	-1	-1	0	0	0	0	-1
2750121	-1	-1	0	0	0	0	-1
2757129	-1	-1	0	0	0	0	-1
2766127	-1	-1	0	0	0	0	-1
2770132	-1	-1	0	0	0	0	-1
2776132	-1	-1	0	0	0	0	-1
2784121	-1	-1	0	0	0	0	-1
2790122	-1	-1	0	0	0	0	-1
2797120	-1	-1	0	0	0	0	-1
2804138	-1	-1	0	0	0	0	-1
2808120	-1	-1	0	0	0	0	-1
2816124	-1	-1	0	0	0	0	-1
2825126	-1	-1	0	0	0	0	-1
2834121	-1	-1	0	0	0	0	-1
2843121	-1	-1	0	0	0	0	-1
2845125	-1	-1	0	0	0	0	-1
2854131	-1	-1	0	0	0	0	-1
2858129	-1	-1	0	0	0	0	-1
2867130	-1	-1	0	0	0	0	-1
2874142	-1	-1	0	0	0	0	-1
2883140	-1	-1	0	0	0	0	-1
2892136	-1	-1	0	0	0	0	-1
2897133	-1	-1	0	0	0	0	-1
2905122	-1	-1	0	0	0	0	-1
2908129	-1	-1	0	0	0	0	-1
2915127	-1	-1	0	0	0	0	-1
2921127	-1	-1	0	0	0	0	-1
2930123	-1	-1	0	0	0	0	-1
2937128	-1	-1	0	0	0	0	-1
2943127	-1	-1	0	0	0	0	-1
2952138	-1	-1	0	0	0	0	-1
2961131	-1	-1	0	0	0	0	-1
2968128	-1	-1	0	0	0	0	-1
2977135	-1	-1	0	0	0	0	-1
2986121	-1	-1	0	0	0	0	-1
2995127	-1	-1	0	0	0	0	-1
3004125	-1	-1	0	0	0	0	-1
3013134	-1	-1	0	0	0	0	-1
3022126	-1	-1	0	0	0	0	-1
3031126	-1	-1	0	0	0	0	-1
3040128	-1	-1	0	0	0	0	-1
3049123	-1	-1	0	0	0	0	-1
3058142	-1	-1	0	0	0	0	-1
3067123	-1	-1	0	0	0	0	-1
3076129	-1	-1	0	0	0	0	-1
3085133	-1	-1	0	0	0	0	-1
3094126	-1	-1	0	0	0	0	-1
3103128	-1	-1	0	0	0	0	-1
3112135	-1	-1	0	0	0	0	-1
3121135	-1	-1	0	0	0	0	-1
3130122	-1	-1	0	0	0	0	-1
3142308	-1	-1	0	0	0	0	0
3147308	-1	-1	0	0	0	0	0
3156308	-1	-1	0	0	0	0	0
3165328	-1	-1	0	0	0	0	0
3170311	-1	-1	0	0	0	0	0
3179317	-1	-1	0	0	0	0	0
3188311	-1	-1	0	0	0	0	0
3197317	-1	-1	0	0	0	0	0
3206306	-1	-1	0	0	0	0	0
3214314	-1	-1	0	0	0	0	0
3223306	-1	-1	0	0	0	0	0
3228311	-1	-1	0	0	0	0	0
3237312	-1	-1	0	0	0	0	0
3243314	-1	-1	0	0	0	0	0
3252303	-1	-1	0	0	0	0	0
3261307	-1	-1	0	0	0	0	0
3263306	-1	-1	0	0	0	0	0
3272355	-1	-1	0	0	0	0	0
3281312	-1	-1	0	0	0	0	0
3284322	-1	-1	0	0	0	0	0
3293306	-1	-1	0	0	0	0	0
3298312	-1	-1	0	0	0	0	0
3307309	-1	-1	0	0	0	0	0
3316307	-1	-1	0	0	0	0	0
3325305	-1	-1	0	0	0	0	0
3334305	-1	-1	0	0	0	0	0
3343305	9649528	-1	1125376	933	0	0	999
3346314	-1	-1	0	0	0	0	0
3355310	-1	-1	0	0	0	0	0
3364308	25267200	-1	1010688	320	0	0	464
3370306	-1	-1	0	0	0	0	0
3379309	22445480	-1	765952	273	0	0	274
3386327	-1	-1	0	0	0	0	0
3391302	-1	-1	0	0	0	0	0
3398315	28810064	-1	1602560	445	0	0	584
3403304	-1	-1	0	0	0	0	0
3409313	-1	-1	0	0	0	0	0
3413311	-1	-1	0	0	0	0	0
3421307	-1	-1	0	0	0	0	0
3427315	22468984	-1	1334096	475	0	0	490
3432320	-1	-1	0	0	0	0	0
3441306	-1	-1	0	0	0	0	0
3445309	-1	-1	0	0	0	0	0
3454318	14408128	-1	1687552	937	0	0	984
3463312	-1	-1	0	0	0	0	0
3468313	-1	-1	0	0	0	0	0
3476308	-1	-1	0	0	0	0	0
3483310	31174744	-1	2404352	617	0	0	756
3490306	-1	-1	0	0	0	0	0
3498309	-1	-1	0	0	0	0	0
3506305	-1	-1	0	0	0	0	0
3515339	36805368	-1	2249728	489	0	0	649
3524314	-1	-1	0	0	0	0	0
3533308	25927472	-1	1276928	394	0	0	394
3542305	-1	-1	0	0	0	0	0
3548305	32683544	-1	1585152	388	0	0	388
3557309	-1	-1	0	0	0	0	0
3566307	27209144	-1	1047552	308	0	0	327
3574304	-1	-1	0	0	0	0	0
3583308	-1	-1	0	0	0	0	0
3585309	-1	-1	0	0	0	0	0
3594306	33296952	-1	2513920	604	0	0	784
3603303	-1	-1	0	0	0	0	0
3612306	25974104	-1	1217536	375	0	0	375
3621325	-1	-1	0	0	0	0	0
3631317	-1	-1	0	0	0	0	0
3638308	-1	-1	0	0	0	0	0
3647307	28255832	-1	1981440	561	0	0	647
3651306	-1	-1	0	0	0	0	0
3659319	-1	-1	0	0	0	0	0
3661325	-1	-1	0	0	0	0	0
3670302	31998664	-1	2299904	575	0	0	575
3679313	-1	-1	0	0	0	0	0
3688303	26639872	-1	859136	258	0	0	365
3697308	-1	-1	0	0	0	0	0
3707306	27517768	-1	1379328	401	0	0	499
3715303	-1	-1	0	0	0	0	0
3721335	24833344	-1	1185792	382	0	0	382
3730317	-1	-1	0	0	0	0	0
3739313	29504520	-1	1360896	369	0	0	383
3745318	-1	-1	0	0	0	0	0
3754307	-1	-1	0	0	0	0	0
3763309	29983920	-1	1532928	409	0	0	552
3766330	-1	-1	0	0	0	0	0
3775309	-1	-1	0	0	0	0	0
3783320	31558304	-1	1522688	386	0	0	503
3792320	-1	-1	0	0	0	0	0
3801312	-1	-1	0	0	0	0	0
3802308	-1	-1	0	0	0	0	0
3811310	11337984	-1	1135216	801	0	0	801
3820327	-1	-1	0	0	0	0	0
3826307	15508784	-1	1360896	702	0	0	838
3835325	-1	-1	0	0	0	0	0
3844330	32542240	-1	2066432	508	0	0	508
3847316	-1	-1	0	0	0	0	0
3856318	22462304	-1	2013184	717	0	0	717
3865308	-1	-1	0	0	0	0	0
3874309	-1	-1	0	0	0	0	0
3876307	-1	-1	0	0	0	0	0
3884305	21978536	-1	1464320	533	0	0	533
3891303	25545192	-1	1133568	355	0	0	355
3896320	-1	-1	0	0	0	0	0
3905313	-1	-1	0	0	0	0	0
3914313	27650304	-1	1538048	445	0	0	474
3924306	-1	-1	0	0	0	0	0
3932314	21098488	-1	925696	351	0	0	351
3941310	-1	-1	0	0	0	0	0
3951307	29531488	-1	2251776	610	0	0	610
3954302	-1	-1	0	0	0	0	0
3963311	24348968	-1	1317888	433	0	0	444
3972310	-1	-1	0	0	0	0	0
3979307	29971800	-1	1404928	375	47104	171190	377
3988307	-1	130216	0	0	162816	10002	0
3995323	-1	-1	0	0	104448	5993	0
4001307	-1	-1	0	0	109568	6056	0
4008339	31510808	154240	2386944	606	153600	7966	606
4017317	24223160	163336	1616896	534	163840	8024	537
4019311	-1	-1	0	0	41984	2016	0
4028307	-1	177568	0	0	221184	9964	0
4036308	-1	186584	0	0	187392	8034	0
4041307	-1	-1	0	0	97280	4007	0
4050303	26303840	202040	2650112	806	251904	9974	806
4059317	-1	211656	0	0	211968	8011	0
4068302	-1	223480	0	0	278528	9970	0
4075311	-1	230816	0	0	174080	6033	0
4084318	31617832	241592	1379328	349	301056	9969	448
4093307	-1	250712	0	0	250880	8005	0
4102328	20305952	260680	896000	353	327680	10056	353
4109317	-1	272792	0	0	203776	5976	0
4118312	-1	279720	0	0	351232	10045	0
4127310	19497472	291792	782336	321	290816	7973	321
4129315	-1	-1	0	0	74752	1998	0
4138307	-1	305152	0	0	380928	9986	0
4147305	-1	314856	0	0	315392	8013	0
4156320	-1	324256	0	0	406528	10029	0
4161316	-1	335704	0	0	166912	3977	0
4168306	19672256	337704	853284	347	339968	8053	440
4173314	-1	-1	0	0	88064	5592	0
4182312	-1	355152	0	0	444416	10010	0
4189313	13121792	365768	1289216	786	274432	6002	786
4197340	-1	373256	0	0	372736	7988	0
4206303	20239056	380592	645120	255	286720	6026	255
4215304	-1	-1	0	0	0	0	0
4224314	22847416	-1	1245184	436	0	0	436
4233302	-1	-1	0	0	0	0	0
4242316	-1	-1	0	0	0	0	0
4246312	23912936	-1	1144832	383	0	0	402
4248306	-1	-1	0	0	0	0	0
4257305	26981584	-1	1274880	378	0	0	378
4261320	-1	-1	0	0	0	0	0
4270302	-1	-1	0	0	0	0	0
4279322	19239192	-1	738304	307	0	0	395
4284315	-1	-1	0	0	0	0	0
4293311	27741640	-1	1175552	339	0	0	359
4301309	-1	-1	0	0	0	0	0
4306330	-1	-1	0	0	0	0	0
4315309	-1	14824	0	0	209920	113299	0
4321303	22923832	-1	1363968	476	2048	66	503
4330310	21950840	-1	1207296	440	0	0	440
4332317	-1	-1	0	0	0	0	0
4341306	-1	360544	0	0	487424	10815	0
4350315	-1	1498112	0	0	1685504	9000	0
4353307	-1	2284936	0	0	857088	3000	0
4362323	-1	3337792	0	0	3742720	8970	0
4371320	-1	4021128	0	0	4528128	9008	0
4380318	-1	4045184	0	0	4547584	8993	0
4389304	-1	4141424	0	0	4619264	8923	0
4398310	-1	2353360	0	0	2621440	8911	0
4407335	-1	4394928	0	0	4950016	9010	0
4416311	-1	4556560	0	0	5128192	9003	0
4425321	-1	4793064	0	0	5384192	8986	0
4434308	-1	-1	0	0	123904	218	0
4443338	-1	-1	0	0	0	0	0
4452306	-1	-1	0	0	0	0	0
4461308	-1	-1	0	0	0	0	0
4470309	-1	-1	0	0	0	0	0
4479306	-1	-1	0	0	0	0	0
4487302	-1	-1	0	0	0	0	0
4496318	-1	-1	0	0	0	0	0
4504306	-1	-1	0	0	0	0	0
4507304	-1	-1	0	0	0	0	0
4515308	-1	-1	0	0	0	0	0
4524308	-1	-1	0	0	0	0	0
4525306	-1	-1	0	0	0	0	0
4534305	-1	-1	0	0	0	0	0
4543305	-1	-1	0	0	0	0	0
4550303	-1	-1	0	0	0	0	0
4559304	-1	-1	0	0	0	0	0
4568312	-1	-1	0	0	0	0	0
4570311	-1	-1	0	0	0	0	0
4579308	-1	-1	0	0	0	0	0
4588312	-1	-1	0	0	0	0	0
4597308	-1	6392	0	0	136192	170397	0
4606319	-1	146400	0	0	183296	10016	0
4615311	-1	157552	0	0	157696	8007	0
4616312	-1	-1	0	0	40960	2005	0
4624315	-1	168784	0	0	168960	8008	0
4633315	-1	178648	0	0	178176	7978	0
4642309	-1	188456	0	0	235520	9997	0
4651309	-1	199040	0	0	199680	8025	0
4660303	-1	210240	0	0	262144	9975	0
4663323	-1	-1	0	0	54272	1994	0
4672311	-1	223856	0	0	280576	10026	0
4677313	-1	-1	0	0	115712	3987	0
4686315	-1	240840	0	0	301056	10000	0
4694310	-1	249408	0	0	249856	8014	0
4703309	-1	261072	0	0	260096	7970	0
4705308	-1	-1	0	0	66560	2025	0
4714316	-1	270864	0	0	340992	10071	0
4718317	-1	282464	0	0	140288	3973	0
4727322	-1	287440	0	0	286720	7979	0
4730313	-1	295808	0	0	147456	3987	0
4737315	-1	298640	0	0	225280	6034	0
4746306	-1	310872	0	0	387072	9960	0
4751309	-1	313640	0	0	158720	4048	0
4760303	17469688	327328	1993728	913	408576	9985	1089
4769303	-1	337328	0	0	336896	7989	0
4778303	-1	346808	0	0	434176	10015	0
4785310	-1	354728	0	0	267264	6027	0
4794310	-1	366440	0	0	456704	9970	0
4797308	-1	-1	0	0	71680	1990	0
4806311	-1	-1	0	0	0	0	0
4815311	22044568	-1	1284096	466	0	0	466
4824319	-1	-1	0	0	0	0	0
4833314	-1	-1	0	0	0	0	0
4840305	22824608	-1	1241088	435	0	0	437
4844310	-1	-1	0	0	0	0	0
4853311	26563880	-1	1696768	511	0	0	511
4857306	-1	-1	0	0	0	0	0
4866312	-1	-1	0	0	0	0	0
4875315	22469488	-1	1474560	525	0	0	525
4883306	-1	-1	0	0	0	0	0
4889302	25157480	-1	1506304	479	0	0	479
4898308	-1	-1	0	0	0	0	0
4907311	19649976	-1	1115136	454	0	0	454
4916304	-1	-1	0	0	0	0	0
4925302	11340784	-1	1333960	941	0	0	941
4931310	-1	-1	0	0	0	0	0
4936318	20105064	-1	1455104	579	0	0	579
4945305	-1	-1	0	0	0	0	0
4954310	15968632	-1	708608	355	0	0	355
4963308	-1	-1	0	0	0	0	0
4972309	25772880	-1	1984512	616	0	0	616
4976320	-1	-1	0	0	0	0	0
4983303	-1	-1	0	0	0	0	0
4986312	-1	-1	0	0	0	0	0
4995303	26754216	-1	2314240	692	0	0	692
5002306	-1	-1	0	0	0	0	0
5011313	-1	-1	0	0	0	0	0
5013309	-1	-1	0	0	0	0	0
5022307	24947368	-1	1169408	375	0	0	375
5024308	-1	-1	0	0	0	0	0
5033306	22997976	-1	1716224	597	0	0	597
5042308	-1	3141976	0	0	3459072	8807	0
5052306	-1	4744200	0	0	5923840	9989	0
5058312	-1	5292856	0	0	3971072	6002	0
5067311	-1	4817176	0	0	5387264	8946	0
5076310	-1	5842080	0	0	6531072	8943	0
5084304	-1	3639392	0	0	3640320	8002	0
5087304	-1	4775400	0	0	1776640	2976	0
5096319	-1	5977928	0	0	6723584	8997	0
5103317	-1	5084736	0	0	4435968	6979	0
5111316	-1	5141976	0	0	5147648	8008	0
5120309	-1	5415464	0	0	6069248	8965	0
5129312	-1	4953856	0	0	202752	327	0
5138310	-1	-1	0	0	0	0	0
5147324	-1	-1	0	0	0	0	0
5155317	-1	-1	0	0	0	0	0
5164304	-1	-1	0	0	0	0	0
5168312	-1	-1	0	0	0	0	0
5177312	-1	-1	0	0	0	0	0
5182306	-1	-1	0	0	0	0	0
5191308	-1	-1	0	0	0	0	0
5195324	-1	-1	0	0	0	0	0
5204303	-1	-1	0	0	0	0	0
5212318	-1	-1	0	0	0	0	0
5219303	-1	-1	0	0	0	0	0
5224311	-1	-1	0	0	0	0	0
5233307	-1	-1	0	0	0	0	0
5238307	-1	-1	0	0	0	0	0
5248307	-1	-1	0	0	0	0	0
5253304	-1	-1	0	0	0	0	0
5260308	-1	-1	0	0	0	0	0
5269306	-1	-1	0	0	0	0	0
5279303	-1	-1	0	0	0	0	0
5288306	-1	-1	0	0	0	0	0
5297305	-1	-1	0	0	0	0	0
5305312	-1	-1	0	0	0	0	0
5309309	-1	-1	0	0	0	0	0
5318314	-1	-1	0	0	0	0	0
5325313	-1	-1	0	0	0	0	0
5335310	-1	-1	0	0	0	0	0
5340307	-1	-1	0	0	0	0	0
5349311	-1	-1	0	0	0	0	0
5356324	-1	-1	0	0	0	0	0
5365318	-1	-1	0	0	0	0	0
5370316	-1	-1	0	0	0	0	0
5379304	-1	-1	0	0	0	0	0
5388317	-1	-1	0	0	0	0	0
5397315	-1	-1	0	0	0	0	0
5402310	-1	-1	0	0	0	0	0
5411310	-1	-1	0	0	0	0	0
5420318	-1	-1	0	0	0	0	0
5429309	-1	-1	0	0	0	0	0
5431318	-1	-1	0	0	0	0	0
5439304	-1	-1	0	0	0	0	0
5444302	-1	-1	0	0	0	0	0
5453312	-1	-1	0	0	0	0	0
5462306	-1	-1	0	0	0	0	0
5471313	-1	-1	0	0	0	0	0
5480309	-1	-1	0	0	0	0	0
5489316	-1	-1	0	0	0	0	0
5498314	-1	-1	0	0	0	0	0
5507307	9565344	-1	1426432	1193	0	0	1315
5516306	-1	-1	0	0	0	0	0
5526303	27977992	-1	1052672	301	0	0	340
5536316	-1	-1	0	0	0	0	0
5544316	34053448	-1	1600512	376	0	0	450
5554311	-1	-1	0	0	0	0	0
5561309	-1	-1	0	0	0	0	0
5565310	-1	-1	0	0	0	0	0
5574305	35075448	-1	3253248	742	0	0	742
5583319	-1	-1	0	0	0	0	0
5587308	-1	-1	0	0	0	0	0
5594316	-1	-1	0	0	0	0	0
5604305	-1	-1	0	0	0	0	35
5609314	23050448	-1	1129472	392	0	0	392
5618311	-1	-1	0	0	0	0	0
5624308	33808256	-1	1331200	315	0	0	395
5632311	-1	-1	0	0	0	0	0
5640341	28892552	-1	939008	260	0	0	357
5647318	-1	-1	0	0	0	0	0
5656312	-1	-1	0	0	0	0	0
5660316	-1	-1	0	0	0	0	0
5668309	23906176	-1	2061908	690	0	0	842
5677310	-1	-1	0	0	0	0	0
5684306	-1	-1	0	0	0	0	0
5693304	-1	-1	0	0	0	0	0
5703308	39902240	-1	1815552	364	0	0	512
5712312	-1	-1	0	0	0	0	0
5721311	32984288	-1	1249280	303	0	0	338
5726310	-1	337792	0	0	201728	4777	0
5735308	-1	5050064	0	0	5693440	9019	0
5744306	-1	5296952	0	0	5943296	8976	0
5753308	-1	3741928	0	0	4211712	9004	0
5762309	-1	3723152	0	0	4129792	8873	0
5771312	-1	-1	0	0	65536	3033	-1
5780340	-1	6583616	0	0	7403520	8996	-1
5788329	-1	6535976	0	0	6492160	7946	-1
5797341	-1	2451480	0	0	2735104	8925	-1
5806309	-1	2804024	0	0	3195904	9118	-1
5815314	-1	2589432	0	0	2875392	8883	-1
5824319	-1	2578488	0	0	2935808	9108	-1
5833310	-1	2596184	0	0	2906112	8955	-1
5842307	-1	2508184	0	0	2822144	9001	-1
5851321	-1	2486368	0	0	623616	2006	-1
5860318	-1	-1	0	0	0	0	-1
5869315	-1	-1	0	0	0	0	-1
5878312	-1	47528	0	0	198656	33435	-1
5887310	-1	205592	0	0	204800	7969	-1
5896329	-1	199768	0	0	249856	10006	-1
5905313	-1	205176	0	0	204800	7985	-1
5914303	-1	204808	0	0	256000	9999	-1
5923316	-1	200880	0	0	200704	7993	-1
5932314	-1	202816	0	0	253952	10017	-1
5941316	-1	195680	0	0	198656	8121	-1
5950312	-1	201776	0	0	249856	9906	-1
5959309	-1	175848	0	0	176128	8012	-1
5968304	-1	203208	0	0	253952	9997	-1
5977316	-1	207040	0	0	206848	7992	-1
5986303	-1	410792	0	0	510976	9951	-1
5999234	-1	-1	0	0	75776	5983	0
6004240	-1	200728	0	0	151552	6040	0
6013236	-1	201672	0	0	200704	7961	0
6022236	-1	199472	0	0	249856	10020	0
6031253	-1	202904	0	0	202752	7994	0
6040249	-1	198960	0	0	249856	10046	0
6049244	-1	204056	0	0	204800	8029	0
6056240	-1	-1	0	0	49152	2004	0
6065237	-1	-1	0	0	0	0	0
6074238	-1	-1	0	0	0	0	0
6078240	-1	-1	0	0	0	0	0
6085241	-1	-1	0	0	0	0	0
6089239	-1	-1	0	0	0	0	0
6098233	-1	-1	0	0	0	0	0
6100237	-1	-1	0	0	0	0	0
6109282	-1	-1	0	0	0	0	0
6118242	-1	-1	0	0	0	0	0
6124241	4535072	14360	386048	681	133120	74143	681
6131240	-1	205048	0	0	153600	5992	0
6140243	23635936	185864	2342912	793	231424	9961	793
6145247	-1	-1	0	0	2048	1983	0
6154234	-1	-1	0	0	0	0	0
6156237	-1	-1	0	0	0	0	0
6165240	33203544	-1	3668992	884	48128	22116	1004
6174238	-1	122880	0	0	152576	9933	0
6183236	-1	143432	0	0	143360	7995	0
6187240	-1	-1	0	0	106496	3997	0
6196240	-1	697744	0	0	524288	6011	0
6199241	-1	354360	0	0	262144	5918	0
6208249	-1	653672	0	0	786432	9624	0
6217242	-1	478976	0	0	524288	8756	0
6226239	-1	463984	0	0	524288	9039	0
6235236	-1	692040	0	0	524288	6060	0
6238235	-1	346864	0	0	262144	6046	0
6247236	-1	670960	0	0	524288	6251	0
6250243	-1	326088	0	0	262144	6431	0
6259238	-1	393256	0	0	447488	9103	0
6268237	-1	-1	0	0	76800	2001	0
6276248	-1	273240	0	0	520192	15230	0
6282238	-1	361352	0	0	266240	5894	0
6291241	-1	355808	0	0	262144	5894	0
6300236	-1	284320	0	0	429056	12072	0
6302234	-1	688832	0	0	172032	1997	0
6311248	7429344	1625168	578560	623	1827840	8997	623
6317233	-1	2658672	0	0	1996800	6008	0
6325242	-1	3089288	0	0	3081216	7979	0
6333234	-1	3219776	0	0	3205120	7963	0
6340237	-1	3013808	0	0	2624512	6966	0
6346236	-1	1610824	0	0	1220608	6062	0
6355235	-1	1673216	0	0	1874944	8964	0
6363247	-1	1799856	0	0	1801216	8006	0
6369251	-1	1791872	0	0	1330176	5938	0
6377245	-1	1893456	0	0	1905664	8051	0
6386234	-1	1935840	0	0	2169856	8967	0
6390239	-1	1994624	0	0	965632	3872	0
6399237	-1	2048920	0	0	2330624	9099	0
6407243	-1	1376128	0	0	1360896	7911	0
6415233	-1	1982696	0	0	1990656	8032	0
6423240	-1	2260560	0	0	2260992	8001	0
6432244	-1	2152656	0	0	556032	2066	0
6434245	-1	-1	0	0	0	0	0
6442241	-1	-1	0	0	0	0	0
6451239	-1	-1	0	0	0	0	0
6460241	-1	116664	0	0	490496	33634	0
6469233	-1	426576	0	0	262144	4916	0
6475249	-1	-1	0	0	104448	11345	0
6484248	-1	178032	0	0	190464	8558	0
6491245	-1	351360	0	0	265216	6038	0
6501233	-1	182152	0	0	226304	9939	0
6506236	-1	364968	0	0	295936	6486	0
6515235	-1	963928	0	0	1081344	8974	0
6524235	-1	1583064	0	0	1779712	8993	0
6534232	-1	1508072	0	0	1887232	10011	0
6539247	-1	1654624	0	0	1018880	4926	0
6548241	-1	1842560	0	0	1982464	8607	0
6558239	-1	1066872	0	0	1391616	10435	0
6567235	-1	1647312	0	0	1855488	9010	0
6575239	-1	1982712	0	0	1979392	7986	0
6579256	-1	1797880	0	0	904192	4023	0
6588249	-1	2125768	0	0	2338816	8801	0
6598247	-1	1907776	0	0	2359296	9893	0
6603234	-1	1962720	0	0	1298432	5292	0
6613244	-1	329744	0	0	406528	9862	0
6615245	-1	518808	0	0	133120	2052	0
6624236	-1	984776	0	0	1104896	8975	0
6632255	-1	1373944	0	0	1376256	8013	0
6640233	-1	1415848	0	0	1417216	8007	0
6649238	-1	1458512	0	0	1639424	8992	0
6658243	-1	1724040	0	0	1942528	9013	0
6667242	-1	1711120	0	0	1918976	8971	0
6676236	-1	1293512	0	0	1383424	8556	0
6685239	-1	536928	0	0	591872	8818	0
6695238	-1	550144	0	0	688128	10006	0
6704236	-1	225312	0	0	227328	8071	0
6708236	-1	-1	0	0	116736	3923	0
6717234	-1	241296	0	0	303104	10049	0
6718235	-1	-1	0	0	0	0	0
6727236	-1	-1	0	0	124928	4029	0
6733235	-1	-1	0	0	0	0	0
6743242	-1	-1	0	0	0	0	0
6748238	-1	-1	0	0	0	0	0
6757251	-1	-1	0	0	0	0	0
6766243	-1	-1	0	0	0	0	0
6774233	-1	-1	0	0	0	0	0
6783235	-1	-1	0	0	0	0	0
6791239	-1	-1	0	0	0	0	0
6801253	-1	-1	0	0	0	0	0
6811235	-1	-1	0	0	0	0	0
6819243	-1	-1	0	0	0	0	0
6822240	-1	-1	0	0	0	0	0
6831239	-1	-1	0	0	0	0	0
6840237	-1	-1	0	0	0	0	0
6844240	-1	-1	0	0	0	0	0
6853233	-1	-1	0	0	0	0	0
6857239	-1	-1	0	0	0	0	0
6866234	-1	-1	0	0	0	0	0
6875235	-1	-1	0	0	0	0	0
6884239	-1	-1	0	0	0	0	0
6894244	-1	-1	0	0	0	0	0
6902239	-1	-1	0	0	0	0	0
6906251	-1	-1	0	0	0	0	0
6915256	-1	-1	0	0	0	0	0
6925244	-1	-1	0	0	0	0	0
6931236	-1	-1	0	0	0	0	0
6940246	-1	-1	0	0	0	0	0
6946237	-1	-1	0	0	0	0	0
6955241	-1	-1	0	0	0	0	0
6963236	-1	-1	0	0	0	0	0
6970248	-1	-1	0	0	0	0	0
6977251	-1	-1	0	0	0	0	0
6987233	-1	-1	0	0	0	0	0
6994241	-1	-1	0	0	0	0	0
7002238	-1	-1	0	0	0	0	0
7008241	-1	-1	0	0	0	0	0
7012233	-1	-1	0	0	0	0	0
7019235	-1	-1	0	0	0	0	0
7028236	-1	-1	0	0	0	0	0
7036246	-1	-1	0	0	0	0	0
7045244	-1	-1	0	0	0	0	0
7053238	-1	-1	0	0	0	0	0
7059240	-1	-1	0	0	0	0	0
7064235	-1	-1	0	0	0	0	0
7073248	-1	-1	0	0	0	0	0
7082246	-1	-1	0	0	0	0	0
7090234	-1	-1	0	0	0	0	0
7099233	-1	-1	0	0	0	0	0
7103240	-1	-1	0	0	0	0	0
7105242	-1	-1	0	0	0	0	0
7114238	-1	-1	0	0	0	0	0
7123235	-1	-1	0	0	0	0	0
7129237	-1	-1	0	0	0	0	0
7138236	-1	-1	0	0	0	0	0
7148245	-1	-1	0	0	0	0	0
7151235	-1	-1	0	0	0	0	0
7160238	-1	-1	0	0	0	0	0
7168243	-1	-1	0	0	0	0	0
7176236	-1	-1	0	0	0	0	0
7179233	-1	-1	0	0	0	0	0
7188236	-1	-1	0	0	0	0	0
7196234	-1	-1	0	0	0	0	0
7206246	-1	-1	0	0	0	0	0
7215238	-1	-1	0	0	0	0	0
7224242	20195312	-1	1779712	705	0	0	743
7226235	-1	-1	0	0	0	0	0
7235240	-1	-1	0	0	0	0	0
7244245	34947016	-1	1297408	297	0	0	337
7253244	29812360	-1	1311744	352	0	0	360
7258246	-1	-1	0	0	0	0	0
7267239	-1	-1	0	0	0	0	0
7276236	-1	-1	0	0	0	0	0
7280242	-1	-1	0	0	0	0	0
7289243	31107944	-1	1765376	454	0	0	454
7295237	-1	-1	0	0	0	0	0
7301245	30622960	-1	1534976	401	0	0	512
7308244	-1	-1	0	0	0	0	0
7317236	28640248	-1	1385472	387	0	0	387
7326238	-1	-1	0	0	0	0	0
7335235	33186208	-1	1381376	333	0	0	367
7344251	-1	-1	0	0	0	0	0
7353235	27604320	-1	1456128	422	0	0	422
7362250	-1	-1	0	0	0	0	0
7371242	32672072	-1	1743872	427	0	0	427
7380241	-1	-1	0	0	0	0	0
7389237	-1	-1	0	0	0	0	0
7397242	-1	-1	0	0	0	0	0
7407238	11364872	236912	1828324	1287	155648	5255	1384
7416244	-1	773040	0	0	868352	8986	0
7425267	-1	1361544	0	0	1525760	8964	0
7427244	-1	1530328	0	0	388096	2028	0
7436239	-1	1199184	0	0	1340416	8942	0
7438239	-1	1406240	0	0	348160	1980	0
7448236	-1	1567120	0	0	1961984	10015	0
7457253	-1	1498080	0	0	1692672	9039	0
7466237	-1	1433304	0	0	1609728	8984	0
7473253	-1	1208184	0	0	1061888	7031	0
7482249	-1	1496168	0	0	1497088	8004	0
7486263	-1	266120	0	0	143360	4309	0
7495236	-1	884024	0	0	1070080	9683	0
7497237	-1	1296384	0	0	324608	2003	0
7506244	-1	1228472	0	0	1378304	8975	0
7515251	-1	1936808	0	0	2181120	9009	0
7523234	-1	2198168	0	0	2181120	7937	0
7532244	-1	2096776	0	0	2366464	9028	0
7534243	-1	2237072	0	0	546816	1955	0
7543240	-1	2150048	0	0	2391040	8896	0
7552236	-1	1242840	0	0	1421312	9148	0
7561242	-1	2180176	0	0	2446336	8976	0
7568235	-1	1957672	0	0	1707008	6975	0
7576264	-1	2316720	0	0	1972224	6810	0
7584234	-1	1772312	0	0	1649664	7446	0
7593242	-1	-1	0	0	0	0	0
7599239	-1	-1	0	0	0	0	0
7608236	-1	-1	0	0	0	0	0
7617235	-1	-1	0	0	0	0	0
7622242	-1	-1	0	0	0	0	0
7630234	-1	-1	0	0	0	0	0
7638235	-1	-1	0	0	0	0	0
7648261	-1	-1	0	0	0	0	0
7657238	-1	-1	0	0	0	0	0
7665237	-1	13512	0	0	139264	82472	0
7675239	-1	776528	0	0	973824	10032	0
7681235	-1	1393232	0	0	1030144	5915	0
7689237	-1	1528560	0	0	1539072	8055	0
7699233	-1	1748760	0	0	2164736	9902	0
7702235	-1	1778264	0	0	684032	3077	0
7710240	-1	1812200	0	0	1805312	7969	0
7718237	-1	1783760	0	0	1796096	8055	0
7722240	-1	1816432	0	0	911360	4013	0
7731241	-1	1868376	0	0	2104320	9010	0
7740239	-1	1930064	0	0	2166784	8981	0
7749234	-1	2122704	0	0	2339840	8818	0
7757241	-1	2134584	0	0	2169856	8132	0
7767243	-1	2221576	0	0	2780160	10011	0
7776235	-1	2242856	0	0	2515968	8974	0
7778239	-1	2191544	0	0	542720	1981	0
7787235	-1	2569280	0	0	2899968	9029	0
7796250	-1	3120872	0	0	2746368	7039	0
7805247	-1	1125312	0	0	1516544	10781	0
7815233	-1	1498256	0	0	1873920	10005	0
7820238	-1	1496448	0	0	934912	4998	0
7829237	-1	1571112	0	0	1747968	8900	0
7837236	-1	1506568	0	0	1508352	8009	0
7843238	-1	1505560	0	0	1116160	5930	0
7853238	-1	1547360	0	0	1955840	10111	0
7857264	-1	1701352	0	0	836608	3933	0
7866233	-1	1772136	0	0	1624064	7331	0
7874243	-1	-1	0	0	0	0	0
7883236	-1	-1	0	0	0	0	0
7891236	-1	-1	0	0	0	0	0
7894238	-1	-1	0	0	0	0	0
7903235	-1	-1	0	0	0	0	0
7912244	-1	-1	0	0	0	0	0
7919235	-1	-1	0	0	0	0	0
7924244	-1	-1	0	0	0	0	0
7933241	-1	-1	0	0	0	0	0
7938235	-1	-1	0	0	0	0	0
7943234	-1	-1	0	0	0	0	0
7952239	-1	-1	0	0	0	0	0
7961252	-1	-1	0	0	0	0	0
7964247	-1	-1	0	0	0	0	0
7973242	-1	-1	0	0	0	0	0
7982239	-1	-1	0	0	0	0	0
7985243	-1	-1	0	0	0	0	0
7994238	-1	-1	0	0	0	0	0
8002236	-1	-1	0	0	0	0	0
8011236	-1	-1	0	0	0	0	0
8020237	-1	-1	0	0	0	0	0
8028242	-1	-1	0	0	0	0	0
8036239	-1	-1	0	0	0	0	0
8045237	-1	-1	0	0	81920	180702	0
8054236	-1	627904	0	0	707584	9015	0
8063237	-1	1335816	0	0	1506304	9020	0
8072236	-1	1657376	0	0	1841152	8887	0
8077241	-1	1705208	0	0	1075200	5044	0
8086242	-1	1818784	0	0	2048000	9008	0
8095254	-1	1677080	0	0	1888256	9007	0
8101242	-1	1696696	0	0	1283072	6049	0
8110238	-1	1827632	0	0	2019328	8839	0
8115239	-1	1737544	0	0	1119232	5153	0
8124239	-1	2104432	0	0	2367488	9000	0
8132234	-1	2903256	0	0	2889728	7962	0
8140247	-1	2001416	0	0	1956864	7821	0
8147239	-1	1466008	0	0	1295360	7068	0
8151238	-1	1633816	0	0	817152	4001	0
8160238	-1	1570552	0	0	1755136	8940	0
8168237	-1	1593224	0	0	1567744	7872	0
8177247	-1	1661912	0	0	1900544	9148	0
8186254	-1	1568912	0	0	1742848	8886	0
8188255	-1	1655720	0	0	434176	2097	0
8197242	-1	1703936	0	0	1916928	8999	0
8204241	-1	1868952	0	0	1625088	6956	0
8213236	-1	2062360	0	0	2301952	8929	0
8222254	-1	1959232	0	0	2191360	8947	0
8231247	-1	2033264	0	0	2327552	9157	0
8238234	-1	1948824	0	0	1704960	6998	0
8242243	-1	2270112	0	0	1134592	3998	0
8251241	-1	2181992	0	0	2407424	8826	0
8260239	-1	2275304	0	0	2587648	9098	0
8264242	-1	2210344	0	0	1118208	4047	0
8273233	-1	2348576	0	0	2638848	8988	0
8282248	-1	2316792	0	0	2589696	8942	0
8291234	-1	1829760	0	0	2026496	8860	0
8300243	-1	2523648	0	0	2827264	8962	0
8309241	-1	2418656	0	0	2718720	8992	0
8314264	-1	2460152	0	0	1548288	5034	0
8320241	-1	2475488	0	0	1833984	5926	0
8325237	-1	2546704	0	0	1563648	4911	0
8334244	-1	2446768	0	0	2797568	9146	0
8344236	-1	2542704	0	0	3159040	9939	0
8346238	-1	2227960	0	0	544768	1956	0
8355234	-1	2711928	0	0	3057664	9019	0
8363238	-1	2726648	0	0	2739200	8036	0
8372239	-1	3086536	0	0	3430400	8891	0
8374239	-1	2958912	0	0	633856	1713	-1
8383244	-1	-1	0	0	0	0	-1
8392234	-1	252528	0	0	139264	4411	-1
8396251	-1	778008	0	0	393216	4043	-1
8405247	-1	2961448	0	0	3331072	8998	-1
8411236	-1	4262872	0	0	3201024	6007	-1
8418239	-1	4175688	0	0	3645440	6984	-1
8427239	-1	4268392	0	0	4794368	8985	-1
8436246	-1	3142848	0	0	3528704	8982	-1
8445241	-1	4283024	0	0	4773888	8916	-1
8454248	-1	3143640	0	0	3563520	9068	-1
8464246	-1	3362504	0	0	4194304	9979	-1
8473236	-1	2997432	0	0	3380224	9021	-1
8482245	-1	1928960	0	0	2165760	8982	-1
8491246	-1	2000880	0	0	2229248	8913	-1
8497236	-1	811504	0	0	588800	5804	-1
8506253	-1	1792728	0	0	2028544	9052	-1
8513235	-1	1946608	0	0	1652736	6792	-1
8522242	-1	2468656	0	0	2831360	9175	-1
8531244	-1	3095472	0	0	3452928	8923	-1
8540238	-1	2803416	0	0	3179520	9073	-1
8549238	-1	1530976	0	0	1698816	8877	-1
8558268	-1	1629848	0	0	1864704	9152	-1
8567245	-1	2053888	0	0	2299904	8958	-1
8576245	-1	1414880	0	0	1591296	8997	-1
8583240	-1	1389496	0	0	1212416	6980	-1
8592241	-1	1500288	0	0	1691648	9020	-1
8601236	-1	1483088	0	0	1667072	8992	-1
8610248	-1	1615312	0	0	1814528	8986	-1
8619252	-1	1653720	0	0	1861632	9005	-1
8628243	-1	-1	0	0	95232	572	-1
8637244	-1	-1	0	0	0	0	-1
8646258	-1	-1	0	0	0	0	-1
8655239	-1	-1	0	0	0	0	-1
8664243	-1	-1	0	0	0	0	-1
8673248	-1	-1	0	0	0	0	-1
8682249	-1	-1	0	0	0	0	-1
8691235	-1	-1	0	0	0	0	-1
8700240	-1	-1	0	0	0	0	-1
8709236	-1	41672	0	0	465920	89437	-1
8718239	-1	1047776	0	0	1173504	8959	-1
8727252	-1	1506960	0	0	1701888	9034	-1
8736243	-1	1098648	0	0	1213440	8835	-1
8745307	-1	2088512	0	0	2323456	8899	-1
8754276	-1	3105128	0	0	3534848	9107	-1
8764236	-1	2703184	0	0	3361792	9949	-1
8773237	-1	3163320	0	0	3564544	9014	-1
8782235	-1	3173128	0	0	3538944	8922	-1
8791235	-1	3188920	0	0	3587072	8998	-1
8800243	-1	3123680	0	0	3532800	9047	-1
8809240	-1	3208904	0	0	3602432	8981	-1
8818237	-1	2751152	0	0	3083264	8965	-1
8827240	-1	1783920	0	0	2004992	8991	-1
8836238	-1	1909688	0	0	2143232	8978	-1
8845253	-1	1763000	0	0	182272	827	-1
8854238	-1	-1	0	0	0	0	-1
8863238	-1	92856	0	0	303104	26113	-1
8872243	-1	1180680	0	0	1318912	8936	-1
8881235	-1	1219104	0	0	1366016	8964	-1
8890237	-1	1596888	0	0	1806336	9049	-1
8899236	-1	2369488	0	0	2651136	8950	-1
8902237	-1	2785232	0	0	1037312	2979	-1
8911235	-1	2081440	0	0	2366464	9095	-1
8920238	-1	1325384	0	0	1489920	8993	-1
8929240	-1	1353672	0	0	1497088	8847	-1
8938235	-1	1180048	0	0	1343488	9108	-1
8945236	-1	1884312	0	0	1648640	6999	-1
8954235	-1	1647216	0	0	1837056	8921	-1
8963247	-1	1435064	0	0	1613824	8996	-1
8972239	-1	1594344	0	0	1804288	9053	-1
8981237	-1	1597368	0	0	1804288	9036	-1
8988236	-1	1487080	0	0	1285120	6913	-1
8997254	-1	1634488	0	0	1841152	9011	-1
9006244	-1	1810728	0	0	2024448	8944	-1
9014246	-1	1819544	0	0	1816576	7986	-1
9020240	-1	1926816	0	0	1473536	6118	-1
9027238	-1	1979680	0	0	1700864	6873	-1
9033239	-1	1830168	0	0	1380352	6033	-1
9042234	-1	1873840	0	0	2127872	9084	-1
9050235	-1	978472	0	0	970752	7936	-1
9059264	-1	3617592	0	0	4075520	9012	-1
9060233	-1	5688552	0	0	712704	1002	-1
9069243	-1	3016560	0	0	3390464	8991	-1
9076240	-1	2996720	0	0	2618368	6989	-1
9085239	-1	3175304	0	0	3569664	8993	-1
9094237	-1	3637632	0	0	4087808	8990	-1
9103240	-1	4590376	0	0	5147648	8971	-1
9107236	-1	4199600	0	0	2091008	3983	-1
9116244	-1	4185848	0	0	4698112	8979	-1
9124233	-1	4286464	0	0	4303872	8032	-1
9133234	-1	4235568	0	0	4521984	8540	-1
9142236	-1	831728	0	0	949248	9130	-1
9151250	-1	1684104	0	0	1917952	9110	-1
9160242	-1	1629224	0	0	1833984	9005	-1
9169235	-1	1675512	0	0	1873920	8947	-1
9178248	-1	1711888	0	0	1944576	9087	-1
9187242	-1	1797064	0	0	1179648	5251	-1
9196246	-1	-1	0	0	0	0	-1
9205238	-1	-1	0	0	101376	20727	-1
9214237	-1	144864	0	0	180224	9952	-1
9223238	-1	154456	0	0	154624	8008	-1
9232236	-1	163808	0	0	205824	10051	-1
9241241	-1	177336	0	0	176128	7945	-1
9250237	-1	185992	0	0	232448	9998	-1
9259237	-1	196304	0	0	196608	8012	-1
9268249	-1	206152	0	0	258048	10013	-1
9277238	-1	218072	0	0	217088	7963	-1
9286237	-1	223720	0	0	168960	6041	-1
9295243	-1	-1	0	0	0	0	-1
9304245	-1	-1	0	0	0	0	-1
9313235	-1	-1	0	0	0	0	-1
9328755	-1	452912	0	0	415744	7343	0
9336761	-1	1103032	0	0	1112064	8065	0
9345760	-1	1419240	0	0	1593344	8981	0
9353764	-1	1549296	0	0	1318912	6810	0
9362753	-1	1162400	0	0	1483776	10211	0
9368769	-1	1496872	0	0	1120256	5987	0
9378759	-1	1610232	0	0	2004992	9961	0
9387755	-1	1735064	0	0	1942528	8956	0
9396766	-1	1832200	0	0	2064384	9013	0
9405751	-1	1528352	0	0	1714176	8972	0
9414761	-1	307288	0	0	345088	8984	0
9423753	-1	347480	0	0	321536	7402	0
9426759	-1	-1	0	0	118784	4672	0
9435753	-1	292056	0	0	268288	7348	0
9439753	-1	521880	0	0	303104	4646	0
9448754	-1	193920	0	0	226304	9336	0
9457758	-1	191408	0	0	191488	8003	0
9466757	-1	201208	0	0	251904	10015	0
9468755	-1	-1	0	0	52224	2016	0
9476759	-1	215976	0	0	215040	7965	0
9485756	-1	224048	0	0	224256	8007	0
9494753	-1	234304	0	0	292864	9999	0
9500755	-1	241808	0	0	182272	6030	0
9509752	-1	247312	0	0	251904	8148	0
9517750	-1	266736	0	0	261120	7831	0
9526758	-1	271056	0	0	338944	10003	0
9532754	-1	275632	0	0	209920	6092	0
9540755	-1	289232	0	0	288768	7987	0
9545759	-1	286696	0	0	147456	4114	0
9553780	-1	307448	0	0	303104	7886	0
9557754	-1	310464	0	0	154624	3984	0
9566755	-1	314728	0	0	396288	10073	0
9575754	-1	327096	0	0	327680	8014	0
9581762	-1	335840	0	0	251904	6000	0
9590754	-1	348584	0	0	432128	9917	0
9593758	-1	-1	0	0	88064	1996	0
9602765	-1	349984	0	0	449536	10275	0
9612762	-1	802032	0	0	1030144	10275	0
9614760	-1	2355872	0	0	598016	2030	0
9622751	-1	2940384	0	0	2876416	7825	0
9631759	-1	988808	0	0	947200	7663	0
9636753	-1	384344	0	0	287744	5989	0
9644761	-1	393656	0	0	392192	7970	0
9650755	-1	-1	0	0	0	0	0
9660768	-1	-1	0	0	0	0	0
9669761	-1	-1	0	0	0	0	0
9672759	-1	-1	0	0	0	0	0
9681756	-1	-1	0	0	0	0	0
9683754	-1	-1	0	0	0	0	0
9692782	-1	-1	0	0	0	0	0
9702759	-1	-1	0	0	0	0	0
9703755	-1	-1	0	0	0	0	0
9712755	-1	-1	0	0	0	0	0
9719761	-1	-1	0	0	0	0	0
9724752	-1	-1	0	0	0	0	0
9733758	-1	-1	0	0	0	0	0
9742754	-1	-1	0	0	0	0	0
9746758	-1	-1	0	0	40960	102488	0
9754757	-1	547208	0	0	548864	8024	0
9763752	-1	1047584	0	0	1152000	8797	0
9768753	-1	1903896	0	0	1195008	5021	0
9774752	-1	2292880	0	0	1718272	5995	0
9783752	-1	2644536	0	0	2956288	8943	0
9786760	-1	2754760	0	0	1051648	3054	0
9795754	-1	2799256	0	0	3146752	8993	0
9804801	-1	2812016	0	0	3164160	9001	0
9813753	-1	2913256	0	0	3265536	8967	0
9822763	-1	3020936	0	0	3402752	9011	0
9831752	-1	2052288	0	0	2296832	8953	0
9839751	-1	1723128	0	0	1728512	8025	0
9848759	-1	1887264	0	0	2077696	8807	0
9857771	-1	1682272	0	0	1930240	9179	0
9866753	-1	1839104	0	0	2070528	9006	0
9874757	-1	1418120	0	0	1412096	7965	0
9882766	-1	1665000	0	0	1674240	8044	0
9892760	-1	1938168	0	0	2423808	10004	0
9901750	-1	1852200	0	0	2082816	8996	0
9910752	-1	2115112	0	0	2358272	8919	0
9916760	-1	1097304	0	0	799744	5830	0
9920755	-1	2023200	0	0	1011712	4000	0
9929758	-1	2857776	0	0	3223552	9023	0
9936766	-1	3406992	0	0	2966528	6965	0
9943750	-1	3994784	0	0	3487744	6984	0
9952757	-1	3809808	0	0	4298752	9026	0
9961754	-1	3841232	0	0	4304896	8965	0
9968759	-1	4258656	0	0	3730432	7007	0
9971757	-1	4139184	0	0	1538048	2972	0
9980755	-1	4341256	0	0	4884480	9001	0
9988758	-1	3264904	0	0	3263488	7996	0
9996762	-1	2435808	0	0	912384	2996	0
10005757	-1	-1	0	0	0	0	0
10014754	-1	-1	0	0	0	0	0
10024752	-1	34816	0	0	136192	31290	0
10031774	-1	144648	0	0	145408	8041	0
10041765	-1	-1	0	0	114688	5996	0
10047755	-1	132488	0	0	148480	8965	0
10056761	-1	156744	0	0	188416	9616	0
10063757	-1	172480	0	0	159744	7409	0
10072754	-1	150560	0	0	168960	8977	0
10082762	-1	176672	0	0	221184	10015	0
10091753	-1	179872	0	0	188416	8379	0
10097756	-1	178200	0	0	147456	6619	0
10106757	-1	203440	0	0	204800	8053	0
10115769	-1	215304	0	0	269312	10006	0
10124754	-1	226600	0	0	225280	7953	0
10129752	-1	235528	0	0	176128	5982	0
10138752	-1	242304	0	0	242688	8012	0
10145755	-1	251288	0	0	251904	8019	0
10154751	-1	233712	0	0	262144	8973	0
10163754	-1	270104	0	0	270336	8006	0
10173763	-1	281464	0	0	352256	10012	0
10182753	-1	317016	0	0	419840	10594	0
10191756	-1	-1	0	0	124928	1143	0
10198760	-1	-1	0	0	0	0	0
10201757	-1	-1	0	0	0	0	0
10211756	-1	-1	0	0	0	0	0
10217752	-1	-1	0	0	0	0	0
10223757	-1	-1	0	0	0	0	0
10228756	-1	-1	0	0	0	0	0
10236754	-1	-1	0	0	0	0	0
10246763	-1	-1	0	0	0	0	0
10255754	-1	-1	0	0	0	0	0
10265757	-1	-1	0	0	0	0	0
10273766	-1	-1	0	0	0	0	0
10282757	-1	-1	0	0	0	0	0
10289756	-1	-1	0	0	0	0	0
10293757	-1	-1	0	0	0	0	0
10301769	-1	47680	0	0	702464	117858	0
10311754	-1	1012072	0	0	1271808	10053	0
10317752	-1	1412496	0	0	1054720	5973	0
10322754	-1	1353856	0	0	845824	4998	0
10331751	-1	1426728	0	0	1605632	9003	0
10337750	-1	1472368	0	0	1107968	6020	0
10344754	-1	557448	0	0	442368	6348	0
10354755	-1	113592	0	0	142336	10024	0
10359769	-1	-1	0	0	82944	5563	0
10369757	-1	726200	0	0	910336	10028	0
10378765	-1	1485952	0	0	1674240	9013	0
10383752	-1	1711800	0	0	1063936	4972	0
10392760	-1	1887640	0	0	2121728	8992	0
10395760	-1	1715288	0	0	648192	3023	0
10404762	-1	1649312	0	0	1840128	8925	0
10413756	-1	1791520	0	0	2032640	9076	0
10422758	-1	1819632	0	0	2039808	8967	0
10429750	-1	1861104	0	0	1609728	6919	0
10438753	-1	2037464	0	0	2271232	8917	0
10447759	-1	2062344	0	0	1027072	3984	-1
10456753	-1	1371528	0	0	755712	4408	-1
10462755	-1	3537248	0	0	2646016	5984	-1
10470758	-1	3927632	0	0	3930112	8005	-1
10479757	-1	2562744	0	0	2879488	8988	-1
10488782	-1	1539848	0	0	1728512	8980	-1
10497761	-1	1618880	0	0	1828864	9037	-1
10506754	-1	1583656	0	0	407552	2058	-1
10515752	-1	-1	0	0	0	0	-1
10524754	-1	-1	0	0	0	0	-1
10533756	-1	-1	0	0	0	0	-1
10536758	-1	-1	0	0	0	0	-1
10545805	-1	-1	0	0	0	0	-1
10554766	-1	-1	0	0	0	0	-1
10563755	-1	-1	0	0	0	0	-1
10572754	-1	-1	0	0	0	0	-1
10581753	-1	18312	0	0	187392	81856	-1
10590757	-1	1167976	0	0	1323008	9061	-1
10599750	-1	2453912	0	0	2756608	8986	-1
10608762	-1	2734496	0	0	3061760	8957	-1
10617754	-1	2790320	0	0	3153920	9042	-1
10623765	-1	2853432	0	0	2118656	5939	-1
10632755	-1	1285304	0	0	1445888	8999	-1
10641753	-1	1325736	0	0	1495040	9021	-1
10651755	-1	1425808	0	0	1765376	9905	-1
10660753	-1	1504848	0	0	1704960	9063	-1
10669758	-1	1183992	0	0	1327104	8967	-1
10678753	-1	1886264	0	0	2125824	9016	-1
10688759	-1	1826264	0	0	2271232	9949	-1
10696754	-1	1818072	0	0	1824768	8029	-1
10705762	-1	1648776	0	0	1851392	8983	-1
10715760	-1	1519648	0	0	1893376	9967	-1
10724777	-1	941504	0	0	1056768	8979	-1
10733760	-1	698296	0	0	786432	9009	-1
10743754	-1	1231232	0	0	1544192	10033	-1
10750761	-1	1805168	0	0	1586176	7029	-1
10757750	-1	2415616	0	0	2109440	6986	-1
10765760	-1	2826536	0	0	2818048	7975	-1
10774751	-1	2965800	0	0	3334144	8993	-1
10778750	-1	3578624	0	0	1785856	3992	-1
10784754	-1	2485096	0	0	1859584	5986	-1
10792753	-1	1791872	0	0	1769472	7899	-1
10798752	-1	1696520	0	0	1276928	6021	-1
10805757	-1	929512	0	0	804864	6927	-1
10814752	-1	1935400	0	0	2165760	8952	-1
10820750	-1	1841256	0	0	1387520	6028	-1
10829768	-1	1772320	0	0	1990656	8985	-1
10835750	-1	1875552	0	0	1408000	6005	-1
10843762	-1	1879944	0	0	1884160	8017	-1
10850754	-1	2811792	0	0	2448384	6966	-1
10856752	-1	3358520	0	0	2518016	5997	-1
10861752	-1	3236632	0	0	2030592	5019	-1
10870754	-1	3748320	0	0	4179968	8921	-1
10879751	-1	3338248	0	0	3771392	9038	-1
10883752	-1	3664936	0	0	1823744	3980	-1
10892763	-1	4082688	0	0	4598784	9011	-1
10898759	-1	1223392	0	0	879616	5751	-1
10905770	-1	2043080	0	0	1784832	6988	-1
10914753	-1	1656024	0	0	1849344	8933	-1
10919753	-1	1658240	0	0	1047552	5053	-1
10928753	-1	1765352	0	0	1996800	9048	-1
10937763	-1	1801384	0	0	2026496	8999	-1
10946765	-1	1749264	0	0	1973248	9024	-1
10955757	-1	1834624	0	0	2058240	8975	-1
10965167	3800176	1774288	342016	720	1350656	6089	951
10974168	-1	2228848	0	0	2470912	8868	0
10983161	-1	2273744	0	0	2592768	9122	0
10992164	-1	2345304	0	0	2629632	8969	0
11001166	-1	2360424	0	0	2654208	8995	0
11010160	-1	2358528	0	0	2642944	8964	0
11016168	-1	2487160	0	0	1876992	6037	0
11025168	-1	2428304	0	0	778240	2563	0
11032161	-1	-1	0	0	0	0	0
11041163	-1	-1	0	0	0	0	0
11044163	-1	-1	0	0	0	0	0
11053162	-1	-1	0	0	0	0	0
11059171	-1	-1	0	0	0	0	0
11068167	-1	-1	0	0	0	0	0
11078158	-1	-1	0	0	0	0	0
11083158	-1	-1	0	0	0	0	0
11092158	-1	-1	0	0	0	0	0
11094160	-1	-1	0	0	0	0	0
11103158	-1	-1	0	0	0	0	0
11112159	-1	-1	0	0	0	0	0
11120169	-1	-1	0	0	0	0	0
11129166	-1	-1	0	0	0	0	0
11138165	-1	-1	0	0	0	0	0
11147160	-1	-1	0	0	0	0	0
11155165	-1	-1	0	0	0	0	0
11162158	-1	-1	0	0	0	0	0
11165165	-1	-1	0	0	0	0	0
11174160	-1	-1	0	0	0	0	0
11182172	-1	-1	0	0	0	0	0
11189160	-1	-1	0	0	0	0	0
11198161	-1	-1	0	0	0	0	0
11201162	-1	-1	0	0	0	0	0
11210158	-1	-1	0	0	0	0	0
11219162	-1	-1	0	0	0	0	0
11221162	-1	-1	0	0	0	0	0
11230162	-1	-1	0	0	26624	2332	-1
11238158	-1	2924896	0	0	2933760	8024	-1
11245165	-1	3903520	0	0	3414016	6996	-1
11252156	-1	2504176	0	0	2185216	6981	-1
11261161	-1	3174176	0	0	3560448	8973	-1
11268161	-1	3351880	0	0	2940928	7019	-1
11277164	-1	3075424	0	0	3461120	9003	-1
11283157	-1	2933000	0	0	2201600	6005	-1
11292158	-1	3344544	0	0	3739648	8945	-1
11294158	-1	3357528	0	0	845824	2015	-1
11303164	-1	3086192	0	0	3420160	8865	-1
11305170	-1	1923016	0	0	486400	2023	-1
11314162	-1	1569200	0	0	1772544	9036	-1
11323166	-1	1764824	0	0	488448	2214	-1
11332164	-1	-1	0	0	0	0	-1
11341164	-1	-1	0	0	0	0	-1
11350158	-1	-1	0	0	0	0	-1
11356164	-1	-1	0	0	0	0	-1
11366167	-1	-1	0	0	0	0	-1
11375161	-1	-1	0	0	0	0	-1
11381158	-1	-1	0	0	0	0	-1
11388157	-1	-1	0	0	0	0	-1
11396168	-1	-1	0	0	0	0	-1
11404169	-1	-1	0	0	0	0	-1
11413161	-1	-1	0	0	0	0	-1
11422162	-1	-1	0	0	0	0	-1
11431158	-1	-1	0	0	0	0	-1
11440161	-1	-1	0	0	0	0	-1
11449157	-1	-1	0	0	0	0	-1
11458166	-1	-1	0	0	0	0	-1
11460165	-1	-1	0	0	0	0	-1
11468160	-1	-1	0	0	0	0	-1
11472163	-1	-1	0	0	0	0	-1
11481159	-1	-1	0	0	0	0	-1
11484157	-1	-1	0	0	0	0	-1
11493163	-1	-1	0	0	0	0	-1
11502169	-1	-1	0	0	0	0	-1
11510169	-1	-1	0	0	0	0	-1
11519167	-1	-1	0	0	0	0	-1
11528160	-1	-1	0	0	0	0	-1
11532162	-1	-1	0	0	0	0	-1
11540158	-1	-1	0	0	0	0	-1
11548160	-1	-1	0	0	0	0	-1
11557162	-1	-1	0	0	0	0	-1
11560171	-1	-1	0	0	0	0	-1
11568165	-1	-1	0	0	0	0	-1
11576164	-1	-1	0	0	0	0	-1
11585163	-1	-1	0	0	0	0	-1
11594165	-1	1217816	0	0	1106944	7271	-1
11602177	-1	4243584	0	0	4225024	7965	-1
11611173	-1	4203736	0	0	4733952	9009	-1
11620170	-1	1860248	0	0	2088960	8983	-1
11626156	-1	2568304	0	0	1918976	5977	-1
11635157	-1	2995608	0	0	3372032	9005	-1
11638162	-1	3282512	0	0	1225728	2987	-1
11648164	-1	3489752	0	0	4366336	10009	-1
11653158	-1	3446576	0	0	2153472	4998	-1
11661162	-1	3567008	0	0	3552256	7966	-1
11668159	-1	3672240	0	0	2836480	6179	-1
11676168	-1	-1	0	0	0	0	-1
11686165	-1	-1	0	0	0	0	-1
11690166	-1	-1	0	0	0	0	-1
11698160	-1	-1	0	0	0	0	-1
11707159	-1	-1	0	0	0	0	-1
11712158	-1	-1	0	0	0	0	-1
11721161	-1	-1	0	0	0	0	-1
11730166	-1	-1	0	0	0	0	-1
11739167	-1	-1	0	0	0	0	-1
11747162	-1	-1	0	0	0	0	-1
11756171	-1	-1	0	0	0	0	-1
11762165	-1	-1	0	0	0	0	-1
11771158	-1	-1	0	0	0	0	-1
11779169	-1	-1	0	0	0	0	-1
11788159	-1	-1	0	0	0	0	-1
11796163	-1	-1	0	0	0	0	-1
11803161	-1	-1	0	0	0	0	-1
11812159	-1	-1	0	0	0	0	-1
11821160	-1	-1	0	0	0	0	-1
11829157	-1	-1	0	0	0	0	-1
11838161	-1	-1	0	0	0	0	-1
11844158	-1	-1	0	0	0	0	-1
11849160	-1	-1	0	0	0	0	-1
11858162	-1	-1	0	0	0	0	-1
11866159	-1	-1	0	0	0	0	-1
11872159	-1	-1	0	0	0	0	-1
11879158	-1	-1	0	0	0	0	-1
11888157	-1	-1	0	0	0	0	-1
11896166	-1	-1	0	0	0	0	-1
11904167	-1	-1	0	0	0	0	-1
11912162	-1	-1	0	0	0	0	-1
11921161	-1	-1	0	0	0	0	-1
11924163	-1	-1	0	0	0	0	-1
11933161	-1	-1	0	0	0	0	-1
11942160	-1	-1	0	0	0	0	-1
11948172	-1	-1	0	0	0	0	-1
11957159	-1	1767392	0	0	2267136	10262	-1
11960158	-1	3977344	0	0	1477632	2972	-1
11969164	-1	3975984	0	0	4469760	8993	-1
11977164	-1	4128136	0	0	4116480	7977	-1
11980158	-1	4210784	0	0	1586176	3013	-1
11989160	-1	4310632	0	0	4840448	8983	-1
11996169	-1	5228552	0	0	4574208	6998	-1
12005157	-1	6645936	0	0	7449600	8967	-1
12007156	-1	7305616	0	0	1848320	2023	-1
12016163	-1	7105432	0	0	5644288	6354	-1
12019174	-1	-1	0	0	0	0	-1
12028168	-1	-1	0	0	0	0	-1
12037158	-1	-1	0	0	0	0	-1
12046163	-1	-1	0	0	0	0	-1
12055163	-1	-1	0	0	0	0	-1
12064170	-1	-1	0	0	0	0	-1
12073166	-1	-1	0	0	0	0	-1
12082168	-1	-1	0	0	0	0	-1
12091159	-1	-1	0	0	0	0	-1
12100164	-1	-1	0	0	0	0	-1
12103164	-1	-1	0	0	0	0	-1
12112164	-1	-1	0	0	0	0	-1
12120159	-1	-1	0	0	0	0	-1
12122167	-1	-1	0	0	0	0	-1
12131162	-1	-1	0	0	0	0	-1
12135164	-1	-1	0	0	0	0	-1
12144158	-1	-1	0	0	0	0	-1
12151157	-1	-1	0	0	0	0	-1
12159158	-1	-1	0	0	0	0	-1
12169160	-1	-1	0	0	0	0	-1
12173167	-1	-1	0	0	0	0	-1
12180159	-1	-1	0	0	0	0	-1
12184167	-1	-1	0	0	0	0	-1
12192159	-1	-1	0	0	0	0	-1
12201160	-1	-1	0	0	0	0	-1
12209157	-1	-1	0	0	0	0	-1
12218162	-1	-1	0	0	0	0	-1
12225164	-1	-1	0	0	0	0	-1
12232163	-1	-1	0	0	0	0	-1
12241160	-1	-1	0	0	0	0	-1
12250164	-1	-1	0	0	0	0	-1
12260158	-1	-1	0	0	0	0	-1
12269175	-1	-1	0	0	0	0	-1
12274161	-1	-1	0	0	0	0	-1
12283169	-1	-1	0	0	0	0	-1
12292157	-1	-1	0	0	0	0	-1
12301159	-1	-1	0	0	0	0	-1
12310159	-1	631560	0	0	240640	3048	-1
12319161	-1	389312	0	0	437248	8984	-1
12328157	-1	961008	0	0	1083392	9018	-1
12331167	-1	1384104	0	0	524288	3030	-1
12340160	-1	1465288	0	0	1643520	8973	-1
12347158	-1	1577616	0	0	1376256	6978	-1
12356159	-1	1670560	0	0	1888256	9042	-1
12365158	-1	1556368	0	0	1737728	8932	-1
12370157	-1	1695256	0	0	1050624	4957	-1
12376171	-1	1627416	0	0	1235968	6075	-1
12383169	-1	1593608	0	0	1394688	7001	-1
12390157	-1	1815016	0	0	1583104	6977	-1
12398186	-1	1812208	0	0	1814528	8010	-1
12408160	-1	1785248	0	0	2235392	10017	-1
12413159	-1	1863480	0	0	1087488	4668	-1
12422161	-1	1845448	0	0	2120704	9193	-1
12431158	-1	1846080	0	0	2095104	9079	-1
12440160	-1	2256544	0	0	2551808	9046	-1
12449166	-1	2014304	0	0	2259968	8975	-1
12458166	-1	2158176	0	0	2411520	8939	-1
12467166	-1	2082192	0	0	2357248	9056	-1
12476157	-1	1581992	0	0	1768448	8942	-1
12485162	-1	1647304	0	0	1802240	8752	-1
12494160	-1	-1	0	0	0	0	-1
12503164	-1	-1	0	0	0	0	-1
12512168	-1	-1	0	0	0	0	-1
12521167	-1	-1	0	0	0	0	-1
12531206	-1	-1	0	0	0	0	-1
12540166	-1	-1	0	0	0	0	-1
12549158	-1	-1	0	0	0	0	-1
12558169	-1	-1	0	0	0	0	-1
12567167	-1	-1	0	0	0	0	-1
12576183	-1	-1	0	0	0	0	-1
12585168	-1	-1	0	0	0	0	-1
12594162	-1	-1	0	0	0	0	-1
12608327	-1	-1	0	0	0	0	0
12613377	-1	-1	0	0	49152	4490	0
12622345	-1	250720	0	0	288768	9214	0
12629337	-1	290680	0	0	246784	6791	0
12639325	-1	306656	0	0	381952	9964	0
12649331	-1	327456	0	0	412672	10081	0
12658330	-1	342912	0	0	394240	9197	0
12664328	-1	368992	0	0	275456	5972	0
12674336	-1	388584	0	0	481280	9908	0
12683328	-1	408152	0	0	454656	8911	0
12691326	-1	427376	0	0	425984	7973	0
12694331	-1	-1	0	0	128000	3218	0
12703340	-1	498360	0	0	546816	8777	0
12708343	-1	436256	0	0	283648	5201	0
12718328	-1	-1	0	0	0	0	-1
12726325	-1	526752	0	0	230400	3499	-1
12734333	-1	2196328	0	0	2199552	8011	-1
12743332	-1	3699392	0	0	4153344	8981	-1
12752325	-1	5041776	0	0	5655552	8973	-1
12761326	-1	3483160	0	0	3933184	9033	-1
12770325	-1	2400624	0	0	2680832	8933	-1
12779334	-1	2572808	0	0	2905088	9033	-1
12788325	-1	3280744	0	0	3691520	9001	-1
12797327	-1	3754224	0	0	4218880	8990	-1
12806345	-1	2552872	0	0	805888	2525	-1
12815327	-1	-1	0	0	0	0	-1
12824334	-1	-1	0	0	0	0	-1
12826335	-1	-1	0	0	0	0	-1
12834320	15981936	-1	325632	163	0	0	1088
12842313	-1	-1	0	0	0	0	0
12849312	-1	-1	0	0	0	0	0
12858310	-1	-1	0	0	0	0	0
12867316	-1	-1	0	0	0	0	0
12875325	-1	-1	0	0	0	0	0
12883321	-1	-1	0	0	0	0	0
12890315	-1	-1	0	0	0	0	0
12900312	-1	-1	0	0	0	0	0
12907314	-1	-1	0	0	0	0	0
12915315	-1	-1	0	0	0	0	0
12922318	-1	-1	0	0	0	0	0
12932311	-1	-1	0	0	0	0	0
12940326	-1	-1	0	0	0	0	0
12949316	-1	-1	0	0	0	0	0
12956318	-1	-1	0	0	0	0	0
12962317	-1	-1	0	0	0	0	0
12971313	-1	-1	0	0	0	0	0
12979313	-1	-1	0	0	0	0	0
12988312	-1	-1	0	0	0	0	0
12998320	-1	-1	0	0	0	0	0
13007314	-1	-1	0	0	0	0	0
13015318	-1	-1	0	0	0	0	0
13020330	-1	-1	0	0	0	0	0
13028315	-1	-1	0	0	0	0	0
13036312	-1	-1	0	0	0	0	0
13045319	-1	-1	0	0	0	0	0
13054319	-1	-1	0	0	0	0	0
13059309	-1	-1	0	0	0	0	0
13064329	-1	-1	0	0	0	0	0
13073310	-1	-1	0	0	0	0	0
13083312	-1	-1	0	0	0	0	0
13088311	-1	-1	0	0	0	0	0
13097324	-1	-1	0	0	0	0	0
13106340	-1	-1	0	0	0	0	0
13115316	-1	-1	0	0	0	0	0
13122320	-1	-1	0	0	0	0	0
13132309	-1	-1	0	0	0	0	0
13140310	-1	-1	0	0	0	0	0
13149318	-1	-1	0	0	0	0	0
13157323	-1	-1	0	0	0	0	0
13162320	-1	-1	0	0	0	0	0
13167320	-1	-1	0	0	0	0	0
13177315	-1	-1	0	0	0	0	0
13186313	-1	-1	0	0	0	0	0
13192329	-1	-1	0	0	0	0	0
13200313	-1	-1	0	0	0	0	0
13208310	-1	-1	0	0	0	0	0
13217316	-1	-1	0	0	0	0	0
13227312	-1	-1	0	0	0	0	0
13236318	-1	-1	0	0	0	0	0
13244310	-1	-1	0	0	0	0	0
13249315	-1	-1	0	0	0	0	0
13256311	-1	-1	0	0	0	0	0
13261309	-1	-1	0	0	0	0	0
13270309	-1	-1	0	0	0	0	0
13277316	-1	-1	0	0	0	0	0
13286320	-1	-1	0	0	0	0	0
13294313	-1	-1	0	0	0	0	0
13302310	-1	-1	0	0	0	0	0
13312314	-1	-1	0	0	0	0	0
13322317	-1	-1	0	0	0	0	0
13330315	-1	-1	0	0	0	0	0
13339312	-1	-1	0	0	0	0	0
13349312	-1	-1	0	0	0	0	0
13358325	-1	-1	0	0	0	0	0
13367310	-1	-1	0	0	0	0	0
13376330	-1	-1	0	0	0	0	0
13385325	-1	-1	0	0	0	0	0
13394312	-1	-1	0	0	0	0	0
13403319	-1	-1	0	0	0	0	0
13413316	-1	-1	0	0	0	0	0
13423322	-1	-1	0	0	0	0	0
13430308	-1	-1	0	0	0	0	0
13439322	-1	-1	0	0	0	0	0
13445319	-1	-1	0	0	0	0	0
13454315	-1	-1	0	0	0	0	0
13457317	-1	-1	0	0	0	0	0
13465317	-1	-1	0	0	0	0	0
13473310	-1	-1	0	0	0	0	0
13478312	-1	-1	0	0	0	0	0
13487324	-1	-1	0	0	0	0	0
13493318	-1	-1	0	0	0	0	0
13502312	-1	-1	0	0	0	0	0
13511310	-1	-1	0	0	0	0	0
13520312	-1	-1	0	0	0	0	0
13528313	-1	-1	0	0	0	0	0
13535320	-1	-1	0	0	0	0	0
13544317	-1	-1	0	0	0	0	0
13552315	-1	-1	0	0	0	0	0
13556322	-1	-1	0	0	0	0	0
13565319	-1	-1	0	0	0	0	0
13572310	-1	-1	0	0	0	0	0
13581310	-1	-1	0	0	0	0	0
13590314	-1	-1	0	0	0	0	0
13593321	-1	-1	0	0	0	0	0
13600323	-1	-1	0	0	0	0	0
13609321	-1	-1	0	0	0	0	0
13618312	-1	-1	0	0	0	0	0
13627330	-1	-1	0	0	0	0	0
13632310	-1	-1	0	0	0	0	0
13640321	-1	-1	0	0	0	0	0
13647320	-1	-1	0	0	0	0	0
13657309	-1	-1	0	0	0	0	0
13665314	-1	-1	0	0	0	0	0
13670327	-1	-1	0	0	0	0	0
13685314	-1	-1	0	0	0	0	0
13690313	-1	-1	0	0	0	0	0
13699321	-1	-1	0	0	0	0	0
13707321	-1	-1	0	0	0	0	0
13712317	-1	-1	0	0	0	0	0
13718309	-1	-1	0	0	0	0	0
13727310	-1	-1	0	0	0	0	0
13729311	-1	-1	0	0	0	0	0
13738327	-1	-1	0	0	0	0	0
13747310	-1	-1	0	0	0	0	0
13757318	-1	1896	0	0	302080	1272424	0
13766309	-1	937136	0	0	1053696	8995	0
13775314	-1	1404472	0	0	1585152	9029	0
13777312	-1	1594736	0	0	398336	1998	0
13786313	-1	1608776	0	0	1800192	8951	0
13795309	-1	-1	0	0	0	0	-1
13802311	-1	352240	0	0	496640	11279	-1
13811320	-1	1620264	0	0	1816576	8969	-1
13820325	-1	2983488	0	0	3357696	9003	-1
13829314	-1	3729472	0	0	4180992	8968	-1
13838314	-1	3870784	0	0	4363264	9017	-1
13847326	-1	3812920	0	0	4283392	8987	-1
13856310	-1	4138608	0	0	4651008	8990	-1
13865313	-1	4242288	0	0	4746240	8950	-1
13873320	-1	4235160	0	0	3798016	7174	-1
13876314	-1	852984	0	0	382976	3591	-1
13884319	-1	4542976	0	0	4564992	8038	-1
13893312	-1	4829032	0	0	5425152	8987	-1
13898310	-1	3806920	0	0	2377728	4996	-1
13907308	-1	3405400	0	0	3843072	9028	-1
13913308	-1	4046920	0	0	3026944	5983	-1
13922324	-1	4658416	0	0	5226496	8975	-1
13931322	-1	4984936	0	0	5573632	8944	-1
13941314	-1	4464040	0	0	371712	666	-1
13951330	-1	-1	0	0	0	0	-1
13960315	-1	-1	0	0	0	0	-1
13969315	-1	-1	0	0	0	0	-1
13978322	-1	-1	0	0	0	0	-1
13980317	-1	-1	0	0	0	0	-1
13989314	-1	-1	0	0	0	0	-1
13994321	-1	-1	0	0	0	0	-1
14003310	-1	-1	0	0	0	0	-1
14012313	-1	-1	0	0	0	0	-1
14014311	-1	-1	0	0	0	0	-1
14022313	-1	-1	0	0	0	0	-1
14031312	-1	-1	0	0	0	0	-1
14040316	-1	-1	0	0	0	0	-1
14047315	-1	-1	0	0	0	0	-1
14051315	-1	465216	0	0	166912	2870	-1
14058311	-1	3437864	0	0	3263488	7594	-1
14067311	-1	8232168	0	0	9244672	8983	-1
14073309	-1	7104768	0	0	5322752	5993	-1
14082324	-1	7034656	0	0	7841792	8917	-1
14084319	-1	7223856	0	0	1845248	2043	-1
14093311	-1	4320024	0	0	4746240	8789	-1
14095308	-1	8409112	0	0	2094080	1992	-1
14104314	-1	7889688	0	0	8857600	8981	-1
14106332	-1	7865312	0	0	1903616	1936	-1
14115313	-1	8286048	0	0	9364480	9041	-1
14124325	-1	6293512	0	0	1874944	2383	-1
14134315	-1	-1	0	0	0	0	-1
14143318	-1	-1	0	0	0	0	-1
14150322	-1	-1	0	0	0	0	-1
14156315	-1	-1	0	0	0	0	-1
14165317	-1	-1	0	0	0	0	-1
14173310	-1	-1	0	0	0	0	-1
14179309	-1	-1	0	0	0	0	-1
14185315	-1	-1	0	0	0	0	-1
14195320	-1	-1	0	0	0	0	-1
14204308	-1	-1	0	0	0	0	-1
14213316	-1	-1	0	0	0	0	-1
14220310	-1	-1	0	0	0	0	-1
14226310	-1	-1	0	0	0	0	-1
14234309	-1	-1	0	0	0	0	-1
14239327	-1	-1	0	0	0	0	-1
14245312	-1	-1	0	0	0	0	-1
14253322	-1	-1	0	0	0	0	-1
14258321	-1	-1	0	0	0	0	-1
14267314	-1	-1	0	0	0	0	-1
14275311	-1	-1	0	0	0	0	-1
14285329	-1	-1	0	0	0	0	-1
14295311	-1	-1	0	0	0	0	-1
14304314	-1	-1	0	0	0	0	-1
14309316	-1	-1	0	0	0	0	-1
14317316	-1	-1	0	0	0	0	-1
14326316	-1	-1	0	0	0	0	-1
14334310	-1	-1	0	0	0	0	-1
14342311	-1	-1	0	0	0	0	-1
14349316	-1	-1	0	0	0	0	-1
14357309	-1	-1	0	0	0	0	-1
14366320	-1	-1	0	0	0	0	-1
14375316	-1	-1	0	0	0	0	-1
14384317	-1	-1	0	0	0	0	-1
14392313	-1	-1	0	0	0	0	-1
14396312	-1	-1	0	0	0	0	-1
14405321	-1	-1	0	0	0	0	-1
14412312	-1	972896	0	0	528384	4344	-1
14416324	-1	3312968	0	0	1669120	4030	-1
14425309	-1	5604744	0	0	6293504	8983	-1
14432319	-1	6512904	0	0	5693440	6993	-1
14436319	-1	5564832	0	0	2782208	3999	-1
14445314	-1	6121920	0	0	6851584	8953	-1
14455310	-1	4798944	0	0	5986304	9979	-1
14460312	-1	4675760	0	0	2904064	4968	-1
14469314	-1	4466120	0	0	5030912	9011	-1
14478320	-1	4481984	0	0	5045248	9005	-1
14487314	-1	3502232	0	0	1506304	3440	-1
14493323	-1	-1	0	0	0	0	-1
14500312	-1	-1	0	0	0	0	-1
14507315	-1	-1	0	0	0	0	-1
14512317	-1	-1	0	0	0	0	-1
14521310	-1	-1	0	0	0	0	-1
14530308	-1	-1	0	0	0	0	-1
14535321	-1	-1	0	0	0	0	-1
14542313	-1	-1	0	0	0	0	-1
14546319	-1	-1	0	0	0	0	-1
14554333	-1	-1	0	0	0	0	-1
14564320	-1	-1	0	0	0	0	-1
14573310	-1	-1	0	0	0	0	-1
14583314	-1	-1	0	0	0	0	-1
14590316	-1	-1	0	0	0	0	-1
14598317	-1	-1	0	0	0	0	-1
14607312	-1	-1	0	0	0	0	-1
14613326	-1	-1	0	0	0	0	-1
14618310	-1	-1	0	0	0	0	-1
14624317	-1	-1	0	0	0	0	-1
14633309	-1	-1	0	0	0	0	-1
14643318	-1	-1	0	0	0	0	-1
14652313	-1	-1	0	0	0	0	-1
14661311	-1	-1	0	0	0	0	-1
14663318	-1	-1	0	0	0	0	-1
14672310	-1	-1	0	0	0	0	-1
14680312	-1	-1	0	0	0	0	-1
14687326	-1	-1	0	0	0	0	-1
14696317	-1	-1	0	0	0	0	-1
14705308	-1	-1	0	0	0	0	-1
14714313	-1	-1	0	0	0	0	-1
14721314	-1	-1	0	0	0	0	-1
14730310	-1	-1	0	0	0	0	-1
14739320	-1	-1	0	0	0	0	-1
14749321	-1	-1	0	0	0	0	-1
14758314	-1	-1	0	0	0	0	-1
14762314	-1	-1	0	0	0	0	-1
14769315	-1	-1	0	0	0	0	-1
14777313	-1	-1	0	0	0	0	-1
14786314	-1	-1	0	0	0	0	-1
14795323	-1	-1	0	0	0	0	-1
14804317	-1	-1	0	0	0	0	-1
14813309	-1	-1	0	0	0	0	-1
14821312	-1	-1	0	0	0	0	-1
14830330	-1	-1	0	0	0	0	-1
14838309	-1	-1	0	0	0	0	-1
14844313	-1	-1	0	0	0	0	-1
14849312	-1	-1	0	0	0	0	-1
14855318	-1	-1	0	0	0	0	-1
14863308	-1	-1	0	0	0	0	-1
14872316	-1	-1	0	0	0	0	-1
14878313	-1	-1	0	0	0	0	-1
14887310	-1	-1	0	0	0	0	-1
14893314	-1	-1	0	0	0	0	-1
14900327	-1	-1	0	0	0	0	-1
14905310	-1	-1	0	0	0	0	-1
14914328	-1	-1	0	0	0	0	-1
14919309	-1	-1	0	0	0	0	-1
14929313	-1	-1	0	0	0	0	-1
14933314	-1	-1	0	0	0	0	-1
14942309	-1	-1	0	0	0	0	-1
14951315	-1	-1	0	0	0	0	-1
14960320	-1	-1	0	0	0	0	-1
14969325	-1	-1	0	0	0	0	-1
14976316	-1	-1	0	0	0	0	-1
14985313	-1	-1	0	0	0	0	-1
14990314	-1	-1	0	0	0	0	-1
14999310	-1	-1	0	0	0	0	-1
15008311	-1	-1	0	0	0	0	-1
15013316	-1	-1	0	0	0	0	-1
15022310	-1	-1	0	0	0	0	-1
15031309	-1	-1	0	0	0	0	-1
15039334	-1	-1	0	0	0	0	-1
15048314	-1	-1	0	0	0	0	-1
15053310	-1	-1	0	0	0	0	-1
15061311	-1	-1	0	0	0	0	-1
15066313	-1	-1	0	0	0	0	-1
15074312	-1	-1	0	0	0	0	-1
15078318	-1	-1	0	0	0	0	-1
15085318	-1	-1	0	0	0	0	-1
15095313	-1	-1	0	0	0	0	-1
15104315	-1	-1	0	0	0	0	-1
15112327	-1	-1	0	0	0	0	-1
15121309	-1	-1	0	0	0	0	-1
15127320	-1	-1	0	0	0	0	-1
15132310	-1	-1	0	0	112640	4346	-1
15141311	-1	1781040	0	0	2001920	8992	-1
15144309	-1	3619488	0	0	1353728	2992	-1
15153315	-1	5267528	0	0	5914624	8982	-1
15161310	-1	5881296	0	0	5861376	7972	-1
15169342	-1	6477400	0	0	6477824	8000	-1
15178328	-1	5503080	0	0	6190080	8998	-1
15186322	-1	4799120	0	0	4690944	7819	-1
15195325	-1	4782224	0	0	5390336	9017	-1
15203316	-1	6387344	0	0	6380544	7991	-1
15208311	-1	6467968	0	0	4026368	4980	-1
15215310	-1	6667688	0	0	5818368	6980	-1
15224313	-1	6755848	0	0	7576576	8971	-1
15229329	-1	3918472	0	0	1650688	3370	-1
15237311	-1	-1	0	0	0	0	-1
15246317	-1	-1	0	0	0	0	-1
15256316	-1	-1	0	0	0	0	-1
15262332	-1	-1	0	0	0	0	-1
15271313	-1	-1	0	0	0	0	-1
15275314	-1	-1	0	0	0	0	-1
15282330	-1	-1	0	0	0	0	-1
15290328	-1	-1	0	0	0	0	-1
15293312	-1	-1	0	0	0	0	-1
15302324	-1	-1	0	0	0	0	-1
15305309	-1	-1	0	0	0	0	-1
15314316	-1	-1	0	0	0	0	-1
15322316	-1	-1	0	0	0	0	-1
15331313	-1	-1	0	0	0	0	-1
15335325	-1	-1	0	0	0	0	-1
15344315	-1	-1	0	0	0	0	-1
15353311	-1	-1	0	0	0	0	-1
15363316	-1	-1	0	0	0	0	-1
15369315	-1	-1	0	0	0	0	-1
15378311	-1	-1	0	0	0	0	-1
15387309	-1	-1	0	0	0	0	-1
15396326	-1	-1	0	0	0	0	-1
15403320	-1	-1	0	0	0	0	-1
15407309	-1	-1	0	0	0	0	-1
15416316	-1	-1	0	0	0	0	-1
15422326	-1	-1	0	0	0	0	-1
15430320	-1	-1	0	0	0	0	-1
15439316	-1	-1	0	0	0	0	-1
15448313	-1	-1	0	0	0	0	-1
15457320	-1	-1	0	0	0	0	-1
15466327	-1	-1	0	0	0	0	-1
15475315	-1	-1	0	0	0	0	-1
15484313	-1	-1	0	0	0	0	-1
15493310	-1	-1	0	0	0	0	-1
15502313	-1	-1	0	0	0	0	-1
15511313	-1	-1	0	0	0	0	-1
15520311	-1	-1	0	0	0	0	-1
15529314	-1	-1	0	0	0	0	-1
15538317	-1	-1	0	0	0	0	-1
15547311	-1	-1	0	0	0	0	-1
15556324	-1	-1	0	0	0	0	-1
15565320	-1	-1	0	0	0	0	-1
15574327	-1	-1	0	0	0	0	-1
15583317	-1	-1	0	0	0	0	-1
15592312	-1	-1	0	0	0	0	-1
15601331	-1	-1	0	0	0	0	-1
15624920	-1	-1	0	0	0	0	0
15633897	-1	-1	0	0	0	0	0
15642901	-1	-1	0	0	0	0	0
15645899	-1	-1	0	0	0	0	0
15661906	-1	-1	0	0	0	0	0
15669904	-1	-1	0	0	0	0	0
15676898	-1	-1	0	0	0	0	0
15682899	-1	-1	0	0	0	0	0
15691898	-1	-1	0	0	0	0	0
15700902	-1	-1	0	0	0	0	0
15708896	-1	-1	0	0	0	0	0
15717912	-1	-1	0	0	0	0	0
15726897	-1	-1	0	0	0	0	0
15734905	-1	-1	0	0	0	0	0
15743902	-1	-1	0	0	0	0	0
15752900	-1	-1	0	0	0	0	0
15759903	-1	-1	0	0	0	0	0
15769911	-1	-1	0	0	0	0	0
15770897	-1	-1	0	0	0	0	0
15779893	-1	-1	0	0	0	0	0
15788904	-1	-1	0	0	0	0	0
15792894	-1	-1	0	0	0	0	0
15801898	-1	-1	0	0	0	0	0
15810897	-1	-1	0	0	0	0	0
15892902	-1	-1	0	0	0	0	0
15901900	-1	-1	0	0	0	0	0
15911899	-1	-1	0	0	0	0	0
15912896	-1	-1	0	0	0	0	0
15921895	-1	-1	0	0	0	0	0
15930903	-1	-1	0	0	0	0	0
15939899	-1	-1	0	0	0	0	0
16015898	-1	-1	0	0	0	0	0
16021908	-1	-1	0	0	0	0	0
16030910	-1	-1	0	0	0	0	0
16037904	-1	-1	0	0	0	0	0
16043900	-1	-1	0	0	0	0	0
16050905	-1	-1	0	0	0	0	0
16059906	-1	-1	0	0	0	0	0
16065901	-1	-1	0	0	0	0	0
16073898	-1	-1	0	0	0	0	0
16083904	-1	-1	0	0	0	0	0
16092904	-1	-1	0	0	0	0	0
16102900	-1	-1	0	0	0	0	0
16112905	-1	-1	0	0	0	0	0
16114903	-1	-1	0	0	0	0	0
16123899	-1	-1	0	0	0	0	0
16132900	-1	-1	0	0	0	0	0
16141895	-1	-1	0	0	0	0	0
16144903	-1	-1	0	0	0	0	0
16153899	-1	-1	0	0	0	0	0
16160899	-1	-1	0	0	0	0	0
16170904	-1	-1	0	0	0	0	0
16179902	-1	-1	0	0	0	0	0
16188897	-1	-1	0	0	0	0	0
16189898	-1	-1	0	0	0	0	0
16198898	-1	-1	0	0	0	0	0
16207895	-1	-1	0	0	0	0	0
16216907	-1	-1	0	0	0	0	0
16225907	-1	-1	0	0	0	0	0
16233895	-1	-1	0	0	0	0	0
16239897	-1	-1	0	0	0	0	0
16246897	-1	-1	0	0	0	0	0
16251897	-1	-1	0	0	0	0	0
16260909	-1	-1	0	0	0	0	0
16264899	-1	-1	0	0	0	0	0
16274900	-1	-1	0	0	0	0	0
16278902	-1	-1	0	0	0	0	0
16287900	-1	-1	0	0	0	0	0
16295899	-1	-1	0	0	0	0	0
16305899	-1	-1	0	0	0	0	0
16313899	-1	-1	0	0	0	0	0
16322897	-1	-1	0	0	0	0	0
16331903	-1	-1	0	0	0	0	0
16337895	-1	-1	0	0	0	0	0
16343894	-1	-1	0	0	0	0	0
16351899	-1	-1	0	0	0	0	0
16358898	-1	-1	0	0	0	0	0
16366899	-1	-1	0	0	0	0	0
16375898	-1	-1	0	0	0	0	0
16378894	-1	-1	0	0	0	0	0
16386902	-1	-1	0	0	0	0	0
16395902	-1	-1	0	0	0	0	0
16404899	-1	-1	0	0	0	0	0
16409900	-1	-1	0	0	0	0	0
16415898	-1	-1	0	0	0	0	0
16424908	-1	-1	0	0	0	0	0
16433898	-1	-1	0	0	0	0	0
16441902	-1	-1	0	0	0	0	0
16450921	-1	-1	0	0	0	0	0
16458897	-1	-1	0	0	0	0	0
16462896	-1	-1	0	0	0	0	0
16470902	-1	-1	0	0	0	0	0
16476913	-1	-1	0	0	0	0	0
16485906	-1	-1	0	0	0	0	0
16493895	-1	-1	0	0	0	0	0
16499895	-1	-1	0	0	0	0	0
16508895	-1	-1	0	0	0	0	0
16516901	-1	-1	0	0	0	0	0
16523899	-1	-1	0	0	0	0	0
16533913	-1	-1	0	0	0	0	0
16541908	-1	-1	0	0	0	0	0
16550898	-1	-1	0	0	0	0	0
16559895	-1	-1	0	0	0	0	0
16562901	-1	-1	0	0	0	0	0
16571897	-1	-1	0	0	0	0	0
16580902	-1	-1	0	0	0	0	0
16589903	-1	-1	0	0	0	0	0
16597900	-1	-1	0	0	0	0	0
16606898	-1	-1	0	0	0	0	0
16615905	-1	-1	0	0	0	0	0
16625897	-1	-1	0	0	0	0	0
16634895	-1	-1	0	0	0	0	0
16641905	-1	-1	0	0	0	0	0
16649904	-1	-1	0	0	0	0	0
16659903	-1	-1	0	0	0	0	0
16666901	-1	-1	0	0	0	0	0
16673904	-1	-1	0	0	0	0	0
16682900	-1	-1	0	0	0	0	0
16690899	-1	-1	0	0	0	0	0
16698909	-1	-1	0	0	0	0	0
16706907	-1	-1	0	0	0	0	0
16715913	-1	-1	0	0	0	0	0
16722894	-1	-1	0	0	0	0	0
16728895	-1	-1	0	0	0	0	0
16737901	-1	-1	0	0	0	0	0
16744907	-1	-1	0	0	0	0	0
16753897	-1	-1	0	0	0	0	0
16758913	-1	-1	0	0	0	0	0
16767904	-1	-1	0	0	0	0	0
16776904	-1	-1	0	0	0	0	0
16786901	-1	-1	0	0	0	0	0
16795898	-1	-1	0	0	0	0	0
16800903	-1	-1	0	0	0	0	0
16809909	-1	-1	0	0	0	0	0
16818904	-1	-1	0	0	0	0	0
16820896	-1	-1	0	0	0	0	0
16829903	-1	-1	0	0	0	0	0
16837903	-1	-1	0	0	0	0	0
16843898	-1	-1	0	0	0	0	0
16852902	-1	-1	0	0	0	0	0
16861902	-1	-1	0	0	0	0	0
16867910	-1	-1	0	0	0	0	0
16876905	-1	-1	0	0	0	0	0
16886900	-1	-1	0	0	0	0	0
16896902	-1	-1	0	0	0	0	0
16903901	-1	-1	0	0	0	0	0
16909901	-1	-1	0	0	0	0	0
16918910	-1	-1	0	0	0	0	0
16928897	-1	-1	0	0	0	0	0
16937902	-1	-1	0	0	0	0	0
16945908	-1	-1	0	0	0	0	0
16955897	-1	-1	0	0	0	0	0
16962895	-1	-1	0	0	0	0	0
16972903	-1	-1	0	0	0	0	0
16981898	-1	-1	0	0	0	0	0
16988907	-1	-1	0	0	0	0	0
16997903	-1	-1	0	0	0	0	0
17005903	-1	-1	0	0	0	0	0
17011897	-1	-1	0	0	0	0	0
17020905	-1	-1	0	0	0	0	0
17025904	-1	-1	0	0	0	0	0
17034906	-1	-1	0	0	0	0	0
17041908	-1	-1	0	0	0	0	0
17047909	-1	-1	0	0	0	0	0
17056902	-1	-1	0	0	0	0	0
17063898	-1	-1	0	0	0	0	0
17073896	-1	-1	0	0	0	0	0
17074908	-1	-1	0	0	0	0	0
17083904	-1	-1	0	0	0	0	0
17088897	-1	-1	0	0	0	0	0
17097901	-1	-1	0	0	0	0	0
17098899	-1	-1	0	0	0	0	0
17106903	-1	-1	0	0	0	0	0
17115896	-1	-1	0	0	0	0	0
17123900	-1	-1	0	0	0	0	0
17129902	-1	-1	0	0	0	0	0
17139908	-1	-1	0	0	0	0	0
17145895	-1	-1	0	0	0	0	0
17154904	-1	-1	0	0	0	0	0
17164900	-1	-1	0	0	0	0	0
17167904	-1	-1	0	0	0	0	0
17176896	-1	-1	0	0	0	0	0
17182899	-1	-1	0	0	0	0	0
17191899	-1	-1	0	0	0	0	0
17200899	-1	-1	0	0	0	0	0
17208894	-1	-1	0	0	0	0	0
17216902	-1	-1	0	0	0	0	0
17225903	-1	-1	0	0	0	0	0
17234898	-1	-1	0	0	0	0	0
17243903	-1	-1	0	0	0	0	0
17252909	-1	-1	0	0	0	0	0
17261905	-1	-1	0	0	0	0	0
17268902	-1	-1	0	0	0	0	0
17270906	-1	-1	0	0	0	0	0
17272894	-1	-1	0	0	0	0	0
17273893	-1	-1	0	0	0	0	0
17275903	-1	-1	0	0	0	0	0
17277899	-1	-1	0	0	0	0	0
17280900	-1	-1	0	0	0	0	0
17289897	-1	-1	0	0	0	0	0
17298903	-1	-1	0	0	0	0	0
17308907	-1	-1	0	0	0	0	0
17317903	-1	-1	0	0	0	0	0
17326904	-1	-1	0	0	0	0	0
17335902	-1	-1	0	0	0	0	0
17343898	-1	-1	0	0	0	0	0
17347908	-1	-1	0	0	0	0	0
17354897	-1	-1	0	0	0	0	0
17360896	-1	-1	0	0	0	0	0
17369903	-1	-1	0	0	0	0	0
17377903	-1	-1	0	0	0	0	0
17387902	-1	-1	0	0	0	0	0
17389899	-1	-1	0	0	0	0	0
17398896	-1	-1	0	0	0	0	0
17407902	-1	-1	0	0	0	0	0
17416894	-1	-1	0	0	0	0	0
17426904	-1	-1	0	0	0	0	0
17429903	-1	-1	0	0	0	0	0
17434904	-1	-1	0	0	0	0	0
17439902	-1	-1	0	0	0	0	0
17448896	-1	-1	0	0	0	0	0
17455899	-1	-1	0	0	0	0	0
17464898	-1	-1	0	0	0	0	0
17473896	-1	-1	0	0	0	0	0
17482905	-1	-1	0	0	0	0	0
17491900	-1	-1	0	0	0	0	0
17499898	-1	-1	0	0	0	0	0
17508900	-1	-1	0	0	0	0	0
17517895	-1	-1	0	0	0	0	0
17526911	-1	-1	0	0	0	0	0
17535905	-1	-1	0	0	0	0	0
17544901	-1	-1	0	0	0	0	0
17553902	-1	-1	0	0	0	0	0
17555902	-1	-1	0	0	0	0	0
17564905	-1	-1	0	0	0	0	0
17573903	-1	-1	0	0	0	0	0
17582902	-1	-1	0	0	0	0	0
17591906	-1	-1	0	0	0	0	0
17600903	-1	-1	0	0	0	0	0
17609898	-1	-1	0	0	0	0	0
17615901	-1	-1	0	0	0	0	0
17624901	-1	-1	0	0	0	0	0
17633897	-1	-1	0	0	0	0	0
17642898	-1	-1	0	0	0	0	0
17651902	-1	-1	0	0	0	0	0
17660899	-1	-1	0	0	0	0	0
17669908	-1	-1	0	0	0	0	0
17678898	-1	-1	0	0	0	0	0
17687895	-1	-1	0	0	0	0	0
17695907	-1	-1	0	0	0	0	0
17700904	-1	-1	0	0	0	0	0
17709904	-1	-1	0	0	0	0	0
17718898	-1	-1	0	0	0	0	0
17724900	-1	-1	0	0	0	0	0
17734896	-1	-1	0	0	0	0	0
17743896	-1	-1	0	0	0	0	0
17746896	-1	-1	0	0	0	0	0
17755895	-1	-1	0	0	0	0	0
17764901	-1	-1	0	0	0	0	0
17772899	-1	-1	0	0	0	0	0
17779897	-1	-1	0	0	0	0	0
17788896	-1	-1	0	0	0	0	0
17798900	-1	-1	0	0	0	0	0
17799900	-1	-1	0	0	0	0	0
17808904	-1	-1	0	0	0	0	0
17817896	-1	-1	0	0	0	0	0
17827898	-1	-1	0	0	0	0	0
17835897	-1	-1	0	0	0	0	0
17843913	-1	-1	0	0	0	0	0
17853904	-1	-1	0	0	0	0	0
17861898	-1	-1	0	0	0	0	0
17864895	-1	-1	0	0	0	0	0
17873901	-1	-1	0	0	0	0	0
17877903	-1	-1	0	0	0	0	0
17886897	-1	-1	0	0	0	0	0
17893898	-1	-1	0	0	0	0	0
17901895	-1	-1	0	0	0	0	0
17911907	-1	-1	0	0	0	0	0
17919904	-1	-1	0	0	0	0	0
17926897	-1	-1	0	0	0	0	0
17931896	-1	-1	0	0	0	0	0
17941897	-1	-1	0	0	0	0	0
17950899	-1	-1	0	0	0	0	0
17955914	-1	-1	0	0	0	0	0
17964896	-1	-1	0	0	0	0	0
17974904	-1	-1	0	0	0	0	0
17984903	-1	-1	0	0	0	0	0
17992898	-1	-1	0	0	0	0	0
18001897	-1	-1	0	0	0	0	0
18010903	-1	-1	0	0	0	0	0
18014910	-1	-1	0	0	0	0	0
18022895	-1	-1	0	0	0	0	0
18031894	-1	-1	0	0	0	0	0
18040897	-1	-1	0	0	0	0	0
18045899	-1	-1	0	0	0	0	0
18054899	-1	-1	0	0	0	0	0
18064905	-1	-1	0	0	0	0	0
18073903	-1	-1	0	0	0	0	0
18074906	-1	-1	0	0	0	0	0
18083894	-1	-1	0	0	0	0	0
18091897	-1	-1	0	0	0	0	0
18097902	-1	-1	0	0	0	0	0
18104898	-1	-1	0	0	0	0	0
18113896	-1	-1	0	0	0	0	0
18121895	-1	-1	0	0	0	0	0
18130908	-1	-1	0	0	0	0	0
18136904	-1	-1	0	0	0	0	0
18146902	-1	-1	0	0	0	0	0
18155901	-1	-1	0	0	0	0	0
18164896	-1	-1	0	0	0	0	0
18169896	-1	-1	0	0	0	0	0
18179902	-1	-1	0	0	0	0	0
18187897	-1	-1	0	0	0	0	0
18195903	-1	-1	0	0	0	0	0
18198896	-1	-1	0	0	0	0	0
18207897	-1	-1	0	0	0	0	0
18216897	-1	-1	0	0	0	0	0
18220903	-1	-1	0	0	0	0	0
18229898	-1	-1	0	0	0	0	0
18231900	-1	-1	0	0	0	0	0
18240910	-1	-1	0	0	0	0	0
18246902	-1	-1	0	0	0	0	0
18255905	-1	-1	0	0	0	0	0
18264901	-1	-1	0	0	0	0	0
18270898	-1	-1	0	0	0	0	0
18279897	-1	-1	0	0	0	0	0
18288897	-1	-1	0	0	0	0	0
18294910	-1	-1	0	0	0	0	0
18301902	-1	-1	0	0	0	0	0
18310902	-1	-1	0	0	0	0	0
18319903	-1	-1	0	0	0	0	0
18323899	-1	-1	0	0	0	0	0
18332895	-1	-1	0	0	0	0	0
18341895	-1	-1	0	0	0	0	0
18350908	-1	-1	0	0	0	0	0
18359904	-1	-1	0	0	0	0	0
18366895	-1	-1	0	0	0	0	0
18375901	-1	-1	0	0	0	0	0
18382901	-1	-1	0	0	0	0	0
18390914	-1	-1	0	0	0	0	0
18399903	-1	-1	0	0	0	0	0
18407902	-1	-1	0	0	0	0	0
18417905	-1	-1	0	0	0	0	0
18426900	-1	-1	0	0	0	0	0
18435899	-1	-1	0	0	0	0	0
18445902	-1	-1	0	0	0	0	0
18453908	-1	-1	0	0	0	0	0
18462902	-1	-1	0	0	0	0	0
18471905	-1	-1	0	0	0	0	0
18481899	13530848	-1	1282048	758	0	0	758
18489902	27987520	-1	1318912	377	0	0	377
18493906	-1	-1	0	0	0	0	0
18502900	-1	-1	0	0	0	0	0
18510895	-1	-1	0	0	0	0	0
18518899	35865472	-1	1802240	402	0	0	566
18521905	-1	-1	0	0	0	0	0
18530894	-1	-1	0	0	0	0	0
18539899	30641464	-1	1298432	339	0	0	348
18544898	-1	-1	0	0	0	0	0
18554899	-1	-1	0	0	0	0	0
18558901	-1	-1	0	0	0	0	0
18567897	33415840	-1	1637376	392	0	0	428
18576905	-1	-1	0	0	0	0	0
18582906	26715488	-1	971776	291	0	0	386
18587903	-1	-1	0	0	0	0	0
18595899	19969208	-1	1060864	425	0	0	440
18601898	-1	-1	0	0	0	0	0
18610897	25233752	-1	864256	274	0	0	380
18619894	22651968	-1	1169408	413	0	0	459
18624899	29970728	-1	307200	82	0	0	159
18633905	-1	-1	0	0	0	0	0
18642901	30278720	-1	1370112	362	0	0	362
18648902	-1	-1	0	0	0	0	0
18655897	-1	-1	0	0	0	0	0
18660904	-1	-1	0	0	0	0	0
18666895	19051712	-1	1652736	694	0	0	694
18671902	-1	-1	0	0	0	0	0
18677896	-1	-1	0	0	0	0	0
18682898	-1	-1	0	0	0	0	0
18690893	20859416	-1	2477056	950	0	0	950
18694905	-1	-1	0	0	0	0	0
18703905	24740936	-1	1382400	447	0	0	447
18712897	-1	-1	0	0	0	0	0
18720903	-1	-1	0	0	0	0	0
18724902	-1	-1	0	0	0	0	0
18731899	22255888	-1	1591296	572	0	0	665
18740905	-1	-1	0	0	0	0	0
18749899	-1	-1	0	0	0	0	0
18758901	25223592	-1	1595392	506	0	0	705
18761896	-1	-1	0	0	0	0	0
18770895	-1	-1	0	0	0	0	0
18777897	25502056	-1	1099776	345	0	0	368
18786911	-1	-1	0	0	0	0	0
18795905	31244576	-1	1113088	285	0	0	339
18802906	-1	-1	0	0	0	0	0
18811901	30693744	-1	1197056	312	0	0	358
18820899	-1	-1	0	0	0	0	0
18829906	26617920	-1	1121280	337	0	0	340
18838904	-1	-1	0	0	0	0	0
18847909	25577896	-1	1333248	417	0	0	417
18856905	-1	-1	0	0	0	0	0
18865905	25188152	-1	1432576	455	0	0	502
18874897	-1	-1	0	0	0	0	0
18883896	24327176	-1	1301504	428	0	0	428
18892910	-1	-1	0	0	0	0	0
18901908	28634648	-1	1177600	329	0	0	361
18909901	-1	-1	0	0	0	0	0
18997379	-1	-1	0	0	0	0	21204
19005383	20494896	-1	2113536	825	0	0	827
19014384	-1	-1	0	0	0	0	0
19017381	-1	-1	0	0	0	0	0
19026373	-1	-1	0	0	0	0	0
19033374	27676360	-1	2248704	650	0	0	650
19037387	-1	-1	0	0	0	0	0
19046379	18746064	-1	2551808	1089	0	0	1153
19055377	-1	-1	0	0	0	0	0
19065378	15165040	-1	2051072	1082	0	0	1082
19066375	-1	-1	0	0	0	0	0
19075379	20760336	-1	1364992	526	0	0	526
19084385	-1	-1	0	0	0	0	0
19093385	24882752	-1	1412096	454	0	0	454
19101372	-1	-1	0	0	0	0	0
19104380	-1	-1	0	0	0	0	0
19113378	37992488	-1	3723264	784	0	0	784
19115374	-1	-1	0	0	0	0	0
19124375	-1	-1	0	0	0	0	0
19133387	-1	-1	0	0	0	0	0
19142383	25584944	-1	1739776	544	0	0	544
19144376	-1	-1	0	0	0	0	0
19153385	34052504	-1	2660352	625	0	0	625
19156378	-1	-1	0	0	0	0	0
19165377	-1	-1	0	0	0	0	0
19174375	32526112	-1	2065408	508	0	0	508
19183376	-1	-1	0	0	0	0	0
19192375	26286856	-1	1337344	407	0	0	407
19201377	-1	-1	0	0	0	0	0
19210374	34875648	-1	1796096	412	0	0	412
19219377	34901768	-1	4271104	979	0	0	979
19223375	-1	-1	0	0	0	0	0
19232379	-1	-1	0	0	0	0	0
19241378	32261128	-1	4431872	1099	0	0	1099
19249385	-1	-1	0	0	0	0	0
19258381	-1	-1	0	0	0	0	0
19261373	-1	-1	0	0	0	0	0
19269377	22802984	-1	1422336	499	0	0	524
19276378	-1	-1	0	0	0	0	0
19281375	33947152	-1	2240512	528	0	0	528
19288375	-1	-1	0	0	0	0	0
19297379	20516992	-1	2497944	974	0	0	1012
19306383	-1	-1	0	0	0	0	0
19315384	26164880	-1	2596864	794	0	0	794
19324378	-1	-1	0	0	0	0	0
19333380	22856264	-1	2014208	705	0	0	705
19341379	-1	-1	0	0	0	0	0
19351388	-1	-1	0	0	0	0	0
19358388	13020712	-1	2775040	1705	0	0	1705
19361387	-1	-1	0	0	0	0	0
19370374	-1	-1	0	0	0	0	0
19377379	14384072	-1	1914880	1065	0	0	1065
19383383	-1	-1	0	0	0	0	0
19392385	11461312	-1	1881088	1313	0	0	1313
19396379	-1	-1	0	0	0	0	0
19405375	17817784	-1	2443264	1097	0	0	1097
19414373	-1	-1	0	0	0	0	0
19422375	21481640	-1	2459648	916	0	0	916
19431378	27636456	-1	2145280	621	0	0	621
19435377	-1	-1	0	0	0	0	0
19443375	-1	-1	0	0	0	0	0
19451376	-1	-1	0	0	0	0	0
19455380	-1	-1	0	0	0	0	0
19465372	33030376	-1	3480576	843	0	0	843
19467376	-1	-1	0	0	0	0	0
19476384	-1	-1	0	0	0	0	0
19482380	-1	-1	0	0	0	0	0
19491377	29934840	-1	2791424	746	0	0	816
19501373	-1	-1	0	0	0	0	0
19510373	23405712	-1	1966080	672	0	0	672
19518386	-1	-1	0	0	0	0	0
19525373	29692136	-1	1967104	530	0	0	530
19534372	-1	-1	0	0	0	0	0
19543378	34521152	-1	2217984	514	0	0	514
19552375	-1	-1	0	0	0	0	0
19561383	-1	-1	0	0	0	0	0
19567372	20427488	-1	1991680	780	0	0	846
19572388	18700360	-1	1355776	580	0	0	580
19580378	-1	-1	0	0	0	0	0
19590372	23146416	-1	2951168	1020	0	0	1020
19595374	-1	-1	0	0	0	0	0
19604379	20696288	-1	1567744	606	0	0	606
19613376	-1	-1	0	0	0	0	0
19622374	13586304	-1	1591296	937	0	0	937
19631384	-1	-1	0	0	0	0	0
19636375	16220408	-1	1319936	651	0	0	651
19646382	30558552	-1	2868684	751	0	0	751
19649381	-1	-1	0	0	0	0	0
19658380	-1	-1	0	0	0	0	0
19667373	-1	-1	0	0	0	0	0
19672376	-1	-1	0	0	0	0	0
19681372	28289800	-1	4017152	1136	0	0	1136
19688379	-1	-1	0	0	0	0	0
19698383	-1	-1	0	0	0	0	0
19699384	-1	-1	0	0	0	0	0
19708378	25794560	-1	2579456	800	0	0	800
19714377	-1	-1	0	0	0	0	0
19723376	31815440	-1	1539072	387	0	0	387
19731394	-1	-1	0	0	0	0	0
19738388	35153264	-1	1841152	419	0	0	442
19747372	-1	-1	0	0	0	0	0
19754382	-1	-1	0	0	0	0	0
19764377	31058880	-1	3777536	973	0	0	998
19766379	-1	-1	0	0	0	0	0
19775377	-1	-1	0	0	0	0	0
19785372	33723520	-1	2710528	643	0	0	643
19792372	-1	-1	0	0	0	0	0
19799373	-1	-1	0	0	0	0	0
19802372	-1	-1	0	0	0	0	0
19811383	20164920	-1	2981888	1183	0	0	1183
19819377	-1	-1	0	0	0	0	0
19828379	15865728	-1	1943552	980	0	0	980
19837379	-1	-1	0	0	0	0	0
19845380	-1	-1	0	0	0	0	0
19852377	22260344	-1	4705280	1691	0	0	1691
19856376	-1	-1	0	0	0	0	0
19865380	-1	-1	0	0	0	0	0
19873377	-1	-1	0	0	0	0	0
19880380	-1	-1	0	0	0	0	0
19888378	22775464	-1	2733056	960	0	0	960
19891374	-1	-1	0	0	0	0	0
19899380	22894768	-1	2189312	765	0	0	765
19909386	-1	-1	0	0	0	0	0
19918388	-1	-1	0	0	0	0	0
19922378	-1	-1	0	0	0	0	0
19931376	30334816	-1	3689472	973	0	0	1099
19941378	-1	-1	0	0	0	0	0
19949388	19087176	-1	2132992	894	0	0	894
19957386	-1	-1	0	0	0	0	0
19965372	14743480	-1	2852864	1548	0	0	1548
19975380	-1	-1	0	0	0	0	0
19981373	-1	-1	0	0	0	0	0
19990376	-1	-1	0	0	0	0	62
19995377	24421272	-1	2909184	953	0	0	953
20004378	24807416	-1	2744320	885	0	0	885
20008379	-1	-1	0	0	0	0	0
20017375	-1	-1	0	0	0	0	0
20027381	-1	-1	0	0	0	0	0
20031378	-1	-1	0	0	0	0	0
20040396	26499152	-1	3938436	1189	0	0	1199
20049374	-1	-1	0	0	0	0	0
20058393	26311112	-1	1894400	576	0	0	576
20064387	-1	-1	0	0	0	0	0
20072372	14894544	-1	1945600	1045	0	0	1045
20081382	-1	-1	0	0	0	0	0
20086389	-1	-1	0	0	0	0	0
20094377	-1	-1	0	0	0	0	0
20101376	31866560	-1	4126720	1036	0	0	1071
20110374	-1	-1	0	0	0	0	0
20119378	-1	-1	0	0	0	0	0
20127383	-1	-1	0	0	0	0	0
20134381	39432304	-1	3647488	740	0	0	831
20143383	-1	-1	0	0	0	0	0
20152377	-1	-1	0	0	0	0	0
20158375	31289120	-1	1928192	493	0	0	594
20162384	-1	-1	0	0	0	0	0
20168381	-1	-1	0	0	0	0	0
20177385	25450320	-1	1371136	431	0	0	490
20186374	26651904	-1	1222656	367	0	0	454
20190383	-1	-1	0	0	0	0	0
20199378	-1	-1	0	0	0	0	0
20208379	33191360	-1	1605632	387	0	0	387
20217378	-1	-1	0	0	0	0	0
20226374	26394120	-1	1293312	392	0	0	471
20232373	-1	-1	0	0	0	0	0
20240386	32053136	-1	1698816	424	0	0	424
20249379	-1	-1	0	0	0	0	0
20258377	-1	-1	0	0	0	0	0
20265399	25900456	-1	540672	167	0	0	205
20270373	41980248	-1	2865152	546	0	0	562
20279375	-1	-1	0	0	0	0	0
20289373	37652856	-1	3812352	810	0	0	810
20296385	-1	-1	0	0	0	0	0
20303372	31631312	-1	2479104	627	0	0	627
20312373	-1	-1	0	0	0	0	0
20320375	30003016	-1	2088960	557	0	0	557
20329372	-1	-1	0	0	0	0	0
20338373	-1	-1	0	0	0	0	0
20340376	-1	-1	0	0	0	0	0
20349382	30121784	-1	2191360	582	0	0	604
20358379	-1	-1	0	0	0	0	0
20359379	-1	-1	0	0	0	0	0
20368372	34555984	-1	3027968	701	0	0	778
20369376	-1	-1	0	0	0	0	0
20378374	-1	-1	32768	54	0	0	73
20383374	31993712	-1	2115584	529	0	0	529
20392372	-1	-1	0	0	0	0	0
20401374	28329328	-1	1384596	391	0	0	391
20404383	-1	-1	0	0	0	0	0
20413379	25478992	-1	3207168	1007	0	0	1007
20419378	-1	-1	0	0	0	0	0
20428378	36562656	-1	1677312	367	0	0	416
20437378	-1	-1	0	0	0	0	0
20445380	-1	-1	0	0	0	0	0
20453377	-1	-1	0	0	0	0	0
20461375	30943472	-1	2587648	669	0	0	669
20464381	-1	-1	0	0	0	0	0
20471378	-1	-1	0	0	0	0	0
20477379	-1	-1	0	0	0	0	0
20485372	38701520	-1	2965504	613	0	0	760
20494380	-1	-1	0	0	0	0	0
20504383	29231488	-1	2166784	593	0	0	593
20513373	-1	-1	0	0	0	0	0
20522380	32169352	-1	1045504	260	0	0	320
20529377	-1	-1	0	0	0	0	0
20538376	-1	-1	0	0	0	0	0
20542375	-1	-1	0	0	0	0	0
20550378	42531072	-1	3104768	584	0	0	631
20559374	-1	-1	0	0	0	0	0
20568383	33428648	-1	2072576	496	0	0	496
20577377	-1	-1	0	0	0	0	0
20586381	32395640	-1	1425408	352	0	0	352
20591377	-1	-1	0	0	0	0	0
20601376	27115880	-1	1552384	458	0	0	458
20610381	-1	-1	0	0	0	0	0
20615379	30807768	-1	1078272	280	0	0	369
20625386	-1	-1	0	0	0	0	0
20631381	42984456	-1	2804736	522	0	0	633
20640379	-1	-1	0	0	0	0	0
20649378	29994472	-1	3344384	892	0	0	892
20655377	-1	-1	0	0	0	0	0
20664373	-1	-1	0	0	0	0	0
20669376	-1	-1	0	0	0	0	0
20678379	37719392	-1	2348032	498	0	0	550
20684372	39883008	-1	3564544	715	0	0	715
20688374	-1	-1	0	0	0	0	0
20697376	-1	-1	0	0	0	0	0
20703375	29826328	-1	2460672	660	0	0	660
20712377	-1	-1	0	0	0	0	0
20721385	-1	-1	0	0	0	0	0
20730380	-1	-1	0	0	0	0	0
20736383	38028376	-1	3294208	693	0	0	810
20743375	-1	-1	0	0	0	0	0
20750380	33988480	-1	1882112	443	0	0	474
20759378	-1	-1	0	0	0	0	0
20768378	26480248	-1	867228	262	0	0	374
20777387	-1	-1	0	0	0	0	0
20786384	20272056	-1	2146304	847	0	0	847
20794382	-1	-1	0	0	0	0	0
20803378	-1	-1	0	0	0	0	0
20810377	-1	-1	0	0	0	0	0
20817376	30209320	-1	2937856	778	0	0	778
20827378	-1	-1	0	0	0	0	0
20832390	-1	-1	0	0	0	0	0
20840373	23584144	-1	2629632	892	0	0	892
20841377	-1	-1	0	0	0	0	0
20851380	-1	-1	0	0	0	0	0
20858377	-1	-1	0	0	0	0	0
20868378	27287912	-1	2483200	728	0	0	728
20869380	-1	-1	0	0	0	0	0
20878373	-1	-1	0	0	0	0	0
20885387	29248760	-1	1531904	419	0	0	451
20890374	-1	-1	0	0	0	0	0
20899386	22142608	-1	1779712	643	0	0	643
20906376	-1	-1	0	0	0	0	0
20913379	28381024	-1	1298432	366	0	0	366
20920379	-1	-1	0	0	0	0	0
20929373	25865616	-1	1807360	559	0	0	559
20936374	-1	-1	0	0	0	0	0
20945382	20076992	-1	1402880	559	0	0	559
20951384	-1	-1	0	0	0	0	0
20959384	-1	-1	0	0	0	0	0
20966382	29595440	-1	2674688	723	0	0	743
20969373	-1	-1	0	0	0	0	0
20978376	-1	-1	0	0	0	0	0
20986379	37138624	-1	3254272	701	0	0	701
20992391	-1	-1	0	0	0	0	0
21001387	-1	-1	0	0	0	0	0
21005378	-1	-1	0	0	0	0	0
21014380	20776016	-1	1545216	595	0	0	750
21021379	26631136	-1	1910784	574	0	0	574
21025375	-1	-1	0	0	0	0	0
21031376	-1	-1	0	0	0	0	0
21040375	-1	-1	0	0	0	0	0
21048392	29801808	-1	4146176	1113	0	0	1113
21051380	-1	-1	0	0	0	0	0
21060378	-1	-1	0	0	0	0	0
21070382	29269792	-1	3384320	925	0	0	925
21071376	-1	-1	0	0	0	0	0
21080371	-1	-1	0	0	0	0	0
21085378	-1	-1	0	0	0	0	0
21094376	37697696	-1	3727360	791	0	0	791
21103375	-1	-1	0	0	0	0	0
21112372	27678696	-1	2539520	734	0	0	734
21121382	-1	-1	0	0	0	0	0
21130372	23056528	-1	2008800	697	0	0	697
21139376	-1	-1	0	0	0	0	0
21148373	18926968	-1	3201024	1353	0	0	1353
21157377	-1	-1	0	0	0	0	0
21162387	-1	-1	0	0	0	0	0
21169376	-1	-1	0	0	0	0	0
21178381	28770696	-1	4178944	1162	0	0	1162
21187379	-1	-1	0	0	0	0	0
21196378	21830080	-1	1953792	716	0	0	716
21205379	-1	-1	0	0	0	0	0
21211371	29659472	-1	3429376	925	0	0	925
21220372	-1	-1	0	0	0	0	0
21229374	39731800	-1	3411968	687	0	0	687
21238371	-1	-1	0	0	0	0	0
21247371	35197232	-1	2032640	462	0	0	462
21256379	-1	-1	0	0	0	0	0
21265382	39851400	-1	3496960	702	0	0	702
21271372	-1	-1	0	0	0	0	0
21280387	-1	-1	0	0	0	0	0
21285384	-1	-1	0	0	0	0	0
21294382	36966008	-1	4824064	1044	0	0	1130
21303379	-1	-1	0	0	0	0	0
21312375	-1	-1	0	0	0	0	0
21315373	-1	-1	0	0	0	0	0
21324388	23863656	-1	3636224	1219	0	0	1219
21328378	-1	-1	0	0	0	0	0
21337372	29346184	-1	2362368	644	0	0	644
21346379	-1	-1	0	0	0	0	0
21355373	-1	-1	0	0	0	0	0
21357376	-1	-1	0	0	0	0	0
21366376	22409272	-1	3092480	1104	0	0	1104
21375382	-1	-1	0	0	0	0	0
21384387	-1	-1	0	0	0	0	0
21389384	-1	-1	0	0	0	0	0
21398372	13656208	-1	1619968	949	0	0	949
21402380	-1	-1	0	0	0	0	0
21409377	10340248	-1	1108992	858	0	0	858
21418377	-1	-1	0	0	0	0	0
21424375	14574568	-1	1204224	661	0	0	661
21429384	-1	-1	0	0	0	0	0
21437373	17124384	-1	1468416	686	0	0	686
21444387	-1	-1	0	0	0	0	0
21453376	20979808	-1	1762304	672	0	0	672
21462382	-1	-1	0	0	0	0	0
21471373	22904560	-1	2413568	843	0	0	843
21477376	-1	-1	0	0	0	0	0
21486390	-1	-1	0	0	0	0	0
21494372	28813728	-1	2081792	578	0	0	702
21499377	43132880	-1	1768448	328	0	0	328
21506373	-1	-1	0	0	0	0	0
21514374	22541632	-1	3102292	1101	0	0	1101
21522401	-1	-1	0	0	0	0	0
21531375	33169240	-1	3047424	735	0	0	735
21541387	-1	-1	0	0	0	0	0
21550384	22732528	-1	2134016	751	0	0	751
21559377	-1	-1	0	0	0	0	0
21566372	16282472	-1	3120128	1533	0	0	1533
21575372	-1	-1	0	0	0	0	0
21581378	-1	-1	0	0	0	0	0
21586374	-1	-1	0	0	0	0	0
21592375	9442104	-1	4153344	3519	0	0	3519
21602374	-1	-1	0	0	0	0	0
21611372	17375536	-1	2260992	1041	0	0	1041
21619379	-1	-1	0	0	0	0	0
21628372	-1	-1	0	0	0	0	0
21637376	13318720	-1	3043328	1828	0	0	1828
21639373	-1	-1	0	0	0	0	0
21648378	-1	-1	0	0	0	0	0
21657381	12313976	-1	1456128	946	0	0	946
21666377	-1	-1	0	0	0	0	0
21675373	16625920	-1	2040832	982	0	0	982
21676372	-1	-1	0	0	0	0	0
21685380	20576752	-1	1633280	635	0	0	635
21694380	-1	-1	0	0	0	0	0
21703373	26873936	-1	1844224	549	0	0	549
21712386	-1	-1	0	0	0	0	0
21720383	-1	-1	0	0	0	0	0
21726375	-1	-1	0	0	0	0	0
21732375	33103072	-1	2933760	709	0	0	709
21741373	-1	-1	0	0	0	0	0
21748377	27637824	-1	1737728	503	0	0	503
21757378	-1	-1	0	0	0	0	0
21766378	29590072	-1	1716224	464	0	0	464
21775386	-1	-1	0	0	0	0	0
21784373	30323168	-1	1701888	449	0	0	449
21793380	-1	-1	0	0	0	0	0
21802376	34346112	-1	1983488	462	0	0	501
21811382	-1	-1	0	0	0	0	0
21820378	36169232	-1	1785856	395	0	0	395
21829379	-1	-1	0	0	0	0	0
21838376	25180216	-1	1835008	583	0	0	583
21847375	-1	-1	0	0	0	0	0
21943133	-1	210392	0	0	157696	5996	1725
21948138	36965888	215624	1857536	402	161792	6002	481
21957136	-1	224072	0	0	224256	8006	0
21966144	25192600	234536	878592	279	292864	9989	377
21975141	-1	245440	0	0	245760	8010	0
21984138	-1	255392	0	0	319488	10007	0
21986136	-1	-1	0	0	65536	1969	0
21995137	-1	268344	0	0	269312	8028	0
22004134	23318624	279768	1253376	430	349184	9984	430
22007146	-1	-1	0	0	71680	2029	0
22016138	-1	292160	0	0	365568	10010	0
22025134	-1	303736	0	0	303104	7983	0
22034140	-1	313200	0	0	392192	10017	0
22043135	25018808	325320	809984	259	324608	7982	259
22052154	-1	334592	0	0	418816	10013	0
22058139	25216608	343264	1330176	422	258048	6013	487
22067147	-1	353312	0	0	352256	7976	0
22077133	-1	361608	0	0	453632	10035	0
22079132	-1	-1	0	0	92160	1961	0
22088139	-1	376640	0	0	471040	10005	0
22094136	-1	384576	0	0	289792	6028	0
22101145	11183616	394952	819200	586	294912	5973	586
22108142	-1	402296	0	0	401408	7982	0
22117135	-1	409072	0	0	409600	8010	0
22126147	-1	421248	0	0	526336	9995	0
22135133	-1	428992	0	0	431104	8039	0
22144139	-1	443736	0	0	551936	9950	0
22152137	-1	449592	0	0	452608	8053	0
22159134	-1	464168	0	0	345088	5947	0
22166134	-1	466488	0	0	467968	8025	0
22175136	-1	474880	0	0	477184	8038	0
22184137	28042448	488984	1847296	527	610304	9984	527
22193133	-1	501440	0	0	498688	7956	0
22202143	30544456	509672	1870848	490	635904	9981	490
22211141	-1	518240	0	0	519168	8014	0
22220134	-1	527680	0	0	659456	9997	0
22230139	-1	455640	0	0	564224	9906	0
22239138	-1	131072	0	0	132096	8062	0
22246141	-1	534632	0	0	528384	7906	0
22255142	15181104	528952	1770496	933	528384	7991	965
22264135	-1	526872	0	0	660480	10028	0
22273136	-1	530744	0	0	528384	7964	0
22282137	-1	526400	0	0	660480	10037	0
22291152	33474208	531576	1213440	290	528384	7951	290
22300142	-1	528408	0	0	660480	9999	0
22307133	27674528	516416	1335296	386	396288	6139	386
22316136	-1	534024	0	0	660480	9894	0
22325135	-1	530248	0	0	528384	7971	0
22334153	-1	529408	0	0	660480	9980	0
22343148	33124176	528032	1523712	368	528384	8005	368
22352133	-1	518288	0	0	660480	10194	0
22361141	-1	538504	0	0	528384	7849	0
22370138	-1	527592	0	0	660480	10014	0
22379137	21607888	529824	1304576	483	528384	7978	483
22389135	-1	527920	0	0	660480	10008	0
22398140	-1	530424	0	0	660480	9961	0
22403137	-1	531888	0	0	264192	3973	0
22410141	-1	527256	0	0	528384	8017	0
22419138	-1	530424	0	0	528384	7969	0
22427137	-1	528208	0	0	528384	8002	0
22436139	-1	527256	0	0	660480	10021	188
22441148	10358272	526152	851968	658	264192	4016	658
22450147	-1	529656	0	0	660480	9976	0
22459133	-1	529064	0	0	528384	7989	0
22466136	-1	530400	0	0	528384	7969	0
22469139	-1	525056	0	0	132096	2012	0
22476137	-1	528568	0	0	528384	7997	0
22485136	-1	528688	0	0	528384	7995	0
22494141	-1	523944	0	0	660480	10084	0
22499147	-1	542904	0	0	264192	3893	0
22506138	-1	528648	0	0	528384	7995	0
22516144	10353776	528872	745472	576	660480	9990	601
22525144	-1	528720	0	0	528384	7994	0
22535138	-1	526864	0	0	660480	10028	0
22542154	-1	529640	0	0	528384	7981	0
22551146	-1	523184	0	0	528384	8079	0
22560148	-1	533712	0	0	660480	9900	0
22568142	-1	525136	0	0	528384	8049	0
22576134	-1	531112	0	0	528384	7958	0
22582141	7074912	527728	486400	550	396288	6007	556
22591135	-1	528056	0	0	528384	8004	0
22599135	-1	216384	0	0	210944	7798	0
22608136	-1	525592	0	0	660480	10053	0
22614147	-1	531512	0	0	396288	5964	0
22620146	-1	529360	0	0	396288	5988	0
22629142	-1	527920	0	0	528384	8006	0
22631143	-1	524688	0	0	132096	2014	0
22640136	-1	529096	0	0	660480	9986	0
22649136	-1	531224	0	0	528384	7957	0
22656135	-1	525488	0	0	528384	8044	0
22662134	-1	529784	0	0	396288	5984	0
22669135	18296752	527344	1939456	848	396288	6011	848
22677135	-1	525832	0	0	528384	8038	0
22683142	-1	515752	0	0	396288	6146	0
22692134	-1	502744	0	0	632832	10069	0
22701141	-1	571200	0	0	556032	7787	0
22710137	-1	488848	0	0	621568	10171	0
22720135	21803320	573520	1062912	390	699392	9755	390
22724147	-1	528928	0	0	264192	3995	0
22734134	-1	528280	0	0	660480	10001	0
22740138	-1	520416	0	0	396288	6091	0
22749138	-1	536296	0	0	528384	7881	0
22758135	-1	525824	0	0	660480	10048	0
22762135	-1	535176	0	0	264192	3949	0
22768141	-1	524008	0	0	396288	6050	0
22772140	-1	530040	0	0	264192	3987	0
22781139	-1	529600	0	0	528384	7981	0
22790138	-1	527568	0	0	660480	10015	0
22799139	-1	524248	0	0	528384	8063	0
22807135	-1	530640	0	0	528384	7966	0
22815138	-1	530160	0	0	528384	7973	0
22823136	-1	526528	0	0	528384	8028	0
22832147	-1	533584	0	0	660480	9902	0
22840145	-1	527528	0	0	528384	8012	0
22849141	-1	524552	0	0	528384	8058	0
22858138	-1	531056	0	0	660480	9949	0
22866145	-1	529240	0	0	528384	7987	0
22873137	-1	524104	0	0	396288	6049	0
22882142	-1	529680	0	0	660480	9975	0
22891144	-1	529488	0	0	528384	7983	0
22900133	-1	527496	0	0	660480	10016	0
22909138	-1	519464	0	0	528384	8137	0
22916137	-1	536736	0	0	528384	7875	0
22922135	-1	532184	0	0	396288	5957	0
22931140	-1	523400	0	0	528384	8076	0
22940147	-1	531144	0	0	660480	9948	0
22949148	-1	523808	0	0	528384	8069	0
22957145	-1	523832	0	0	528384	8069	0
22965138	-1	532632	0	0	528384	7936	0
22972136	5587456	415096	1033680	1480	306176	5900	1533
22979137	-1	341024	0	0	396288	9296	0
22988135	7199544	528640	876544	974	660480	9995	974
22998146	9492960	525200	956416	806	660480	10060	806
23001144	-1	531600	0	0	132096	1987	0
23008137	-1	528760	0	0	528384	7994	0
23018140	-1	530616	0	0	660480	9957	0
23026139	-1	528664	0	0	528384	7995	0
23028136	-1	527688	0	0	132096	2002	0
23037153	-1	528944	0	0	528384	7991	0
23047152	-1	529576	0	0	660480	9977	0
23048151	-1	520792	0	0	132096	2029	0
23056147	20480000	525056	1510400	590	528384	8050	590
23065133	-1	530328	0	0	528384	7970	0
23074139	-1	531616	0	0	660480	9939	0
23082136	-1	526376	0	0	528384	8030	0
23085135	-1	521040	0	0	132096	2028	0
23094134	-1	526456	0	0	660480	10036	0
23101149	23104000	528440	1108992	384	396288	5999	384
23110144	-1	532560	0	0	660480	9921	0
23119134	-1	526944	0	0	528384	8021	0
23129133	-1	529472	0	0	660480	9979	0
23137138	12453040	526680	424960	273	528384	8025	273
23146135	-1	529504	0	0	660480	9978	0
23154146	-1	527816	0	0	528384	8008	0
23163145	-1	521856	0	0	528384	8100	0
23172142	-1	535152	0	0	660480	9873	0
23181144	-1	510088	0	0	528384	8286	0
23190139	-1	540648	0	0	660480	9773	0
23199145	8253136	528856	967680	938	528384	7992	938
23201151	-1	536752	0	0	132096	1968	0
23210142	-1	521584	0	0	660480	10130	0
23216139	18949800	540664	627712	265	396288	5863	265
23225147	-1	527592	0	0	528384	8012	0
23233141	-1	529728	0	0	528384	7979	0
23242141	-1	527864	0	0	660480	10009	0
23248137	28167240	525112	1742848	495	396288	6037	536
23255133	-1	530624	0	0	396288	5974	0
23264150	-1	530032	0	0	660480	9968	0
23271134	-1	527328	0	0	396288	6012	0
23276139	-1	528344	0	0	396288	6000	0
23285138	-1	530424	0	0	528384	7969	0
23292138	-1	524648	0	0	528384	8056	0
23299137	-1	528160	0	0	396288	6002	0
23307134	-1	531472	0	0	528384	7953	0
23314138	-1	530688	0	0	528384	7965	0
23322145	-1	523472	0	0	528384	8075	0
23330144	-1	206360	0	0	201728	7820	0
23335136	-1	531424	0	0	264192	3977	0
23344142	-1	529272	0	0	660480	9983	0
23353139	-1	522208	0	0	528384	8094	0
23362135	-1	533008	0	0	660480	9913	0
23371136	-1	527248	0	0	528384	8017	0
23381149	-1	529984	0	0	660480	9969	0
23382140	-1	519776	0	0	132096	2033	0
23391135	-1	530384	0	0	528384	7969	0
23398141	-1	525328	0	0	528384	8046	0
23402134	-1	529832	0	0	264192	3989	0
23411140	-1	529176	0	0	528384	7988	0
23417136	-1	530184	0	0	396288	5979	0
23421136	-1	520384	0	0	264192	4061	0
23430135	-1	531280	0	0	660480	9945	0
23440144	-1	527232	0	0	660480	10021	0
23444139	-1	521080	0	0	264192	4056	0
23451133	-1	536464	0	0	396288	5909	0
23460139	-1	527056	0	0	660480	10025	0
23469140	-1	527392	0	0	528384	8015	0
23478135	-1	531064	0	0	660480	9949	0
23482133	-1	520376	0	0	264192	4061	0
23491138	-1	531704	0	0	528384	7949	0
23500143	-1	529712	0	0	660480	9974	0
23507134	-1	527056	0	0	396288	6015	0
23513138	-1	525624	0	0	396288	6031	0
23522135	-1	529728	0	0	660480	9974	0
23529135	-1	529256	0	0	396288	5990	0
23538135	-1	529176	0	0	660480	9984	0
23547147	-1	526200	0	0	528384	8033	0
23555143	-1	526832	0	0	528384	8023	0
23562133	10808744	525480	1036288	767	528384	8044	805
23571135	-1	535128	0	0	528384	7899	0
23580139	-1	528784	0	0	660480	9992	0
23590135	-1	523824	0	0	660480	10087	0
23599135	-1	532424	0	0	528384	7939	0
23600135	-1	532352	0	0	132096	1985	0
23609147	-1	528568	0	0	528384	7997	0
23618133	-1	529696	0	0	660480	9975	0
23627138	-1	520968	0	0	528384	8113	0
23636136	-1	532344	0	0	660480	9925	0
23645151	-1	528384	0	0	528384	8000	0
23653141	-1	529976	0	0	528384	7975	0
23660145	-1	529072	0	0	528384	7989	0
23669144	-1	527024	0	0	528384	8020	0
23677134	-1	530776	0	0	528384	7963	0
23685137	-1	527280	0	0	528384	8016	0
23694143	-1	529656	0	0	660480	9975	0
23701140	-1	524104	0	0	396288	6049	0
23706139	-1	531616	0	0	396288	5963	0
23715139	10593200	416736	707096	534	313344	6015	534
23717143	-1	-1	0	0	0	0	0
23726141	-1	379376	0	0	660480	13927	0
23733138	-1	530048	0	0	396288	5981	0
23740136	-1	531168	0	0	528384	7958	0
23749134	19549088	528696	537600	220	528384	7995	227
23758135	-1	525920	0	0	660480	10046	0
23763137	-1	535768	0	0	264192	3944	0
23772136	-1	526960	0	0	660480	10027	0
23778143	-1	530920	0	0	396288	5971	0
23787137	-1	525888	0	0	528384	8037	0
23796135	28896000	529256	924672	256	660480	9983	334
23803136	-1	526064	0	0	396288	6026	0
23812134	-1	527816	0	0	660480	10010	0
23821141	-1	530680	0	0	528384	7965	0
23827134	32254216	524440	1157120	287	396288	6045	336
23836143	-1	530160	0	0	660480	9966	0
23846135	-1	531496	0	0	660480	9941	0
23855137	-1	525928	0	0	528384	8037	0
23861137	28116112	530432	984064	280	396288	5976	311
23872979	31499624	659304	3382272	859	660480	8014	859
