6.000000
8.360000
8.400000
9.920000
1.720000
8.960000
9.240000
5.000000
9.920000
8.280000
6.840000
7.080000
9.280000
1.920000
9.000000
7.880000
10.000000
8.920000
9.360000
8.800000
7.840000
9.000000
6.760000
9.120000
8.320000
8.440000
5.800000
6.240000
7.480000
9.920000
9.240000
9.560000
7.960000
2.800000
9.000000
9.880000
9.960000
7.360000
9.080000
9.640000
9.600000
7.720000
9.200000
9.120000
9.200000
5.960000
9.920000
9.920000
8.120000
8.080000
5.720000
8.160000
9.480000
9.960000
7.360000
5.200000
8.680000
8.320000
6.720000
8.320000
9.960000
8.960000
9.400000
8.080000
9.120000
8.320000
9.880000
8.480000
8.440000
8.920000
6.880000
9.200000
8.760000
10.000000
7.120000
9.960000
7.280000
9.320000
8.080000
8.560000
9.320000
8.360000
9.000000
6.480000
8.840000
7.840000
7.840000
10.000000
9.280000
3.400000
5.680000
9.600000
9.960000
5.720000
9.960000
6.000000
8.000000
7.440000
7.520000
7.240000
10.000000
10.000000
9.320000
8.640000
7.520000
9.520000
9.280000
9.000000
9.920000
9.840000
9.920000
8.440000
9.520000
9.600000
9.040000
8.800000
9.920000
7.200000
7.440000
7.720000
9.000000
1.040000
9.000000
8.640000
8.160000
9.400000
9.720000
7.360000
9.040000
9.000000
8.800000
4.680000
5.880000
6.960000
5.000000
9.120000
10.000000
9.320000
8.480000
3.080000
8.600000
7.520000
9.280000
7.880000
8.560000
7.080000
6.880000
8.080000
8.320000
7.440000
8.920000
8.880000
6.680000
7.680000
8.960000
8.200000
7.760000
9.200000
8.160000
9.280000
8.200000
5.000000
7.440000
9.000000
7.280000
9.600000
7.680000
9.600000
5.800000
5.440000
9.080000
6.160000
8.720000
8.400000
9.520000
8.120000
2.440000
9.000000
4.600000
7.320000
9.000000
6.680000
6.520000
4.120000
10.000000
7.840000
7.360000
5.960000
9.000000
7.200000
8.040000
5.520000
9.000000
7.800000
9.440000
9.120000
8.280000
9.080000
8.280000
8.640000
9.760000
8.480000
6.760000
8.080000
9.680000
9.560000
8.920000
7.040000
8.640000
7.080000
9.920000
8.880000
5.840000
7.680000
8.000000
9.120000
8.560000
8.600000
9.600000
9.480000
9.920000
8.840000
6.760000
9.640000
7.760000
9.440000
5.880000
9.720000
9.880000
9.320000
7.400000
8.720000
6.520000
5.800000
9.800000
9.560000
8.240000
9.360000
7.360000
9.880000
7.400000
8.800000
9.280000
7.400000
8.120000
9.360000
2.480000
9.000000
4.680000
7.120000
7.480000
9.040000
7.240000
5.360000
8.160000
8.920000
8.240000
8.240000
8.520000
9.320000
9.600000
9.360000
8.520000
9.840000
9.560000
9.400000
8.680000
9.480000
8.680000
7.600000
9.160000
4.080000
3.640000
9.000000
7.680000
9.960000
9.240000
8.160000
7.360000
9.000000
8.480000
8.800000
9.200000
9.080000
9.000000
9.320000
7.960000
7.680000
6.680000
7.360000
9.040000
9.920000
9.960000
8.240000
9.240000
9.840000
7.320000
8.600000
9.040000
9.080000
8.240000
9.120000
9.080000
9.920000
8.760000
6.720000
8.400000
9.960000
8.240000
9.640000
7.960000
9.040000
9.640000
8.000000
5.000000
6.360000
6.480000
9.760000
5.200000
9.680000
7.320000
7.800000
9.360000
2.280000
0.840000
9.000000
9.000000
9.000000
9.000000
9.000000
9.000000
9.000000
9.800000
9.000000
9.000000
9.000000
9.000000
9.000000
9.000000
9.000000
9.000000
9.000000
9.000000
6.040000
3.840000
