433716
591448
1111832
1802920
134232
889992
814228
1569236
1921736
2294728
968200
685260
1073856
202664
885856
824004
1075172
1101116
2114624
1524492
1765508
2055592
1213352
1766260
1666056
2427644
1094536
1583148
1360556
2575788
2892756
1795588
1734864
907288
1624132
1305472
1344576
794112
1152628
1193048
1051484
1422972
2049200
1936964
1717568
1003920
2053900
1243056
1789008
1728284
1310924
1762500
1990732
1426544
1303028
903904
1265992
1249260
824756
1190040
1370520
1277272
1537088
1072540
1520356
1772840
2385532
1756860
1572244
1054304
890368
1403232
1274264
1572432
1023096
1076300
954852
1366008
1141348
1126872
2014420
1803108
1666808
1097920
2057660
1286108
1438576
1540848
904280
369232
782832
1211096
1304908
1037008
1142852
747300
839044
672288
932104
969704
1610596
1273888
1284792
1164284
673040
1075360
1666808
1855748
1426168
1314308
1328408
1796904
1194364
1480312
1178196
1082316
1125180
909732
1237604
1199628
1323520
101144
736396
780764
787720
996776
966320
752376
989444
785276
981548
592576
411156
684508
470940
886796
1300020
1301148
790164
286136
672476
1007116
973652
765912
1662296
2011036
1314872
871756
904844
838668
1043212
964064
759144
788096
1236100
1056372
815732
1074232
889240
1029676
788096
670032
985120
994144
818364
1241552
919884
1189664
969140
774372
1859508
850136
1255840
1015388
1066336
949588
248536
2213888
1129316
1787880
2306948
1657220
1476176
388220
930788
661008
651796
500832
745984
839608
1087768
780012
1788632
1852740
1989040
1402292
700488
1444028
529408
842804
917440
1051484
534296
871004
1262796
1776036
2014608
671536
1310924
745608
1186092
1215044
741284
1113524
857656
995272
1022908
1098860
1368452
1619244
1501744
984744
730380
1619056
836412
1164848
1296824
1120480
1061072
1052988
830960
1087580
755196
748804
1180264
1282160
995460
1299080
1205080
1321452
2196216
1766824
1230460
783396
962372
2087176
449508
2335900
946956
710828
825508
1173496
972900
686388
1325964
1315624
1125744
1089460
1224820
1423912
1505316
1740692
843368
970080
1496292
890744
1240424
1162968
1280844
1294004
1246628
644276
490868
1117472
1058628
959364
900520
940940
1629208
1773404
1131572
1071788
936428
973464
962372
1136272
838668
745044
688268
675672
961432
1336116
1064644
883600
1145108
1327092
1033060
1192672
1427860
1315060
1447036
1622064
1601760
2021188
1454556
791292
931728
1081376
817236
1005800
1133264
1248508
1143604
876080
852204
901084
1766072
1414512
733388
2350564
1781112
1735240
1177632
246844
112612
1038136
1222940
1114652
1289492
1256968
1458316
1691812
1577508
1157140
1643872
1388568
1629584
1551376
1465272
1544044
1156952
655180
645592
458532
258876
