646720
830396
1815516
3112340
241016
1471852
1490088
2719232
3068912
4286776
1569236
1344764
1695948
317532
1344576
1165788
1807620
1769644
3272516
2569772
2962316
3504508
2057472
2946524
2946524
3785004
1784496
2827144
2289652
4610888
4508616
3113092
3000480
1667372
2974536
2337216
2328004
1354540
1965916
2237200
1864960
2641212
3614676
3424984
3050112
1759680
3676528
2129288
3056316
3014580
2338156
2641400
3312184
2425576
2312212
1590668
2138688
2258068
1439516
2176476
2463928
2395872
2583872
1816080
2658884
2996532
4070012
2865872
2451332
1698016
1421844
2349812
2220280
2628804
1751032
1742948
1637856
2375380
1953132
1924932
3525000
2794244
2812104
1802356
3547184
2123836
2163128
2551348
1510204
628108
1296448
2018180
2265964
1760056
1951816
1256780
1369580
1075172
1606460
1666432
2808156
2154480
2245660
2089620
1103184
1808184
2815676
2910992
2193584
2108232
2114060
2966640
1960088
2496828
1922676
1890152
1817584
1524492
2027392
1989792
2370304
167320
1262420
1454180
1240612
1743512
1586720
1319384
1635788
1248320
1842212
944136
678868
1093596
748804
1571492
2164820
2226672
1396276
510044
1220872
1632216
1705348
1242304
2559432
3747404
1929256
1370896
1613980
1358300
1646504
1632592
1307164
1319384
2034724
1792016
1308480
1780736
1490840
1662484
1330476
1120668
1628644
1575064
1344576
2054840
1579952
2053148
1636352
1339500
3314628
1389132
2098268
1624320
1711364
1556264
417172
3609224
1812320
2916820
3647200
2622412
2444752
632808
1490464
1060132
1061260
796368
1228016
1421844
1957832
1343636
3315192
3092412
3277780
2228928
1176316
2129664
1011440
1383116
1567920
1782428
840360
1443276
2245284
3141480
3337188
1160336
2095824
1239108
1942980
2067812
1208840
1835068
1378980
1649136
1638420
1846724
2349248
2780520
2507356
1648196
1243620
2616584
1348336
1876240
2038672
1905944
1806868
1770960
1444968
1831120
1300020
1352472
1955576
2202984
1650640
2144704
1961968
2257128
3861896
2542888
2057284
1283288
1658724
3419532
714024
4137316
1421280
1011440
1225384
1809688
1507008
1119728
2077212
2124776
1825856
1752536
1967232
2282884
2393428
2783904
1400224
1641616
2468440
1552504
2104096
2019496
2164632
2182868
2171212
1069908
823816
1924932
1774720
1605520
1590104
1615108
2873204
2781648
1842400
1880188
1532200
1625072
1566228
1905944
1351720
1284604
1154508
1241176
1555136
2467876
1718132
1488960
1901808
2210504
1692752
2286644
2481224
2322552
2405460
2759652
2642152
3167800
2328380
1271632
1526748
1779796
1349464
1685796
1965352
2088492
1917788
1476928
1404360
1527124
2874332
2390796
1229332
3913408
2901028
2906856
2238704
428640
183112
1746520
1703092
1555136
1866652
1811568
2061984
2491752
2530856
1879060
2428584
1965352
2294352
2281756
2231372
2176288
1662672
1179888
1209028
650480
261696
