184240
267712
475640
759332
59408
344792
341784
430520
690900
586372
462856
296664
459848
100016
477708
401944
582236
339152
747864
639012
575280
697292
413224
658564
569076
610812
325992
341408
467932
744104
808588
617204
715716
250792
639952
476956
472256
311140
431648
419992
394612
457968
702932
652172
649164
365848
701052
452328
674168
627356
421872
524144
630928
491244
439544
286136
438228
416608
298920
414540
461916
481844
598216
400440
591260
694284
820056
694472
643712
437476
390476
545952
483348
617580
406832
462668
383520
501020
401756
413412
699924
648600
660256
491808
678116
460036
555916
619272
402132
150212
341972
508728
551028
418488
468120
301176
377128
279744
376188
382204
518316
523392
489552
444432
269780
489552
718536
799940
714024
602164
576032
770612
572272
618520
531664
449884
473760
382956
500644
514180
517752
46248
313584
314712
322796
382016
388408
301176
380888
312832
356260
226728
189128
265832
159236
319224
499516
503088
305500
114304
264704
353252
385588
292340
635440
581108
584868
381452
391980
395176
441424
412096
317156
282376
501396
414164
321668
422812
347988
408524
280120
254552
359832
379384
308132
532604
367164
529784
373180
320916
754256
392732
514556
451200
459284
403072
106596
714964
350432
490492
762340
582424
560052
227668
540312
344604
309824
236316
341784
351748
542192
329376
804076
594080
775124
525836
301176
476392
252672
348928
338776
367540
198904
304936
446500
687892
705564
293468
552720
315840
481092
519632
300800
497636
397056
441800
396304
429392
521136
638636
562496
429768
302868
738464
326368
442176
534860
474700
419052
382768
330880
414352
321104
343852
452328
480904
404952
528844
528280
533920
663076
619084
643524
319600
373180
719664
204732
686576
406080
325616
374684
471128
409652
291776
497824
502336
457404
508728
501960
597276
668528
617580
404952
431084
630740
362464
522076
451200
586748
525460
562684
296288
223344
486920
477708
415104
387468
374120
578476
609120
510984
481844
400628
434280
430896
467556
354192
267336
318284
294220
381640
451012
463796
337084
493500
549900
463420
464360
606864
542380
558548
679244
741848
856152
548208
369232
428640
464172
348364
404388
404388
504968
447628
329752
341032
349304
522452
663828
311328
842052
733012
685072
485980
96444
50760
410028
408524
377880
410780
401756
433904
482220
455148
611564
746172
593140
681312
577912
536928
572648
375624
229360
213192
155664
126148
