212628
306252
566068
934172
69184
431272
403448
701240
886232
792608
537116
368292
577348
115432
512112
411156
597276
444056
1007680
672288
729064
932668
541628
832652
786028
907288
425444
538244
638448
1091904
1282160
845248
896008
381076
861792
609496
596900
373744
572084
561556
511924
626040
926276
909168
783020
490680
984556
589192
868936
850136
645592
741472
903340
650480
602352
414352
664580
545200
355884
535612
617204
631304
696352
523204
678868
842804
1125368
901272
777380
553472
469248
688832
643712
794864
496696
541440
494252
650856
537116
526024
869500
831524
837540
523392
915560
612316
718348
812724
494252
199844
433528
664580
690900
520760
543132
367916
450448
332196
512676
490492
714212
651796
642772
582988
317532
557984
864800
1032120
741284
651608
623596
954100
612692
706880
586372
514932
551592
425256
631492
611188
573964
55460
377504
382392
390852
467556
470000
347988
441236
364720
440672
282376
210184
303808
206236
416796
594080
574152
383708
142504
336144
429956
454960
339528
718536
818364
586560
423376
439168
417736
512676
479964
376188
316404
604608
514744
399876
540312
436160
492936
373556
313208
424692
469060
400252
625852
458720
625664
470000
383144
830772
461540
648976
490492
518692
482972
123704
959176
513240
697104
1033436
681312
717220
221088
482032
343852
326932
258124
380888
416608
602916
401756
946204
757828
907100
657624
375060
640892
304184
413788
419616
467556
250980
395176
569640
842992
955980
321292
630364
366412
538620
589380
360396
582612
395364
471504
465300
548960
660068
776628
691840
515872
379760
834344
400064
585432
586936
574340
526024
509480
397808
532792
402884
362840
567948
651420
497824
617204
604608
645216
988316
738652
688080
377692
465300
971584
237068
1070848
479024
345168
401004
578852
457968
321480
614008
652360
534860
580168
588440
693720
719664
755760
418112
457780
776440
409088
609872
542004
637696
605172
633372
337084
262824
607428
512488
461164
435972
459472
753128
749932
568700
569828
478460
494628
501208
556856
390476
350432
359832
350808
443304
547832
519444
406832
560992
624348
491244
581484
735080
667588
686012
832464
875892
1030616
703496
438980
498576
524708
392732
467180
544636
613632
542944
401568
438604
475264
716092
796556
393672
1043212
914244
878712
617768
111484
62040
429956
427512
427136
480716
462856
530348
548396
542192
638636
813288
707820
730192
697104
659880
698232
556292
274668
246656
205672
145512
