748240
1069908
1934520
3093007
503163
1581726
2169298
2787742
3818609
10514886
4985044
2149327
1890608
517465
1948443
941208
1310751
1847339
6195037
4356360
2545661
4986937
4165977
3574406
2502656
3422861
2435366
5285294
1666754
7934161
3883167
5361221
5551390
1396666
4278039
7971734
4739246
2190499
2878422
2295800
2103286
1897208
2489542
2883127
2095400
1613615
4338151
5803076
3646925
3340368
2331925
3979793
2626827
4606715
3317064
2774971
3069096
3597739
1738214
2730904
3233268
2263762
2754028
1903094
3126186
2899620
2463153
2905772
2425863
3386527
3095724
5778404
3790501
3485255
1859548
2343200
1961261
3017865
3069322
2963650
3016381
2045104
2005497
2236810
2712016
1957460
2194866
3872961
3553973
1273996
2055473
4004670
2805569
1725594
2903614
1395164
2103950
1939704
2040841
2867727
3003404
2622135
2014545
1579127
2062172
2821591
2902383
2589553
2252871
3161789
2951636
1822792
1974509
2880869
3699557
3183249
3223894
2049808
1987425
2631032
3535139
250989
3468423
2415816
2552325
1986318
2616678
2479651
2963372
4047076
1725984
833110
2185546
1110463
1164601
1568631
1696795
1463248
1504675
1228016
1209366
1893313
2062999
965959
1374412
1242304
1434568
1862277
2048071
1624616
1767376
1392683
1920970
1344054
1767550
1557933
1852517
4391425
2531677
1899544
1775159
1259433
1506289
2386329
1441938
2078631
1381754
2057627
1386462
1288722
1861785
1374590
1856936
1678865
1719959
1937504
524691
1698956
975988
1850367
2417142
2038995
1916543
1045050
3412365
2334584
2031493
1713997
2171400
1422690
1733713
1593153
4292040
3723062
2937016
4467381
4198831
2933494
3191284
1905868
1746601
1508756
1251816
1764111
2790342
4217590
3311623
3249687
3618263
3104337
2791294
1869388
1400813
1842488
1578957
1682364
2475003
1387573
1705239
2765915
3615244
3614676
1691399
2659747
2384771
1790125
1503571
2619622
2625386
2613638
1567534
1775793
1494345
1454482
2918966
3022872
2567976
2783558
2218351
1599255
2336583
2391159
1812487
1992868
3112598
2003460
483134
2052208
1251264
1879203
1816465
2858416
1825150
1166929
2322085
2369388
2824190
2400312
3743693
5393811
2933620
2453122
1735595
2444808
4442277
5251136
3114443
1913655
2029764
2034775
2420670
1158486
1078516
3221628
2883397
2931825
2494153
2544339
1849125
2529502
2301258
1926832
2811393
2588663
2318767
3139221
2175986
2511960
1836397
2256870
1731386
2931095
2652923
1692061
2248987
2243356
2239259
3140907
2573828
2631015
2356774
1937639
2141320
2322289
2050294
1357159
1439580
2036462
1619419
1713352
4340245
1817731
2077197
1706721
1210701
1606148
1872128
3036513
1605145
3269298
2661618
2739402
3106131
589332
331511
1921830
2127972
2113684
1979246
1876992
2140380
2510088
3028139
2116940
2264272
2249554
3104886
2874803
4099222
1833000
2776008
4646815
3869144
3234120
1310163
