140812
202288
284820
395364
47469
250973
487088
194348
394164
335678
199244
242541
384366
59919
302112
266066
234578
350979
347136
374139
325572
338650
274368
368508
364167
306674
225419
230546
341495
491065
331615
445933
443064
106551
294309
299072
286667
206591
259815
290084
263200
298732
402132
424692
377316
245152
428452
297416
382016
378820
254928
311328
387844
333136
276736
184428
294220
286512
211876
288016
356824
328436
359456
271301
351622
371112
493124
394995
336741
277770
219911
350400
275940
371864
246467
298732
237820
295348
249476
277488
428076
380512
420744
283880
437852
278804
386340
359268
257935
103299
218879
332300
347717
255398
299108
196836
238196
209808
236316
238760
340468
348176
348552
317156
225600
340280
417172
485792
326556
330880
321480
458908
325804
366224
319224
288204
314148
234248
325052
305124
310952
34968
235564
244776
255116
287076
304936
223720
262448
235752
262636
174464
148332
189504
133104
254552
345168
329940
242144
83660
222404
256432
272788
222968
385400
412848
304936
253988
272036
267148
356448
271848
187914
190256
284444
252296
221652
275796
241204
258124
207928
148520
224096
238760
203980
325052
253612
304936
205860
178976
454020
209244
346484
275796
300988
265268
81216
426196
275796
391980
528844
383332
384084
124268
291024
205484
217892
151528
241204
249100
289520
192888
444808
452892
523392
347988
232744
365472
222592
233496
247596
232744
158672
213192
293468
365472
436348
197964
300612
199656
307944
294032
198528
287076
247596
281436
287076
293092
364720
374496
404764
276360
208680
420556
234060
306440
315946
326744
306252
276172
235752
286324
216012
203791
329940
325804
297980
363216
338400
366224
435220
493876
404012
219020
243460
431460
118252
427888
206800
180480
219020
273352
241580
160176
300048
327684
276172
283504
325616
390852
387468
361524
256056
288768
387656
269404
324488
310952
343664
326556
337460
201442
128968
295912
284632
312832
292152
281436
341032
484100
307380
314336
284820
281624
280120
332572
257184
278052
196460
202664
261884
287076
275044
230864
285008
327872
270344
349492
382956
367728
349992
446887
497245
477494
337272
215448
256055
307756
236880
286888
267336
325992
292528
250792
206048
220148
369025
351777
172960
542568
434468
430520
297416
67492
27448
227292
239700
231240
248160
244212
259252
271848
385400
298920
288768
301552
313772
318848
263952
357764
285384
200972
203040
146640
107348
