9491	6965744	-1	8283136	9513	0	0	9513
18499	-1	-1	0	0	0	0	0
27486	-1	-1	0	0	0	0	0
36487	4837952	-1	731136	1209	0	0	1209
45493	-1	-1	0	0	0	0	0
54503	4291048	-1	765952	1428	0	0	1428
63487	-1	-1	0	0	0	0	0
72488	5227024	-1	2444288	3741	0	0	3741
81488	-1	-1	0	0	0	0	0
90486	6310944	-1	5022720	6367	0	0	6367
99499	-1	-1	0	0	0	0	0
108486	12019136	-1	5470208	3641	0	0	3641
117487	-1	-1	0	0	0	0	0
126486	11301488	-1	3665920	2595	0	0	2595
135499	-1	-1	0	0	0	0	0
144494	7250128	-1	3570688	3940	0	0	3940
153487	-1	-1	0	0	0	0	0
162490	10000408	-1	3120128	2496	0	0	2496
171487	-1	-1	0	0	0	0	0
180486	8159032	-1	3294208	3230	0	0	3230
189487	-1	-1	0	0	0	0	0
198499	7683024	-1	3091456	3219	0	0	3219
207487	-1	-1	0	0	0	0	0
216499	6149656	-1	4174848	5431	0	0	5431
225487	-1	-1	0	0	0	0	0
234487	6791912	-1	3035136	3575	0	0	3575
243487	-1	-1	0	0	0	0	0
252487	6791000	-1	2079744	2450	0	0	2450
261497	-1	-1	0	0	0	0	0
270487	8183152	-1	3786752	3702	0	0	3702
279499	-1	-1	0	0	0	0	0
288487	4801632	-1	4156416	6925	0	0	6925
297498	-1	-1	0	0	0	0	0
306487	8175720	-1	1430751	1400	0	0	1400
315498	-1	-1	0	0	0	0	0
324492	7206192	-1	3308544	3673	0	0	3673
333486	-1	-1	0	0	0	0	0
342497	7445736	-1	3616768	3886	0	0	3886
351486	-1	-1	0	0	0	0	0
360498	6555280	-1	3203072	3909	0	0	3909
369487	-1	-1	0	0	0	0	0
378488	6846232	-1	2328576	2721	0	0	2721
387486	-1	-1	0	0	0	0	0
396487	5161416	-1	1738752	2695	0	0	2695
405487	-1	-1	0	0	0	0	0
414488	4647072	-1	2214912	3813	0	0	3813
423486	-1	-1	0	0	0	0	0
432487	3730648	-1	1782784	3823	0	0	3823
441492	-1	-1	0	0	0	0	0
450487	4584360	-1	1725440	3011	0	0	3011
459493	-1	-1	0	0	0	0	0
468494	6347120	-1	1447936	1825	0	0	1825
477487	-1	-1	0	0	0	0	0
486487	7248904	-1	2408448	2658	0	0	2658
495487	-1	-1	0	0	0	0	0
504487	5910624	-1	3695616	5002	0	0	5002
513486	-1	-1	0	0	0	0	0
522493	10227032	-1	1816576	1421	0	0	1421
531492	-1	-1	0	0	0	0	0
540491	5677944	-1	1637376	2307	0	0	2307
549486	-1	-1	0	0	0	0	0
558487	4915200	-1	2325504	3785	0	0	3785
567487	-1	-1	0	0	0	0	0
576487	5094136	-1	3428352	5384	0	0	5384
585497	-1	-1	0	0	0	0	0
594487	5796040	-1	5893120	8134	0	0	8134
603486	7143520	-1	2951168	3305	0	0	3305
612487	6099616	-1	3271680	4291	0	0	4291
621487	-1	-1	0	0	0	0	0
630488	6284192	-1	4165632	5303	0	0	5303
639488	-1	-1	0	0	0	0	0
648494	7477056	-1	6918144	7402	0	0	7402
657487	-1	-1	0	0	0	0	0
666497	5196488	-1	2739200	4217	0	0	4217
675487	-1	-1	0	0	0	0	0
684487	4116080	-1	4914604	9552	0	0	9552
693486	10980768	-1	645120	470	0	0	470
702486	5798456	-1	5283840	7290	0	0	7290
711487	14733376	-1	493568	268	0	0	268
720488	7363224	-1	5513216	5990	0	0	5990
729486	-1	-1	0	0	0	0	0
738488	9559376	-1	6378496	5338	0	0	5338
747487	-1	-1	0	0	0	0	0
756487	6463976	-1	3795968	4698	0	0	4698
765486	-1	-1	0	0	0	0	0
774488	5436112	-1	5003264	7363	0	0	7363
783487	-1	-1	0	0	0	0	0
792487	4170448	-1	3355648	6437	0	0	6437
801487	-1	-1	0	0	0	0	0
810487	4489712	-1	2936832	5233	0	0	5233
819487	-1	-1	0	0	0	0	0
828486	5766520	-1	2702336	3749	0	0	3749
837488	-1	-1	0	0	0	0	0
846486	3893376	-1	2429952	4993	0	0	4993
855486	-1	-1	0	0	0	0	0
864488	3713920	-1	2418688	5210	0	0	5210
873487	-1	-1	0	0	0	0	0
882486	5092928	-1	2335744	3669	0	0	3669
891488	-1	-1	0	0	0	0	0
900488	4879856	-1	1979392	3245	0	0	3245
909493	-1	-1	0	0	0	0	0
918487	2450760	-1	1467392	4790	0	0	4790
927487	-1	-1	0	0	0	0	0
936486	3482552	-1	1781760	4093	0	0	4093
945495	-1	-1	0	0	0	0	0
954486	5532152	-1	3492864	5051	0	0	5051
963502	-1	-1	0	0	0	0	0
972486	4815552	-1	2751488	4571	0	0	4571
981486	-1	-1	0	0	0	0	0
990486	4910232	-1	4656128	7586	0	0	7586
999487	10816280	-1	312320	231	0	0	231
1008487	1751880	-1	1840128	8403	0	0	8403
1017486	6866904	-1	2504704	2918	0	0	2918
1026487	6155608	-1	3664896	4763	0	0	4763
1035487	-1	-1	0	0	0	0	0
1044500	3510440	-1	2455550	5596	0	0	5596
1053487	-1	-1	0	0	0	0	0
1062487	4943592	-1	1854464	3001	0	0	3001
1071497	-1	-1	0	0	0	0	0
1080486	4634160	-1	1269760	2192	0	0	2192
1089494	-1	-1	0	0	0	0	0
1098487	4353240	-1	1576960	2898	0	0	2898
1107486	-1	-1	0	0	0	0	0
1116487	9559904	-1	5718016	4785	0	0	4785
1125487	-1	-1	0	0	0	0	0
1134488	6747072	-1	4513792	5352	0	0	5352
1143486	-1	-1	0	0	0	0	0
1152487	6071736	-1	3592192	4733	0	0	4733
1161486	-1	-1	0	0	0	0	0
1170491	6138896	-1	3389440	4417	0	0	4417
1179486	-1	-1	0	0	0	0	0
1188488	7002680	-1	4413440	5042	0	0	5042
1197492	-1	-1	0	0	0	0	0
1206494	4688576	-1	2766848	4721	0	0	4721
1215487	-1	-1	0	0	0	0	0
1224487	3816032	-1	2868224	6013	0	0	6013
1233494	-1	-1	0	0	0	0	0
1242487	4484192	-1	2584576	4611	0	0	4611
1251496	-1	-1	0	0	0	0	0
1260486	5849656	-1	2416640	3305	0	0	3305
1269487	-1	-1	0	0	0	0	0
1278487	4908264	-1	2174976	3545	0	0	3545
1287492	-1	-1	0	0	0	0	0
1296487	4365200	-1	3005440	5508	0	0	5508
1305487	-1	-1	0	0	0	0	0
1314500	8183696	-1	5046272	4933	0	0	4933
1324494	-1	-1	0	0	0	0	0
1333501	6098776	-1	3383296	4438	0	0	4438
1342486	-1	-1	0	0	0	0	0
1351487	5191320	-1	2552832	3934	0	0	3934
1360487	-1	-1	0	0	0	0	0
1369487	9502304	-1	4715520	3970	0	0	3970
1378487	-1	-1	0	0	0	0	0
1387487	11051656	-1	3450880	2498	0	0	2498
1396487	-1	-1	0	0	0	0	0
1405488	8810576	-1	3835904	3483	0	0	3483
1414487	-1	-1	0	0	0	0	0
1423488	4766880	-1	2758238	4629	0	0	4629
1432487	-1	-1	0	0	0	0	0
1441486	6997624	-1	4163584	4760	0	0	4760
1450487	-1	-1	0	0	0	0	0
1459486	9944272	-1	4149248	3338	0	0	3338
1468487	-1	-1	0	0	0	0	0
1477487	11093424	-1	5277696	3806	0	0	3806
1486488	-1	-1	0	0	0	0	0
1495487	9312368	-1	4230144	3634	0	0	3634
1504486	-1	-1	0	0	0	0	0
1513487	6996184	-1	3648512	4172	0	0	4172
1522486	-1	-1	0	0	0	0	0
1531487	7870112	-1	4005888	4072	0	0	4072
1540486	-1	-1	0	0	0	0	0
1549487	7606480	-1	4456448	4687	0	0	4687
1558487	-1	-1	0	0	0	0	0
1567486	8903832	-1	3855360	3464	0	0	3464
1576487	-1	-1	0	0	0	0	0
1585486	7560072	-1	3699712	3915	0	0	3915
1594486	-1	-1	0	0	0	0	0
1603487	9529112	-1	2247680	1887	0	0	1887
1612497	-1	-1	0	0	0	0	0
1621487	3591360	-1	2186240	4870	0	0	4870
1630498	-1	-1	0	0	0	0	0
1639487	8579800	-1	3103744	2894	0	0	2894
1648486	-1	-1	0	0	0	0	0
1657487	7850552	-1	2895872	2951	0	0	2951
1666487	-1	-1	0	0	0	0	0
1675490	8017608	-1	1930240	1926	0	0	1926
1684486	-1	-1	0	0	0	0	0
1693498	5763008	-1	2021376	2806	0	0	2806
1702487	-1	-1	0	0	0	0	0
1711489	5492456	-1	2048000	2983	0	0	2983
1720488	-1	-1	0	0	0	0	0
1729487	5733552	-1	2760704	3852	0	0	3852
1738487	-1	-1	0	0	0	0	0
1747488	6185144	-1	2385920	3086	0	0	3086
1756488	-1	-1	0	0	0	0	0
1765487	11141288	-1	2696192	1936	0	0	1936
1774488	-1	-1	0	0	0	0	0
1783487	9548016	-1	2395358	2007	0	0	2007
1792487	-1	-1	0	0	0	0	0
1801485	6721640	-1	3276800	3900	0	0	3900
1810488	-1	-1	0	0	0	0	0
1819487	7617432	-1	2633728	2766	0	0	2766
1828487	-1	-1	0	0	0	0	0
1837487	6537336	-1	2386944	2921	0	0	2921
1846486	-1	-1	0	0	0	0	0
1855488	6786592	-1	2427904	2862	0	0	2862
1864489	-1	-1	0	0	0	0	0
1873492	5490592	-1	2306048	3360	0	0	3360
1882491	-1	-1	0	0	0	0	0
1891500	4651336	-1	2328576	4005	0	0	4005
1900491	-1	-1	0	0	0	0	0
1909488	6304960	-1	2757632	3499	0	0	3499
1918487	-1	-1	0	0	0	0	0
1927486	9353456	-1	2944000	2518	0	0	2518
1936490	-1	-1	0	0	0	0	0
1945487	6112216	-1	1920000	2513	0	0	2513
1954495	-1	-1	0	0	0	0	0
1963487	8627464	-1	2373632	2201	0	0	2201
1972488	-1	-1	0	0	0	0	0
1981501	6391720	-1	2272256	2844	0	0	2844
1990486	-1	-1	0	0	0	0	0
1999488	6460760	-1	2266112	2806	0	0	2806
2008487	-1	-1	0	0	0	0	0
2017486	5535072	-1	2306048	3333	0	0	3333
2026486	-1	-1	0	0	0	0	0
2035487	4739456	-1	2104320	3552	0	0	3552
2044487	-1	-1	0	0	0	0	0
2053494	7413504	-1	3412992	3683	0	0	3683
2062487	-1	-1	0	0	0	0	0
2071486	5105776	-1	3445760	5399	0	0	5399
2080488	-1	-1	0	0	0	0	0
2089486	4918536	-1	2715648	4417	0	0	4417
2098487	-1	-1	0	0	0	0	0
2107487	7655720	-1	2865152	2994	0	0	2994
2116501	-1	-1	0	0	0	0	0
2125487	5543960	-1	2450432	3536	0	0	3536
2134488	-1	-1	0	0	0	0	0
2143488	3761928	-1	2386944	5076	0	0	5076
2152488	-1	-1	0	0	0	0	0
2161489	3560496	-1	1417522	3185	0	0	3185
2170487	-1	-1	0	0	0	0	0
2179500	5573016	-1	2231296	3203	0	0	3203
2188488	-1	-1	0	0	0	0	0
2197500	5291888	-1	2963456	4480	0	0	4480
2206487	-1	-1	0	0	0	0	0
2215488	8783176	-1	3620864	3298	0	0	3298
2224486	-1	-1	0	0	0	0	0
2233486	7492808	-1	4411392	4710	0	0	4710
2242486	-1	-1	0	0	0	0	0
2251486	7234176	-1	2714624	3002	0	0	3002
2260487	-1	-1	0	0	0	0	0
2269487	3319160	-1	1957888	4719	0	0	4719
2278489	-1	-1	0	0	0	0	0
2287491	4586848	-1	2248704	3922	0	0	3922
2296495	-1	-1	0	0	0	0	0
2305497	3637544	-1	1978368	4351	0	0	4351
2314486	-1	-1	0	0	0	0	0
2323493	3844920	-1	1325056	2757	0	0	2757
2332499	-1	-1	0	0	0	0	0
2341488	7074640	-1	2463744	2786	0	0	2786
2350490	-1	-1	0	0	0	0	0
2359487	5714048	-1	2299904	3220	0	0	3220
2368487	-1	-1	0	0	0	0	0
2377496	4594032	-1	2167808	3775	0	0	3775
2386487	-1	-1	0	0	0	0	0
2395498	7974552	-1	3567616	3579	0	0	3579
2404486	-1	-1	0	0	0	0	0
2413487	7671512	-1	4105216	4281	0	0	4281
2422486	-1	-1	0	0	0	0	0
2431488	5932136	-1	3548160	4785	0	0	4785
2440486	-1	-1	0	0	0	0	0
2449488	8042600	-1	3638272	3619	0	0	3619
2458487	-1	-1	0	0	0	0	0
2467486	7966424	-1	4014080	4031	0	0	4031
2476501	-1	-1	0	0	0	0	0
2485489	4604224	-1	3826688	6649	0	0	6649
2494487	-1	-1	0	0	0	0	0
2503487	6670656	-1	4108288	4927	0	0	4927
2512486	-1	-1	0	0	0	0	0
2521490	5565088	-1	2544637	3658	0	0	3658
2530486	-1	-1	0	0	0	0	0
2539495	8277304	-1	2881536	2785	0	0	2785
2548487	-1	-1	0	0	0	0	0
2557498	9897704	-1	5270528	4260	0	0	4260
2566487	-1	-1	0	0	0	0	0
2575486	7938840	-1	4913152	4951	0	0	4951
2584495	-1	-1	0	0	0	0	0
2593487	5278416	-1	4934656	7479	0	0	7479
2602486	-1	-1	0	0	0	0	0
2611487	8403296	-1	4968448	4730	0	0	4730
2620487	-1	-1	0	0	0	0	0
2629487	6595608	-1	3697664	4485	0	0	4485
2638488	-1	-1	0	0	0	0	0
2647488	7217696	-1	3755008	4162	0	0	4162
2656501	-1	-1	0	0	0	0	0
2665493	7367672	-1	4264960	4631	0	0	4631
2674487	-1	-1	0	0	0	0	0
2683487	7317064	-1	5592064	6114	0	0	6114
2692487	-1	-1	0	0	0	0	0
2701496	7432384	-1	5670912	6104	0	0	6104
2710487	-1	-1	0	0	0	0	0
2719487	7144704	-1	4631552	5186	0	0	5186
2728487	-1	-1	0	0	0	0	0
2737501	5427584	-1	3074048	4531	0	0	4531
2746486	-1	-1	0	0	0	0	0
2755486	6546312	-1	3678208	4495	0	0	4495
2764486	-1	-1	0	0	0	0	0
2773486	7185016	-1	3945472	4393	0	0	4393
2782486	-1	-1	0	0	0	0	0
2791487	7709064	-1	3955712	4105	0	0	4105
2800487	-1	-1	0	0	0	0	0
2809486	6410976	-1	3645440	4549	0	0	4549
2818500	-1	-1	0	0	0	0	0
2827487	6586840	-1	3449856	4190	0	0	4190
2836487	-1	-1	0	0	0	0	0
2845495	6353432	-1	2912256	3667	0	0	3667
2854488	-1	-1	0	0	0	0	0
2863486	6199656	-1	2823168	3643	0	0	3643
2872486	-1	-1	0	0	0	0	0
2881486	6486096	-1	3640320	4490	0	0	4490
2890487	-1	-1	0	0	0	0	0
2899487	7158640	-1	3038841	3396	0	0	3396
2908487	-1	-1	0	0	0	0	0
2917487	4468360	-1	2906112	5203	0	0	5203
2926487	-1	-1	0	0	0	0	0
2935488	4864424	-1	3649536	6002	0	0	6002
2944488	-1	-1	0	0	0	0	0
2953489	5044936	-1	3432448	5443	0	0	5443
2962488	-1	-1	0	0	0	0	0
2971486	5142520	-1	4267008	6638	0	0	6638
2980486	-1	-1	0	0	0	0	0
2989487	4107944	-1	3345408	6515	0	0	6515
2998487	-1	-1	0	0	0	0	0
3007487	3776320	-1	2388992	5061	0	0	5061
3016487	1900760	-1	4157440	17498	0	0	17498
3025488	3581136	-1	320512	716	0	0	716
3034486	3688352	-1	4261888	9244	0	0	9244
3043487	-1	-1	0	0	0	0	0
3052487	5863392	-1	3584000	4890	0	0	4890
3061488	-1	-1	0	0	0	0	0
3070486	3050184	-1	3991552	10469	0	0	10469
3079486	3894112	-1	582656	1197	0	0	1197
3088487	5840672	-1	4367360	5982	0	0	5982
3097486	-1	-1	0	0	0	0	0
3106486	6068216	-1	3566592	4702	0	0	4702
3115487	-1	-1	0	0	0	0	0
3124487	9049304	-1	3112960	2752	0	0	2752
3133487	-1	-1	0	0	0	0	0
3142486	9398168	-1	4444160	3783	0	0	3783
3151487	-1	-1	0	0	0	0	0
3160486	5840664	-1	3968000	5435	0	0	5435
3169486	-1	-1	0	0	0	0	0
3178486	8566592	-1	3395584	3171	0	0	3171
3187487	-1	-1	0	0	0	0	0
3196487	8336896	-1	3181568	3053	0	0	3053
3205487	-1	-1	0	0	0	0	0
3214487	4663088	-1	4117504	7064	0	0	7064
3223486	-1	-1	0	0	0	0	0
3232486	5203904	-1	2373632	3649	0	0	3649
3241486	-1	-1	0	0	0	0	0
3250487	5498624	-1	2413895	3512	0	0	3512
3259488	-1	-1	0	0	0	0	0
3268495	4619624	-1	1449984	2511	0	0	2511
3277488	-1	-1	0	0	0	0	0
3286486	4514792	-1	3394560	6015	0	0	6015
3295487	-1	-1	0	0	0	0	0
3304498	6579840	-1	3030016	3684	0	0	3684
3313487	-1	-1	0	0	0	0	0
3322487	5579376	-1	2307072	3308	0	0	3308
3331486	-1	-1	0	0	0	0	0
3340486	6669864	-1	2432000	2917	0	0	2917
3349487	-1	-1	0	0	0	0	0
3358487	4327032	-1	2761728	5106	0	0	5106
3367489	-1	-1	0	0	0	0	0
3376487	6268680	-1	3050496	3893	0	0	3893
3385501	-1	-1	0	0	0	0	0
3394487	6931984	-1	3740672	4317	0	0	4317
3403487	-1	-1	0	0	0	0	0
3412487	8254304	-1	4205568	4076	0	0	4076
3421501	-1	-1	0	0	0	0	0
3430487	8008856	-1	4791296	4786	0	0	4786
3439487	-1	-1	0	0	0	0	0
3448488	6608920	-1	3180544	3850	0	0	3850
3457487	-1	-1	0	0	0	0	0
3466487	8462656	-1	4546560	4298	0	0	4298
3475486	-1	-1	0	0	0	0	0
3484487	8649784	-1	4237312	3919	0	0	3919
3493487	-1	-1	0	0	0	0	0
3502486	6348416	-1	3840000	4839	0	0	4839
3511487	-1	-1	0	0	0	0	0
3520487	8339936	-1	4907008	4707	0	0	4707
3529487	-1	-1	0	0	0	0	0
3538487	7014848	-1	3435520	3918	0	0	3918
3547487	-1	-1	0	0	0	0	0
3556486	6923704	-1	3616768	4179	0	0	4179
3565486	-1	-1	0	0	0	0	0
3574487	6712624	-1	3284992	3915	0	0	3915
3583487	-1	-1	0	0	0	0	0
3592489	7729064	-1	3145728	3256	0	0	3256
3601487	-1	-1	0	0	0	0	0
3610486	8378864	-1	3443712	3288	0	0	3288
3619488	-1	-1	0	0	0	0	0
3628487	7361376	-1	3052209	3317	0	0	3317
3637487	-1	-1	0	0	0	0	0
3646486	6554480	-1	3061760	3737	0	0	3737
3655486	-1	-1	0	0	0	0	0
3664487	6075872	-1	2237440	2946	0	0	2946
3673487	-1	-1	0	0	0	0	0
3682487	5341056	-1	1833984	2747	0	0	2747
3691487	-1	-1	0	0	0	0	0
3700487	4096000	-1	1392640	2720	0	0	2720
3709488	-1	-1	0	0	0	0	0
3718487	5242976	-1	2286592	3489	0	0	3489
3727489	-1	-1	0	0	0	0	0
3736486	5913912	-1	1993728	2697	0	0	2697
3745501	-1	-1	0	0	0	0	0
3754487	4460432	-1	2356224	4226	0	0	4226
3763487	-1	-1	0	0	0	0	0
3772488	7529584	-1	2316288	2461	0	0	2461
3781486	-1	-1	0	0	0	0	0
3790491	4863728	-1	2283520	3756	0	0	3756
3799486	-1	-1	0	0	0	0	0
3808500	9340264	-1	3598336	3082	0	0	3082
3817486	-1	-1	0	0	0	0	0
3826487	5812000	-1	2178048	2998	0	0	2998
3835487	-1	-1	0	0	0	0	0
3844487	7409992	-1	2386944	2577	0	0	2577
3853501	-1	-1	0	0	0	0	0
3862486	1720512	-1	1304576	6066	0	0	6066
3871487	1813168	-1	567296	2503	0	0	2503
3880487	12881744	-1	2410496	1497	0	0	1497
3889487	-1	-1	0	0	0	0	0
3898487	11699000	-1	2664448	1822	0	0	1822
3907486	-1	-1	0	0	0	0	0
