18833	7050928	-1	8865660	10059	0	0	11002
27835	7562304	-1	9149440	9679	0	0	9679
36863	9729632	-1	5714944	4699	0	0	4699
43835	6437680	-1	3389440	4212	0	0	4212
50849	6900224	-1	2625536	3044	0	0	3044
57849	2707312	-1	1622016	4793	0	0	4985
67841	3643144	-1	3492864	7670	0	0	7670
75841	3046800	-1	1779712	4673	0	0	4993
85830	2817872	-1	3220480	9143	0	0	9143
94845	3604072	-1	2160640	4796	0	0	4796
103835	2748144	-1	3005440	8749	0	0	8749
112866	2787056	-1	1771520	5085	0	0	5085
121857	5120976	-1	4704256	7349	0	0	7349
130842	-1	-1	0	0	0	0	0
134843	-1	-1	0	0	0	0	0
142844	3303768	-1	2308096	5589	0	0	5784
147837	2820640	-1	1712128	4856	0	0	4856
155833	2627912	-1	1745920	5315	0	0	5315
161850	5569936	-1	1838080	2640	0	0	2640
166840	8450696	-1	401408	380	0	0	380
171835	7218304	-1	569344	631	0	0	631
179833	3291936	-1	1825792	4437	0	0	5358
188857	2919672	-1	1766400	4840	0	0	4840
196860	3421584	-1	1592320	3723	0	0	3723
199834	-1	-1	0	0	0	0	0
208864	3252440	-1	2187264	5380	0	0	5532
215843	1882992	-1	1489920	6330	0	0	6330
224834	5526664	-1	6121472	8861	0	0	8861
228857	3046848	-1	325632	855	0	0	855
237854	5304640	-1	2438144	3677	0	0	3677
246842	-1	-1	0	0	0	0	0
253854	3162432	-1	1965056	4971	0	0	5110
262841	5872224	-1	2024448	2758	0	0	2758
271845	7989272	-1	2663424	2667	0	0	2667
277851	-1	-1	0	0	0	0	0
284830	3327232	-1	2351104	5653	0	0	5653
293853	2949008	-1	3259392	8842	0	0	8842
297854	2086624	-1	982016	3765	0	0	3765
306841	3487520	-1	2776064	6368	0	0	6368
309866	6111448	-1	2210816	2894	0	0	2894
317859	8104048	-1	3962880	3912	0	0	3912
326845	-1	-1	0	0	0	0	0
335838	-1	-1	0	0	0	0	0
342843	2512792	-1	1720320	5477	0	0	5813
347835	3423392	-1	1571336	3672	0	0	3672
356869	6809208	-1	2995200	3519	0	0	3519
363836	-1	-1	0	0	0	0	0
369849	2707432	-1	1471488	4348	0	0	4348
378841	7706400	-1	3623936	3762	0	0	3762
388832	-1	-1	0	0	0	0	0
398846	1288808	-1	327680	2034	0	0	2142
401832	3382400	-1	1259520	2979	0	0	2985
410843	6353800	-1	4357120	5486	0	0	5486
419836	3183280	-1	1882112	4730	0	0	4730
423838	3615872	-1	1118208	2474	0	0	2474
432857	2485448	-1	1581056	5089	0	0	5205
442843	2546392	-1	3174400	9973	0	0	9985
452862	3267824	-1	4099072	10035	0	0	10035
458846	7755856	-1	5535744	5710	0	0	5710
465849	11799224	-1	2991104	2028	0	0	2028
473849	6674176	-1	3219456	3859	0	0	3859
479836	2432360	-1	1302528	4284	0	0	4383
487839	3168376	-1	3076096	7767	0	0	7767
493849	6847264	-1	4765696	5568	0	0	5568
502840	7107768	-1	3866624	4352	0	0	4352
512861	6245176	-1	2085888	2672	0	0	2751
515845	-1	-1	0	0	0	0	0
524865	4098968	-1	2826240	5516	0	0	5564
533850	3219808	-1	3552256	8826	0	0	8826
538847	2706424	-1	1638400	4843	0	0	4843
547837	2484840	-1	2774016	8931	0	0	8931
557850	5484640	-1	6748160	9843	0	0	9843
566842	8798688	-1	2598912	2363	0	0	2363
571833	3428816	-1	2097152	4893	0	0	4990
580830	4064280	-1	4527104	8911	0	0	8911
589849	7746248	-1	2402304	2481	0	0	2481
591833	-1	-1	0	0	0	0	0
600836	3226272	-1	2170880	5383	0	0	5629
606841	1941176	-1	1465344	6039	0	0	6039
615839	2308512	-1	2570240	8907	0	0	8907
616858	2935344	-1	401408	1094	0	0	1094
625848	7010768	-1	7682048	8766	0	0	8766
630844	11887944	-1	2677760	1802	0	0	1802
639841	5954160	-1	2424832	3258	0	0	3463
648831	6627640	-1	3409920	4116	0	0	4116
657859	5448224	-1	3263488	4792	0	0	4967
664834	7772984	-1	4312064	4438	0	0	4438
674857	-1	-1	0	0	0	0	0
682841	-1	-1	0	0	0	0	0
688864	2064600	-1	1400832	5428	0	0	5497
696857	6731376	-1	2869248	3410	0	0	3410
705850	6087448	-1	4072504	5352	0	0	5352
712865	4695416	-1	1491968	2542	0	0	2542
721851	-1	-1	0	0	0	0	0
725853	-1	-1	0	0	0	0	0
734846	7868528	-1	5131264	5217	0	0	5791
743844	15171808	-1	5190656	2737	0	0	2737
751847	-1	-1	0	0	0	0	0
759844	11346352	-1	3491840	2462	0	0	2627
762841	19282512	-1	4666368	1936	0	0	1936
770843	-1	-1	0	0	0	0	0
779833	15158424	-1	5534720	2921	0	0	2921
785852	-1	-1	0	0	0	0	0
792869	18081168	-1	3654656	1617	0	0	1617
798855	-1	-1	0	0	0	0	0
807845	-1	-1	0	0	0	0	0
816860	11639016	-1	3627008	2493	0	0	2493
824858	8794888	-1	5691392	5177	0	0	5177
828862	12685952	-1	1338368	844	0	0	844
837849	-1	-1	0	0	0	0	0
839833	-1	-1	0	0	0	0	0
848866	13466384	-1	4499456	2673	0	0	2673
857848	-1	-1	0	0	0	0	0
866844	19289432	-1	7233536	3000	0	0	3000
873859	-1	-1	0	0	0	0	0
877860	-1	-1	0	0	0	0	0
886842	18966008	-1	827392	349	0	0	375
891840	18040496	-1	5921792	2626	0	0	2626
900834	-1	-1	0	0	0	0	0
909850	16462280	-1	5599232	2721	0	0	2721
913853	-1	-1	0	0	0	0	0
922843	10718232	-1	1503232	1122	0	0	1340
931836	14041744	-1	2443264	1392	0	0	1392
939843	14628824	-1	4233216	2315	0	0	2315
947834	-1	-1	0	0	0	0	0
957850	15258088	-1	4829184	2532	0	0	2532
962850	-1	-1	0	0	0	0	0
972858	23433496	-1	1974272	674	0	0	1018
979844	10397856	-1	2563072	1972	0	0	1972
984857	-1	-1	0	0	0	0	0
993855	23570376	-1	4104192	1393	0	0	1393
1002844	12773616	-1	5669888	3551	0	0	3551
1009861	-1	-1	0	0	0	0	0
1019843	13608280	-1	4227072	2485	0	0	2485
1027834	-1	-1	0	0	0	0	0
1037854	14204984	-1	4218880	2376	0	0	2376
1046843	-1	-1	0	0	0	0	0
1055842	14114760	-1	4197376	2379	0	0	2379
1060859	-1	-1	0	0	0	0	0
1069850	15539768	-1	2733056	1407	0	0	1407
1078852	-1	-1	0	0	0	0	0
1085832	2484384	-1	1620128	5217	0	0	5612
1093850	2122008	-1	2143232	8080	0	0	8080
1103835	6239968	-1	6441984	8259	0	0	8259
1109856	-1	-1	113664	132	0	0	132
1119842	5911808	-1	3552256	4807	0	0	4807
1128861	5175264	-1	1018880	1575	0	0	1575
1137830	-1	-1	0	0	0	0	0
1138843	-1	-1	0	0	0	0	0
1148834	2314112	-1	1662976	5749	0	0	5824
1157852	2473504	-1	2787328	9015	0	0	9015
1161848	3940304	-1	1982464	4025	0	0	4025
1168867	10109792	-1	3001344	2375	0	0	2375
1175833	2678824	-1	1728512	5162	0	0	5234
1185860	2430456	-1	2915328	9596	0	0	9596
1194841	4588456	-1	5032960	8775	0	0	8775
1202840	5251280	-1	998400	1521	0	0	1521
1207833	7612208	-1	4476928	4705	0	0	4705
1214841	2907328	-1	393216	1082	0	0	1082
1222846	-1	-1	131072	1042	0	0	1277
1228834	7019504	-1	5106688	5820	0	0	5820
1233849	-1	-1	0	0	0	0	0
1242843	3229824	-1	450560	1116	0	0	1314
1246842	6203216	-1	2976768	3839	0	0	3998
1255843	7082720	-1	3040256	3434	0	0	3434
1260857	5507256	-1	3192832	4638	0	0	4638
1268865	-1	-1	0	0	0	0	0
1276830	3300792	-1	1409024	3415	0	0	3416
1286840	2724304	-1	2630656	7725	0	0	7725
1291833	3063528	-1	1712128	4471	0	0	4471
1297855	3029568	-1	2421760	6395	0	0	6395
1306842	7451512	-1	4420608	4746	0	0	4746
1314844	-1	-1	0	0	0	0	0
1323833	2847672	-1	1769472	4971	0	0	4971
1331833	3097016	-1	3026944	7819	0	0	7819
1339834	2943952	-1	2007040	5454	0	0	5664
1346850	2436320	-1	2110464	6930	0	0	6930
1355839	4851496	-1	4195328	6918	0	0	6918
1362842	5958272	-1	1215488	1632	0	0	1632
1368858	5124368	-1	3150848	4919	0	0	4919
1377831	19037448	-1	925696	389	0	0	389
1387834	2444232	-1	1703936	5577	0	0	5577
1391832	2587168	-1	1255424	3882	0	0	3882
1400868	2847608	-1	3133440	8803	0	0	8803
1407841	2988152	-1	2558976	6851	0	0	6851
1416834	2879480	-1	3024896	8404	0	0	8404
1423833	2330824	-1	2063360	7082	0	0	7082
1429850	2846408	-1	2039808	5733	0	0	5733
1437867	2509424	-1	2508800	7998	0	0	7998
1445849	4325856	-1	3459604	6398	0	0	6398
1453850	-1	-1	0	0	0	0	0
1460860	12271656	-1	2307072	1504	0	0	1825
1467836	14769152	-1	1798144	974	0	0	974
1472833	10508752	-1	3743744	2850	0	0	2850
1481855	-1	-1	0	0	0	0	0
1490840	13171112	-1	3924992	2384	0	0	2384
1495832	-1	-1	0	0	0	0	0
1504862	12308792	-1	909312	591	0	0	600
1513837	8087304	-1	2926592	2895	0	0	2895
1522847	13164920	-1	1821696	1107	0	0	1107
1528835	20571272	-1	1846272	718	0	0	718
1534849	15457880	-1	3982336	2061	0	0	2061
1544868	-1	-1	0	0	0	0	0
1553851	20162376	-1	3737600	1483	0	0	1483
1563833	-1	-1	0	0	0	0	0
1570847	13153120	-1	4927488	2997	0	0	2997
1579841	-1	-1	0	0	0	0	0
1585851	15546768	-1	3707904	1908	0	0	1908
1592860	-1	-1	0	0	0	0	0
1600837	15513888	-1	6864896	3540	0	0	3540
1609852	-1	-1	0	0	0	0	0
1617861	17671064	-1	1040384	471	0	0	1473
1622844	6262800	-1	1808384	2310	0	0	2310
1631841	18620448	-1	5362688	2304	0	0	2304
1640864	-1	-1	0	0	0	0	0
1648863	15728640	-1	5062656	2575	0	0	2575
1652832	-1	-1	0	0	0	0	0
1659837	19228448	-1	3115008	1296	0	0	1296
1666850	15860680	-1	806912	407	0	0	407
1675840	8082952	-1	4402176	4357	0	0	4357
1683833	-1	-1	0	0	0	0	0
1691832	11457768	-1	2126848	1485	0	0	1485
1700866	9494768	-1	1761280	1484	0	0	1484
1708864	-1	-1	0	0	0	0	0
1716857	-1	-1	0	0	0	0	0
1724830	16655048	-1	5348352	2569	0	0	2569
1733851	-1	-1	0	0	0	0	0
1742842	13976792	-1	4203520	2406	0	0	2406
1745850	-1	-1	0	0	0	0	0
1752860	12330632	-1	1925120	1249	0	0	1250
1762849	13193560	-1	1126400	683	0	0	683
1769851	14350920	-1	3693568	2059	0	0	2059
1777848	-1	-1	0	0	0	0	0
1786847	10448288	-1	4443136	3402	0	0	3402
1792857	-1	-1	0	0	0	0	0
1801858	10609160	-1	4363016	3290	0	0	3290
1810843	-1	-1	0	0	0	0	0
1820867	2515376	-1	1551360	4934	0	0	4934
1824862	-1	-1	0	0	0	0	0
1833852	8193656	-1	5062656	4943	0	0	5394
1843838	5537384	-1	3678208	5314	0	0	5314
1852867	17658656	-1	5816320	2635	0	0	2635
1861857	-1	-1	0	0	0	0	0
1871834	-1	-1	0	0	0	0	0
1873848	-1	-1	0	0	0	0	20
1878847	10175880	-1	6134784	4823	0	0	4998
1887839	12638360	-1	2031616	1286	0	0	1286
1896830	3360824	-1	147456	351	0	0	376
1904866	11235216	-1	4895744	3486	0	0	3486
1907837	13432472	-1	228352	136	0	0	136
1915842	-1	-1	0	0	0	0	0
1925849	16028448	-1	4570112	2281	0	0	2319
1934850	-1	-1	0	0	0	0	0
1942847	6716784	-1	2107392	2510	0	0	2510
1952865	-1	-1	0	0	0	0	0
1958841	12546272	-1	6367232	4060	0	0	4060
1967836	-1	-1	0	0	0	0	0
1976840	10022992	-1	2270208	1812	0	0	1812
1983841	-1	-1	0	0	0	0	0
1991841	8981864	-1	2445312	2178	0	0	2178
1997860	23636112	-1	4532224	1534	0	0	1534
2003841	-1	-1	0	0	0	0	0
2008837	-1	-1	0	0	0	0	0
2015836	13117320	-1	3717120	2267	0	0	-1
2024833	-1	-1	0	0	0	0	-1
2033851	6009392	-1	1920000	2556	0	0	-1
2038841	-1	-1	0	0	0	0	-1
2045858	10167352	-1	3009536	2368	0	0	-1
2054844	-1	-1	0	0	0	0	-1
2062846	-1	-1	0	0	0	0	-1
2071832	8923616	-1	2597888	2329	0	0	-1
2090850	10900088	-1	6260736	4595	0	0	11087
2099870	7369408	-1	3339264	3625	0	0	3625
2108858	-1	-1	0	0	0	0	0
2117858	9210424	-1	2537472	2204	0	0	2204
2126847	-1	-1	0	0	0	0	0
2136866	13553432	-1	3334144	1968	0	0	1968
2145853	-1	-1	0	0	0	0	0
2155871	-1	-1	0	0	0	0	0
2159853	-1	-1	0	0	0	0	0
2168858	14608520	-1	4103168	2247	0	0	2247
2176860	-1	-1	0	0	0	0	0
2184862	12197584	-1	2762752	1812	0	0	1812
2189851	-1	-1	0	0	0	0	0
2198842	-1	-1	0	0	0	0	0
2200860	-1	-1	0	0	0	0	0
2209852	9566072	-1	2801664	2343	0	0	2343
2213853	-1	-1	0	0	0	0	0
2220863	15567592	-1	4569088	2348	0	0	2348
2229851	-1	-1	0	0	0	0	0
2237849	-1	-1	0	0	0	0	0
2243878	-1	-1	0	0	0	0	0
2252860	12059120	-1	4397056	2917	0	0	2917
2259866	-1	-1	0	0	0	0	0
2268864	-1	-1	0	0	0	0	0
2273853	-1	-1	0	0	0	0	0
2280853	5684312	-1	4004596	5636	0	0	5636
2289849	1663560	-1	243712	1172	0	0	1172
2296858	2663688	-1	1751040	5259	0	0	5403
2306847	2784600	-1	2766848	7949	0	0	7949
2316860	5185096	-1	2844672	4389	0	0	4389
2324863	-1	-1	0	0	0	0	0
2333852	-1	-1	0	0	0	0	0
2334841	-1	-1	0	0	0	0	0
2343865	1997024	-1	1313792	5263	0	0	5308
2348857	2448472	-1	1483776	4848	0	0	4848
2353857	2993368	-1	1695744	4532	0	0	4532
2362844	2651368	-1	3069952	9263	0	0	9263
2371876	-1	-1	0	0	0	0	0
2377851	-1	-1	0	0	0	0	0
2385859	2038544	-1	1269760	4983	0	0	5023
2395870	8079840	-1	3983360	3944	0	0	3944
2401853	2310000	-1	1613824	5589	0	0	5601
2409849	2634456	-1	1906688	5790	0	0	5790
2417854	2813888	-1	1661952	4725	0	0	4725
2426841	3010784	-1	553984	1472	0	0	1472
2436864	2458656	-1	1666048	5421	0	0	5599
2445860	2344160	-1	1527808	5214	0	0	5214
2454847	4350776	-1	2727936	5016	0	0	5016
2463840	-1	-1	0	0	0	0	0
2473856	3369288	-1	2141184	5084	0	0	5084
2481851	-1	-1	0	0	0	0	0
2487866	2385784	-1	1605632	5384	0	0	5384
2493852	1618736	-1	438272	2166	0	0	2166
2498847	9118240	-1	3044352	2671	0	0	2671
2507866	-1	-1	0	0	0	0	0
2513851	-1	-1	0	0	0	0	0
2522852	3465848	-1	270336	624	0	0	894
2527840	2685848	-1	1718272	5118	0	0	5118
2533852	2925096	-1	1720320	4705	0	0	4705
2539841	2445160	-1	1549312	5069	0	0	5069
2545857	3044864	-1	2269184	5962	0	0	5962
2554841	1421152	-1	160768	905	0	0	905
2558841	-1	-1	0	0	0	0	0
2567877	3545288	-1	1822720	4113	0	0	4113
2569850	-1	-1	0	0	0	0	0
2578841	2746952	-1	1957888	5702	0	0	5702
2587871	4650544	-1	1378304	2371	0	0	2371
2596858	3341072	-1	2012160	4818	0	0	4818
2599864	2840440	-1	635904	1791	0	0	1791
2608857	-1	-1	0	0	0	0	0
2613851	-1	-1	0	0	0	0	0
2622840	2196480	-1	1518592	5531	0	0	5591
2630843	2928088	-1	2252800	6155	0	0	6155
2638840	3223224	-1	1909760	4740	0	0	4740
2646840	1998584	-1	623308	2495	0	0	2495
2656857	2798720	-1	1782784	5096	0	0	5096
2663841	2793608	-1	2136064	6117	0	0	6117
2672857	-1	-1	0	0	0	0	0
2682841	-1	-1	0	0	0	0	0
2689855	3344840	-1	2154496	5153	0	0	5411
2699866	2892832	-1	2953216	8167	0	0	8167
2709849	6632824	-1	2143232	2585	0	0	2585
2716869	-1	-1	0	0	0	0	0
2725857	2738576	-1	1537024	4490	0	0	4490
2731876	2832848	-1	1097728	3100	0	0	3100
2740862	2418040	-1	1671168	5529	0	0	5529
2747866	2788616	-1	410624	1178	0	0	1178
2755866	2712560	-1	1687552	4977	0	0	5151
2765852	2083800	-1	1028096	3947	0	0	3947
2773854	-1	-1	0	0	0	0	0
2782840	1341200	-1	180224	1075	0	0	1214
2786842	2843144	-1	1397760	3933	0	0	4001
2795877	5759928	-1	2633728	3658	0	0	3658
2803865	3080800	-1	2195456	5701	0	0	5701
2809852	2179112	-1	246784	906	0	0	906
2817849	-1	-1	0	0	0	0	0
2822846	-1	-1	0	0	0	0	0
2829853	2806128	-1	1700864	4849	0	0	5059
2837855	3203296	-1	2766848	6910	0	0	6910
2846841	3198488	-1	1689600	4226	0	0	4226
2856860	2017984	-1	361472	1433	0	0	1433
2865849	4303304	-1	2635776	4900	0	0	4900
2874842	-1	-1	0	0	0	0	0
2881850	2553864	-1	1651712	5174	0	0	5174
2887867	3008104	-1	1361920	3622	0	0	3622
2896857	3421752	-1	2011136	4702	0	0	4702
2903867	-1	-1	0	0	0	0	0
2913859	3112328	-1	2123776	5459	0	0	5459
2917852	-1	-1	0	0	0	0	0
2926840	3177912	-1	1862656	4689	0	0	4689
2935876	2588640	-1	329728	1019	0	0	1019
2942849	4911200	-1	3019776	4919	0	0	4919
2951865	-1	-1	0	0	0	0	0
2960866	-1	-1	0	0	0	0	0
2966855	-1	-1	0	0	0	0	0
2972858	3020864	-1	1769472	4686	0	0	4990
2981849	7111544	-1	4192256	4716	0	0	4716
2990841	-1	-1	0	0	0	0	0
2999866	2846888	-1	811008	2279	0	0	2335
3002841	2513648	-1	909312	2894	0	0	2975
3009849	2726688	-1	2107392	6183	0	0	6183
3015870	-1	-1	0	0	0	0	0
3024859	-1	-1	16384	54	0	0	250
3029857	8247672	-1	5235212	5078	0	0	5078
3039867	18644736	-1	1503232	645	0	0	645
3049854	10063992	-1	3176448	2525	0	0	2525
3057857	-1	-1	0	0	0	0	0
3065849	-1	-1	0	0	0	0	0
3073852	-1	-1	0	0	0	0	0
3080858	23646480	-1	7111680	2406	0	0	2406
3085849	-1	-1	0	0	0	0	0
3092856	-1	-1	0	0	0	0	0
3098842	-1	-1	0	0	0	0	0
3107844	25669424	-1	6057984	1888	0	0	1888
3114840	-1	-1	0	0	0	0	0
3123867	21869536	-1	5552128	2031	0	0	2031
3132868	-1	-1	0	0	0	0	0
3142849	17751928	-1	3508224	1581	0	0	1581
3150854	-1	-1	0	0	0	0	0
3159875	18385408	-1	2323456	1011	0	0	1011
3167876	-1	-1	0	0	0	0	0
3176857	21015080	-1	3438592	1309	0	0	1309
3183865	-1	-1	0	0	0	0	0
3193849	5143992	-1	2744320	4268	0	0	4268
3200862	-1	-1	0	0	0	0	0
3204840	3632304	-1	385024	848	0	0	879
3206848	5395536	-1	1343488	1992	0	0	2007
3207841	5262016	-1	630784	959	0	0	993
3211879	8560632	-1	4161536	3889	0	0	3889
3214841	8787544	-1	2719744	2476	0	0	2476
3215874	-1	-1	0	0	0	0	0
3216857	-1	-1	0	0	0	0	0
3224857	-1	-1	0	0	0	0	0
3232861	16616936	-1	6501376	3130	0	0	3130
3239877	-1	-1	0	0	0	0	0
3249849	-1	-1	0	0	0	0	0
3253850	-1	-1	0	0	0	0	0
3263840	23256360	-1	6514688	2241	0	0	2241
3272862	-1	-1	0	0	0	0	0
3282840	13969320	-1	3832832	2195	0	0	2195
3291873	-1	-1	0	0	0	0	0
3300859	-1	-1	0	0	0	0	0
3306848	-1	-1	0	0	0	0	0
3315867	17938336	-1	4632576	2066	0	0	2066
3322849	-1	-1	0	0	0	0	0
3331865	18633784	-1	3002368	1289	0	0	1289
3340857	-1	-1	0	0	0	0	0
