14682	6088520	-1	8737792	11481	0	0	11552
19686	-1	-1	0	0	0	0	0
24679	10069744	-1	2211568	1757	0	0	1757
31687	-1	-1	0	0	0	0	0
40702	5947528	-1	1883136	2533	0	0	2533
47686	-1	-1	0	0	0	0	0
56683	8188904	-1	2708480	2646	0	0	2646
62706	-1	-1	0	0	0	0	0
71695	10374992	-1	2301952	1775	0	0	1775
79687	-1	-1	0	0	0	0	0
88680	11460336	-1	2495488	1742	0	0	1742
95686	-1	-1	0	0	0	0	0
100685	12499344	-1	3179520	2035	0	0	2035
109670	-1	-1	0	0	0	0	0
117680	17432720	-1	2978816	1367	0	0	1367
126695	-1	-1	0	0	0	0	0
133672	7626752	-1	2832384	2971	0	0	2971
140681	-1	-1	0	0	0	0	0
149671	8582368	-1	3106816	2896	0	0	2896
155701	-1	-1	0	0	0	0	0
164691	12417800	-1	2644992	1704	0	0	1704
173670	-1	-1	0	0	0	0	0
180692	13447080	-1	3160064	1880	0	0	1880
189685	-1	-1	0	0	0	0	0
198695	10031152	-1	3172352	2530	0	0	2530
206703	-1	-1	0	0	0	0	0
213669	12034080	-1	8153088	5420	0	0	5420
222706	11118504	-1	3100672	2231	0	0	2231
231695	9529264	-1	2896896	2432	0	0	2432
239688	-1	-1	0	0	0	0	0
247697	10570728	-1	2593792	1963	0	0	1963
256687	-1	-1	49152	113	0	0	142
261679	10585864	-1	2993152	2262	0	0	2262
267667	-1	-1	0	0	0	0	0
273673	11736104	-1	7229440	4928	0	0	4928
283696	14671968	-1	816128	445	0	0	445
291691	10536696	-1	2618368	1988	0	0	1988
300681	5682640	-1	517120	728	0	0	728
305671	-1	-1	0	0	0	0	0
312714	-1	-1	0	0	0	0	0
319696	11801392	-1	4134912	2803	0	0	2803
323691	-1	-1	0	0	0	0	0
331687	-1	-1	0	0	0	0	0
340691	-1	-1	0	0	0	0	0
347686	8985232	-1	4535296	4038	0	0	4038
355696	-1	-1	0	0	0	0	0
363686	10670648	-1	6228992	4670	0	0	4670
366695	-1	-1	0	0	0	0	0
374695	9532512	-1	1703936	1430	0	0	1430
383699	-1	-1	0	0	0	0	0
392702	9821672	-1	2547496	2075	0	0	2075
401671	-1	-1	0	0	0	0	0
410696	3734136	-1	1622016	3475	0	0	3475
416677	-1	-1	0	0	0	0	0
424685	8604312	-1	4380672	4073	0	0	4073
434705	-1	-1	0	0	0	0	0
439700	-1	-1	0	0	0	0	0
445678	-1	-1	0	0	0	0	0
451688	4265232	-1	2658304	4986	0	0	4986
458667	4470424	-1	201728	361	0	0	361
462708	-1	-1	0	0	0	0	0
468682	9553056	-1	761856	638	0	0	639
473685	7326048	-1	2391040	2611	0	0	2611
481676	-1	-1	0	0	0	0	0
490699	4902928	-1	3191808	5208	0	0	5208
499693	6849968	-1	250880	293	0	0	293
505672	7760760	-1	4865024	5015	0	0	5015
515695	7873328	-1	2757632	2802	0	0	2802
522673	-1	-1	0	0	0	0	0
529683	4318088	-1	1752064	3246	0	0	3246
533680	3379672	-1	1756160	4157	0	0	4157
542695	4922792	-1	2524160	4102	0	0	4102
550694	5413480	-1	3166208	4679	0	0	4679
559686	-1	-1	81920	748	0	0	748
564683	6692056	-1	712704	852	0	0	852
569670	6213424	-1	549888	708	0	0	708
578698	5624552	-1	3481600	4952	0	0	4952
585680	6960192	-1	711680	818	0	0	818
593671	-1	-1	0	0	0	0	0
596687	-1	-1	0	0	0	0	0
603696	-1	-1	0	0	0	0	5638
613670	7270760	-1	4881408	5371	0	0	9474
622696	7212432	-1	3656704	4056	0	0	4056
630694	-1	-1	0	0	0	0	0
640678	12290744	-1	2293760	1493	0	0	1493
649682	-1	-1	0	0	0	0	0
658696	9460064	-1	1344512	1137	0	0	1137
660693	-1	-1	0	0	0	0	0
669685	10726184	-1	2739200	2043	0	0	2043
679690	-1	-1	0	0	0	0	0
688684	8364616	-1	1736704	1661	0	0	1855
697670	-1	-1	0	0	0	0	0
706680	10411680	-1	3074048	2362	0	0	2362
713676	-1	-1	0	0	0	0	0
717670	12430992	-1	2002944	1289	0	0	1289
725671	12021696	-1	485376	323	0	0	323
734694	-1	-1	0	0	0	0	0
739668	-1	-1	0	0	0	0	0
745676	11948480	-1	1964032	1315	0	0	1315
754704	-1	-1	0	0	0	0	0
760678	7570480	-1	3295052	3482	0	0	3482
766677	-1	-1	0	0	0	0	0
775710	7858720	-1	3163136	3220	0	0	3220
784694	-1	-1	0	0	0	0	0
793684	7970216	-1	2355200	2364	0	0	2364
798706	-1	-1	0	0	0	0	0
807687	8435512	-1	1880064	1783	0	0	1783
813670	-1	-1	0	0	0	0	0
821677	6493112	-1	2813952	3467	0	0	3467
830715	-1	-1	0	0	0	0	0
838707	-1	-1	0	0	0	0	0
847700	8517424	-1	2626560	2467	0	0	2467
853671	5740688	-1	1122304	1564	0	0	1577
862730	9253192	-1	955392	826	0	0	826
871706	10310488	-1	2696192	2092	0	0	2092
878704	-1	-1	0	0	0	0	0
886698	9422920	-1	2727936	2316	0	0	2316
896688	-1	-1	0	0	0	0	0
902698	6510200	-1	245760	302	0	0	309
911701	11712144	-1	2582528	1764	0	0	1764
919687	-1	-1	0	0	0	0	0
924682	-1	-1	0	0	0	0	0
931688	10271920	-1	3130368	2438	0	0	2438
939695	9484608	-1	1179648	995	0	0	995
943694	8802584	-1	885760	805	0	0	805
952678	-1	-1	0	0	0	0	0
960691	9627056	-1	5420032	4504	0	0	4504
968685	-1	-1	0	0	0	0	0
978694	9894392	-1	5921792	4788	0	0	4788
988681	-1	-1	0	0	0	0	0
997675	-1	-1	0	0	0	0	0
1005685	-1	-1	0	0	0	0	0
1011692	8759928	-1	4912128	4486	0	0	4486
1015692	-1	-1	0	0	0	0	0
1024682	-1	-1	0	0	0	0	5841
1034694	8062056	-1	3112960	3089	0	0	6393
1040680	8007032	-1	4920320	4916	0	0	4916
1049678	-1	-1	0	0	0	0	0
1058700	-1	-1	0	0	0	0	0
1064684	-1	-1	0	0	0	0	0
1070675	10796040	-1	3608576	2674	0	0	2674
1078701	-1	-1	0	0	0	0	0
1086709	13507400	-1	6255616	3705	0	0	3705
1094668	-1	-1	0	0	0	0	0
1101678	11761368	-1	1234944	840	0	0	840
1110681	-1	-1	0	0	0	0	0
1118695	12953400	-1	2880512	1779	0	0	1779
1128682	-1	-1	0	0	0	0	0
1136678	15254448	-1	2848768	1494	0	0	1494
1144686	-1	-1	0	0	0	0	0
1153680	12531752	-1	5633024	3596	0	0	3596
1163686	-1	-1	0	0	0	0	0
1257099	2409472	830200	2383872	7915	831488	8012	15368
1264076	2569856	969000	2252800	7013	844800	6974	7013
1273100	1080784	1113416	1208320	8944	1239040	8902	8944
1279080	280024	789192	177152	5061	606208	6145	5061
1288077	257320	1154608	286720	8914	1276928	8847	8997
1297100	325384	998728	360448	8862	1105920	8858	9023
1306087	2799016	578912	1160192	3316	153600	2122	3316
1314094	2375904	-1	973824	3279	0	0	3279
1323086	-1	-1	0	0	0	0	0
1332078	7783600	-1	663552	682	0	0	682
1340073	-1	-1	0	0	0	0	0
1346098	1702080	-1	903168	4245	0	0	4245
1356075	-1	-1	0	0	0	0	0
1365071	1333296	-1	674816	4049	0	0	4049
1374088	-1	-1	0	0	0	0	0
1383082	8528792	-1	881664	827	0	0	827
1393071	-1	-1	0	0	0	0	0
1401095	9791456	-1	720896	589	0	0	589
1407093	-1	-1	0	0	0	0	0
1416084	-1	-1	0	0	0	0	0
1420080	-1	-1	0	0	0	0	0
1428074	6839720	-1	1341440	1569	0	0	1569
1435081	-1	-1	0	0	0	0	0
1443091	-1	-1	0	0	0	0	0
1450102	-1	-1	0	0	0	0	0
1458101	6960472	-1	914432	1051	0	0	1230
1464072	-1	-1	0	0	0	0	0
1470087	8357976	-1	721920	691	0	0	745
1480072	-1	-1	0	0	0	0	0
1488083	5902872	-1	940032	1274	0	0	1274
1498069	-1	-1	0	0	0	0	0
1508071	7585184	-1	742400	783	0	0	783
1516071	-1	-1	0	0	0	0	0
1524081	6080816	-1	418816	551	0	0	631
1529110	-1	-1	0	0	0	0	0
1536086	8204504	-1	671744	655	0	0	655
1542096	-1	-1	0	0	0	0	0
1550087	4069832	-1	843472	1658	0	0	1658
1559083	-1	-1	0	0	0	0	0
1568071	7532240	-1	982016	1043	0	0	1043
1577080	-1	-1	0	0	0	0	0
1585095	-1	-1	0	0	0	0	0
1594096	6827752	-1	1071104	1255	0	0	1255
1597097	-1	-1	0	0	0	0	0
1605104	-1	-1	0	0	0	0	0
1612074	4577256	-1	1095680	1915	0	0	1915
1616071	-1	-1	0	0	0	0	0
1626087	497280	-1	311296	5008	0	0	5085
1634094	505944	-1	464896	7351	0	0	7351
1644071	364520	-1	480256	10540	0	0	10540
1651093	624560	-1	387072	4958	0	0	5119
1656071	2736000	-1	2100224	6141	0	0	6141
1664083	-1	-1	0	0	0	0	0
1673075	-1	-1	0	0	0	0	0
1680085	-1	-1	0	0	0	0	0
1690091	8522320	-1	1453056	1364	0	0	1374
1697070	-1	-1	0	0	0	0	0
1706093	9226688	-1	1104896	958	0	0	982
1715086	-1	-1	0	0	0	0	0
1725094	-1	-1	0	0	0	0	0
1732070	-1	-1	0	0	0	0	0
1741109	7209280	-1	916480	1017	0	0	1017
1748071	-1	-1	0	0	0	0	0
1757109	6274088	-1	864256	1102	0	0	1102
1765103	-1	-1	0	0	0	0	0
1774091	5844896	-1	785408	1075	0	0	1075
1783088	7876304	-1	996352	1012	0	0	1012
1786101	-1	-1	0	0	0	0	0
1794093	-1	-1	0	0	0	0	0
1799090	-1	-1	0	0	0	0	0
1804080	-1	-1	0	0	0	0	0
1810086	7207592	-1	1724416	1914	0	0	1914
1818086	-1	-1	0	0	0	0	0
1827079	11004352	-1	965632	702	0	0	702
1834089	-1	-1	0	0	0	0	0
1841098	7166040	-1	936960	1046	0	0	1046
1849095	-1	-1	0	0	0	0	0
1857094	5468072	-1	830464	1215	0	0	1215
1863079	-1	-1	0	0	0	0	0
1872070	6739824	-1	807936	959	0	0	959
1879081	-1	-1	0	0	0	0	0
1888071	9047624	-1	1093632	967	0	0	967
1896070	-1	-1	0	0	0	0	0
1903082	-1	-1	0	0	0	0	0
1908071	-1	-1	0	0	0	0	0
1918095	2427680	-1	1113396	3669	0	0	3989
1925093	-1	-1	0	0	0	0	0
1934100	3470680	-1	593920	1369	0	0	1369
1940070	-1	-1	0	0	0	0	0
1949097	6231864	-1	944128	1212	0	0	1212
1959085	-1	-1	0	0	0	0	0
1969095	-1	-1	0	0	0	0	0
1975078	-1	-1	0	0	0	0	0
1983083	8466656	-1	726016	686	0	0	686
1990086	7006888	-1	829440	947	0	0	947
1994086	-1	-1	0	0	0	0	0
2002082	-1	-1	0	0	0	0	0
2010092	2560280	-1	1164288	3638	0	0	3638
2016072	-1	-1	0	0	0	0	0
2025075	4208776	-1	955392	1816	0	0	1816
2035085	7432504	-1	2154496	2319	0	0	2319
2037082	-1	-1	0	0	0	0	0
2046089	-1	-1	0	0	0	0	0
2055084	10174808	-1	2117632	1665	0	0	1665
2063091	-1	-1	0	0	0	0	0
2072084	7379008	-1	1338368	1451	0	0	1451
2081099	9089400	-1	726016	639	0	0	735
2086101	11205360	-1	635904	454	0	0	454
2091081	-1	-1	0	0	0	0	0
2098088	-1	-1	0	0	0	0	0
2107085	-1	-1	0	0	0	0	0
2113107	11349904	-1	2130944	1502	0	0	1502
2120072	-1	-1	0	0	0	0	0
2128080	-1	-1	0	0	0	0	0
2134091	-1	-1	0	0	0	0	0
2143082	4800072	-1	2143232	3572	0	0	3572
2148073	-1	-1	0	0	0	0	0
2157104	8899552	-1	1403904	1262	0	0	1262
2165110	-1	-1	0	0	0	0	0
2174088	10749224	-1	1734656	1291	0	0	1291
2184072	-1	-1	0	0	0	0	0
2193069	-1	-1	0	0	0	0	0
2200070	-1	-1	0	0	0	0	0
2209100	9405296	-1	2143232	1823	0	0	1823
2216070	-1	-1	0	0	0	0	0
2225104	3209728	-1	1097728	2736	0	0	2736
2234086	-1	-1	0	0	0	0	0
2243090	6013496	-1	2382848	3170	0	0	3170
2252069	-1	-1	0	0	0	0	0
2260071	7775576	-1	1166336	1200	0	0	1200
2266086	-1	-1	0	0	0	0	0
2275079	6380952	-1	1807404	2266	0	0	2266
2282100	-1	205824	0	0	264192	10268	0
2291090	4191256	698008	1171456	2236	781312	8954	2236
2292073	-1	-1	0	0	117760	1002	0
2301097	-1	968600	0	0	1088512	8990	0
2303082	-1	1194592	0	0	296960	1988	0
2312076	-1	1355952	0	0	1533952	9050	0
2316075	-1	1339960	0	0	654336	3906	0
2323093	-1	1271792	0	0	1118208	7033	0
2327089	-1	1461912	0	0	737280	4034	0
2334087	-1	1365352	0	0	1200128	7031	0
2343079	-1	1495296	0	0	1649664	8825	0
2351085	-1	1506680	0	0	1527808	8112	0
2360070	-1	1178512	0	0	1329152	9022	0
2369099	-1	1671192	0	0	1891328	9053	0
2378091	-1	1674912	0	0	1844224	8808	0
2388084	-1	1296024	0	0	1647616	10170	0
2395078	-1	737320	0	0	643072	6977	0
2403078	-1	1257640	0	0	1240064	7888	0
2411083	-1	966240	0	0	954368	7901	0
2416076	-1	1461760	0	0	952320	5211	0
2424075	-1	1416736	0	0	1418240	8008	0
2434090	-1	1161024	0	0	1406976	9694	0
2443084	-1	1363288	0	0	1582080	9283	0
2446068	-1	1672920	0	0	614400	2938	0
2455078	-1	1710472	0	0	1936384	9056	0
2462080	-1	1590008	0	0	1387520	6981	0
2470090	-1	1496888	0	0	1470464	7858	0
2476070	-1	1198792	0	0	921600	6150	0
2481070	-1	1229864	0	0	764928	4975	0
2487091	-1	959000	0	0	717824	5988	0
2493102	-1	1866752	0	0	1330176	5700	0
2499081	-1	1698568	0	0	630784	2970	0
2504078	-1	-1	0	0	0	0	0
2513101	-1	-1	0	0	0	0	0
2521106	-1	-1	0	0	0	0	0
2529071	-1	-1	0	0	0	0	0
2533099	-1	-1	0	0	0	0	0
2542089	-1	-1	0	0	0	0	0
2550068	-1	-1	0	0	0	0	0
2557105	-1	-1	0	0	0	0	0
2563087	-1	-1	0	0	0	0	0
2573098	-1	-1	0	0	0	0	0
2578086	-1	-1	0	0	0	0	0
2585098	-1	56496	0	0	629760	89180	0
2592072	-1	851240	0	0	718848	6755	0
2595090	-1	845152	0	0	275456	2607	0
2602100	-1	802176	0	0	756736	7546	0
2611093	-1	836072	0	0	947200	9063	0
2615088	-1	874576	0	0	358400	3278	0
2621069	-1	898832	0	0	752640	6698	0
2630093	-1	983120	0	0	1111040	9040	0
2639083	-1	1035952	0	0	1156096	8927	0
2646091	-1	1085672	0	0	953344	7024	0
2650089	-1	1115016	0	0	564224	4048	0
2658098	-1	1115784	0	0	1111040	7966	0
2664075	7869240	1291248	524288	533	971776	6020	630
2673102	-1	1386504	0	0	1560576	9004	0
2677082	-1	1598448	0	0	791552	3961	0
2684074	-1	1390456	0	0	1219584	7016	0
2693080	-1	1460992	0	0	1645568	9010	0
2701094	-1	1495648	0	0	1501184	8029	0
2708072	-1	1480384	0	0	1288192	6961	0
2713094	-1	1300000	0	0	793600	4883	0
2719079	-1	1486416	0	0	1128448	6073	0
2727083	-1	1651512	0	0	1648640	7986	0
2737095	-1	1291792	0	0	1625088	10064	0
2745070	-1	2021184	0	0	1998848	7911	0
2751078	-1	2033248	0	0	1538048	6051	0
2761099	-1	1949784	0	0	2408448	9881	0
2765096	-1	1717488	0	0	873472	4068	0
2771090	-1	1844960	0	0	1362944	5909	0
2780070	-1	1778608	0	0	1995776	8976	0
2790090	-1	1790000	0	0	2274304	10164	0
2793070	-1	1964184	0	0	737280	3002	0
2802096	-1	600512	0	0	663552	8839	0
2809070	-1	2771864	0	0	2422784	6992	0
2814099	-1	2778648	0	0	1731584	4985	0
2823090	-1	2441384	0	0	2729984	8945	0
2832070	-1	3465992	0	0	3906560	9016	0
2835078	-1	4000272	0	0	1531904	3063	0
2843078	-1	3234968	0	0	3230720	7989	0
2851084	-1	3478064	0	0	3457024	7951	0
2856071	-1	4004544	0	0	2510848	5015	0
2865101	-1	3562648	0	0	4024320	9036	0
2873094	-1	1811032	0	0	1724416	7617	0
2877097	-1	2412584	0	0	1327104	4400	0
2884083	-1	3257160	0	0	203776	500	-1
2894087	-1	641744	0	0	312320	3893	-1
2899087	-1	4398232	0	0	2746368	4995	-1
2909095	-1	5847680	0	0	7306240	9995	-1
2919084	-1	2389768	0	0	2616320	8758	-1
2926095	-1	-1	0	0	3072	6199	-1
2935087	-1	-1	0	0	0	0	-1
2944079	-1	-1	0	0	0	0	-1
2952072	-1	-1	0	0	0	0	-1
2961096	-1	-1	0	0	0	0	-1
2968073	-1	-1	0	0	0	0	-1
2976082	-1	-1	0	0	0	0	-1
2982086	-1	-1	0	0	0	0	-1
2989070	-1	-1	0	0	0	0	-1
2993099	-1	-1	0	0	0	0	-1
3002090	-1	-1	0	0	0	0	-1
3009099	-1	-1	0	0	0	0	-1
3019089	-1	-1	0	0	0	0	-1
3022089	-1	-1	0	0	0	0	-1
3031081	-1	-1	0	0	0	0	-1
3036075	-1	-1	0	0	0	0	-1
3045104	-1	-1	0	0	0	0	-1
3055078	-1	-1	0	0	0	0	-1
3064084	-1	-1	0	0	0	0	-1
3073095	-1	-1	0	0	0	0	-1
3079085	-1	-1	0	0	0	0	-1
3088071	-1	-1	0	0	0	0	-1
3095079	-1	-1	0	0	0	0	-1
3105096	-1	-1	0	0	0	0	-1
3112070	-1	-1	0	0	0	0	-1
3116081	-1	-1	0	0	0	0	-1
3124071	-1	-1	0	0	0	0	-1
3128070	-1	-1	0	0	0	0	-1
3135078	-1	-1	0	0	0	0	-1
3142091	-1	-1	0	0	0	0	-1
3151082	-1	-1	0	0	0	0	-1
3156072	-1	-1	0	0	0	0	-1
3163090	-1	-1	0	0	0	0	-1
3172081	-1	-1	0	0	0	0	-1
3177107	-1	-1	0	0	0	0	-1
3185095	-1	-1	0	0	0	0	-1
3193095	-1	-1	0	0	0	0	-1
3199084	-1	-1	0	0	0	0	-1
3208071	-1	-1	0	0	0	0	-1
3215089	-1	-1	0	0	0	0	-1
3225095	-1	-1	0	0	0	0	-1
3230089	-1	-1	0	0	0	0	-1
3237103	-1	-1	0	0	0	0	-1
3246093	-1	-1	0	0	0	0	-1
3255085	-1	-1	0	0	0	0	-1
3264078	-1	-1	0	0	0	0	-1
3273099	-1	-1	0	0	0	0	-1
3282090	-1	-1	0	0	0	0	-1
3288072	-1	-1	0	0	0	0	-1
3297095	-1	-1	0	0	0	0	-1
3304071	-1	-1	0	0	0	0	-1
3313100	-1	-1	0	0	0	0	-1
3320074	-1	-1	0	0	0	0	-1
