166367	293952	-1	194560	5295	0	0	13000
181367	652168	-1	1220608	14973	0	0	14999
191366	369808	-1	417792	9038	0	0	9998
208365	212568	-1	475136	17882	0	0	17882
217365	317976	-1	350208	8811	0	0	9000
226366	537184	-1	622592	9272	0	0	9272
234366	2536784	-1	2434048	7676	0	0	7999
237366	1159696	-1	400384	2762	0	0	3000
246366	2344704	-1	2737152	9339	0	0	9339
248365	1317216	-1	299008	1816	0	0	1816
256366	1696320	-1	335872	1584	0	0	1584
260366	735176	-1	172032	1872	0	0	1879
266367	1345936	-1	461824	2745	0	0	2745
275366	780792	-1	507904	5204	0	0	5364
284367	826568	-1	735232	7116	0	0	7116
293367	733472	-1	321536	3507	0	0	3507
301367	-1	-1	0	0	0	0	0
310366	518912	-1	312320	4815	0	0	4815
317366	276704	-1	236544	6839	0	0	6839
325366	554096	-1	275456	3977	0	0	3977
330366	509056	-1	177152	2784	0	0	2784
337367	1393760	-1	778240	4467	0	0	4467
345365	-1	-1	0	0	0	0	0
354368	1470288	-1	528384	2875	0	0	2875
363366	-1	-1	0	0	0	0	0
370367	564384	-1	274432	3890	0	0	4157
378368	621040	-1	155648	2005	0	0	2005
384367	-1	-1	0	0	0	0	0
392365	482232	-1	663552	11008	0	0	11008
402366	426832	-1	281600	5278	0	0	5338
410367	-1	-1	103208	8197	0	0	8197
417365	365104	-1	278528	6103	0	0	6998
423366	618216	-1	514048	6652	0	0	6652
429367	851616	-1	548864	5156	0	0	5156
436367	561224	-1	550912	7853	0	0	7853
444366	867864	-1	860160	7929	0	0	7999
448366	546136	-1	267264	3915	0	0	3999
456366	451592	-1	408576	7238	0	0	8000
463365	502912	-1	478208	7607	0	0	7607
472366	863216	-1	982016	9101	0	0	9101
479366	1695304	-1	1482752	6997	0	0	6999
486365	1815880	-1	1540096	6785	0	0	6785
494365	1631944	-1	879616	4312	0	0	4312
500367	9758912	-1	2404352	1971	0	0	1971
507366	-1	-1	0	0	0	0	0
516367	2470648	-1	1647616	5335	0	0	5335
526366	1740120	-1	423936	1949	0	0	1949
535367	606816	-1	327680	4320	0	0	5317
545367	2260856	-1	2327552	8236	0	0	8236
554366	7024360	-1	388096	442	0	0	442
563367	-1	-1	0	0	0	0	0
572365	7648232	-1	1987584	2079	0	0	2079
579366	-1	-1	0	0	0	0	0
589366	7597656	-1	785408	827	0	0	827
599366	-1	-1	0	0	0	0	0
608367	10604368	-1	864256	652	0	0	652
615367	-1	-1	0	0	0	0	0
623368	12077176	-1	410624	272	0	0	272
632365	-1	-1	0	0	0	0	0
639366	11570544	-1	908288	628	0	0	628
648366	-1	-1	0	0	0	0	0
656367	13457536	-1	1313792	781	0	0	781
665366	-1	-1	0	0	0	0	0
674368	-1	-1	0	0	0	0	0
682365	12828240	-1	1337344	834	0	0	834
689368	13426240	-1	827392	493	0	0	493
699367	-1	-1	0	0	0	0	0
707366	14431864	-1	1695744	940	0	0	940
717367	-1	-1	0	0	0	0	0
723367	15920936	-1	1936384	973	0	0	973
733365	-1	25800	0	0	1054720	327016	0
742367	-1	938232	0	0	950272	8102	0
752367	-1	949016	0	0	1210368	10203	0
762366	-1	1413840	0	0	1766400	9994	0
769366	-1	1541800	0	0	1350656	7008	0
777366	-1	818848	0	0	759808	7423	0
787366	-1	772144	0	0	999424	10354	0
796366	-1	1016944	0	0	1157120	9102	0
804366	-1	876744	0	0	886784	8091	0
813367	-1	631672	0	0	711680	9013	0
822366	-1	1158520	0	0	1304576	9008	0
825366	-1	1200496	0	0	412672	2750	0
835366	-1	-1	0	0	131072	10205	0
842366	-1	1381944	0	0	1216512	7042	0
850366	-1	1197256	0	0	1196032	7991	0
852366	-1	1393000	0	0	348160	1999	0
861367	-1	1253624	0	0	1406976	8978	0
870368	-1	1341632	0	0	1343488	8011	0
879365	-1	1181232	0	0	1324032	8967	0
889366	-1	545968	0	0	753664	11043	0
898366	-1	867408	0	0	962560	8877	0
907366	-1	-1	0	0	41984	7898	0
915366	-1	-1	0	0	0	0	0
923367	-1	-1	0	0	0	0	0
932367	-1	-1	0	0	0	0	0
937367	-1	-1	0	0	0	0	0
944368	-1	-1	0	0	0	0	0
948366	-1	-1	0	0	0	0	0
957366	-1	-1	0	0	0	0	0
966366	-1	-1	0	0	0	0	0
975366	-1	-1	0	0	0	0	0
984366	-1	-1	0	0	0	0	0
993370	-1	-1	0	0	0	0	0
1002366	-1	-1	0	0	0	0	0
1009367	-1	-1	0	0	0	0	0
1018366	-1	-1	0	0	0	0	0
1027366	-1	-1	0	0	0	0	0
1036366	-1	-1	0	0	0	0	0
1045366	-1	-1	0	0	0	0	0
1054366	-1	-1	0	0	0	0	0
1064365	-1	-1	0	0	0	0	0
1073366	8710752	-1	2063360	1895	0	0	1895
1079367	-1	-1	0	0	0	0	0
1089366	14434976	-1	970752	538	0	0	538
1097366	-1	-1	0	0	0	0	0
1106366	17869424	-1	1650688	739	0	0	739
1115366	-1	-1	0	0	0	0	0
1122367	15282568	-1	1342956	703	0	0	703
1131366	-1	-1	0	0	0	0	0
1141366	14582568	-1	1483776	814	0	0	973
1150366	-1	-1	0	0	0	0	0
1160367	12140864	-1	1309696	863	0	0	863
1170366	-1	-1	0	0	0	0	0
1180366	-1	54736	0	0	405504	59264	0
1188366	-1	1018800	0	0	1022976	8032	0
1194367	-1	264560	0	0	155648	4706	0
1201366	-1	273056	0	0	281600	8250	0
1207366	-1	469216	0	0	353280	6023	0
1216367	-1	956512	0	0	369664	3091	0
1224367	3653696	-1	1395712	3056	0	0	3056
1233366	-1	-1	0	0	0	0	0
1243366	-1	-1	0	0	0	0	0
1250367	9845096	-1	548864	446	0	0	558
1255367	9929856	-1	1901568	1532	0	0	1532
1263365	-1	-1	0	0	0	0	0
1270366	-1	-1	0	0	0	0	0
1278365	11592120	-1	1347584	930	0	0	930
1282367	14764648	-1	476160	258	0	0	258
1291367	-1	-1	0	0	0	0	0
1301367	13293208	-1	1448960	872	0	0	872
1310366	-1	-1	0	0	0	0	0
1318366	-1	-1	0	0	0	0	0
1322366	-1	-1	0	0	0	0	0
1329366	10687112	-1	1254400	939	0	0	939
1338366	-1	-1	0	0	0	0	0
1346365	3495984	-1	653312	1495	0	0	1495
1353366	-1	-1	0	0	0	0	0
1362367	10431760	-1	1044480	801	0	0	801
1370365	-1	-1	0	0	0	0	0
1376367	10834984	-1	885760	654	0	0	713
1383366	-1	-1	0	0	0	0	0
1392365	11845528	-1	959488	648	0	0	648
1400367	-1	-1	0	0	0	0	0
1407366	-1	-1	0	0	0	0	0
1414366	-1	-1	0	0	0	0	0
1423367	6444656	-1	1574912	1955	0	0	1974
1433366	-1	-1	0	0	0	0	0
1443366	13586728	-1	974848	574	0	0	574
1450367	-1	-1	0	0	0	0	0
1460366	15618080	-1	960512	492	0	0	511
1469365	-1	-1	0	0	0	0	0
1478366	2661568	-1	1064960	3201	0	0	3201
1487367	-1	-1	0	0	0	0	0
1496365	2809032	-1	1780928	5072	0	0	5072
1505367	-1	-1	0	0	0	0	0
1514365	6947992	-1	772096	889	0	0	889
1523366	-1	-1	0	0	0	0	0
1533366	3548240	-1	596992	1346	0	0	1346
1540366	-1	-1	0	0	0	0	0
1549366	3478480	-1	770048	1771	0	0	1771
1558367	-1	-1	0	0	0	0	0
1564366	7673000	-1	772096	805	0	0	805
1573366	-1	-1	0	0	0	0	0
1582365	3400152	-1	440320	1036	0	0	1036
1589367	-1	-1	0	0	0	0	0
1595365	4760608	-1	674816	1134	0	0	1134
1604365	-1	-1	0	0	0	0	0
1611366	6065504	-1	1305600	1722	0	0	1722
1621366	-1	-1	0	0	0	0	0
1630366	5482608	-1	791552	1155	0	0	1217
1638365	-1	-1	0	0	0	0	0
1646365	5805184	-1	1377280	1898	0	0	1898
1653365	-1	-1	0	0	0	0	0
1660365	13340816	-1	888832	533	0	0	533
1667365	-1	-1	0	0	0	0	0
1677366	6450840	-1	925696	1148	0	0	1148
1685367	-1	-1	0	0	0	0	0
1694366	4859760	-1	843776	1389	0	0	1389
1696367	-1	-1	0	0	0	0	0
1705365	10198872	-1	952320	747	0	0	747
1714367	-1	-1	0	0	0	0	0
1722366	6804528	-1	472064	555	0	0	555
1731367	-1	-1	0	0	0	0	0
1738367	594904	-1	352256	4737	0	0	5520
1747365	-1	-1	0	0	0	0	8998
1811363	724712	-1	2204672	24337	0	0	24337
1819361	-1	-1	0	0	0	0	0
1829360	4136096	4776	1637376	3167	199680	334405	3167
1838361	-1	745528	0	0	838656	8999	0
1848360	-1	1346888	0	0	1690624	10041	0
1856359	-1	1672216	0	0	1672192	7999	0
1866359	-1	1225360	0	0	1512448	9874	0
1869360	-1	938136	0	0	280576	2392	0
1878360	-1	1873744	0	0	2111488	9015	0
1887359	-1	2672312	0	0	2989056	8948	0
1894360	-1	3166928	0	0	2785280	7035	0
1898360	-1	3122504	0	0	1553408	3979	0
1907360	-1	2972584	0	0	3349504	9014	0
1915361	-1	3755632	0	0	3747840	7983	0
1925361	-1	3167096	0	0	3789824	9572	0
1931360	-1	1711512	0	0	1290240	6030	0
1940361	-1	1841776	0	0	1812480	7872	0
1949360	-1	1010232	0	0	1274880	10095	0
1955361	-1	1154368	0	0	870400	6032	0
1965359	-1	1074360	0	0	1341440	9988	0
1972359	-1	1101224	0	0	955392	6940	0
1981359	-1	623672	0	0	706560	9063	0
1983360	-1	1224824	0	0	303104	1979	0
1992360	-1	954552	0	0	1076224	9019	0
1999360	-1	769688	0	0	672768	6992	0
2008359	-1	1278376	0	0	1434624	8977	0
2017360	-1	1108088	0	0	1247232	9004	0
2026359	-1	1476696	0	0	1664000	9014	0
2035359	-1	601560	0	0	674816	8974	0
2044360	-1	1063888	0	0	1199104	9016	0
2054359	-1	1486608	0	0	1859584	10007	0
2063359	-1	1660632	0	0	1858560	8953	0
2072359	-1	1295904	0	0	1459200	9008	0
2082360	-1	1245776	0	0	1165312	7483	0
2090360	-1	891424	0	0	1136640	10200	0
2100359	-1	-1	0	0	76800	509	0
2108360	-1	-1	0	0	0	0	0
2118359	-1	-1	0	0	0	0	0
2123359	-1	-1	0	0	0	0	0
2133361	-1	-1	0	0	0	0	0
2142360	-1	-1	0	0	0	0	0
2151360	-1	-1	0	0	0	0	0
2160360	-1	-1	0	0	0	0	0
2167360	-1	-1	0	0	0	0	0
2175359	-1	-1	0	0	0	0	0
2183360	-1	-1	0	0	0	0	0
2192359	-1	-1	0	0	0	0	0
2200359	-1	-1	0	0	0	0	0
2209359	-1	-1	0	0	0	0	0
2217361	-1	-1	0	0	0	0	0
2219360	-1	-1	0	0	0	0	0
2228359	-1	-1	0	0	0	0	0
2237359	-1	-1	0	0	0	0	0
2244360	-1	-1	0	0	0	0	0
2248361	-1	-1	0	0	0	0	0
2255359	-1	-1	0	0	0	0	0
2264359	-1	-1	0	0	0	0	0
2272361	-1	-1	0	0	0	0	0
2282359	-1	-1	0	0	0	0	0
2290361	-1	8544	0	0	212992	199451	0
2297359	-1	768736	0	0	675840	7033	0
2304360	-1	521360	0	0	257024	3943	-1
2314360	-1	499200	0	0	185344	2970	-1
2323359	-1	336760	0	0	380928	9049	-1
2330361	-1	-1	0	0	47104	6164	-1
2340359	-1	-1	0	0	5120	3443	-1
2350359	-1	-1	0	0	0	0	-1
2351360	-1	-1	0	0	0	0	-1
2361359	-1	-1	0	0	0	0	-1
2370360	-1	-1	0	0	0	0	-1
2377359	-1	-1	0	0	0	0	-1
2381359	-1	-1	0	0	0	0	-1
2390360	-1	-1	0	0	0	0	-1
2399360	-1	-1	0	0	11264	66472	-1
2408359	-1	-1	0	0	88064	4609	-1
2416361	-1	146256	0	0	220160	12042	-1
2425361	-1	662416	0	0	754688	9114	-1
2432360	-1	662600	0	0	567296	6849	-1
2437359	-1	1021056	0	0	350208	2743	-1
2445359	-1	432248	0	0	531456	9836	-1
2454360	-1	865344	0	0	954368	8823	-1
2463360	-1	655944	0	0	735232	8967	-1
2472360	-1	1134744	0	0	1304576	9197	-1
2482360	-1	669744	0	0	836608	9993	-1
2490359	-1	1067512	0	0	1069056	8011	-1
2498360	-1	1759048	0	0	1760256	8005	-1
2507359	-1	1148312	0	0	1266688	8824	-1
2516359	-1	1161312	0	0	1131520	7794	-1
2523360	-1	171712	0	0	171008	7967	-1
2532361	-1	-1	0	0	82944	8940	-1
2541360	-1	182384	0	0	167936	7366	-1
2548359	-1	-1	0	0	6144	8085	-1
2556359	-1	241064	0	0	270336	8971	-1
2565360	-1	200992	0	0	226304	9007	-1
2574360	-1	192248	0	0	211968	8820	-1
2577359	-1	368584	0	0	137216	2978	-1
2586359	-1	303304	0	0	314368	8291	-1
2589359	-1	-1	0	0	111616	3881	-1
2598360	-1	779512	0	0	882688	9058	-1
2605361	-1	1323256	0	0	1158144	7001	-1
2614359	-1	1668848	0	0	1872896	8978	-1
2624360	-1	1852808	0	0	2318336	10010	-1
2634359	-1	1051096	0	0	1305600	9937	-1
2642360	-1	931208	0	0	615424	5287	-1
2651361	-1	-1	0	0	0	0	-1
2655360	-1	-1	0	0	0	0	-1
2661359	-1	-1	0	0	0	0	-1
2667359	-1	-1	0	0	0	0	-1
2672360	-1	-1	0	0	0	0	-1
2678360	-1	-1	0	0	0	0	-1
2687360	-1	-1	0	0	0	0	-1
2691360	-1	-1	0	0	0	0	-1
2700360	-1	-1	0	0	0	0	-1
2702359	-1	-1	0	0	0	0	-1
2711359	-1	-1	0	0	0	0	-1
2720359	-1	-1	0	0	0	0	-1
2729361	-1	-1	0	0	0	0	-1
2739360	-1	-1	0	0	0	0	-1
2742360	-1	-1	0	0	0	0	-1
2751359	-1	-1	0	0	0	0	-1
2764770	2767160	-1	750592	2170	0	0	-1
2890054	9051992	-1	840704	743	0	0	1007
2899055	-1	-1	0	0	0	0	0
2908053	-1	-1	0	0	0	0	0
2909056	-1	-1	0	0	0	0	0
2913055	-1	-1	0	0	0	0	0
2918053	-1	-1	0	0	0	0	0
2927054	-1	-1	0	0	0	0	0
2932053	-1	-1	0	0	0	0	0
2939054	-1	-1	0	0	0	0	0
2947054	-1	-1	0	0	0	0	0
2954053	-1	-1	0	0	0	0	0
2964054	-1	-1	0	0	0	0	0
2974052	-1	-1	0	0	11264	334395	0
2983052	-1	945472	0	0	1054720	8924	0
2990053	-1	678192	0	0	605184	7138	0
2996053	-1	643928	0	0	482304	5992	0
3004053	-1	580792	0	0	581632	8011	0
3011054	-1	289840	0	0	250880	6924	0
3021053	-1	524912	0	0	659456	10050	0
3030052	-1	561384	0	0	632832	9018	0
3039053	-1	242336	0	0	260096	8586	0
3044052	-1	395816	0	0	268288	5422	0
3052061	-1	1099376	0	0	1093632	7958	0
3060054	-1	1690184	0	0	1687552	7987	0
3063053	-1	1076024	0	0	392192	2915	0
3070052	-1	1248424	0	0	1094656	7014	0
3079053	-1	1484800	0	0	1661952	8954	0
3088052	-1	954424	0	0	1063936	8917	0
3096053	-1	750424	0	0	522240	5567	0
3105054	-1	-1	0	0	0	0	0
3112054	-1	-1	0	0	0	0	0
3121053	-1	-1	0	0	0	0	0
3122052	-1	-1	0	0	0	0	0
3131052	-1	-1	0	0	0	0	0
3140052	-1	-1	0	0	0	0	0
3149053	-1	-1	0	0	0	0	0
3155054	-1	-1	0	0	0	0	0
3163053	-1	-1	0	0	0	0	0
3173054	-1	-1	0	0	0	0	0
3183053	-1	-1	0	0	0	0	0
3190053	-1	-1	0	0	0	0	0
3195054	-1	-1	0	0	0	0	0
3204053	-1	-1	0	0	0	0	0
3212054	-1	-1	0	0	0	0	0
3222054	-1	-1	0	0	0	0	0
3232053	-1	-1	0	0	31744	138529	0
3241053	-1	410792	0	0	462848	9013	0
3250054	-1	515304	0	0	578560	8982	0
3259052	-1	1357896	0	0	1521664	8964	0
3265057	-1	1554120	0	0	1177600	6061	0
3270053	-1	1578752	0	0	982016	4976	0
3277072	-1	1485616	0	0	1292288	6958	0
3286059	-1	1542520	0	0	1737728	9012	0
3288052	-1	1775032	0	0	411648	1855	0
3297052	-1	1447368	0	0	1651712	9129	0
3301053	-1	1700816	0	0	859136	4041	0
3310053	-1	1735416	0	0	1952768	9001	0
3319057	-1	1817568	0	0	2043904	8996	0
3327061	-1	1928848	0	0	1929216	8001	0
3336058	-1	1883584	0	0	2112512	8972	0
3344056	-1	1955760	0	0	535552	2190	0
3353053	-1	-1	0	0	0	0	0
3361053	-1	-1	0	0	0	0	0
3369052	-1	-1	0	0	0	0	0
3378054	-1	-1	0	0	0	0	0
3387054	-1	-1	0	0	0	0	0
3397053	-1	-1	0	0	0	0	0
3404052	-1	-1	0	0	0	0	0
3413054	-1	-1	0	0	0	0	0
3419053	-1	-1	0	0	0	0	0
3428054	-1	-1	0	0	0	0	0
3437053	-1	-1	0	0	0	0	0
3444055	-1	-1	0	0	0	0	0
3453053	-1	-1	0	0	0	0	0
3463054	-1	-1	0	0	0	0	0
3472054	-1	-1	0	0	0	0	0
3477052	-1	-1	0	0	0	0	0
3486052	-1	-1	0	0	0	0	0
3489054	-1	-1	0	0	0	0	0
3496055	-1	-1	0	0	0	0	0
3504052	-1	-1	0	0	0	0	0
3511053	-1	-1	0	0	0	0	0
3521054	-1	-1	0	0	0	0	0
3529052	-1	-1	0	0	0	0	0
3537052	668008	-1	462848	5543	0	0	5607
3545054	1000784	-1	794624	6352	0	0	6352
3555053	748392	-1	456704	4882	0	0	4882
3564052	1787824	-1	698368	3125	0	0	3125
3572052	2021808	-1	1185792	4692	0	0	4692
3581052	1282360	-1	435200	2715	0	0	2715
3590052	-1	-1	0	0	0	0	0
3600052	-1	-1	0	0	0	0	0
3606053	12598160	655288	3181036	2020	397312	4850	2020
3616053	-1	875976	0	0	1107968	10118	0
3624052	-1	934096	0	0	934912	8007	0
3633054	-1	853248	0	0	945152	8861	0
3637052	-1	875632	0	0	440320	4022	0
3647053	-1	904432	0	0	464896	4112	0
3656053	-1	-1	0	0	0	0	0
3658053	-1	-1	0	0	0	0	0
3668052	-1	-1	0	0	0	0	0
3672052	-1	-1	0	0	0	0	0
3679054	10323656	-1	852992	661	0	0	661
3685052	-1	-1	0	0	0	0	0
3695053	-1	-1	0	0	0	0	0
3700052	-1	-1	0	0	0	0	0
3708052	15828856	-1	3357696	1697	0	0	1697
3717053	-1	-1	0	0	0	0	0
3726054	7764432	-1	1283072	1322	0	0	1322
3733053	-1	-1	0	0	0	0	0
3742052	5536040	-1	1517568	2193	0	0	2193
3751052	-1	-1	0	0	0	0	0
3759053	666200	-1	417792	5017	0	0	5593
3768052	633528	-1	753664	9517	0	0	9517
3777053	2492168	-1	2436096	7820	0	0	7820
3787053	-1	-1	0	0	0	0	0
3796052	-1	-1	0	0	0	0	0
3803052	-1	-1	0	0	0	0	0
3813052	1961632	-1	1372160	5596	0	0	5596
3821053	-1	-1	0	0	0	0	0
3827053	1677976	-1	1085440	5175	0	0	5175
3836053	6760864	-1	140288	166	0	0	166
3845053	11749744	-1	916480	624	0	0	624
3855052	-1	-1	0	0	0	0	0
3863052	1541592	-1	952320	4942	0	0	4967
3872052	7040840	-1	269312	306	0	0	306
3879059	6164448	-1	1080320	1402	0	0	1402
3889055	-1	-1	0	0	0	0	0
3898052	13290784	-1	1764352	1062	0	0	1062
3907053	-1	-1	0	0	0	0	0
3915053	-1	-1	0	0	0	0	0
3922052	-1	-1	0	0	0	0	0
3929054	14891600	-1	1880064	1010	0	0	1011
3937052	-1	-1	0	0	0	0	0
3947053	-1	-1	0	0	0	0	0
3957054	10371968	-1	1086464	838	0	0	895
3961052	4333632	-1	1201500	2218	0	0	2218
3970053	-1	-1	0	0	0	0	0
3979055	8912688	-1	1380352	1239	0	0	1239
3989053	-1	-1	0	0	0	0	0
3996054	10013656	-1	940032	751	0	0	751
4004054	-1	-1	0	0	0	0	0
4013053	12222752	-1	863232	565	0	0	565
4022053	-1	-1	0	0	0	0	0
4028052	-1	-1	0	0	0	0	0
4032054	-1	-1	0	0	0	0	0
4041053	13358544	-1	1469440	880	0	0	1018
4050055	-1	-1	0	0	0	0	0
4058053	13742136	-1	1267712	738	0	0	738
4066053	-1	-1	0	0	0	0	0
4075052	12322232	-1	1105920	718	0	0	718
4083052	-1	-1	0	0	0	0	0
4092053	11323536	-1	973824	688	0	0	688
4098053	-1	-1	0	0	0	0	0
4107053	-1	-1	0	0	0	0	0
4116052	15399320	-1	1153024	599	0	0	599
4119053	-1	-1	0	0	0	0	0
4128053	-1	-1	0	0	0	0	0
4137053	-1	-1	0	0	0	0	0
4139053	-1	-1	0	0	0	0	0
4148053	10216408	-1	1219584	955	0	0	965
4155053	-1	-1	0	0	0	0	0
4165053	13087696	-1	687104	420	0	0	420
4175053	-1	-1	0	0	0	0	0
4180052	13136488	-1	1561600	951	0	0	951
4189053	5977784	-1	1003520	1343	0	0	1343
4193053	6206568	-1	761856	982	0	0	982
4202053	-1	-1	0	0	0	0	0
4209053	10515104	-1	2377728	1809	0	0	1809
4217055	-1	-1	0	0	0	0	0
4226055	-1	-1	0	0	0	0	0
4232053	-1	-1	0	0	0	0	0
4240052	12429472	-1	1934336	1245	0	0	1245
4248053	-1	-1	0	0	0	0	0
4258054	12031704	-1	2595840	1726	0	0	1726
4266052	-1	-1	0	0	0	0	0
4274053	6260600	-1	1168384	1493	0	0	1493
4282054	-1	-1	0	0	0	0	0
4291053	6538664	-1	1255424	1536	0	0	1650
4300053	-1	-1	0	0	0	0	0
4309052	-1	-1	0	0	0	0	0
4317052	11251128	-1	783360	557	0	0	704
4322053	10730480	-1	155592	116	0	0	116
4327053	-1	-1	0	0	0	0	0
4337053	5362592	-1	537600	802	0	0	802
4342053	-1	-1	0	0	0	0	0
4350053	11345408	-1	677888	478	0	0	478
4358052	-1	-1	0	0	0	0	0
4366054	8320576	-1	463872	446	0	0	446
4372054	-1	-1	0	0	0	0	0
4378052	13262592	-1	996352	601	0	0	601
4387053	-1	-1	0	0	0	0	0
4394053	-1	-1	0	0	0	0	0
4398054	10079160	-1	481280	382	0	0	429
4403053	16930136	-1	349184	165	0	0	198
4412052	-1	-1	0	0	0	0	0
4419053	12616456	-1	668672	424	0	0	424
4427052	-1	46032	0	0	631808	109807	0
4433052	-1	1139416	0	0	844800	5931	0
4437053	-1	1156920	0	0	580608	4014	0
4447053	-1	1295448	0	0	1612800	9959	0
4452052	-1	1410552	0	0	897024	5087	0
4457058	-1	1651880	0	0	1032192	4998	0
4464052	-1	1067024	0	0	842752	6318	0
4471054	-1	380872	0	0	348160	7312	0
4479052	-1	864288	0	0	904192	8369	0
4487052	-1	1726080	0	0	1720320	7973	0
4529855	2552136	837016	2098176	6577	891904	8524	6577
4538856	-1	923792	0	0	1032192	8938	0
4546855	-1	1234032	0	0	1233920	7999	0
4553854	-1	1636592	0	0	1431552	6997	0
4562855	-1	2028584	0	0	2275328	8973	0
4572856	-1	1782728	0	0	2207744	9907	0
4580856	-1	1984776	0	0	1990656	8023	0
4590856	-1	2023344	0	0	2545664	10065	0
4597854	-1	1992232	0	0	1750016	7027	0
4606855	-1	1968552	0	0	2183168	8872	0
4616855	-1	1648024	0	0	2074624	10070	0
4625856	-1	2421264	0	0	2711552	8959	0
4633855	-1	1988456	0	0	1984512	7984	0
4637855	-1	2311920	0	0	1174528	4064	0
4646859	-1	2376352	0	0	2596864	8742	0
4650854	-1	379224	0	0	195584	4125	0
4659855	-1	2585880	0	0	2912256	9009	0
4669856	-1	3232576	0	0	4031488	9977	0
4678856	-1	672688	0	0	751616	8938	0
4685856	-1	828208	0	0	733184	7082	0
4693856	-1	402552	0	0	396288	7875	0
4702856	-1	-1	0	0	27648	8084	0
4711856	-1	616760	0	0	770048	9988	0
4720855	-1	1357336	0	0	1533952	9040	0
4729856	-1	1972032	0	0	2211840	8972	0
4738854	-1	2318968	0	0	2611200	9008	-1
4747854	-1	1284496	0	0	793600	4942	-1
4753855	-1	1899704	0	0	1414144	5955	-1
4762855	-1	1470584	0	0	1660928	9035	-1
4771855	-1	1956624	0	0	2203648	9010	-1
4776856	-1	1582920	0	0	988160	4994	-1
4786855	-1	2138480	0	0	2666496	9975	-1
4793856	-1	3838280	0	0	3348480	6979	-1
4801854	-1	4153400	0	0	4169728	8031	-1
4810855	-1	2437064	0	0	2680832	8800	-1
4818854	-1	3575792	0	0	3589120	8029	-1
4827857	-1	3117728	0	0	3505152	8994	-1
4835855	-1	2621872	0	0	2608128	7958	-1
4845854	-1	2731752	0	0	3420160	10016	-1
4853855	-1	3303784	0	0	3296256	7981	-1
4857854	-1	2750784	0	0	1275904	3710	-1
4867856	-1	3215288	0	0	4047872	10071	-1
4876855	-1	1336040	0	0	1546240	9258	-1
4880856	-1	359208	0	0	176128	3922	-1
4889854	-1	2090776	0	0	2366464	9054	-1
4895854	-1	2331568	0	0	765952	2628	-1
4902855	-1	1155536	0	0	1476608	10222	-1
4910855	-1	1235448	0	0	1240064	8029	-1
4920854	-1	2473472	0	0	3083264	9972	-1
4921856	-1	1904408	0	0	243712	1023	-1
4930855	-1	3063328	0	0	3446784	9001	-1
4939857	-1	3433152	0	0	3834880	8936	-1
4948856	-1	3813400	0	0	4295680	9011	-1
4957855	-1	3561280	0	0	4011008	9010	-1
4966855	-1	2311800	0	0	2540544	8791	-1
4969855	-1	3204504	0	0	1207296	3013	-1
4978855	-1	3785416	0	0	4253696	8989	-1
4987856	-1	3699880	0	0	4118528	8905	-1
4995856	-1	3636248	0	0	3682304	8101	-1
5002856	-1	2495848	0	0	2184192	7001	-1
5009856	-1	3315928	0	0	2898944	6993	-1
5016854	-1	2178000	0	0	1887232	6931	-1
5024856	-1	2095544	0	0	2102272	8025	-1
5032856	-1	2385880	0	0	1160192	3890	-1
5040856	-1	1727272	0	0	2585600	11975	-1
5045854	-1	3330200	0	0	2078720	4993	-1
5051856	-1	4451752	0	0	3300352	5930	-1
5056854	-1	3344176	0	0	2123776	5080	-1
5065856	-1	891160	0	0	917504	8236	-1
5074856	-1	486448	0	0	593920	9767	-1
5083856	-1	1068600	0	0	1201152	8992	-1
5090857	-1	2664024	0	0	2327552	6989	-1
5099863	-1	2795288	0	0	3117056	8920	-1
5104856	-1	3162640	0	0	2011136	5087	-1
5111856	-1	2816120	0	0	2458624	6984	-1
5118856	-1	1713560	0	0	1456128	6798	-1
5126855	-1	2901552	0	0	2905088	8009	-1
5135858	-1	2448064	0	0	2767872	9045	-1
5145858	-1	2716144	0	0	3383296	9965	-1
5153855	-1	4279232	0	0	4297728	8034	-1
5158855	-1	4665720	0	0	2859008	4902	-1
5167856	-1	2619864	0	0	2975744	9086	-1
5171856	-1	2595520	0	0	1292288	3983	-1
5181856	-1	2137008	0	0	2658304	9951	-1
5188855	-1	2123160	0	0	1843200	6945	-1
5195858	-1	1325392	0	0	1141760	6891	-1
5203855	-1	1940344	0	0	1947648	8030	-1
5208856	-1	2065128	0	0	1298432	5029	-1
5213855	-1	1414840	0	0	880640	4979	-1
5218856	-1	2148440	0	0	1352704	5036	-1
5227854	-1	2109568	0	0	2294784	8702	-1
5235855	-1	1927952	0	0	1991680	8264	-1
5240855	-1	2215432	0	0	1353728	4888	-1
5250857	-1	3409304	0	0	4314112	10123	-1
5259856	-1	3423424	0	0	3851264	8999	-1
5267857	-1	2320360	0	0	2316288	7985	-1
5275854	-1	2176184	0	0	2179072	8010	-1
5284857	-1	2350264	0	0	2591744	8821	-1
5293858	-1	2416432	0	0	2723840	9017	-1
5301856	-1	2455016	0	0	2464768	8031	-1
5310855	-1	2456096	0	0	2799616	9118	-1
5319858	-1	2794192	0	0	3120128	8933	-1
5328856	-1	2550248	0	0	2176000	6826	-1
5334856	-1	-1	0	0	0	0	-1
5342855	-1	-1	0	0	0	0	-1
5352856	-1	-1	0	0	0	0	-1
5359855	-1	-1	0	0	0	0	-1
5368854	-1	-1	0	0	0	0	-1
5377855	-1	-1	0	0	0	0	-1
5384854	-1	-1	0	0	0	0	-1
5393854	-1	-1	0	0	0	0	-1
5402856	-1	-1	0	0	0	0	-1
5407854	-1	-1	0	0	0	0	-1
5415855	-1	-1	0	0	0	0	-1
5424855	-1	-1	0	0	0	0	-1
5427856	-1	-1	0	0	0	0	-1
5436856	-1	-1	0	0	0	0	-1
5452196	-1	-1	0	0	0	0	-1
5577189	-1	-1	0	0	0	0	-1
5586189	-1	-1	0	0	0	0	-1
5594189	-1	-1	0	0	0	0	-1
5604188	-1	-1	0	0	0	0	-1
5605188	-1	-1	0	0	0	0	-1
5613188	-1	-1	0	0	0	0	-1
5618187	-1	-1	0	0	0	0	-1
5625189	-1	-1	0	0	0	0	-1
5635188	-1	-1	0	0	0	0	-1
5644187	-1	-1	0	0	0	0	-1
5652188	-1	-1	0	0	0	0	-1
5659188	-1	-1	0	0	0	0	-1
5667188	-1	-1	0	0	0	0	-1
5676188	-1	-1	0	0	0	0	-1
5686187	-1	-1	0	0	0	0	-1
5694189	-1	-1	0	0	0	0	-1
5703187	-1	-1	0	0	0	0	-1
5713188	-1	-1	0	0	0	0	-1
5723189	-1	-1	0	0	0	0	-1
5731188	-1	-1	0	0	0	0	-1
5740188	-1	-1	0	0	0	0	-1
5748189	-1	-1	0	0	0	0	-1
5757189	-1	-1	0	0	0	0	-1
5766188	-1	-1	0	0	0	0	-1
5770188	-1	-1	0	0	0	0	-1
5778189	-1	-1	0	0	0	0	-1
5786189	-1	-1	0	0	0	0	-1
5790188	-1	-1	0	0	0	0	-1
5798187	-1	-1	0	0	0	0	-1
5805189	-1	-1	0	0	0	0	-1
5811189	-1	-1	0	0	0	0	-1
5820187	-1	-1	0	0	0	0	-1
5826188	-1	-1	0	0	0	0	-1
5835188	-1	-1	0	0	0	0	-1
5839187	-1	-1	0	0	0	0	-1
5848187	-1	-1	0	0	0	0	-1
5853189	-1	-1	0	0	0	0	-1
5863188	-1	-1	0	0	0	0	-1
5870188	-1	-1	0	0	0	0	-1
5879187	-1	-1	0	0	0	0	-1
5888188	-1	-1	0	0	0	0	-1
5893187	-1	-1	0	0	0	0	-1
5900187	-1	-1	0	0	0	0	-1
5908188	-1	-1	0	0	0	0	-1
5916188	-1	-1	0	0	0	0	-1
5924189	-1	-1	0	0	0	0	-1
5933189	-1	-1	0	0	0	0	-1
5941189	-1	-1	0	0	0	0	-1
5950188	-1	-1	0	0	0	0	-1
5960188	-1	-1	0	0	0	0	-1
5968189	-1	-1	0	0	0	0	-1
5976187	-1	-1	0	0	0	0	-1
5978187	-1	-1	0	0	0	0	-1
5987187	-1	-1	0	0	0	0	-1
5996189	-1	-1	0	0	0	0	-1
6004189	-1	-1	0	0	0	0	-1
6014189	-1	-1	0	0	0	0	-1
6021188	-1	-1	0	0	0	0	-1
6027187	-1	-1	0	0	0	0	-1
6035187	-1	-1	0	0	0	0	-1
6041188	-1	-1	0	0	0	0	-1
6050188	-1	-1	0	0	0	0	-1
6057188	-1	-1	0	0	0	0	-1
6066189	-1	-1	0	0	0	0	-1
6076189	-1	-1	0	0	0	0	-1
6084188	-1	-1	0	0	0	0	-1
6092187	-1	-1	0	0	0	0	-1
6098187	-1	-1	0	0	0	0	-1
6107187	-1	-1	0	0	0	0	-1
6116187	-1	-1	0	0	0	0	-1
6125188	-1	-1	0	0	0	0	-1
6134189	-1	-1	0	0	0	0	-1
6143188	-1	-1	0	0	0	0	-1
6151188	-1	-1	0	0	0	0	-1
6159188	-1	-1	0	0	0	0	-1
6168187	-1	-1	0	0	0	0	-1
6175189	-1	-1	0	0	0	0	-1
6184189	-1	-1	0	0	0	0	-1
6193188	-1	-1	0	0	0	0	-1
6200187	-1	-1	0	0	0	0	-1
6209189	-1	-1	0	0	0	0	-1
6216188	-1	-1	0	0	0	0	-1
6223189	-1	-1	0	0	0	0	-1
6232187	-1	-1	0	0	0	0	-1
6240188	-1	-1	0	0	0	0	-1
6247189	-1	-1	0	0	0	0	-1
6256188	-1	-1	0	0	0	0	-1
6264189	-1	-1	0	0	0	0	-1
6271188	-1	-1	0	0	0	0	-1
6280188	-1	-1	0	0	0	0	-1
6288188	-1	-1	0	0	0	0	-1
6297189	-1	-1	0	0	0	0	-1
6306189	-1	-1	0	0	0	0	-1
6314188	-1	-1	0	0	0	0	-1
6320187	-1	-1	0	0	0	0	-1
6325187	-1	-1	0	0	0	0	-1
6332188	-1	-1	0	0	86016	749695	-1
6342188	-1	534144	0	0	661504	9907	-1
6349187	-1	992960	0	0	802816	6468	-1
6358187	-1	153544	0	0	157696	8216	-1
6366187	-1	-1	0	0	61440	8839	-1
6373187	-1	150688	0	0	139264	7393	-1
6379187	-1	-1	0	0	57344	2144	-1
6389188	-1	208800	0	0	357376	13692	-1
6391188	-1	-1	0	0	113664	2021	-1
6400188	-1	-1	0	0	40960	1680	-1
6406189	-1	-1	0	0	0	0	-1
6414188	-1	-1	0	0	8192	21067	-1
6423189	-1	497112	0	0	566272	9112	-1
6431189	-1	1059592	0	0	1054720	7963	-1
6439188	-1	1313648	0	0	1316864	8019	-1
6448188	-1	716984	0	0	807936	9014	-1
6457187	-1	748440	0	0	840704	8986	-1
6466188	-1	959824	0	0	433152	3610	-1
6475189	-1	-1	0	0	0	0	-1
6485188	-1	-1	0	0	0	0	-1
6493188	-1	-1	0	0	0	0	-1
6502188	-1	-1	0	0	0	0	-1
6511188	-1	-1	0	0	0	0	-1
6521187	-1	-1	0	0	0	0	-1
6530188	-1	-1	0	0	0	0	-1
6539187	-1	-1	0	0	0	0	-1
6543188	-1	-1	0	0	0	0	-1
6552188	-1	-1	0	0	0	0	-1
6562189	-1	-1	0	0	0	0	-1
6571188	-1	-1	0	0	0	0	-1
6576189	-1	-1	0	0	0	0	-1
6585187	-1	-1	0	0	0	0	-1
6591187	-1	-1	0	0	0	0	-1
6601188	-1	-1	0	0	0	0	-1
6607189	-1	-1	0	0	0	0	-1
6617187	-1	-1	0	0	0	0	-1
6624187	-1	-1	0	0	0	0	-1
6632190	-1	-1	0	0	0	0	-1
6642189	-1	-1	0	0	0	0	-1
6651188	-1	-1	0	0	0	0	-1
6660187	-1	-1	0	0	0	0	-1
6669189	-1	-1	0	0	0	0	-1
6674189	-1	-1	0	0	0	0	-1
6684189	-1	-1	0	0	0	0	-1
6693188	-1	-1	0	0	0	0	-1
6702188	-1	-1	0	0	0	0	-1
6711187	-1	-1	0	0	0	0	-1
6718189	-1	-1	0	0	0	0	-1
6726188	-1	-1	0	0	0	0	-1
6735188	-1	-1	0	0	0	0	-1
6741187	-1	-1	0	0	0	0	-1
6750188	-1	-1	0	0	0	0	-1
6759187	-1	-1	0	0	0	0	-1
6768189	-1	-1	0	0	0	0	-1
6777189	-1	-1	0	0	0	0	-1
6785188	-1	-1	0	0	0	0	-1
6793188	-1	-1	0	0	0	0	-1
6802188	-1	-1	0	0	0	0	-1
6810189	-1	-1	0	0	0	0	-1
6818187	-1	-1	0	0	0	0	-1
6827187	-1	-1	0	0	0	0	-1
6850778	-1	856152	0	0	407552	3808	-1
6859776	-1	1099216	0	0	1231872	8965	-1
6867777	-1	1003512	0	0	896000	7142	-1
6876777	-1	850448	0	0	1052672	9902	-1
6883776	-1	954056	0	0	798720	6697	-1
6892776	-1	171864	0	0	190464	8865	-1
6900777	-1	402344	0	0	423936	8429	-1
6909777	-1	251864	0	0	283648	9009	-1
6915776	-1	445448	0	0	333824	5995	-1
6919778	-1	468008	0	0	228352	3903	-1
6927777	-1	162312	0	0	134144	6611	-1
6936778	-1	641016	0	0	839680	10479	-1
6945778	-1	1035024	0	0	1164288	8999	-1
6955778	-1	946448	0	0	1178624	9962	-1
6964777	-1	1043496	0	0	1178624	9035	-1
6971779	-1	1018000	0	0	890880	7001	-1
6979776	-1	748560	0	0	745472	7967	-1
6988776	-1	698568	0	0	786432	9006	-1
6997776	-1	1234488	0	0	1393664	9031	-1
7006776	-1	854840	0	0	953344	8921	-1
7013777	-1	914048	0	0	797696	6981	-1
7021778	-1	1063744	0	0	1072128	8063	-1
7028777	-1	1053528	0	0	909312	6904	-1
7037776	-1	471784	0	0	534528	9063	-1
7045777	-1	630496	0	0	633856	8042	-1
7053777	-1	1059824	0	0	1060864	8007	-1
7062776	-1	932512	0	0	1046528	8978	-1
7070778	-1	1015504	0	0	997376	7857	-1
7078776	-1	734496	0	0	487424	5308	-1
7086776	-1	512512	0	0	686080	10709	-1
7093777	-1	994016	0	0	867328	6980	-1
7102776	-1	1338704	0	0	1508352	9013	-1
7111777	-1	1576680	0	0	1758208	8921	-1
7117776	-1	931088	0	0	705536	6062	-1
7126777	-1	1452624	0	0	1626112	8955	-1
7133777	-1	1089888	0	0	956416	7020	-1
7142777	-1	1393120	0	0	1570816	9020	-1
7148778	-1	1684224	0	0	1253376	5953	-1
7157777	-1	1082928	0	0	1219584	9009	-1
7166776	-1	1718112	0	0	1925120	8963	-1
7170777	-1	1922296	0	0	976896	4065	-1
7179778	-1	1792152	0	0	2011136	8977	-1
7188777	-1	1371480	0	0	1546240	9019	-1
7197777	-1	1565608	0	0	1712128	8748	-1
7206776	-1	560728	0	0	649216	9262	-1
7214776	-1	620456	0	0	620544	8001	-1
7221776	-1	1117752	0	0	971776	6955	-1
7226778	-1	1388544	0	0	874496	5038	-1
7234776	-1	1083744	0	0	1053696	7778	-1
7241778	-1	1260904	0	0	1110016	7042	-1
7282739	-1	1021952	0	0	1097728	8593	-1
7291733	-1	2049848	0	0	2313216	9027	-1
7299733	-1	2224888	0	0	2252800	8100	-1
7308733	-1	3081544	0	0	3462144	8988	-1
7318733	-1	2361856	0	0	2543616	8615	-1
7327732	-1	1631896	0	0	2117632	10381	-1
7337732	-1	2069808	0	0	2543616	9831	-1
7345732	-1	3649360	0	0	3647488	7995	-1
7355732	-1	2232472	0	0	2791424	10002	-1
7364733	-1	1902192	0	0	2136064	8983	-1
7368732	-1	2938008	0	0	1469440	4001	-1
7374734	-1	1868056	0	0	1404928	6016	-1
7383732	-1	982912	0	0	1104896	8992	-1
7384732	-1	2616720	0	0	329728	1008	-1
7393732	-1	2409104	0	0	2704384	8980	-1
7403733	-1	2748656	0	0	3435520	9999	-1
7412732	-1	2471800	0	0	2778112	8991	-1
7421733	-1	2155784	0	0	2417664	8971	-1
7429732	-1	1312840	0	0	1287168	7843	-1
7437732	-1	2730696	0	0	2729984	7997	-1
7446732	-1	3589472	0	0	4045824	9017	-1
7454732	-1	4326280	0	0	4331520	8009	-1
7464733	-1	4258760	0	0	5319680	9992	-1
7473732	-1	4802144	0	0	5377024	8957	-1
7481732	-1	2504288	0	0	2436096	7782	-1
7488732	-1	4372080	0	0	3857408	7058	-1
7495733	-1	4779616	0	0	4193280	7018	-1
7504732	-1	5145800	0	0	5778432	8983	-1
7513734	-1	4906272	0	0	5514240	8991	-1
7523733	-1	4633016	0	0	5789696	9997	-1
7531732	-1	1840760	0	0	1805312	7845	-1
7541734	-1	2588512	0	0	3232768	9991	-1
7549735	-1	2582192	0	0	2581504	7997	-1
7558733	-1	2753544	0	0	3099648	9005	-1
7563739	-1	2769048	0	0	1724416	4981	-1
7572732	-1	1078664	0	0	1204224	8931	-1
7582733	-1	1879488	0	0	2368512	10081	-1
7591748	-1	2475288	0	0	2791424	9021	-1
7600733	-1	2963920	0	0	3333120	8996	-1
7605733	-1	2748584	0	0	1711104	4980	-1
7614733	-1	2907568	0	0	2845696	7829	-1
7620733	-1	1929352	0	0	1733632	7188	-1
7627734	-1	2138560	0	0	1858560	6952	-1
7636732	-1	767712	0	0	864256	9006	-1
7643733	-1	2130872	0	0	1858560	6977	-1
7652732	-1	2495352	0	0	2729984	8752	-1
7661732	-1	-1	0	0	0	0	-1
7668733	-1	-1	0	0	0	0	-1
7676733	-1	-1	0	0	0	0	-1
7685732	-1	-1	0	0	0	0	-1
7695733	-1	-1	0	0	0	0	-1
7703733	-1	-1	0	0	0	0	-1
7713732	-1	-1	0	0	0	0	-1
7722732	-1	-1	0	0	0	0	-1
7730732	-1	-1	0	0	0	0	-1
7737734	-1	-1	0	0	0	0	-1
7744732	-1	-1	0	0	0	0	-1
7753734	-1	-1	0	0	0	0	-1
7760732	-1	-1	0	0	0	0	-1
7768732	-1	-1	0	0	0	0	-1
7777733	-1	-1	0	0	0	0	-1
7784733	-1	-1	0	0	0	0	-1
7793732	-1	-1	0	0	0	0	-1
7802732	-1	-1	0	0	0	0	-1
7811732	-1	-1	0	0	0	0	-1
7820732	-1	-1	0	0	0	0	-1
7827733	-1	-1	0	0	0	0	-1
7832732	-1	-1	0	0	0	0	-1
7840734	-1	-1	0	0	0	0	-1
7848732	-1	-1	0	0	0	0	-1
7855732	-1	-1	0	0	0	0	-1
7864736	-1	-1	0	0	0	0	-1
7869732	-1	-1	0	0	0	0	-1
7877733	-1	-1	0	0	0	0	-1
7885733	-1	-1	0	0	0	0	-1
7893734	-1	-1	0	0	0	0	-1
7901732	-1	-1	0	0	0	0	-1
7909732	-1	-1	0	0	0	0	-1
7917733	-1	-1	0	0	0	0	-1
7926733	-1	-1	0	0	0	0	-1
7933734	-1	-1	0	0	0	0	-1
7941732	-1	-1	0	0	0	0	-1
7946732	-1	-1	0	0	0	0	-1
7955733	-1	-1	0	0	0	0	-1
7963733	-1	-1	0	0	0	0	-1
7972733	-1	-1	0	0	0	0	-1
7980732	-1	-1	0	0	0	0	-1
7989733	-1	-1	0	0	0	0	-1
7999733	-1	-1	0	0	0	0	-1
8003733	-1	-1	0	0	0	0	-1
8009732	-1	-1	0	0	0	0	-1
8019733	-1	-1	0	0	0	0	-1
8028733	-1	-1	0	0	0	0	-1
8035733	-1	-1	0	0	0	0	-1
8042733	-1	-1	0	0	0	0	-1
8047732	-1	-1	0	0	0	0	-1
8056734	-1	-1	0	0	0	0	-1
8063733	-1	-1	0	0	0	0	-1
8073732	-1	-1	0	0	0	0	-1
8080732	-1	-1	0	0	0	0	-1
8084732	-1	-1	0	0	0	0	-1
8092733	-1	-1	0	0	0	0	-1
8096734	-1	-1	0	0	0	0	-1
8106733	-1	-1	0	0	0	0	-1
8115734	-1	-1	0	0	0	0	-1
8123734	-1	-1	0	0	0	0	-1
8130733	-1	-1	0	0	0	0	-1
8147035	-1	-1	0	0	0	0	-1
8270478	-1	-1	0	0	0	0	-1
8279478	-1	-1	0	0	0	0	-1
8286478	-1	-1	0	0	0	0	-1
8291479	-1	-1	0	0	0	0	-1
8296478	-1	-1	0	0	0	0	-1
8305480	-1	-1	0	0	0	0	-1
8314479	-1	-1	0	0	0	0	-1
8322478	-1	-1	0	0	0	0	-1
8330478	-1	-1	0	0	0	0	-1
8340477	-1	-1	0	0	0	0	-1
8349477	-1	-1	0	0	0	0	-1
8356478	-1	-1	0	0	0	0	-1
8363478	-1	-1	0	0	0	0	-1
8370479	-1	-1	0	0	0	0	-1
8378478	-1	-1	0	0	0	0	-1
8386477	-1	-1	0	0	0	0	-1
8389478	-1	-1	0	0	0	0	-1
8398478	-1	-1	0	0	0	0	-1
8407478	-1	-1	0	0	0	0	-1
8416478	-1	-1	0	0	0	0	-1
8425478	-1	-1	0	0	0	0	-1
8434478	-1	-1	0	0	0	0	-1
8443478	-1	-1	0	0	0	0	-1
8452478	-1	-1	0	0	0	0	-1
8460478	-1	-1	0	0	0	0	-1
8469479	-1	-1	0	0	0	0	-1
8477478	-1	-1	0	0	0	0	-1
8487479	-1	-1	0	0	0	0	-1
8496478	-1	-1	0	0	0	0	-1
8505478	-1	-1	0	0	0	0	-1
8514477	-1	-1	0	0	0	0	-1
8523478	-1	-1	0	0	0	0	-1
8531479	-1	-1	0	0	0	0	-1
8539478	-1	-1	0	0	0	0	-1
8548479	-1	-1	0	0	0	0	-1
8557479	-1	-1	0	0	0	0	-1
8566478	-1	-1	0	0	0	0	-1
8573479	-1	-1	0	0	0	0	-1
8580478	-1	-1	0	0	0	0	-1
8589478	-1	-1	0	0	0	0	-1
8591479	-1	-1	0	0	0	0	-1
8600477	-1	-1	0	0	0	0	-1
8609479	-1	-1	0	0	0	0	-1
8618478	-1	-1	0	0	0	0	-1
8625479	-1	-1	0	0	0	0	-1
8632479	-1	-1	0	0	0	0	-1
8641478	-1	-1	0	0	0	0	-1
8649479	-1	-1	0	0	0	0	-1
8658479	-1	-1	0	0	0	0	-1
8666478	-1	-1	0	0	0	0	-1
8675479	-1	-1	0	0	0	0	-1
8685478	-1	-1	0	0	0	0	-1
8689478	-1	-1	0	0	0	0	-1
8699477	-1	-1	0	0	0	0	-1
8707479	-1	-1	0	0	0	0	-1
8712479	-1	-1	0	0	0	0	-1
8721478	-1	-1	0	0	0	0	-1
8730478	-1	-1	0	0	0	0	-1
8740478	-1	-1	0	0	0	0	-1
8747479	-1	-1	0	0	0	0	-1
8757479	-1	-1	0	0	0	0	-1
8766478	-1	-1	0	0	0	0	-1
8776479	-1	-1	0	0	0	0	-1
8783478	-1	-1	0	0	0	0	-1
8788477	-1	-1	0	0	0	0	-1
8793479	-1	-1	0	0	0	0	-1
8802478	-1	-1	0	0	0	0	-1
8812478	-1	-1	0	0	0	0	-1
8820479	-1	-1	0	0	0	0	-1
8830479	-1	-1	0	0	0	0	-1
8839478	-1	-1	0	0	0	0	-1
8846478	-1	-1	0	0	0	0	-1
8855477	-1	-1	0	0	0	0	-1
8861479	-1	-1	0	0	0	0	-1
8869479	-1	-1	0	0	0	0	-1
8878478	-1	-1	0	0	0	0	-1
8887478	-1	-1	0	0	0	0	-1
8894478	-1	-1	0	0	0	0	-1
8902478	-1	-1	0	0	0	0	-1
8910478	-1	-1	0	0	0	0	-1
8920478	-1	-1	0	0	0	0	-1
8925478	-1	-1	0	0	0	0	-1
8934478	-1	-1	0	0	0	0	-1
8943478	-1	-1	0	0	0	0	-1
8950479	-1	-1	0	0	0	0	-1
8957479	-1	-1	0	0	0	0	-1
8967479	-1	-1	0	0	0	0	-1
8969478	-1	-1	0	0	0	0	-1
8978479	-1	-1	0	0	0	0	-1
8987478	-1	-1	0	0	0	0	-1
8996478	-1	-1	0	0	0	0	-1
9005478	-1	-1	0	0	0	0	-1
9010478	-1	-1	0	0	0	0	-1
9018478	-1	-1	0	0	0	0	-1
9028479	-1	-1	0	0	0	0	-1
9036478	-1	-1	0	0	0	0	-1
9045479	-1	-1	0	0	0	0	-1
9054479	-1	-1	0	0	0	0	-1
9062479	-1	-1	0	0	0	0	-1
9070479	-1	-1	0	0	0	0	-1
9076480	-1	-1	0	0	0	0	-1
9086479	-1	-1	0	0	0	0	-1
9095478	-1	-1	0	0	0	0	-1
9101478	-1	-1	0	0	0	0	-1
9108478	-1	-1	0	0	124928	839220	-1
9113479	-1	635288	0	0	397312	5003	-1
9121478	-1	1083952	0	0	1082368	7988	-1
9127478	-1	1398824	0	0	1056768	6043	-1
9135479	-1	1446168	0	0	1440768	7970	-1
9144477	-1	1629304	0	0	1835008	9010	-1
9154480	-1	1597312	0	0	1981440	9923	-1
9163479	-1	467176	0	0	527360	9030	-1
9172477	-1	1258880	0	0	1425408	9058	-1
9181478	-1	1549400	0	0	1362944	7037	-1
9188477	-1	-1	0	0	80896	3294	-1
9196478	-1	-1	0	0	0	0	-1
9204478	-1	-1	0	0	0	0	-1
9212478	-1	-1	0	0	0	0	-1
9222477	-1	-1	0	0	0	0	-1
9228479	-1	-1	0	0	0	0	-1
9234478	-1	-1	0	0	0	0	-1
9242478	-1	-1	0	0	0	0	-1
9250478	-1	-1	0	0	0	0	-1
9257478	-1	-1	0	0	0	0	-1
9262479	-1	-1	0	0	0	0	-1
9271479	-1	-1	0	0	0	0	-1
9280479	-1	-1	0	0	0	0	-1
9287479	-1	-1	0	0	0	0	-1
9297478	-1	-1	0	0	0	0	-1
9306478	-1	-1	0	0	0	0	-1
9314478	-1	-1	0	0	0	0	-1
9323477	-1	-1	0	0	0	0	-1
9329478	-1	-1	0	0	0	0	-1
9338479	-1	-1	0	0	0	0	-1
9343477	-1	-1	0	0	0	0	-1
9353479	-1	-1	0	0	0	0	-1
9362479	-1	-1	0	0	0	0	-1
9372478	-1	-1	0	0	0	0	-1
9380479	-1	-1	0	0	0	0	-1
9389479	-1	-1	0	0	0	0	-1
9397479	-1	-1	0	0	0	0	-1
9406478	-1	-1	0	0	0	0	-1
9411477	-1	-1	0	0	0	0	-1
9420478	-1	-1	0	0	0	0	-1
9430478	-1	-1	0	0	0	0	-1
9462052	-1	-1	0	0	0	0	-1
9471053	-1	-1	0	0	0	0	-1
9481051	-1	-1	0	0	0	0	-1
9489053	-1	-1	0	0	0	0	-1
9493052	-1	-1	0	0	0	0	-1
9501052	-1	-1	0	0	0	0	-1
9511052	-1	-1	0	0	0	0	-1
9518052	-1	-1	0	0	0	0	-1
9526053	-1	-1	0	0	0	0	-1
9536052	-1	-1	0	0	0	0	-1
9544060	-1	-1	0	0	0	0	-1
9552051	-1	-1	0	0	0	0	-1
9555052	-1	-1	0	0	0	0	-1
9563052	-1	-1	0	0	0	0	-1
9570052	-1	-1	0	0	0	0	-1
9579051	-1	-1	0	0	0	0	-1
9588051	-1	-1	0	0	0	0	-1
9595051	-1	-1	0	0	0	0	-1
9601053	-1	-1	0	0	0	0	-1
9607051	-1	-1	0	0	0	0	-1
9613051	-1	-1	0	0	0	0	-1
9621052	-1	-1	0	0	0	0	-1
9626053	-1	-1	0	0	0	0	-1
9635052	-1	-1	0	0	0	0	-1
9645052	-1	-1	0	0	0	0	-1
9654053	-1	-1	0	0	0	0	-1
9663052	-1	-1	0	0	0	0	-1
9665051	-1	-1	0	0	0	0	-1
9674051	-1	-1	0	0	0	0	-1
9684053	-1	-1	0	0	0	0	-1
9693051	-1	-1	0	0	0	0	-1
9701055	-1	-1	0	0	0	0	-1
9708054	-1	-1	0	0	0	0	-1
9717051	-1	-1	0	0	0	0	-1
9727053	-1	-1	0	0	0	0	-1
9736052	-1	-1	0	0	0	0	-1
9744051	-1	-1	0	0	0	0	-1
9753054	-1	-1	0	0	0	0	-1
9761052	-1	-1	0	0	0	0	-1
9767052	-1	-1	0	0	0	0	-1
9775051	-1	-1	0	0	0	0	-1
9784053	-1	-1	0	0	0	0	-1
9793051	-1	-1	0	0	0	0	-1
9794051	-1	-1	0	0	0	0	-1
9800051	-1	-1	0	0	0	0	-1
9806051	-1	-1	0	0	0	0	-1
9815051	-1	-1	0	0	0	0	-1
9823053	-1	-1	0	0	0	0	-1
9827051	-1	-1	0	0	0	0	-1
9836052	-1	-1	0	0	0	0	-1
9845052	-1	-1	0	0	0	0	-1
9854052	-1	-1	0	0	0	0	-1
9861053	-1	-1	0	0	0	0	-1
9870051	-1	-1	0	0	0	0	-1
9879053	-1	-1	0	0	0	0	-1
9886052	-1	-1	0	0	0	0	-1
9894052	-1	-1	0	0	0	0	-1
9901051	-1	-1	0	0	0	0	-1
9909053	-1	-1	0	0	0	0	-1
9915052	-1	-1	0	0	0	0	-1
9924053	-1	-1	0	0	0	0	-1
9934053	-1	-1	0	0	0	0	-1
9943054	-1	-1	0	0	0	0	-1
9952051	-1	-1	0	0	0	0	-1
9956052	-1	-1	0	0	0	0	-1
9963051	-1	-1	0	0	0	0	-1
9968051	-1	-1	0	0	0	0	-1
9977051	-1	-1	0	0	0	0	-1
9980051	-1	-1	0	0	0	0	-1
9989052	-1	5352	0	0	539648	806244	-1
9997053	-1	1108888	0	0	1111040	8015	-1
10004054	-1	405376	0	0	349184	6891	-1
10013052	-1	1532416	0	0	1722368	8991	-1
10022053	-1	1751216	0	0	1975296	9023	-1
10031052	-1	1706280	0	0	1895424	8886	-1
10037053	-1	1601656	0	0	1208320	6035	-1
10045051	-1	1556168	0	0	1557504	8006	-1
10050051	-1	1535776	0	0	965632	5030	-1
10058052	-1	1836232	0	0	1842176	8025	-1
10068053	-1	1971520	0	0	2448384	9935	-1
10075054	-1	1982336	0	0	1751040	7066	-1
10084051	-1	1796224	0	0	2022400	9007	-1
10091053	-1	2130432	0	0	1814528	6813	-1
10100052	-1	1916152	0	0	2198528	9178	-1
10108052	-1	2046128	0	0	2045952	7999	-1
10116053	-1	768176	0	0	753664	7848	-1
10124052	-1	2260568	0	0	2242560	7936	-1
10133052	-1	2270552	0	0	2576384	9077	-1
10140051	-1	2524536	0	0	2207744	6996	-1
10149051	-1	2639672	0	0	2963456	8981	-1
10159051	-1	2581184	0	0	3221504	9984	-1
10164052	-1	2451960	0	0	1538048	5018	-1
10171052	-1	2737520	0	0	2393088	6993	-1
10181051	-1	2959560	0	0	3696640	9992	-1
10188053	-1	2687032	0	0	2283520	6798	-1
10195052	-1	3056288	0	0	2690048	7041	-1
10205052	-1	3838624	0	0	4801536	10006	-1
10213053	-1	4843288	0	0	4823040	7966	-1
10218052	-1	4787024	0	0	2984960	4988	-1
10227052	-1	4918032	0	0	5534720	9003	-1
10232051	-1	4667800	0	0	1434624	2458	-1
10239054	-1	1818128	0	0	2137088	9403	-1
10243053	-1	4403424	0	0	2198528	3994	-1
10249051	-1	4896344	0	0	3676160	6006	-1
10256052	-1	5311560	0	0	4520960	6809	-1
10265052	-1	2931376	0	0	3297280	8998	-1
10273052	-1	2484128	0	0	2536448	8168	-1
10283051	-1	3165808	0	0	3933184	9939	-1
10292051	-1	2154184	0	0	1984512	7369	-1
10299051	-1	2368608	0	0	2505728	8463	-1
10306051	-1	1545448	0	0	1361920	7049	-1
10316051	-1	1498040	0	0	1864704	9958	-1
10325051	-1	1975480	0	0	2224128	9006	-1
10332051	-1	2073208	0	0	1807360	6974	-1
10340051	-1	3078304	0	0	3101696	8060	-1
10347054	-1	3928840	0	0	3437568	6999	-1
10356052	-1	5904256	0	0	6627328	8979	-1
10366051	-1	4026664	0	0	4946944	9828	-1
10374052	-1	2350456	0	0	2331648	7935	-1
10382052	-1	5248656	0	0	5295104	8070	-1
10392051	-1	4779888	0	0	5960704	9976	-1
10400051	-1	5424184	0	0	5443584	8028	-1
10406051	-1	6270664	0	0	4680704	5971	-1
10415053	-1	6161648	0	0	6939648	9010	-1
10416051	-1	6342768	0	0	799744	1008	-1
10425054	-1	5956680	0	0	4706304	6320	-1
10434051	-1	-1	0	0	0	0	-1
10441052	-1	-1	0	0	0	0	-1
10449052	-1	-1	0	0	0	0	-1
10459053	-1	-1	0	0	0	0	-1
10467053	-1	-1	0	0	0	0	-1
10473052	-1	-1	0	0	0	0	-1
10480052	-1	-1	0	0	0	0	-1
10487051	-1	-1	0	0	0	0	-1
10494052	-1	-1	0	0	0	0	-1
10503052	-1	-1	0	0	0	0	-1
10509051	-1	-1	0	0	0	0	-1
10516052	-1	-1	0	0	0	0	-1
10524052	-1	-1	0	0	0	0	-1
10533054	-1	-1	0	0	0	0	-1
10534052	-1	-1	0	0	0	0	-1
10544054	-1	-1	0	0	0	0	-1
10553052	-1	-1	0	0	0	0	-1
10561053	-1	-1	0	0	0	0	-1
10569052	-1	-1	0	0	0	0	-1
10579052	-1	-1	0	0	0	0	-1
10588051	-1	-1	0	0	0	0	-1
10596052	-1	-1	0	0	0	0	-1
10605053	-1	-1	0	0	0	0	-1
10613053	-1	-1	0	0	0	0	-1
10623051	-1	-1	0	0	0	0	-1
10631051	-1	-1	0	0	0	0	-1
10634051	-1	-1	0	0	0	0	-1
10643051	-1	-1	0	0	0	0	-1
10650052	-1	-1	0	0	0	0	-1
10660052	-1	-1	0	0	0	0	-1
10666052	-1	-1	0	0	0	0	-1
10671053	-1	-1	0	0	0	0	-1
10680051	-1	-1	0	0	0	0	-1
10689053	-1	-1	0	0	0	0	-1
10697052	-1	-1	0	0	0	0	-1
10705052	-1	-1	0	0	0	0	-1
10715053	-1	-1	0	0	0	0	-1
10724053	-1	-1	0	0	0	0	-1
10733052	-1	-1	0	0	0	0	-1
10741052	-1	-1	0	0	0	0	-1
10747052	-1	-1	0	0	0	0	-1
10756051	-1	-1	0	0	0	0	-1
10765051	-1	-1	0	0	0	0	-1
10772051	-1	-1	0	0	0	0	-1
10777051	-1	-1	0	0	0	0	-1
10786051	-1	-1	0	0	0	0	-1
10795051	-1	-1	0	0	0	0	-1
10800052	-1	-1	0	0	0	0	-1
10818284	-1	-1	0	0	0	0	-1
10820285	-1	-1	0	0	0	0	-1
10945095	-1	-1	0	0	0	0	-1
10954093	-1	-1	0	0	0	0	-1
10961093	-1	-1	0	0	0	0	-1
10971094	-1	-1	0	0	0	0	-1
10980094	-1	-1	0	0	0	0	-1
10986095	-1	-1	0	0	0	0	-1
10994095	-1	-1	0	0	0	0	-1
11003094	-1	-1	0	0	0	0	-1
11012095	-1	-1	0	0	0	0	-1
11022093	-1	-1	0	0	0	0	-1
11027093	-1	-1	0	0	0	0	-1
11036093	-1	-1	0	0	0	0	-1
11046093	-1	-1	0	0	0	0	-1
11055093	-1	-1	0	0	0	0	-1
11062093	-1	-1	0	0	0	0	-1
11069093	-1	-1	0	0	0	0	-1
11078094	-1	-1	0	0	0	0	-1
11085094	-1	-1	0	0	0	0	-1
11092094	-1	-1	0	0	0	0	-1
11102094	-1	-1	0	0	0	0	-1
11109096	-1	-1	0	0	0	0	-1
11118094	-1	-1	0	0	0	0	-1
11122094	-1	-1	0	0	0	0	-1
11131093	-1	-1	0	0	0	0	-1
11139094	-1	-1	0	0	0	0	-1
11145095	-1	-1	0	0	0	0	-1
11154093	-1	-1	0	0	0	0	-1
11161094	-1	-1	0	0	0	0	-1
11170093	-1	-1	0	0	0	0	-1
11177095	-1	-1	0	0	0	0	-1
11184094	-1	-1	0	0	0	0	-1
11192094	-1	-1	0	0	0	0	-1
11201094	-1	-1	0	0	0	0	-1
11208095	-1	-1	0	0	0	0	-1
11215093	-1	-1	0	0	0	0	-1
11218093	-1	-1	0	0	0	0	-1
11224095	-1	-1	0	0	0	0	-1
11232093	-1	-1	0	0	0	0	-1
11236096	-1	-1	0	0	0	0	-1
11244093	-1	-1	0	0	0	0	-1
11253093	-1	-1	0	0	0	0	-1
11257093	-1	-1	0	0	0	0	-1
11265093	-1	-1	0	0	0	0	-1
11275094	-1	-1	0	0	0	0	-1
11283093	-1	-1	0	0	0	0	-1
11292093	-1	-1	0	0	0	0	-1
11302094	-1	-1	0	0	0	0	-1
11309093	-1	-1	0	0	0	0	-1
11317093	-1	-1	0	0	0	0	-1
11326093	-1	-1	0	0	0	0	-1
11334094	-1	-1	0	0	0	0	-1
11342095	-1	-1	0	0	0	0	-1
11349093	-1	-1	0	0	0	0	-1
11358094	-1	-1	0	0	0	0	-1
11363093	-1	-1	0	0	0	0	-1
11371093	-1	-1	0	0	0	0	-1
11379093	-1	-1	0	0	0	0	-1
11388094	-1	-1	0	0	0	0	-1
11398093	-1	-1	0	0	0	0	-1
11406094	-1	-1	0	0	0	0	-1
11415093	-1	-1	0	0	0	0	-1
11421094	-1	-1	0	0	0	0	-1
11427094	-1	-1	0	0	0	0	-1
11437093	-1	-1	0	0	0	0	-1
11446094	-1	-1	0	0	0	0	-1
11455094	-1	-1	0	0	0	0	-1
11464094	-1	-1	0	0	0	0	-1
11473094	-1	-1	0	0	0	0	-1
11481094	-1	-1	0	0	0	0	-1
11488093	-1	-1	0	0	0	0	-1
11495093	-1	-1	0	0	0	0	-1
11503094	-1	-1	0	0	0	0	-1
11509094	-1	-1	0	0	0	0	-1
11518093	-1	-1	0	0	0	0	-1
11524094	-1	-1	0	0	0	0	-1
11529093	-1	-1	0	0	0	0	-1
11537093	-1	-1	0	0	0	0	-1
11544094	-1	-1	0	0	0	0	-1
11553094	-1	-1	0	0	0	0	-1
11561093	-1	-1	0	0	0	0	-1
11569093	-1	-1	0	0	0	0	-1
11574094	-1	-1	0	0	0	0	-1
11583094	-1	-1	0	0	0	0	-1
11588093	-1	-1	0	0	0	0	-1
11595094	-1	-1	0	0	0	0	-1
11601093	-1	-1	0	0	0	0	-1
11610093	-1	-1	0	0	0	0	-1
11619093	-1	-1	0	0	0	0	-1
11628094	-1	-1	0	0	0	0	-1
11638093	-1	-1	0	0	0	0	-1
11644093	-1	-1	0	0	0	0	-1
11652094	-1	-1	0	0	0	0	-1
11660094	-1	-1	0	0	0	0	-1
11664093	-1	-1	0	0	0	0	-1
11674093	-1	-1	0	0	0	0	-1
11682094	-1	-1	0	0	0	0	-1
11692093	-1	-1	0	0	0	0	-1
11701095	-1	-1	0	0	0	0	-1
11711093	-1	-1	0	0	0	0	-1
11719094	-1	-1	0	0	0	0	-1
11728093	-1	-1	0	0	0	0	-1
11736094	-1	-1	0	0	0	0	-1
11746093	-1	-1	0	0	0	0	-1
11754093	-1	-1	0	0	0	0	-1
11762095	-1	-1	0	0	0	0	-1
11772095	-1	-1	0	0	0	0	-1
11781093	-1	-1	0	0	0	0	-1
11788093	-1	-1	0	0	0	0	-1
11797095	-1	-1	0	0	0	0	-1
11804094	-1	-1	0	0	0	0	-1
11813093	-1	-1	0	0	0	0	-1
11820093	-1	-1	0	0	0	0	-1
11829093	-1	-1	0	0	0	0	-1
11837094	-1	-1	0	0	0	0	-1
11847094	-1	-1	0	0	0	0	-1
11857094	-1	-1	0	0	0	0	-1
11866094	-1	-1	0	0	0	0	-1
11873094	-1	-1	0	0	0	0	-1
11882094	-1	-1	0	0	0	0	-1
11889094	-1	-1	0	0	0	0	-1
11898093	-1	-1	0	0	0	0	-1
11907093	-1	-1	0	0	0	0	-1
11913093	-1	-1	0	0	0	0	-1
11922093	-1	-1	0	0	0	0	-1
11928094	-1	-1	0	0	0	0	-1
11934093	-1	-1	0	0	0	0	-1
11940093	-1	-1	0	0	0	0	-1
11949093	-1	-1	0	0	0	0	-1
11955094	-1	-1	0	0	0	0	-1
11964094	-1	-1	0	0	0	0	-1
11974093	-1	-1	0	0	0	0	-1
11983093	-1	-1	0	0	0	0	-1
11992093	-1	-1	0	0	0	0	-1
12001094	-1	-1	0	0	0	0	-1
12006093	-1	-1	0	0	0	0	-1
12013093	-1	-1	0	0	0	0	-1
12022093	-1	-1	0	0	0	0	-1
12031093	-1	-1	0	0	0	0	-1
12039094	-1	-1	0	0	0	0	-1
12048093	-1	-1	0	0	0	0	-1
12053093	-1	-1	0	0	0	0	-1
12062094	-1	-1	0	0	0	0	-1
12071093	-1	-1	0	0	0	0	-1
12081094	-1	-1	0	0	0	0	-1
12089094	-1	-1	0	0	0	0	-1
12095093	-1	-1	0	0	0	0	-1
12103094	-1	-1	0	0	0	0	-1
12110093	-1	-1	0	0	0	0	-1
12119093	-1	-1	0	0	0	0	-1
12126093	-1	-1	0	0	0	0	-1
12136094	-1	-1	0	0	0	0	-1
12145094	-1	-1	0	0	0	0	-1
12153094	-1	-1	0	0	0	0	-1
12163093	-1	-1	0	0	0	0	-1
12172093	-1	-1	0	0	0	0	-1
12181095	-1	-1	0	0	0	0	-1
12203698	-1	-1	0	0	0	0	-1
12212698	-1	-1	0	0	0	0	-1
12220698	-1	-1	0	0	0	0	-1
12230697	-1	-1	0	0	0	0	-1
12238698	-1	-1	0	0	0	0	-1
12247698	-1	-1	0	0	0	0	-1
12254698	-1	-1	0	0	0	0	-1
12263697	-1	-1	0	0	0	0	-1
12273698	-1	-1	0	0	0	0	-1
12280698	-1	-1	0	0	0	0	-1
12289698	-1	-1	0	0	0	0	-1
12295698	-1	-1	0	0	0	0	-1
12303699	-1	-1	0	0	0	0	-1
12312697	-1	-1	0	0	0	0	-1
12321698	-1	-1	0	0	0	0	-1
12330697	-1	-1	0	0	0	0	-1
12334697	-1	-1	0	0	0	0	-1
12343698	-1	-1	0	0	0	0	-1
12351698	-1	-1	0	0	0	0	-1
12361698	-1	-1	0	0	0	0	-1
12369698	-1	-1	0	0	0	0	-1
12377697	-1	-1	0	0	0	0	-1
12385698	-1	-1	0	0	0	0	-1
12394698	-1	-1	0	0	0	0	-1
12401698	-1	-1	0	0	0	0	-1
12408698	-1	-1	0	0	0	0	-1
12412698	-1	-1	0	0	0	0	-1
12421699	-1	-1	0	0	0	0	-1
12430698	-1	-1	0	0	0	0	-1
12438698	-1	-1	0	0	0	0	-1
12445697	-1	-1	0	0	0	0	-1
12453697	-1	-1	0	0	0	0	-1
12463698	-1	-1	0	0	0	0	-1
12471697	-1	-1	0	0	0	0	-1
12474697	-1	-1	0	0	0	0	-1
12482697	-1	-1	0	0	0	0	-1
12490699	-1	-1	0	0	0	0	-1
12498697	-1	-1	0	0	0	0	-1
12507698	-1	-1	0	0	0	0	-1
12510697	-1	-1	0	0	0	0	-1
12518697	-1	-1	0	0	0	0	-1
12527698	-1	-1	0	0	0	0	-1
12536698	-1	-1	0	0	0	0	-1
12545697	-1	-1	0	0	0	0	-1
12552698	-1	-1	0	0	0	0	-1
12556699	-1	-1	0	0	0	0	-1
12565697	-1	-1	0	0	0	0	-1
12574698	-1	-1	0	0	0	0	-1
12583698	-1	-1	0	0	0	0	-1
12591698	-1	-1	0	0	0	0	-1
12598699	-1	-1	0	0	0	0	-1
12607699	-1	-1	0	0	0	0	-1
12617698	-1	-1	0	0	0	0	-1
12624697	-1	-1	0	0	0	0	-1
12634698	-1	-1	0	0	0	0	-1
12643698	-1	-1	0	0	0	0	-1
12653698	-1	-1	0	0	0	0	-1
12661698	-1	-1	0	0	0	0	-1
12671698	-1	-1	0	0	0	0	-1
12680698	-1	-1	0	0	0	0	-1
12689698	-1	-1	0	0	0	0	-1
12695697	-1	-1	0	0	0	0	-1
12703698	-1	-1	0	0	0	0	-1
12711697	-1	-1	0	0	0	0	-1
12720698	-1	-1	0	0	0	0	-1
12730699	-1	-1	0	0	0	0	-1
12736698	-1	-1	0	0	0	0	-1
12744698	-1	-1	0	0	0	0	-1
12753698	-1	-1	0	0	0	0	-1
12757699	-1	-1	0	0	0	0	-1
12766698	-1	-1	0	0	0	0	-1
12775699	-1	-1	0	0	0	0	-1
12783697	-1	-1	0	0	0	0	-1
12790697	-1	-1	0	0	0	0	-1
12798698	-1	-1	0	0	0	0	-1
12808698	-1	-1	0	0	0	0	-1
12817699	-1	-1	0	0	0	0	-1
12825698	-1	-1	0	0	0	0	-1
12833698	-1	-1	0	0	0	0	-1
12841699	-1	-1	0	0	0	0	-1
12848697	-1	-1	0	0	0	0	-1
12856698	-1	-1	0	0	0	0	-1
12865698	-1	-1	0	0	0	0	-1
12875697	-1	-1	0	0	0	0	-1
12884697	-1	-1	0	0	0	0	-1
12890697	-1	-1	0	0	0	0	-1
12897697	-1	-1	0	0	0	0	-1
12903697	-1	-1	0	0	0	0	-1
12910697	-1	-1	0	0	0	0	-1
12915697	-1	-1	0	0	0	0	-1
12922698	-1	-1	0	0	0	0	-1
12930698	-1	-1	0	0	0	0	-1
12938697	-1	-1	0	0	0	0	-1
12947698	-1	-1	0	0	0	0	-1
12955697	-1	-1	0	0	0	0	-1
12963698	-1	-1	0	0	0	0	-1
12969698	-1	-1	0	0	0	0	-1
12978697	-1	-1	0	0	0	0	-1
12987698	-1	-1	0	0	0	0	-1
12996699	-1	-1	0	0	0	0	-1
13002698	-1	-1	0	0	0	0	-1
13011699	-1	-1	0	0	0	0	-1
13021697	-1	-1	0	0	0	0	-1
13030698	-1	-1	0	0	0	0	-1
13039698	-1	-1	0	0	0	0	-1
13048697	-1	-1	0	0	0	0	-1
13055697	-1	-1	0	0	0	0	-1
13063698	-1	-1	0	0	0	0	-1
13071697	-1	-1	0	0	0	0	-1
13080700	-1	-1	0	0	0	0	-1
13086698	-1	-1	0	0	0	0	-1
13095698	-1	-1	0	0	0	0	-1
13104698	-1	-1	0	0	0	0	-1
13111698	-1	-1	0	0	0	0	-1
13119697	-1	-1	0	0	0	0	-1
13124697	-1	-1	0	0	0	0	-1
13134697	-1	-1	0	0	0	0	-1
13141699	-1	-1	0	0	0	0	-1
13149697	-1	-1	0	0	0	0	-1
13158697	-1	-1	0	0	0	0	-1
13167698	-1	-1	0	0	0	0	-1
13176698	-1	-1	0	0	0	0	-1
13182698	-1	-1	0	0	0	0	-1
13190697	-1	-1	0	0	0	0	-1
13196699	-1	-1	0	0	0	0	-1
13202698	-1	-1	0	0	0	0	-1
13211699	-1	-1	0	0	0	0	-1
13220697	-1	-1	0	0	0	0	-1
13230698	-1	-1	0	0	0	0	-1
13239698	-1	-1	0	0	0	0	-1
13249697	-1	-1	0	0	0	0	-1
13256699	-1	-1	0	0	0	0	-1
13264697	-1	-1	0	0	0	0	-1
13270699	-1	-1	0	0	0	0	-1
13276698	-1	-1	0	0	0	0	-1
13286698	-1	-1	0	0	0	0	-1
13294697	-1	-1	0	0	0	0	-1
13302698	-1	-1	0	0	0	0	-1
13310698	-1	-1	0	0	0	0	-1
13318697	-1	-1	0	0	0	0	-1
13327697	-1	-1	0	0	0	0	-1
13335698	-1	-1	0	0	0	0	-1
13344698	-1	-1	0	0	0	0	-1
13349697	-1	-1	0	0	0	0	-1
13357696	-1	-1	0	0	0	0	-1
13364698	-1	-1	0	0	0	0	-1
13372697	-1	-1	0	0	0	0	-1
13376698	-1	-1	0	0	0	0	-1
13384697	-1	-1	0	0	0	0	-1
13393697	-1	-1	0	0	0	0	-1
13399698	-1	-1	0	0	0	0	-1
13408698	-1	-1	0	0	0	0	-1
13417698	-1	-1	0	0	0	0	-1
13423699	-1	-1	0	0	0	0	-1
13427697	-1	-1	0	0	0	0	-1
13436697	-1	-1	0	0	0	0	-1
13443697	-1	-1	0	0	0	0	-1
13452697	-1	-1	0	0	0	0	-1
13454698	-1	-1	0	0	0	0	-1
13463698	-1	-1	0	0	0	0	-1
13469697	-1	-1	0	0	0	0	-1
13485113	-1	-1	0	0	0	0	-1
13486114	-1	-1	0	0	0	0	-1
