10969	9457280	-1	5097472	4312	0	0	4312
19980	-1	-1	0	0	0	0	0
29993	7177096	-1	1918976	2139	0	0	2139
37998	-1	-1	0	0	0	0	0
47975	11457728	-1	1271808	888	0	0	888
56978	-1	-1	0	0	0	0	0
65968	-1	-1	0	0	0	0	0
67978	-1	-1	0	0	0	0	0
76983	8580184	-1	1312768	1224	0	0	1267
84970	-1	-1	0	0	0	0	0
90989	4846960	-1	1411072	2329	0	0	2329
98989	-1	-1	0	0	0	0	0
107984	8451720	-1	799744	757	0	0	757
115983	-1	-1	0	0	0	0	0
124973	7357864	-1	605184	658	0	0	767
130993	-1	-1	0	0	0	0	0
135981	9167240	-1	818176	714	0	0	762
141996	-1	-1	0	0	0	0	0
150990	6780400	-1	1175552	1387	0	0	1387
159987	-1	-1	0	0	0	0	0
168972	5374368	-1	210944	314	0	0	478
178995	-1	-1	0	0	0	0	0
184967	9858528	-1	1046236	849	0	0	849
190006	-1	-1	0	0	0	0	0
198995	8095792	-1	1723392	1703	0	0	1703
205996	-1	-1	0	0	0	0	0
213990	9077320	-1	829440	731	0	0	734
222977	-1	-1	0	0	0	0	0
230001	4352160	-1	1704960	3134	0	0	3134
234004	-1	-1	0	0	0	0	0
242993	-1	-1	0	0	0	0	0
247979	6682944	-1	634880	760	0	0	760
249993	-1	-1	0	0	0	0	0
258979	3193336	-1	360448	903	0	0	968
262985	7456560	-1	1495040	1604	0	0	1604
272978	-1	-1	0	0	0	0	0
280969	5787560	-1	1192960	1649	0	0	1649
284975	-1	-1	0	0	0	0	0
294982	4793680	-1	1171456	1955	0	0	1955
300977	-1	-1	0	0	0	0	0
309967	-1	-1	0	0	0	0	0
314964	-1	-1	0	0	0	0	0
323976	9806752	-1	2972672	2425	0	0	2425
334003	-1	-1	0	0	0	0	0
343983	11294656	-1	943104	668	0	0	668
351989	-1	-1	0	0	0	0	0
361990	9807888	-1	2765824	2256	0	0	2256
369993	-1	-1	0	0	0	0	0
378986	-1	-1	0	0	0	0	0
384969	-1	-1	0	0	0	0	0
394982	5847160	-1	3207168	4388	0	0	4388
403983	-1	-1	0	0	0	0	0
405970	-1	-1	0	0	0	0	0
414988	5924968	-1	2333696	3151	0	0	3151
424970	-1	-1	0	0	0	0	0
431974	4581848	-1	661504	1155	0	0	1155
439989	6180944	-1	2184192	2827	0	0	2827
448966	-1	-1	0	0	0	0	0
457992	8548560	-1	982016	919	0	0	991
466984	-1	-1	0	0	0	0	0
475966	12975880	-1	1274880	786	0	0	786
483965	-1	-1	0	0	0	0	0
490993	6967280	-1	262144	301	0	0	325
496968	12161584	-1	492544	324	0	0	413
505995	7728032	-1	1091584	1130	0	0	1132
515977	-1	-1	0	0	0	0	0
522988	13072648	-1	1859584	1138	0	0	1138
531985	-1	-1	0	0	0	0	0
540976	2027864	-1	747520	2949	0	0	2949
549990	4006256	-1	320000	639	0	0	639
559977	2176416	-1	1171456	4306	0	0	4306
567980	-1	-1	0	0	0	0	0
573998	2520112	-1	392192	1245	0	0	1277
581991	1563792	-1	738304	3777	0	0	3777
588971	3568792	-1	450560	1010	0	0	1074
595983	3520632	-1	579584	1317	0	0	1317
603974	4335936	-1	1036288	1912	0	0	1912
609990	-1	-1	0	0	0	0	0
615974	6078264	-1	1230848	1620	0	0	1620
624974	-1	-1	0	0	0	0	0
631974	-1	-1	0	0	0	0	0
636966	-1	-1	0	0	0	0	0
645996	6565448	-1	1475584	1798	0	0	1798
654984	7151104	-1	1083392	1212	0	0	1212
658964	-1	-1	89088	63	0	0	63
664972	-1	-1	0	0	0	0	0
673989	3055976	-1	1830912	4793	0	0	4793
682981	1357616	-1	270336	1593	0	0	1593
690988	4958920	-1	1324032	2136	0	0	2136
699980	-1	-1	0	0	0	0	0
707974	6635464	-1	1261568	1521	0	0	1521
715989	-1	-1	0	0	0	0	0
722984	-1	-1	0	0	0	0	0
731980	7539960	-1	651264	691	0	0	691
739980	12183704	-1	1315840	864	0	0	864
749990	-1	-1	0	0	0	0	0
757995	15040552	-1	1524736	811	0	0	811
766981	-1	-1	0	0	0	0	0
772977	12359688	-1	1324032	857	0	0	860
782992	-1	-1	0	0	0	0	0
787979	7474048	-1	415744	445	0	0	695
796966	7975104	-1	489472	491	0	0	491
804966	7754520	-1	1651712	1704	0	0	1704
812966	-1	-1	0	0	0	0	0
822986	4523552	-1	709632	1255	0	0	1255
830986	-1	-1	0	0	0	0	0
838987	5135280	-1	1462272	2278	0	0	2278
845993	-1	-1	0	0	0	0	0
851979	9606856	-1	1390592	1158	0	0	1158
858983	-1	-1	0	0	0	0	0
864968	-1	-1	114688	353	0	0	386
873992	4235920	-1	790528	1493	0	0	1493
882985	5776808	-1	962560	1333	0	0	1333
890985	-1	-1	0	0	0	0	0
896974	9683200	-1	1549312	1280	0	0	1280
906003	-1	-1	0	0	0	0	0
914965	7021808	-1	1283236	1462	0	0	1462
923982	-1	-1	0	0	0	0	0
928968	-1	-1	0	0	0	0	0
934977	11711640	-1	780288	533	0	0	533
942989	4185392	-1	1462272	2795	0	0	2795
951981	-1	-1	0	0	0	0	0
961990	1819600	-1	1227776	5398	0	0	5398
969991	-1	-1	0	0	0	0	0
977998	3523304	-1	1159168	2632	0	0	2632
987988	-1	-1	0	0	0	0	0
996977	7405144	-1	1570816	1697	0	0	1697
1005990	-1	-1	0	0	0	0	0
1014000	1760944	-1	1097728	4987	0	0	4987
1022992	-1	-1	0	0	0	0	0
1030979	4382552	-1	1464320	2673	0	0	2673
1040975	-1	-1	0	0	0	0	0
1047979	3134368	-1	1370112	3497	0	0	3497
1053989	-1	-1	0	0	0	0	0
1061979	2913096	-1	1537024	4221	0	0	4221
1068968	5972792	-1	705536	945	0	0	945
1078000	9259600	-1	2229248	1926	0	0	1926
1086997	-1	-1	0	0	0	0	0
1094990	2986448	-1	147456	395	0	0	500
1103980	1095632	-1	867328	6333	0	0	6333
1107977	1907512	-1	872448	3659	0	0	3659
1115987	2712504	-1	458752	1353	0	0	1353
1123983	3092816	-1	1160192	3001	0	0	3001
1132972	-1	-1	0	0	0	0	0
1142987	10005576	-1	1988608	1590	0	0	1590
1151988	-1	-1	0	0	0	0	0
1162000	8100264	-1	1808384	1786	0	0	1786
1169990	-1	-1	0	0	0	0	0
1178001	9898664	-1	1395712	1128	0	0	1128
1180965	-1	-1	0	0	0	0	0
1188970	-1	-1	0	0	0	0	0
1195985	12618096	-1	1389568	881	0	0	881
1199974	-1	-1	0	0	0	0	0
1208966	-1	-1	0	0	0	0	0
1215980	7770976	-1	661504	681	0	0	723
1224973	-1	-1	0	0	0	0	0
1230985	6979800	-1	925696	1061	0	0	1061
1238982	-1	-1	0	0	0	0	0
1247974	8843064	-1	1265664	1145	0	0	1145
1257997	-1	-1	0	0	0	0	0
1260981	7665672	-1	924672	965	0	0	965
1269969	-1	-1	0	0	0	0	0
1278987	11934616	-1	793652	532	0	0	632
1283986	-1	-1	0	0	0	0	0
1292966	7396704	-1	1838080	1988	0	0	1988
1299979	-1	-1	0	0	0	0	0
1309993	4120560	-1	1460224	2835	0	0	2835
1317990	-1	-1	0	0	0	0	0
1324973	5183760	-1	1217536	1879	0	0	1879
1332966	5901016	-1	174080	236	0	0	236
1340967	9391496	-1	705536	601	0	0	601
1346983	-1	35216	0	0	315392	71640	0
1355984	2591000	668080	1481728	4575	743424	8902	4575
1366001	-1	751616	0	0	946176	10070	0
1374991	-1	826224	0	0	933888	9042	0
1383974	-1	885584	0	0	982016	8871	0
1391974	-1	809376	0	0	815104	8056	0
1400965	-1	958904	0	0	1079296	9004	0
1409993	-1	1021672	0	0	1150976	9012	0
1417990	-1	977648	0	0	983040	8044	0
1426985	-1	985696	0	0	1038336	8427	0
1435978	-1	909688	0	0	1081344	9509	0
1440971	-1	1030176	0	0	643072	4993	0
1449992	-1	923864	0	0	1048576	9079	0
1457992	-1	857744	0	0	859136	8013	0
1463973	-1	983304	0	0	707584	5756	0
1470982	-1	1062496	0	0	957440	7209	0
1477989	-1	991384	0	0	863232	6965	0
1484965	-1	1065408	0	0	926720	6958	0
1493970	-1	1363744	0	0	1539072	9028	0
1499974	-1	1479248	0	0	1108992	5997	0
1508970	-1	1389656	0	0	1533952	8830	0
1517990	-1	1231368	0	0	1409024	9154	0
1527973	-1	1419056	0	0	1776640	10015	0
1535973	-1	1500344	0	0	1459200	7780	-1
1543976	-1	-1	0	0	0	0	-1
1552968	-1	-1	0	0	0	0	-1
1561991	-1	803592	0	0	1289216	12834	-1
1570982	-1	1266192	0	0	1420288	8973	-1
1579974	-1	1311048	0	0	1469440	8966	-1
1588968	-1	1776248	0	0	2000896	9011	-1
1596968	-1	1788008	0	0	1800192	8054	-1
1598981	-1	1502720	0	0	354304	1886	-1
1608966	-1	1829504	0	0	2307072	10088	-1
1617991	-1	1437448	0	0	1619968	9015	-1
1626981	-1	1195168	0	0	1347584	9020	-1
1633967	-1	1323096	0	0	1149952	6953	-1
1641989	-1	748312	0	0	694272	7422	-1
1649994	-1	1264840	0	0	1266688	8011	-1
1655980	-1	1192928	0	0	890880	5974	-1
1664966	-1	1274384	0	0	1415168	8883	-1
1672966	-1	1288496	0	0	1303552	8093	-1
1680966	-1	1430840	0	0	1427456	7981	-1
1690986	-1	1375240	0	0	1722368	10019	-1
1699974	-1	1772112	0	0	2003968	9046	-1
1706986	-1	2436712	0	0	2123776	6972	-1
1714982	-1	1542704	0	0	1542144	7997	-1
1724967	-1	1823080	0	0	2284544	10025	-1
1729990	-1	1882672	0	0	1176576	4999	-1
1738985	-1	1722784	0	0	1933312	8977	-1
1745967	-1	2083696	0	0	1815552	6970	-1
1754985	-1	1954880	0	0	2195456	8984	-1
1764970	-1	1599176	0	0	1973248	9871	-1
1772970	-1	866744	0	0	841728	7769	-1
1781991	-1	1750784	0	0	1964032	8974	-1
1794567	-1	1927312	0	0	2172928	9019	40
1799560	-1	2267920	0	0	1419264	5006	0
1808553	-1	1593952	0	0	1788928	8978	0
1815560	-1	1725184	0	0	1518592	7042	0
1820551	-1	1867560	0	0	1166336	4996	0
1829545	-1	1746752	0	0	1947648	8920	0
1839559	-1	948784	0	0	1191936	10050	0
1847559	-1	1468952	0	0	1475584	8036	0
1855559	-1	1303336	0	0	1304576	8007	0
1860550	-1	1585272	0	0	985088	4971	0
1868550	-1	1539656	0	0	1540096	8002	0
1876551	-1	1767784	0	0	1771520	8016	0
1885541	-1	1811696	0	0	1988608	8781	0
1893544	-1	1879752	0	0	1881088	8005	0
1896551	-1	2962056	0	0	1138688	3075	0
1905543	-1	2211928	0	0	1874944	6781	0
1912550	-1	-1	0	0	0	0	0
1920550	-1	-1	0	0	0	0	0
1926569	-1	-1	0	0	0	0	0
1935564	-1	-1	0	0	0	0	0
1943557	-1	-1	0	0	0	0	0
1945543	-1	-1	0	0	0	0	0
1953541	-1	-1	0	0	0	0	0
1961542	-1	-1	0	0	0	0	0
1971563	-1	-1	0	0	0	0	0
1979562	-1	-1	0	0	0	0	0
1986569	-1	-1	0	0	0	0	0
1991558	-1	-1	0	0	0	0	0
2000549	-1	-1	0	0	0	0	0
2005542	-1	-1	0	0	0	0	0
2014569	-1	-1	0	0	0	0	0
2023561	-1	-1	0	0	0	0	0
2033547	-1	-1	0	0	0	0	0
2042567	-1	-1	0	0	0	0	0
2051557	-1	17632	0	0	326656	148194	0
2060554	-1	943376	0	0	1061888	9004	0
2069541	-1	1559952	0	0	1495040	7667	0
2078565	-1	1239528	0	0	1606656	10369	0
2087559	-1	1128664	0	0	1264640	8963	0
2096553	-1	1848480	0	0	2035712	8810	0
2105545	-1	1462072	0	0	1674240	9160	0
2111558	-1	2214056	0	0	234496	847	0
2116552	-1	-1	0	0	0	0	0
2121545	-1	-1	0	0	0	0	0
2130566	-1	-1	0	0	0	0	0
2138566	-1	-1	0	0	0	0	0
2148550	-1	-1	0	0	0	0	0
2158566	-1	-1	0	0	0	0	0
2167558	-1	-1	0	0	0	0	0
2176551	-1	-1	0	0	0	0	0
2184550	-1	-1	0	0	0	0	0
2194565	-1	-1	0	0	0	0	0
2196550	-1	-1	0	0	0	0	0
2205543	-1	-1	0	0	0	0	0
2214571	-1	-1	0	0	0	0	0
2223557	-1	-1	0	0	0	0	0
2233541	-1	95592	0	0	1516544	126915	0
2242566	-1	1283720	0	0	1485824	9259	0
2251557	-1	1458688	0	0	1611776	8839	0
2256553	-1	1248632	0	0	808960	5183	0
2264556	-1	1392376	0	0	1376256	7907	0
2273542	-1	1701576	0	0	1926144	9055	0
2282566	-1	1811456	0	0	449536	1985	0
2288549	-1	-1	0	0	0	0	0
2296555	-1	112192	0	0	294912	21029	0
2305548	-1	896456	0	0	1005568	8973	0
2313542	-1	1257440	0	0	1238016	7876	0
2323561	-1	1070872	0	0	1361920	10174	0
2330568	-1	1111888	0	0	933888	6719	0
2339561	-1	972704	0	0	1118208	9196	0
2348554	-1	1106112	0	0	1242112	8983	0
2356551	-1	1110384	0	0	233472	1682	0
2362567	-1	-1	0	0	0	0	0
2368553	-1	-1	0	0	0	0	0
2375560	-1	-1	0	0	0	0	0
2384552	-1	-1	0	0	0	0	0
2391559	-1	-1	0	0	0	0	0
2396552	-1	-1	0	0	0	0	0
2406566	-1	-1	0	0	0	0	0
2415559	-1	-1	0	0	0	0	0
2420552	-1	-1	0	0	0	0	0
2426566	-1	-1	0	0	0	0	0
2435558	-1	-1	0	0	0	0	0
2439558	-1	-1	0	0	0	0	0
2448551	-1	-1	0	0	0	0	0
2458570	-1	-1	0	0	0	0	0
2467558	-1	-1	0	0	0	0	0
2476551	-1	16976	0	0	262144	123529	0
2484550	-1	589416	0	0	786432	10674	0
2493543	-1	1146160	0	0	1304576	9105	0
2500550	-1	902120	0	0	791552	7019	0
2506543	-1	1733376	0	0	1294336	5973	0
2511558	-1	1443728	0	0	909312	5038	0
2517542	-1	1312528	0	0	976896	5954	0
2526566	-1	1569280	0	0	1413120	7203	0
2534570	-1	-1	0	0	0	0	0
2543563	-1	-1	0	0	0	0	0
2550569	-1	-1	0	0	0	0	0
2557542	-1	-1	0	0	0	0	0
2565541	-1	-1	0	0	0	0	0
2574566	-1	-1	0	0	0	0	0
2583562	-1	-1	0	0	0	0	0
2592555	-1	-1	0	0	0	0	0
2600554	-1	-1	0	0	0	0	0
2610566	-1	-1	0	0	0	0	0
2616554	-1	-1	0	0	0	0	0
2623561	-1	-1	0	0	0	0	0
2633547	-1	-1	0	0	0	0	0
2638567	-1	-1	0	0	0	0	0
2644553	-1	-1	0	0	0	0	0
2650546	-1	-1	0	0	0	0	0
2659559	-1	-1	0	0	0	0	0
2668553	-1	-1	0	0	0	0	0
2678566	-1	-1	0	0	0	0	0
2682566	-1	-1	0	0	0	0	0
2690541	-1	-1	0	0	0	0	0
2696550	-1	-1	0	0	0	0	0
2706566	-1	-1	0	0	0	0	0
2715559	-1	-1	0	0	0	0	0
2723558	-1	-1	0	0	0	0	0
2730572	-1	-1	0	0	0	0	0
2739558	-1	-1	0	0	0	0	0
2746566	-1	-1	0	0	0	0	0
2756550	-1	-1	0	0	0	0	0
2760551	-1	-1	0	0	0	0	0
2769543	-1	-1	0	0	0	0	0
2778543	-1	-1	0	0	0	0	0
2783564	-1	-1	0	0	0	0	0
2790571	-1	-1	0	0	0	0	0
2799558	-1	-1	0	0	0	0	0
2809542	-1	-1	0	0	0	0	0
2819558	-1	-1	0	0	0	0	0
2827563	-1	-1	0	0	0	0	0
2837542	-1	-1	0	0	0	0	0
2843559	-1	-1	0	0	0	0	0
2853541	-1	-1	0	0	0	0	0
2856555	-1	-1	0	0	0	0	0
2865543	-1	-1	0	0	0	0	0
2870569	-1	-1	0	0	0	0	0
2880550	-1	-1	0	0	0	0	0
2882566	-1	-1	0	0	0	0	0
2892554	-1	-1	0	0	0	0	0
2901547	-1	-1	0	0	0	0	0
2909547	-1	-1	0	0	0	0	0
2918568	-1	-1	0	0	0	0	0
2925546	-1	-1	0	0	0	0	0
2933546	-1	-1	0	0	0	0	0
2943560	-1	-1	0	0	0	0	0
2952553	-1	-1	0	0	0	0	0
2962567	-1	-1	0	0	0	0	0
2972553	-1	-1	0	0	0	0	0
2981545	-1	-1	0	0	0	0	0
2987559	-1	-1	0	0	0	0	0
2996552	-1	-1	0	0	0	0	0
3006565	-1	-1	0	0	0	0	0
3014569	-1	-1	0	0	0	0	0
3021544	-1	-1	0	0	0	0	0
3030572	-1	-1	0	0	0	0	0
3037544	-1	-1	0	0	0	0	0
3045544	-1	-1	0	0	0	0	0
3048550	-1	-1	0	0	0	0	0
3057543	-1	-1	0	0	0	0	0
3066571	-1	-1	0	0	0	0	0
3075564	-1	-1	0	0	0	0	0
3084550	-1	-1	0	0	0	0	0
3092550	-1	-1	0	0	0	0	0
3102566	-1	-1	0	0	0	0	0
3104554	-1	-1	0	0	0	0	0
3113542	-1	-1	0	0	0	0	0
3119563	-1	-1	0	0	0	0	0
3128552	-1	-1	0	0	0	0	0
3129542	-1	-1	0	0	0	0	0
3139557	-1	-1	0	0	0	0	0
3148550	-1	-1	0	0	0	0	0
3157548	-1	-1	0	0	0	0	0
3167558	5191656	-1	1149952	1772	0	0	1772
3172554	-1	-1	0	0	0	0	0
3179561	5115848	-1	1576960	2466	0	0	2466
3187561	-1	-1	0	0	0	0	0
3196554	3193688	-1	1125376	2819	0	0	2819
3205547	-1	-1	0	0	0	0	0
3214567	1254664	-1	752640	4799	0	0	4799
3224553	1310184	-1	300032	1832	0	0	1832
3231560	1936320	-1	1100800	4548	0	0	4548
3240551	-1	-1	0	0	0	0	0
3248553	3300264	-1	864256	2095	0	0	2095
3254545	-1	-1	0	0	0	0	0
3262543	-1	-1	0	0	0	0	0
3271559	-1	-1	0	0	0	0	0
3279559	6273056	-1	1717248	2190	0	0	2190
3286544	-1	-1	0	0	0	0	0
3295559	3783720	-1	1277952	2702	0	0	2702
3305544	-1	-1	0	0	0	0	0
3312551	2806648	-1	806912	2300	0	0	2300
3321544	-1	-1	0	0	0	0	0
3330566	5241680	-1	1075200	1641	0	0	1641
3337543	-1	-1	0	0	0	0	0
3346571	-1	-1	0	0	0	0	0
3349542	-1	-1	0	0	0	0	0
3358571	5350888	-1	1323008	1978	0	0	-1
3366571	-1	-1	0	0	0	0	-1
3370571	3087960	-1	1436672	3722	0	0	-1
3378567	3043896	-1	1386496	3644	0	0	-1
3387561	-1	-1	0	0	0	0	-1
3392555	-1	-1	0	0	0	0	-1
3401542	5207304	-1	2511872	3859	0	0	-1
3411559	-1	-1	0	0	0	0	-1
3420556	-1	-1	0	0	0	0	-1
3437222	-1	-1	114688	6482	0	0	14263
3444232	443104	-1	253952	4585	0	0	7010
3452235	252584	-1	319488	10119	0	0	10119
3461226	306352	-1	319488	8343	0	0	8991
3467242	343984	-1	188416	4382	0	0	6016
3475238	235984	-1	319488	10831	0	0	10831
3484235	5501536	-1	4717568	6860	0	0	6860
3492234	-1	-1	0	0	0	0	0
3501227	-1	-1	0	0	0	0	0
3510248	-1	-1	0	0	0	0	0
3516230	5050848	-1	2234368	3539	0	0	3539
3526220	-1	-1	0	0	0	0	0
3534247	9838696	-1	1700864	1383	0	0	1383
3539240	-1	-1	0	0	0	0	0
3549223	-1	-1	0	0	0	0	0
3552233	-1	-1	0	0	0	0	0
3560233	4092192	-1	2199552	4300	0	0	4300
3569222	-1	-1	0	0	0	0	0
3579239	9055160	-1	1160192	1025	0	0	1025
3587239	-1	-1	0	0	0	0	0
3596232	6910304	-1	1042592	1207	0	0	1207
3605223	-1	-1	0	0	0	0	0
3614215	6453912	-1	2041856	2531	0	0	2531
3624230	-1	-1	0	0	0	0	0
3633226	4885296	-1	1137664	1863	0	0	1863
3643238	-1	-1	0	0	0	0	0
3652230	4804016	-1	937984	1562	0	0	1562
3661223	5194928	-1	212992	328	0	0	347
3666246	5501552	-1	933888	1358	0	0	1358
3675215	-1	-1	0	0	0	0	0
3683238	5116808	-1	821248	1284	0	0	1284
3690216	-1	-1	0	0	0	0	0
3697222	4269768	-1	1497088	2805	0	0	2805
3706246	-1	-1	0	0	0	0	0
3714250	-1	-1	0	0	0	0	0
3722214	-1	-1	65536	254	0	0	255
3727237	3130440	-1	1419264	3627	0	0	3627
3737221	-1	-1	0	0	0	0	0
3746247	2480416	-1	1302528	4201	0	0	4201
3752235	-1	-1	0	0	0	0	0
3760235	-1	-1	0	0	0	0	0
3770214	4263608	-1	1159168	2175	0	0	2298
3773226	13155040	-1	675840	411	0	0	411
3782246	-1	-1	0	0	0	0	0
3791241	6264992	-1	1458176	1862	0	0	1862
3800234	-1	-1	0	0	0	0	0
3808230	12057664	-1	1232896	818	0	0	818
3817227	-1	-1	0	0	0	0	0
3826247	9843944	-1	1488896	1210	0	0	1210
3834214	-1	-1	0	0	0	0	0
3844233	12928000	-1	1241088	768	0	0	768
3849226	-1	-1	0	0	0	0	0
3856231	4490584	-1	1730560	3083	0	0	3083
3865225	-1	-1	0	0	0	0	0
3873225	12102088	-1	1033216	683	0	0	683
3883239	-1	-1	0	0	0	0	0
3890245	10841560	-1	1231872	909	0	0	909
3897224	-1	-1	0	0	0	0	0
3906252	6213968	-1	1341440	1727	0	0	1727
3913224	-1	-1	0	0	0	0	0
3920231	6261656	-1	803840	1027	0	0	1027
3930217	-1	-1	0	0	0	0	0
3939217	4737792	-1	929792	1570	0	0	1570
3947244	-1	-1	0	0	0	0	0
3954250	-1	-1	0	0	0	0	0
3962216	-1	-1	0	0	0	0	95
3967238	6610968	-1	2412176	2919	0	0	2919
3976230	-1	-1	0	0	0	0	0
3984229	9144360	-1	2222080	1944	0	0	1944
3991239	5488808	-1	1022976	1491	0	0	1665
3995242	5096536	-1	1139712	1789	0	0	1789
4004236	-1	-1	0	0	0	0	0
