142303	24724336	-1	7510016	2430	0	0	2635
152303	24461424	-1	2623488	858	0	0	1067
170298	17713400	-1	1009664	456	0	0	456
180302	-1	-1	0	0	0	0	0
188298	16329312	-1	1528832	749	0	0	867
198302	-1	-1	0	0	0	0	0
205297	22578712	-1	1481728	525	0	0	602
213302	-1	-1	0	0	0	0	0
420463	21420096	1336232	5261312	1965	15523840	92941	2814
429462	-1	2349160	0	0	2639872	8990	0
437462	-1	2487856	0	0	2458624	7906	0
446461	-1	1781912	0	0	1978368	8882	0
454462	-1	2539472	0	0	2556928	8055	0
460462	-1	2806568	0	0	2095104	5972	0
466457	-1	2662432	0	0	2011136	6043	0
473461	-1	2371432	0	0	2034688	6864	0
482461	-1	1053640	0	0	1201152	9120	0
491458	-1	1366712	0	0	1519616	8895	0
495462	-1	1500840	0	0	773120	4121	0
504465	-1	1494672	0	0	1680384	8994	0
513463	-1	1519112	0	0	1664000	8763	0
517461	-1	1422824	0	0	743424	4180	0
523458	-1	1957808	0	0	1483776	6063	0
532462	-1	3371936	0	0	3767296	8938	0
541462	-1	3377384	0	0	1884160	4463	0
550461	-1	-1	0	0	0	0	0
559461	-1	-1	0	0	0	0	0
567461	-1	-1	0	0	0	0	0
576459	-1	-1	0	0	0	0	0
579459	-1	-1	0	0	0	0	0
587464	-1	-1	0	0	0	0	0
596461	-1	75928	0	0	565248	59558	0
601462	-1	1028488	0	0	645120	5018	0
610462	-1	1309992	0	0	1474560	9005	0
619458	-1	1752296	0	0	1966080	8976	0
627462	-1	1813048	0	0	1813504	8002	0
635461	-1	1701336	0	0	708608	3332	0
644468	-1	-1	0	0	0	0	0
653486	-1	-1	0	0	0	0	0
659464	-1	-1	0	0	0	0	0
663465	-1	-1	0	0	0	0	0
670485	-1	-1	0	0	0	0	0
678461	-1	-1	0	0	0	0	0
685465	-1	-1	0	0	0	0	0
687461	-1	-1	0	0	0	0	0
694634	-1	-1	0	0	0	0	0
703473	-1	-1	0	0	0	0	0
707472	-1	-1	0	0	0	0	0
716467	-1	-1	0	0	0	0	0
725486	-1	-1	0	0	0	0	0
731496	-1	-1	0	0	0	0	0
741276	-1	-1	0	0	0	0	0
747622	-1	-1	0	0	0	0	0
751464	-1	-1	0	0	0	0	0
757649	-1	-1	0	0	0	0	0
766480	-1	67568	0	0	1145856	135674	0
772464	-1	1156608	0	0	593920	4108	0
780479	-1	940584	0	0	1148928	9772	0
787473	-1	798512	0	0	169984	1703	0
796494	-1	-1	0	0	0	0	0
802465	-1	-1	0	0	0	0	0
807474	-1	108408	0	0	340992	25164	0
816983	-1	910312	0	0	1114112	9791	0
824510	-1	1280136	0	0	1179648	7372	0
835145	-1	650440	0	0	757760	9320	0
839463	-1	629920	0	0	431104	5475	0
849579	-1	576672	0	0	737280	10228	0
857501	-1	2103240	0	0	2046976	7786	0
868465	-1	1609792	0	0	1763328	8763	0
875590	-1	1362000	0	0	1534976	9016	0
885970	-1	1459024	0	0	1307648	7170	0
892911	-1	736496	0	0	974848	10589	0
901128	-1	1011248	0	0	1035264	8190	0
909489	-1	1476696	0	0	1541120	8349	0
916459	-1	1127912	0	0	985088	6987	0
925489	-1	844904	0	0	949248	8988	0
934464	-1	776560	0	0	876544	9030	0
941488	-1	673672	0	0	556032	6603	0
948461	-1	520728	0	0	481280	7394	0
958461	-1	844592	0	0	1055744	10000	0
968468	-1	887040	0	0	1110016	10011	0
972466	-1	608728	0	0	302080	3970	0
982479	-1	695184	0	0	867328	9981	0
990877	-1	616560	0	0	592896	7693	0
1000467	-1	700208	0	0	899072	10272	0
1009502	-1	1034064	0	0	1170432	9055	0
1017498	-1	493112	0	0	489472	7941	0
1026501	-1	763120	0	0	861184	9028	0
1033808	-1	877872	0	0	808960	7372	0
1039029	-1	765696	0	0	499712	5221	0
1048201	-1	708424	0	0	812032	9170	0
1056536	-1	1168848	0	0	1188864	8137	0
1060462	-1	840256	0	0	433152	4124	0
1067356	-1	802320	0	0	691200	6892	0
1075479	-1	1362264	0	0	1363968	8010	0
1083986	-1	1086360	0	0	878592	6470	0
1091457	-1	613632	0	0	737280	9612	0
1100478	-1	1428296	0	0	1591296	8913	0
1108906	-1	1075408	0	0	1049600	7808	0
1120345	-1	1283088	0	0	1291264	8051	0
1126197	-1	458536	0	0	571392	9969	0
1132664	-1	824904	0	0	666624	6465	0
1139477	-1	1138856	0	0	964608	6776	0
1148975	-1	1234048	0	0	1180672	7654	0
1160093	-1	610104	0	0	815104	10688	0
1176493	-1	1046272	0	0	2441216	18666	0
1185976	-1	1219680	0	0	1452032	9524	0
1192459	-1	1201320	0	0	951296	6335	0
1201481	-1	804968	0	0	723968	7195	0
1207477	-1	139816	0	0	133120	7617	0
1213537	-1	489728	0	0	353280	5771	0
1221480	-1	755448	0	0	741376	7851	0
1230569	-1	347736	0	0	389120	8952	0
1238498	-1	244968	0	0	241664	7892	0
1247920	-1	269928	0	0	305152	9044	0
1256621	-1	192528	0	0	223232	9276	0
1265461	-1	-1	0	0	100352	7237	0
1276941	-1	-1	0	0	67584	8222	0
1282458	-1	-1	0	0	34816	5322	0
1290470	-1	84280	0	0	141312	13414	0
1299612	-1	258144	0	0	250880	7775	0
1304472	-1	235960	0	0	185344	6284	0
1312487	-1	453336	0	0	450560	7951	0
1318488	-1	371384	0	0	281600	6066	0
1328468	-1	1845920	0	0	2291712	9932	0
1341766	-1	1310952	0	0	2094080	12779	0
1350461	-1	821872	0	0	944128	9190	0
1357459	-1	683856	0	0	587776	6876	0
1367477	-1	717344	0	0	907264	10118	0
1377461	-1	482552	0	0	607232	10067	0
1385593	-1	1539264	0	0	1570816	8164	0
1393486	-1	685672	0	0	622592	7264	0
1403488	-1	997160	0	0	1298432	10417	0
1411844	-1	443664	0	0	390144	7035	0
1420507	-1	156992	0	0	197632	10071	0
1431309	-1	297184	0	0	320512	8628	0
1439471	-1	1097824	0	0	1429504	10417	0
1449461	-1	1195288	0	0	1468416	9828	0
1456145	-1	875696	0	0	158720	1450	0
1456531	-1	-1	0	0	89088	5615	0
1466482	-1	506944	0	0	609280	9615	0
1474459	-1	-1	0	0	123904	8033	0
1483494	-1	370848	0	0	421888	9101	0
1492541	-1	846616	0	0	935936	8844	0
1504120	-1	833768	0	0	1271808	12203	0
1511568	-1	692264	0	0	621568	7183	0
1521480	-1	1000136	0	0	1239040	9911	0
1528461	-1	1436896	0	0	1295360	7212	0
1536479	-1	246160	0	0	227328	7388	0
1545506	-1	957944	0	0	1130496	9441	0
1551478	-1	836824	0	0	636928	6089	0
1561486	-1	1114936	0	0	1396736	10022	0
1571588	-1	1209368	0	0	1516544	10032	0
1580692	-1	851368	0	0	888832	8352	0
1585460	-1	304224	0	0	211968	5574	0
1594508	-1	529696	0	0	607232	9171	0
1603971	-1	1391808	0	0	906240	5209	0
1611461	-1	-1	0	0	131072	11036	0
1618461	-1	620928	0	0	593920	7652	0
1628458	-1	935944	0	0	1167360	9978	0
1635463	-1	565800	0	0	500736	7080	0
1639548	-1	-1	0	0	100352	2636	0
1650670	-1	501440	0	0	650240	10374	0
1658554	-1	681320	0	0	733184	8609	0
1667123	-1	-1	0	0	23552	7551	0
1679703	-1	880016	0	0	1302528	11841	0
1683581	-1	1241472	0	0	1038336	6691	0
1693520	-1	1937160	0	0	1950720	8056	0
1700762	-1	858568	0	0	1000448	9322	0
1707458	-1	1143848	0	0	949248	6639	0
1717512	-1	1268040	0	0	1601536	10104	0
1718474	-1	1477392	0	0	171008	926	0
1728970	-1	2392120	0	0	3149824	10534	0
1734475	-1	1324656	0	0	728064	4397	0
1741513	-1	341768	0	0	336896	7886	0
1749459	-1	1370160	0	0	1404928	8203	0
1758460	-1	1670536	0	0	1714176	8209	0
1769461	-1	920432	0	0	1333248	11588	0
1777135	-1	926752	0	0	912384	7876	0
1784473	-1	1535440	0	0	1398784	7288	0
1791548	-1	1147840	0	0	1002496	6987	0
1800480	-1	964032	0	0	1092608	9067	0
1810506	-1	1391848	0	0	1720320	9888	0
1816461	-1	1051008	0	0	772096	5877	0
1825471	-1	1647736	0	0	1662976	8074	0
1830301	-1	477280	0	0	356352	5973	0
1839636	-1	1288088	0	0	1468416	9120	0
1849605	-1	1385528	0	0	1721344	9939	0
1860485	-1	1193960	0	0	1659904	11122	0
1869481	-1	1350640	0	0	1474560	8734	0
1879477	-1	1477656	0	0	1888256	10223	0
1887904	-1	1407320	0	0	1384448	7870	0
1894504	-1	560008	0	0	482304	6890	0
1903461	-1	1710160	0	0	1961984	9178	0
1910224	-1	1249344	0	0	1068032	6839	0
1919551	-1	2087912	0	0	2383872	9134	0
1927642	-1	1506400	0	0	1547264	8217	0
1937465	-1	706312	0	0	859136	9731	0
1944461	-1	1073040	0	0	952320	7100	0
1952495	-1	343824	0	0	342016	7958	0
1964504	-1	298552	0	0	452608	12128	0
1969463	-1	2252408	0	0	1323008	4699	0
1988458	-1	700992	0	0	502784	5738	0
1997581	-1	842064	0	0	1286144	12219	0
2006474	-1	1326712	0	0	1389568	8379	0
2014910	-1	-1	0	0	78848	3821	0
2023461	-1	160320	0	0	249856	12468	0
2033550	-1	453016	0	0	640000	11302	0
2043482	-1	807360	0	0	991232	9822	0
2056473	-1	1472544	0	0	2351104	12773	0
2063034	-1	401984	0	0	343040	6827	0
2068894	-1	754896	0	0	552960	5860	0
2076521	-1	526808	0	0	448512	6811	0
2083458	-1	-1	0	0	74752	6675	0
2090515	-1	326912	0	0	312320	7643	0
2096535	-1	457896	0	0	364544	6369	0
2103465	-1	1864344	0	0	1647616	7070	0
2113463	-1	1494904	0	0	1839104	9842	0
2121461	-1	1172888	0	0	1187840	8102	0
2129459	-1	1022424	0	0	998400	7812	0
2137468	-1	2017432	0	0	2061312	8174	0
2146509	-1	448304	0	0	505856	9027	0
2159975	-1	1606608	0	0	1076224	5359	0
2166588	-1	485824	0	0	452608	7453	0
2178154	-1	749808	0	0	1168384	12466	0
2185487	-1	1548728	0	0	1386496	7162	0
2192498	-1	1051336	0	0	896000	6818	0
2202461	-1	1351280	0	0	1723392	10203	0
2211607	-1	801576	0	0	917504	9157	0
2213484	-1	1016408	0	0	188416	1483	0
2219461	-1	737960	0	0	578560	6272	0
2229467	-1	681496	0	0	843776	9905	0
2238515	-1	819832	0	0	929792	9073	0
2246466	-1	294904	0	0	263168	7139	0
2256493	-1	1086784	0	0	1488896	10960	0
2265459	-1	679544	0	0	761856	8969	0
2276467	-1	885216	0	0	1204224	10883	0
2281486	-1	708088	0	0	458752	5183	0
2286467	-1	1020800	0	0	612352	4799	0
2293960	-1	421552	0	0	404480	7676	0
2299321	-1	1347272	0	0	292864	1739	0
2305089	-1	547008	0	0	642048	9390	0
2313438	-1	2030248	0	0	1434624	5653	0
2322506	-1	1081960	0	0	1548288	11448	0
2332461	-1	940480	0	0	1191936	10139	0
2342014	-1	531552	0	0	549888	8276	0
2349480	-1	471472	0	0	513024	8705	0
2357462	-1	350928	0	0	318464	7260	0
2366628	-1	1004344	0	0	1150976	9168	0
2376539	-1	292408	0	0	388096	10618	0
2391458	-1	1029848	0	0	924672	7183	0
2401466	-1	1198064	0	0	1488896	9942	0
2410739	-1	1340488	0	0	1086464	6484	0
2419473	-1	702784	0	0	939008	10689	0
2428461	-1	1152512	0	0	1375232	9546	0
2438697	-1	1581592	0	0	1636352	8277	0
2445458	-1	905776	0	0	973824	8601	0
2454907	-1	1020712	0	0	1232896	9663	0
2463473	-1	1504456	0	0	1587200	8440	0
2472482	-1	1134968	0	0	1288192	9080	0
2482475	-1	928032	0	0	1162240	10019	0
2491475	-1	1195656	0	0	1344512	8996	0
2501464	-1	1705952	0	0	2136064	10017	0
2511484	-1	1480576	0	0	1815552	9810	0
2519541	-1	2129184	0	0	2014208	7568	0
2530001	-1	1215696	0	0	1695744	11159	0
2540094	-1	443248	0	0	559104	10091	0
2545667	-1	1460336	0	0	1017856	5576	0
2551475	-1	2002160	0	0	1386496	5540	0
2561457	-1	1542168	0	0	1969152	10215	0
2566498	-1	2335824	0	0	1367040	4682	0
2571884	-1	1046000	0	0	754688	5772	0
2581457	-1	2261624	0	0	2677760	9472	0
2589461	-1	1546904	0	0	1533952	7933	0
2591469	-1	1684072	0	0	302080	1435	0
2599710	-1	1171592	0	0	1315840	8985	0
2605468	-1	2093800	0	0	1498112	5724	0
2614472	-1	1550280	0	0	1751040	9036	0
2620462	-1	1771400	0	0	1265664	5716	0
2625611	-1	1418000	0	0	896000	5055	0
2635674	-1	1839344	0	0	2392064	10404	0
2656814	-1	1137896	0	0	3006464	21137	0
2664483	-1	1944728	0	0	1831936	7536	0
2677457	-1	1835520	0	0	2978816	12983	0
2686466	-1	1617848	0	0	1821696	9008	0
2696461	-1	1361368	0	0	1699840	9989	0
2708482	-1	261992	0	0	370688	11319	0
2719588	-1	658328	0	0	980992	11921	0
2726461	-1	1873848	0	0	1581056	6750	0
2734534	-1	983456	0	0	776192	6314	0
2741462	-1	351848	0	0	329728	7497	0
2750964	-1	-1	0	0	0	0	-1
2761467	-1	640272	0	0	224256	2802	-1
2768461	-1	-1	0	0	44032	17537	-1
2778547	-1	1148024	0	0	822272	5730	-1
2788481	-1	-1	0	0	0	0	-1
2797465	-1	-1	0	0	0	0	-1
2805701	-1	-1	0	0	0	0	-1
2813725	-1	-1	0	0	0	0	-1
2822479	-1	-1	0	0	0	0	-1
2826485	-1	-1	0	0	0	0	-1
2836478	-1	-1	0	0	0	0	-1
2844579	-1	-1	0	0	0	0	-1
2852485	-1	-1	0	0	0	0	-1
2860605	-1	-1	0	0	0	0	-1
2865480	-1	-1	0	0	0	0	-1
2875664	-1	-1	0	0	0	0	-1
2883520	-1	-1	0	0	0	0	-1
2892461	-1	-1	0	0	0	0	-1
2902464	1525480	-1	760832	3990	0	0	-1
2910630	-1	-1	0	0	0	0	-1
2920530	6109400	-1	1853440	2427	0	0	-1
2928461	-1	-1	0	0	0	0	-1
2938507	2901912	-1	1284096	3540	0	0	-1
2947472	-1	-1	0	0	0	0	-1
2954494	3504216	-1	1543168	3523	0	0	-1
2962470	-1	-1	0	0	0	0	-1
2969461	-1	-1	0	0	0	0	-1
3156309	4476608	-1	2830336	5058	0	0	12702
3165655	-1	-1	0	0	0	0	0
3175685	-1	-1	0	0	0	0	0
3182632	-1	-1	0	0	0	0	0
3190665	-1	-1	0	0	0	0	0
3196627	7095632	-1	2836480	3198	0	0	3198
3207629	-1	-1	0	0	0	0	0
3212630	-1	-1	0	0	0	0	0
3221631	-1	-1	0	0	0	0	0
3227629	4576936	-1	1895424	3313	0	0	3332
3235644	-1	-1	0	0	0	0	0
3243640	7775960	-1	1607680	1654	0	0	1654
3252077	-1	-1	0	0	0	0	0
3259646	3134096	-1	962560	2457	0	0	2457
3268978	-1	-1	0	0	0	0	0
3280072	3678896	-1	2059264	4478	0	0	4677
3287630	-1	-1	0	0	0	0	0
3297634	3566552	-1	1386496	3110	0	0	3110
3306639	-1	-1	0	0	0	0	0
3315640	3746016	-1	1792000	3827	0	0	3827
3325886	-1	-1	0	0	0	0	0
3330634	-1	-1	0	0	0	0	0
3337866	-1	-1	0	0	0	0	0
3347074	6925048	-1	3582848	4139	0	0	4215
3354799	-1	-1	0	0	0	0	0
3363179	3929352	-1	2293760	4670	0	0	4670
3371656	-1	-1	0	0	0	0	0
3380631	4817160	-1	1740800	2891	0	0	2891
3388628	-1	-1	0	0	0	0	0
3398866	3733096	-1	2791424	5982	0	0	5982
3408644	-1	-1	0	0	0	0	0
3417636	-1	-1	0	0	0	0	0
3423348	-1	-1	0	0	0	0	0
3432793	5985320	-1	3727360	4982	0	0	4982
3441647	-1	-1	0	0	0	0	0
3449628	-1	-1	0	0	0	0	0
3457652	-1	-1	0	0	0	0	0
3467649	14521424	-1	2666496	1469	0	0	1549
3475671	-1	-1	0	0	0	0	0
3484643	2765640	-1	1349632	3904	0	0	3904
3489650	-1	-1	0	0	0	0	0
3500100	5948120	-1	1826816	2457	0	0	2457
3506669	-1	-1	0	0	0	0	0
3515650	-1	-1	0	0	0	0	0
3525359	-1	-1	0	0	0	0	7
3531643	7338984	-1	2466816	2689	0	0	2710
3541168	-1	-1	0	0	0	0	0
3548673	6213944	-1	1296384	1669	0	0	1669
3557631	-1	-1	0	0	0	0	0
3566629	6465536	-1	1714176	2121	0	0	2121
3575632	-1	-1	0	0	0	0	0
3585629	8737888	-1	2425856	2221	0	0	2221
3594631	-1	-1	0	0	0	0	0
3601806	-1	-1	0	0	0	0	0
3610738	-1	-1	0	0	0	0	735
3615640	8198952	-1	4832256	4715	0	0	4715
3624629	-1	-1	0	0	0	0	106
3630986	3780824	-1	2991104	6329	0	0	6329
3640648	27072880	-1	7905280	2336	0	0	2336
3641648	-1	-1	0	0	0	0	0
3650730	-1	-1	0	0	0	0	0
3659694	-1	-1	0	0	0	0	0
3667629	-1	-1	0	0	0	0	0
3676627	10679480	-1	7209984	5401	0	0	5401
3684629	20368896	-1	1408000	553	0	0	553
3690768	-1	-1	0	0	0	0	0
3695630	-1	-1	0	0	0	0	0
3701629	-1	-1	0	0	0	0	0
3712840	12766664	-1	3750208	2350	0	0	2350
3719674	-1	-1	0	0	0	0	0
3729640	-1	-1	0	0	0	0	0
3739649	-1	-1	0	0	0	0	0
3745261	5007776	-1	3301376	5274	0	0	5405
3750947	2297184	-1	851968	2967	0	0	2967
3760627	-1	-1	0	0	0	0	0
3762682	-1	-1	0	0	0	0	0
3771654	3859312	-1	1310720	2717	0	0	2717
3779776	-1	-1	0	0	0	0	0
3789638	5502392	-1	3064832	4456	0	0	4456
3798718	-1	-1	0	0	0	0	0
3807636	3802624	-1	1725440	3630	0	0	3630
3816691	-1	-1	0	0	0	0	0
3826639	-1	-1	0	0	0	0	0
3835629	-1	-1	0	0	0	0	0
3841641	6053944	-1	2667520	3525	0	0	3611
3855648	6554136	-1	2511872	3066	0	0	3066
3865637	-1	-1	0	0	0	0	0
3874634	-1	-1	0	0	0	0	0
3883691	-1	-1	0	0	0	0	0
3893629	5390824	-1	3235840	4802	0	0	4802
3901638	-1	-1	0	0	0	0	0
3912219	-1	-1	0	0	0	0	0
3918674	-1	-1	0	0	0	0	72
3924551	6521032	-1	1886208	2314	0	0	2314
3930630	-1	-1	0	0	0	0	0
3937649	3321808	-1	1768448	4259	0	0	4259
3946634	-1	-1	0	0	0	0	0
3956687	5084920	-1	1576960	2481	0	0	2481
3962644	-1	-1	0	0	0	0	0
3971634	5939120	-1	1981440	2669	0	0	2669
3980646	-1	-1	0	0	0	0	0
3989643	-1	-1	0	0	0	0	0
3996645	-1	-1	0	0	0	0	0
4002777	9595656	-1	2863104	2387	0	0	2387
4010779	-1	-1	0	0	0	0	0
4018644	1775560	-1	1206272	5435	0	0	5435
4025644	17483048	-1	1759232	805	0	0	805
4033660	-1	-1	0	0	0	0	0
4044540	1481232	-1	704512	3805	0	0	3834
4046218	-1	-1	0	0	0	0	1679
4054654	5713928	-1	2200576	3081	0	0	3081
4065775	2901656	-1	758784	2092	0	0	2092
4070056	-1	-1	0	0	0	0	0
4078654	3604712	-1	1904640	4227	0	0	4227
4085710	-1	-1	0	0	0	0	676
4090629	3477320	-1	1330944	3062	0	0	3062
4099092	-1	-1	0	0	0	0	0
4107664	2944256	-1	2009088	5459	0	0	5459
4116629	-1	-1	0	0	0	0	0
4126660	4990328	-1	1768448	2835	0	0	2835
4132649	-1	-1	0	0	0	0	0
4138642	-1	-1	0	0	0	0	0
4146639	-1	-1	0	0	0	0	0
4155667	5506504	-1	3162112	4594	0	0	4599
4164646	-1	-1	0	0	0	0	0
4170642	-1	-1	0	0	0	0	0
4180644	-1	-1	0	0	0	0	0
4187735	5804624	-1	3664896	5051	0	0	5051
4196705	-1	-1	0	0	0	0	0
4206755	-1	-1	0	0	0	0	0
4210655	-1	-1	0	0	0	0	0
4220749	3469352	-1	1442816	3327	0	0	3327
4229654	-1	-1	0	0	0	0	0
4239675	6409184	-1	1317888	1645	0	0	1645
4249631	-1	-1	0	0	0	0	0
4256638	4094448	-1	1349632	2637	0	0	2637
4264652	-1	-1	0	0	0	0	0
4271764	-1	-1	0	0	0	0	0
4281779	-1	-1	0	0	0	0	1940
4285980	4271928	-1	2113536	3958	0	0	3958
4292638	-1	-1	0	0	0	0	0
4301637	4263216	-1	1553408	2915	0	0	2915
4310704	-1	-1	0	0	0	0	0
4319651	4158840	-1	1490944	2868	0	0	2868
4329641	-1	-1	0	0	0	0	0
4338632	7538496	-1	1830912	1943	0	0	1943
4347656	-1	-1	0	0	0	0	0
4355650	7105304	-1	1914880	2156	0	0	2156
4365629	-1	-1	0	0	0	0	0
4374631	-1	-1	0	0	0	0	0
4381631	-1	-1	0	0	0	0	0
4387632	6085120	-1	1455104	1913	0	0	1913
4392631	-1	-1	0	0	0	0	0
4397630	3872432	-1	1463296	3023	0	0	3023
4406636	-1	-1	0	0	0	0	0
4413637	8980352	-1	1878016	1673	0	0	1673
4422633	-1	-1	0	0	0	0	0
4433433	6900584	-1	1083392	1256	0	0	1256
4440635	-1	-1	0	0	0	0	0
4452080	3986376	-1	1638400	3288	0	0	3288
4459632	-1	-1	0	0	0	0	0
4468645	2497352	-1	947432	3035	0	0	3035
4477629	-1	-1	0	0	0	0	0
4486652	3666928	-1	1137664	2482	0	0	2482
4491628	-1	-1	0	0	0	0	0
4500629	4096000	-1	1380352	2696	0	0	2696
4508631	-1	-1	0	0	0	0	0
4516279	4535424	-1	1315840	2321	0	0	2321
4600645	-1	-1	0	0	0	0	0
4611671	3110976	-1	1348608	3468	0	0	3468
4617654	-1	-1	0	0	0	0	0
4626633	-1	-1	0	0	0	0	0
4631656	-1	-1	0	0	0	0	0
4640638	3762504	-1	1351680	2874	0	0	2874
4648640	-1	-1	0	0	0	0	0
4656630	6420120	-1	1113088	1387	0	0	1387
4667108	-1	-1	0	0	0	0	0
4675863	2960056	-1	1286144	3476	0	0	3476
4685636	-1	-1	0	0	0	0	0
4693848	3271824	-1	672768	1645	0	0	1762
4703652	1993504	-1	1095680	4397	0	0	4397
4708524	8709288	-1	1896448	1742	0	0	1742
4717653	-1	-1	0	0	0	0	0
4726679	3595920	-1	1428480	3178	0	0	3178
4735631	-1	-1	0	0	0	0	0
4743650	-1	-1	0	0	0	0	0
4751655	-1	-1	0	0	0	0	0
4757653	12506504	-1	4835328	3093	0	0	3093
4765236	-1	-1	0	0	0	0	0
4772653	7322200	-1	1793024	1959	0	0	1959
4782661	-1	-1	0	0	0	0	0
4790649	3430680	-1	1164288	2715	0	0	2715
4798653	-1	-1	0	0	0	0	0
4807629	5265984	-1	1260544	1915	0	0	1915
4816652	-1	-1	0	0	0	0	0
4824632	-1	-1	0	0	0	0	0
4829630	-1	-1	0	0	0	0	0
4837736	4583592	-1	2055168	3587	0	0	3883
4845675	-1	-1	0	0	0	0	0
4854629	3823768	-1	1876992	3927	0	0	3927
4862646	-1	-1	0	0	0	0	0
4871629	5734672	-1	2177024	3037	0	0	3037
4879645	-1	-1	0	0	0	0	0
4889634	10431408	-1	4645888	3563	0	0	3563
4898631	-1	-1	0	0	0	0	0
4906914	-1	-1	0	0	0	0	0
4916629	-1	-1	0	0	0	0	0
4923643	4460200	-1	2337144	4192	0	0	4192
4933784	-1	-1	0	0	0	0	0
4942655	4662920	-1	1684480	2890	0	0	2890
4950630	-1	-1	0	0	0	0	0
4960087	7303904	-1	1878016	2057	0	0	2057
4967640	-1	-1	0	0	0	0	0
4976160	5325856	-1	1811456	2721	0	0	2721
4988657	-1	-1	0	0	0	0	0
4989825	-1	-1	0	0	0	0	0
4995693	-1	-1	0	0	0	0	0
5006675	7406904	-1	3313664	3579	0	0	3594
5013642	-1	-1	0	0	0	0	0
5023676	2251544	-1	1376256	4890	0	0	5000
5033088	4905584	-1	940032	1533	0	0	1533
5040654	2205104	-1	1397760	5071	0	0	5071
5048676	7230440	-1	592896	656	0	0	656
5058655	3012880	-1	1304576	3464	0	0	3464
5068424	-1	-1	0	0	0	0	0
5078655	1727056	-1	422912	1959	0	0	2164
5090594	4754512	-1	957440	1611	0	0	1611
5099662	5304880	-1	1377280	2077	0	0	2077
5108653	-1	-1	0	0	0	0	0
5117649	7234192	-1	2853888	3156	0	0	3156
5127629	-1	-1	0	0	0	0	0
5137880	7554120	-1	1770496	1875	0	0	1875
5143677	-1	-1	0	0	0	0	0
5151636	5089352	-1	1232896	1938	0	0	1938
5157635	-1	-1	0	0	0	0	0
5165644	5890160	-1	3403776	4623	0	0	4623
5174194	32699304	-1	1949696	477	0	0	477
5182717	13044944	-1	4076544	2500	0	0	2500
5190819	-1	-1	0	0	0	0	0
5199872	5857152	-1	1197056	1635	0	0	1635
5207652	-1	-1	0	0	0	0	0
5213645	2510216	-1	1597440	5091	0	0	5096
5221909	10739424	-1	3060736	2280	0	0	2280
5226635	1458040	-1	609280	3343	0	0	3343
5237633	-1	-1	0	0	0	0	0
5248908	5372504	-1	1032192	1537	0	0	1537
5256721	-1	-1	0	0	0	0	0
5265674	6309848	-1	1256448	1593	0	0	1593
5275734	4232952	-1	1044480	1974	0	0	1974
5280518	-1	-1	0	0	0	0	0
5287651	-1	-1	0	0	0	0	0
5302197	666792	-1	821400	9855	0	0	9855
5304637	-1	-1	0	0	0	0	0
5311967	6880392	-1	2229248	2592	0	0	2592
5318644	-1	-1	0	0	0	0	0
5326634	11217120	-1	2327552	1660	0	0	1660
5334637	-1	-1	0	0	0	0	0
5342630	5554024	-1	2270208	3270	0	0	3270
5352685	-1	-1	0	0	0	0	0
5360629	-1	-1	0	0	0	0	0
5365651	-1	-1	0	0	0	0	367
5370631	8448560	-1	1922048	1820	0	0	1820
5378637	-1	-1	0	0	0	0	0
5385959	5790368	-1	1928192	2664	0	0	2664
5394644	-1	-1	0	0	0	0	0
5402386	2297552	-1	1390592	4842	0	0	4842
5409655	-1	-1	0	0	0	0	0
5419504	8146200	-1	1457152	1431	0	0	1431
5427641	-1	-1	0	0	0	0	0
5435184	-1	-1	0	0	0	0	4747
5444635	2045112	-1	1269760	4967	0	0	4967
5453629	18535136	-1	1932288	834	0	0	834
5462642	-1	-1	0	0	0	0	0
5471660	12911936	-1	2288640	1418	0	0	1418
5477669	-1	-1	0	0	0	0	0
5485645	14575104	-1	1435648	788	0	0	788
5490637	-1	-1	0	0	0	0	0
5499653	3129560	-1	1266688	3238	0	0	3238
5506652	-1	-1	0	0	0	0	0
5515658	6562768	-1	1319936	1609	0	0	1609
5524641	-1	-1	0	0	0	0	0
5532628	18612328	-1	4439040	1908	0	0	1908
5539635	-1	-1	0	0	0	0	0
5549629	8262928	-1	2147328	2079	0	0	2079
5557629	-1	-1	0	0	0	0	0
5566791	25828496	-1	5469184	1694	0	0	1694
5573629	-1	-1	0	0	0	0	0
5582715	-1	-1	0	0	0	0	0
5591327	-1	-1	0	0	0	0	0
5596653	18293008	-1	3807232	1665	0	0	1665
5607653	-1	-1	0	0	0	0	0
5615758	-1	-1	0	0	0	0	0
5620631	-1	-1	0	0	0	0	0
5629629	33140360	-1	3189760	770	0	0	770
5638649	-1	-1	0	0	0	0	228
5643629	18399496	-1	1738752	756	0	0	756
5652632	-1	-1	0	0	0	0	0
5660586	2819592	-1	703488	1996	0	0	-1
5672087	-1	-1	0	0	0	0	-1
5678991	-1	-1	0	0	0	0	-1
5690730	13215512	-1	4523008	2738	0	0	-1
5696756	-1	-1	0	0	0	0	-1
5705727	-1	-1	0	0	0	0	-1
5714731	10787512	-1	4549632	3374	0	0	-1
5721628	-1	-1	0	0	0	0	-1
5801598	-1	-1	0	0	0	0	30774
5958389	10506584	-1	3844096	2927	0	0	8601
5968390	25541720	-1	3927040	1230	0	0	1230
5976389	-1	-1	0	0	0	0	0
6121182	21780072	-1	3645440	1339	0	0	24278
6130181	20206936	-1	2083840	825	0	0	825
6140181	-1	-1	0	0	0	0	0
