9533	5369176	-1	3500032	5215	0	0	8023
16523	-1	-1	30720	37	0	0	37
23630	9709600	-1	1316864	1085	0	0	1085
29516	-1	-1	0	0	0	0	0
35522	3243480	-1	677888	1672	0	0	1672
43535	-1	-1	0	0	0	0	0
49535	-1	-1	0	0	0	0	0
60522	-1	-1	0	0	0	0	3010
67537	2657896	-1	2493440	7505	0	0	7505
75514	7621160	-1	1558528	1636	0	0	1636
82533	-1	-1	0	0	0	0	0
90512	1068800	-1	690176	5166	0	0	5340
98531	8030464	-1	356352	355	0	0	418
104533	8266136	-1	913408	884	0	0	3002
111534	-1	-1	0	0	0	0	0
118533	-1	-1	0	0	0	0	3000
125533	1036920	-1	606208	4677	0	0	4677
132531	9063488	-1	425984	376	0	0	1998
136555	7702656	-1	435200	452	0	0	1015
140541	6930520	-1	933888	1078	0	0	2985
148532	-1	-1	0	0	0	0	0
155533	8938512	-1	465920	417	0	0	997
162533	-1	-1	0	0	0	0	0
170544	8603880	-1	961484	894	0	0	3053
175532	-1	-1	0	0	0	0	0
181534	-1	-1	0	0	0	0	3003
188540	989392	-1	1090560	8818	0	0	8818
192537	-1	-1	0	0	0	0	3997
199552	1658368	-1	1003520	4841	0	0	4841
204537	12132536	-1	1957888	1291	0	0	3983
211534	967328	-1	817152	6758	0	0	6758
219560	-1	-1	0	0	0	0	0
225561	-1	-1	0	0	0	0	0
232536	3057720	-1	931840	2438	0	0	3994
237531	-1	-1	0	0	0	0	0
241533	-1	-1	0	0	0	0	0
245560	-1	-1	0	0	0	0	0
252538	4925008	-1	1542144	2505	0	0	4996
257559	-1	-1	0	0	0	0	0
263532	-1	-1	0	0	0	0	0
271542	505776	-1	343040	5426	0	0	7001
277533	7873520	-1	911360	926	0	0	2987
281533	-1	-1	0	0	0	0	0
288534	8041840	-1	987136	982	0	0	2965
295531	-1	-1	0	0	0	0	0
301532	461728	-1	285696	4950	0	0	5135
308521	5504992	-1	1334272	1939	0	0	1939
311523	-1	-1	0	0	0	0	0
318540	-1	-1	0	0	0	0	0
329531	-1	-1	0	0	0	0	0
336532	926952	-1	441344	3809	0	0	3809
339538	8241352	-1	342016	332	0	0	1990
342531	2095624	-1	315392	1204	0	0	1204
348581	-1	-1	0	0	0	0	17
353533	3888888	-1	1336320	2749	0	0	4950
358530	-1	-1	0	0	0	0	0
362551	5407464	-1	445440	659	0	0	2003
365544	-1	-1	0	0	0	0	7
370533	6883016	-1	813056	945	0	0	3986
375532	-1	-1	0	0	0	0	0
381531	4744000	-1	607232	1024	0	0	2973
385538	-1	-1	0	0	0	0	0
391537	1412280	-1	379904	2152	0	0	2998
397532	7784664	-1	352256	362	0	0	1992
404531	7121872	-1	592896	666	0	0	2973
408546	-1	-1	0	0	0	0	0
412531	-1	-1	0	0	0	0	0
418544	-1	-1	0	0	0	0	4
423531	5022480	-1	1476608	2352	0	0	4986
429604	-1	-1	0	0	0	0	0
434541	8915840	-1	771220	692	0	0	3002
440532	-1	-1	0	0	0	0	0
446531	-1	-1	0	0	0	0	2000
452536	-1	-1	0	0	0	0	6004
456532	136648	-1	204800	11990	0	0	11990
462532	10727168	-1	1161216	866	0	0	4028
465546	-1	-1	118784	175	0	0	2013
471555	9302776	-1	343040	295	0	0	2003
476531	9548200	-1	713728	598	0	0	2975
482535	-1	-1	0	0	0	0	0
488532	7345792	-1	417792	455	0	0	1973
490561	-1	-1	0	0	0	0	23
495551	10646640	-1	1105920	831	0	0	2970
501532	-1	-1	0	0	0	0	0
503538	-1	-1	0	0	0	0	7
509532	11950680	-1	380928	255	0	0	1991
515532	11132072	-1	1360896	978	0	0	3997
520544	-1	-1	0	0	0	0	0
523537	-1	-1	0	0	0	0	0
527556	-1	-1	0	0	0	0	22
532533	9775848	-1	1137664	931	0	0	3975
536531	-1	-1	0	0	0	0	0
542559	911344	-1	184320	1618	0	0	2003
547555	11040296	-1	1345536	975	0	0	3018
549534	-1	-1	0	0	0	0	976
555532	-1	-1	0	0	0	0	0
562533	14767824	-1	1497088	811	0	0	2993
567530	-1	-1	0	0	0	0	0
571533	12501088	-1	540672	346	0	0	1001
577555	6952424	-1	132096	152	0	0	1024
580533	11692856	-1	1197056	819	0	0	2976
584577	-1	-1	0	0	0	0	0
590533	8729696	-1	565248	518	0	0	2999
595533	-1	-1	0	0	0	0	0
600532	-1	-1	0	0	0	0	0
602532	-1	-1	0	0	0	0	0
608533	9053088	-1	796672	704	0	0	2995
614560	-1	-1	0	0	0	0	29
616565	10428928	-1	353280	271	0	0	2004
622539	12473736	-1	653312	419	0	0	981
627530	9632000	-1	308224	256	0	0	3000
631532	876552	-1	524288	4785	0	0	4785
637533	9133608	-1	297984	261	0	0	999
639532	-1	-1	0	0	0	0	0
645533	9504592	-1	830464	699	0	0	2001
646574	-1	-1	0	0	0	0	0
652538	11163912	-1	742400	532	0	0	3000
657531	-1	-1	0	0	0	0	0
663533	10897176	-1	1167360	857	0	0	3001
667532	-1	-1	0	0	0	0	0
673533	-1	-1	0	0	0	0	0
676579	-1	-1	0	0	0	0	42
681534	9672776	-1	921332	762	0	0	3959
686539	-1	-1	0	0	0	0	0
692526	-1	-1	0	0	0	0	256
693514	-1	-1	0	0	0	0	0
699513	1250736	-1	1491968	9543	0	0	9543
705513	-1	-1	0	0	0	0	0
711540	12772472	-1	890880	558	0	0	598
716521	-1	-1	0	0	0	0	0
723541	4608000	-1	1502208	2608	0	0	4858
727533	-1	-1	0	0	0	0	0
734532	-1	-1	0	0	0	0	0
740539	10991144	-1	438272	319	0	0	1937
743540	11324600	-1	932864	659	0	0	2994
749542	-1	-1	0	0	0	0	0
754532	12052984	-1	367616	244	0	0	1998
758556	-1	-1	0	0	0	0	0
765538	11513080	-1	372736	259	0	0	974
766532	-1	-1	0	0	0	0	0
772532	12642328	-1	913408	578	0	0	2989
779530	-1	-1	0	0	0	0	0
781531	-1	-1	0	0	0	0	0
786531	-1	-1	0	0	0	0	0
792564	916984	-1	478208	4172	0	0	4997
798537	5088200	-1	1228800	1932	0	0	2967
803532	-1	-1	0	0	0	0	0
806530	-1	-1	0	0	0	0	0
812542	1498136	-1	417792	2231	0	0	4002
815532	9302360	-1	386048	332	0	0	988
821532	1172928	-1	324608	2214	0	0	2214
823536	-1	-1	0	0	0	0	0
829539	2299016	-1	752640	2619	0	0	4973
838531	-1	-1	0	0	0	0	2000
844538	613184	-1	310272	4048	0	0	4048
850533	5696048	-1	927744	1303	0	0	3000
855535	-1	-1	0	0	0	0	0
860536	1725432	-1	466944	2165	0	0	4003
865531	2807952	-1	223232	636	0	0	636
871562	787488	-1	231424	2351	0	0	3032
877537	1384120	-1	314368	1817	0	0	1969
883536	-1	-1	86016	490	0	0	1972
885530	-1	-1	0	0	0	0	0
891546	4094512	-1	1409024	2753	0	0	5010
898533	1435152	-1	354304	1975	0	0	1975
904531	-1	-1	0	0	0	0	0
910536	2061240	-1	438272	1701	0	0	1972
913536	1931680	-1	420864	1743	0	0	1994
919571	-1	-1	0	0	0	0	9
920542	2198104	-1	221184	805	0	0	971
925547	-1	-1	0	0	0	0	993
930532	226080	-1	139264	4928	0	0	4985
936537	6139272	-1	1195624	1558	0	0	6000
939538	2119672	-1	961536	3629	0	0	3629
944532	12468104	-1	1098752	705	0	0	1993
951532	-1	-1	0	0	0	0	0
957530	-1	-1	0	0	0	0	991
960535	1254208	-1	550912	3514	0	0	3514
964545	12353016	-1	583680	378	0	0	2009
968562	8832256	-1	550912	499	0	0	2986
973561	-1	-1	0	0	0	0	0
979531	9784136	-1	736256	602	0	0	2998
983537	-1	-1	0	0	0	0	0
988531	-1	-1	0	0	0	0	1987
994532	780616	-1	356352	3652	0	0	3652
1000532	11072168	-1	1617920	1169	0	0	3993
1004532	-1	-1	0	0	0	0	0
1010532	-1	-1	0	0	0	0	0
1014530	10630232	-1	955392	719	0	0	2970
1020570	-1	-1	0	0	0	0	6
1025532	11063152	-1	860160	622	0	0	2960
1031538	-1	-1	0	0	0	0	0
1036539	6104928	-1	679936	891	0	0	2979
1043532	7310224	-1	263168	288	0	0	991
1049531	-1	-1	0	0	0	0	0
1055543	7862856	-1	880640	896	0	0	2006
1059531	8408720	-1	993280	945	0	0	2988
1065533	-1	-1	0	0	0	0	0
1072538	7301864	-1	537600	589	0	0	2975
1077540	-1	-1	0	0	0	0	0
1083530	2593008	-1	668672	2063	0	0	3990
1088535	8577096	-1	250880	234	0	0	1003
1090533	9468672	-1	455680	385	0	0	1996
1096531	7073808	-1	297984	337	0	0	1017
1102532	-1	-1	0	0	0	0	0
1109541	9669672	-1	381952	316	0	0	2002
1112533	6171256	-1	869376	1127	0	0	2990
1116563	-1	-1	0	0	0	0	0
1121536	1064776	-1	354304	2662	0	0	3005
1127531	9704936	-1	269312	222	0	0	2000
1130532	-1	-1	24576	1745	0	0	1999
1136543	4652736	-1	479232	824	0	0	3002
1141562	1294040	-1	737280	4558	0	0	4558
1147532	8817280	-1	1140736	1035	0	0	1035
1151556	-1	-1	0	0	0	0	0
1157533	7782400	-1	291840	300	0	0	971
1163535	7655768	-1	950272	993	0	0	4968
1167534	-1	-1	0	0	0	0	0
1172533	-1	-1	0	0	0	0	0
1175533	-1	-1	0	0	0	0	0
1181539	3089624	-1	933452	2417	0	0	3987
1184537	-1	-1	0	0	0	0	0
1190533	9458808	-1	458752	388	0	0	994
1198531	-1	-1	0	0	0	0	3000
1202544	1479928	-1	1128448	6100	0	0	6100
1205548	9763832	-1	540672	443	0	0	987
1211538	-1	-1	0	0	0	0	0
1216536	7689472	-1	987136	1027	0	0	3000
1219532	-1	-1	0	0	0	0	0
1225533	9569976	-1	775168	648	0	0	3003
1230533	-1	-1	0	0	0	0	0
1237533	-1	-1	0	0	0	0	0
1243555	9520128	-1	873472	734	0	0	3018
1245534	9039448	-1	262144	232	0	0	1977
1251533	-1	-1	0	0	0	0	0
1257531	-1	-1	0	0	0	0	1000
1263554	1145368	-1	510976	3569	0	0	3569
1269550	10419168	-1	967680	743	0	0	4006
1275533	-1	-1	0	0	0	0	0
1281533	9262944	-1	681984	589	0	0	3000
1286532	-1	-1	0	0	0	0	0
1291533	-1	-1	0	0	0	0	0
1295553	8389136	-1	392192	374	0	0	2018
1298538	10411304	-1	1042432	801	0	0	1976
1303541	-1	-1	0	0	0	0	0
1308533	-1	-1	0	0	0	0	0
1313563	10254880	-1	529408	413	0	0	1022
1317530	-1	-1	0	0	0	0	1966
1323538	765344	-1	590848	6176	0	0	6176
1329533	8123832	-1	732160	721	0	0	-1
1334533	-1	-1	0	0	0	0	-1
1340533	-1	-1	0	0	0	0	-1
1347530	-1	-1	0	0	0	0	-1
1351534	-1	-1	0	0	0	0	-1
1357546	2470760	-1	3497984	11326	0	0	-1
1363542	-1	-1	0	0	0	0	-1
1366533	-1	-1	0	0	0	0	-1
1372534	-1	-1	0	0	0	0	-1
1379531	-1	-1	0	0	0	0	19987
1385540	4517584	-1	3127296	5538	0	0	5538
1391535	-1	-1	0	0	0	0	0
1397545	-1	-1	0	0	0	0	0
1400534	-1	-1	0	0	0	0	0
1408532	-1	-1	0	0	0	0	2000
1414535	1212024	-1	917504	6056	0	0	6056
1420535	8762064	-1	424960	388	0	0	2000
1426564	-1	-1	0	0	0	0	32
1430537	8594376	-1	852992	794	0	0	1967
1436532	-1	-1	0	0	0	0	0
1441534	-1	-1	0	0	0	0	0
1443537	-1	-1	0	0	0	0	0
1449534	10776592	-1	1233920	916	0	0	2967
1453540	-1	-1	0	0	0	0	0
1458534	-1	-1	0	0	0	0	0
1468531	-1	-1	0	0	0	0	3988
1472535	1191104	-1	920576	6183	0	0	6183
1479552	10485760	-1	983040	750	0	0	1999
1484536	-1	-1	0	0	0	0	0
1490535	-1	-1	0	0	0	0	0
1499531	-1	-1	0	0	0	0	4000
1502553	1593232	-1	1177600	5913	0	0	5913
1507534	10349776	-1	949592	734	0	0	2013
1513610	-1	-1	0	0	0	0	59
1518536	6110816	-1	1178624	1543	0	0	3920
1523535	-1	-1	0	0	0	0	0
1529533	-1	-1	0	0	0	0	4003
1535544	2397704	-1	1393664	4650	0	0	4650
1541551	15887056	-1	1080320	544	0	0	1964
1547534	-1	-1	0	0	0	0	0
1553534	-1	-1	0	0	0	0	0
1556531	-1	-1	0	0	0	0	0
1562541	2987512	-1	1131520	3030	0	0	3998
1568591	7542856	-1	844800	896	0	0	2050
1570538	-1	-1	0	0	0	0	0
1576549	-1	-1	0	0	0	0	16
1580535	1745504	-1	797696	3656	0	0	3656
1586531	-1	-1	76800	375	0	0	375
1592538	2027536	-1	431104	1701	0	0	3001
1598534	13546944	-1	782336	462	0	0	2000
1600534	-1	-1	0	0	0	0	0
1606541	-1	-1	0	0	0	0	0
1611534	12821632	-1	910336	568	0	0	2000
1618531	-1	-1	0	0	0	0	2000
1620536	821088	-1	401408	3911	0	0	3911
1626539	1732808	-1	879616	4061	0	0	4061
1632534	6647960	-1	634880	764	0	0	2013
1636534	1515800	-1	139264	735	0	0	999
1639534	4461760	-1	943104	1691	0	0	2997
1645532	-1	-1	0	0	0	0	0
1651541	2352944	-1	946176	3217	0	0	4003
1656546	-1	-1	0	0	0	0	0
1661166	-1	-1	0	0	0	0	0
1667164	-1	-1	90112	235	0	0	358
1672172	632184	-1	393216	4976	0	0	5008
1680151	-1	-1	0	0	0	0	0
1686154	8471488	-1	1396736	1319	0	0	1345
1689153	-1	-1	0	0	0	0	0
1694166	-1	-1	0	0	0	0	0
1699573	777112	-1	406528	4185	0	0	5079
1711534	-1	-1	0	0	0	0	4004
1718638	256584	-1	322560	10057	0	0	10057
1723542	11072568	-1	932864	674	0	0	2887
1729535	-1	-1	0	0	0	0	0
1740534	-1	-1	0	0	0	0	951
1746575	2349136	-1	3211264	10936	0	0	10936
1748547	22046400	-1	1160192	421	0	0	956
1754536	-1	-1	0	0	0	0	0
1759591	-1	-1	0	0	0	0	0
1771533	-1	-1	0	0	0	0	5997
1775534	-1	-1	0	0	0	0	4001
1780534	6428304	-1	3982336	4956	0	0	4956
1786535	-1	-1	0	0	0	0	0
1791575	-1	-1	0	0	0	0	0
1803532	-1	-1	0	0	0	0	1999
1809533	2809944	-1	1766400	5029	0	0	5029
1815574	-1	-1	0	0	0	0	0
1817540	-1	-1	0	0	0	0	0
1823545	10957784	-1	425984	311	0	0	1008
1827531	14608112	-1	783360	429	0	0	1988
1832536	548872	-1	546816	7970	0	0	7970
1837535	-1	-1	0	0	0	0	0
1842551	-1	-1	0	0	0	0	13
1847534	12442568	-1	989184	636	0	0	1990
1851542	-1	-1	0	0	0	0	0
1856531	9779776	-1	1305600	1068	0	0	1999
1862539	-1	-1	0	0	0	0	0
1867536	12791872	-1	805888	504	0	0	2000
1872534	-1	-1	0	0	0	0	0
1878533	7794624	-1	783360	804	0	0	1999
1890534	-1	-1	0	0	0	0	0
1894541	12556592	-1	574464	366	0	0	1007
1898545	10886160	-1	1526784	1122	0	0	1988
1904533	-1	-1	0	0	0	0	0
1910541	-1	-1	0	0	0	0	0
1921532	-1	-1	0	0	0	0	4996
1926533	2276576	-1	1774592	6236	0	0	6236
1932534	-1	-1	0	0	0	0	0
1938552	-1	-1	0	0	0	0	13
1943578	13867264	-1	1969152	1136	0	0	2979
1950532	-1	-1	0	0	0	0	0
1955533	-1	-1	0	0	0	0	0
1960173	11476056	-1	1295360	903	0	0	903
1964166	-1	-1	0	0	0	0	0
1971180	-1	-1	0	0	0	0	0
1981171	-1	-1	0	0	0	0	1225
1985164	2356552	-1	1272832	4321	0	0	4321
1991162	-1	-1	0	0	0	0	0
1994534	-1	-1	0	0	0	0	0
1997533	-1	-1	0	0	0	0	0
2009533	-1	-1	0	0	0	0	4977
2016542	-1	-1	0	0	0	0	7009
2021534	5488840	-1	2247680	3276	0	0	4989
2027534	-1	-1	0	0	0	0	0
2032536	-1	-1	0	0	0	0	0
2038540	-1	-1	0	0	0	0	4006
2043538	-1	-1	0	0	0	0	4998
2046534	-1	-1	0	0	0	0	2995
2052537	3119528	-1	1848320	4740	0	0	4997
2056539	-1	-1	0	0	0	0	0
2061536	-1	-1	0	0	0	0	0
2067531	10655016	-1	1209344	908	0	0	2958
2072534	523808	-1	485376	7413	0	0	7413
2078534	-1	-1	0	0	0	0	0
2084552	-1	-1	0	0	0	0	13
2089534	11295032	-1	931840	660	0	0	1979
2091547	-1	-1	0	0	0	0	0
2102531	-1	-1	0	0	0	0	0
2108538	11662592	-1	677888	465	0	0	2002
2113534	-1	-1	0	0	0	0	0
2119534	12163880	-1	652288	429	0	0	1999
2130534	-1	-1	0	0	0	0	0
2133571	11086632	-1	600064	433	0	0	1034
2137538	11389264	-1	733184	515	0	0	959
2144544	-1	-1	0	0	0	0	0
2149536	-1	-1	0	0	0	0	0
2160534	-1	-1	0	0	0	0	4983
2166540	2369120	-1	2185216	7379	0	0	7379
2171537	-1	-1	0	0	0	0	0
2176563	-1	-1	0	0	0	0	0
2182540	10262936	-1	801792	625	0	0	1996
2188545	-1	-1	0	0	0	0	0
2193534	-1	-1	0	0	0	0	0
2196534	-1	-1	0	0	0	0	0
2202535	9431872	-1	1090560	925	0	0	2996
2208542	-1	-1	0	0	0	0	10
2212534	9684976	-1	1022976	845	0	0	1990
2218535	-1	-1	0	0	0	0	0
2224535	3065648	-1	1049600	2739	0	0	4002
2230538	-1	-1	0	0	0	0	0
2236535	-1	-1	0	0	0	0	0
2243564	9956520	-1	757940	609	0	0	2030
2246535	-1	-1	0	0	0	0	967
2253536	-1	-1	0	0	0	0	0
2256536	-1	-1	0	0	0	0	0
2260539	6424288	-1	1912832	2382	0	0	2382
2267535	-1	-1	0	0	0	0	0
2269533	-1	-1	0	0	0	0	0
2275533	12125624	-1	2370560	1564	0	0	2995
2282537	-1	-1	0	0	0	0	0
2288534	-1	-1	0	0	0	0	0
2292538	-1	-1	0	0	0	0	0
2298535	9403640	-1	898048	764	0	0	2000
2311535	-1	-1	0	0	0	0	4002
2315534	1063472	-1	769024	5785	0	0	5785
2321535	8982320	-1	605184	539	0	0	2000
2327538	-1	-1	0	0	0	0	0
2333536	8624048	-1	1042432	967	0	0	1999
2338549	-1	-1	0	0	0	0	0
2345556	9420800	-1	800768	680	0	0	1999
2351557	8953008	-1	409600	366	0	0	1023
2354537	5658672	-1	420864	595	0	0	1001
2360544	-1	-1	0	0	0	0	0
2368540	-1	-1	0	0	0	0	8
2373560	2743712	-1	1507328	4395	0	0	5019
2380536	7873248	-1	252928	257	0	0	972
2386534	9379776	-1	784384	669	0	0	1992
2392536	-1	-1	0	0	0	0	0
2398534	-1	-1	0	0	0	0	4002
2404542	767088	-1	782336	8159	0	0	8159
2410536	11226536	-1	920576	656	0	0	2000
2416534	-1	-1	0	0	0	0	0
2422537	8484568	-1	712704	672	0	0	1981
2430537	-1	-1	0	0	0	0	3002
2437545	783536	-1	571392	5834	0	0	5834
2442542	10009560	-1	789504	631	0	0	1918
2447571	-1	-1	0	0	0	0	38
2451536	12135760	-1	857088	565	0	0	1972
2457531	-1	-1	0	0	0	0	0
2463547	2185384	-1	704512	2579	0	0	4005
2469559	-1	-1	0	0	0	0	0
2475537	-1	-1	0	0	0	0	0
2481534	8486776	-1	872016	822	0	0	3078
2482534	-1	-1	0	0	0	0	0
2488533	-1	-1	0	0	0	0	0
2493537	-1	-1	0	0	0	0	4007
2498536	-1	-1	0	0	0	0	4998
2504546	704272	-1	1238016	14063	0	0	14063
2505534	-1	-1	0	0	0	0	985
2511534	1578176	-1	289792	1469	0	0	1469
2518533	-1	-1	0	0	0	0	2997
2523568	1257624	-1	1329152	8455	0	0	8455
2528535	-1	-1	0	0	0	0	0
2534536	9037128	-1	1784832	1580	0	0	2968
2536535	-1	-1	0	0	0	0	0
2542541	-1	-1	0	0	0	0	0
2547531	-1	-1	0	0	0	0	0
2553541	6970384	-1	297984	342	0	0	1006
2556534	7948456	-1	367616	370	0	0	1023
2563198	6399352	-1	943104	1179	0	0	1179
