104932	5792344	-1	5722112	7903	0	0	7903
115597	6342920	-1	6048768	7629	0	0	7629
129936	5987984	-1	1744748	2331	0	0	2331
137930	3857528	-1	1598464	3315	0	0	3315
145937	-1	-1	0	0	0	0	0
153934	5780048	-1	1646592	2279	0	0	2279
162927	-1	-1	0	0	0	0	0
172925	6327656	-1	1164288	1472	0	0	1472
180936	-1	-1	0	0	0	0	0
186934	8257016	-1	390144	378	0	0	378
196927	-1	-1	0	0	0	0	0
203926	6632184	-1	1728512	2085	0	0	2085
213941	-1	-1	0	0	0	0	0
221940	-1	-1	0	0	0	0	0
224941	-1	-1	0	0	0	0	0
233940	5993352	-1	753664	1006	0	0	1006
241926	4429168	-1	462848	836	0	0	1005
245925	5230744	-1	441344	675	0	0	675
253938	-1	-1	0	0	0	0	0
263926	6197000	-1	1676288	2164	0	0	2164
272939	-1	-1	0	0	0	0	0
281935	6944056	-1	928768	1070	0	0	1070
290925	-1	-1	0	0	0	0	0
299936	6645680	-1	2143232	2580	0	0	2580
309936	-1	-1	0	0	0	0	0
319935	6803632	-1	1108992	1304	0	0	1304
328932	-1	-1	0	0	0	0	0
338926	4405288	-1	539648	980	0	0	980
347934	-1	-1	0	0	0	0	568
352934	1457296	-1	459776	2524	0	0	2524
360931	-1	-1	16384	6264	0	0	6264
369932	687544	-1	1130496	13154	0	0	13154
376931	-1	-1	0	0	0	0	0
380926	4176584	-1	928768	1779	0	0	1779
387925	-1	-1	0	0	0	0	0
393931	5867032	-1	770048	1050	0	0	1050
397931	-1	-1	0	0	0	0	0
405925	-1	-1	0	0	0	0	0
410929	-1	-1	0	0	0	0	0
416925	5339528	-1	1002496	1502	0	0	1502
425926	-1	-1	0	0	0	0	0
434930	4933168	-1	1236992	2006	0	0	2006
442925	-1	-1	0	0	0	0	0
450927	-1	-1	0	0	0	0	0
454930	-1	-1	0	0	0	0	0
463925	7117744	-1	1160192	1304	0	0	1304
464926	-1	-1	0	0	0	0	0
473926	6480000	-1	829440	1024	0	0	1024
482942	-1	-1	0	0	0	0	0
491935	-1	-1	0	0	0	0	0
499937	4807176	-1	1001696	1667	0	0	1667
503940	-1	-1	0	0	0	0	0
511931	5381384	-1	896000	1332	0	0	1332
519926	-1	-1	0	0	0	0	0
528925	5674088	-1	1156096	1630	0	0	1630
537932	4897992	-1	816128	1333	0	0	1333
546925	-1	-1	0	0	0	0	0
554937	-1	-1	0	0	0	0	0
562945	7173416	-1	338944	378	0	0	378
572934	5200680	-1	858112	1320	0	0	1320
580935	-1	-1	0	0	0	0	0
589932	6450704	-1	667648	828	0	0	828
598935	-1	-1	0	0	0	0	0
607935	5900120	-1	514048	697	0	0	697
614946	5339472	-1	1136640	1703	0	0	1703
617930	-1	-1	0	0	0	0	0
626927	-1	-1	0	0	0	0	0
635931	4488976	-1	608256	1084	0	0	1084
637933	-1	-1	0	0	0	0	0
646933	6339392	-1	897024	1132	0	0	1132
654926	-1	-1	0	0	0	0	0
659927	-1	-1	0	0	0	0	0
668930	5674784	-1	789504	1113	0	0	1113
677926	-1	-1	0	0	0	0	0
681925	-1	-1	0	0	0	0	0
690931	6720032	15152	1645568	1959	373760	197357	1959
700927	-1	906616	0	0	1133568	10002	0
710936	-1	1247240	0	0	1557504	9990	0
719925	-1	1379816	0	0	1549312	8982	0
729926	-1	1499096	0	0	1681408	8972	0
739939	-1	-1	0	0	0	0	0
741926	-1	-1	0	0	0	0	0
750926	-1	-1	0	0	0	0	0
757926	-1	-1	0	0	0	0	0
765925	-1	-1	0	0	0	0	0
773926	-1	-1	0	0	0	0	0
781941	-1	-1	0	0	0	0	0
788946	6400112	-1	1861632	2327	0	0	2327
797927	-1	-1	0	0	0	0	0
806926	5720432	-1	2223104	3109	0	0	3109
815936	-1	-1	0	0	0	0	0
824936	5938440	-1	1198080	1614	0	0	1614
834926	-1	-1	0	0	0	0	0
844939	5597512	-1	799744	1143	0	0	1143
852926	-1	-1	0	0	0	0	0
859925	3900040	-1	370016	759	0	0	759
867926	-1	-1	0	0	0	0	0
876926	6352544	-1	912384	1149	0	0	1149
882936	-1	-1	0	0	0	0	0
890935	5574896	-1	737280	1058	0	0	1058
898926	-1	-1	0	0	0	0	0
907926	5605056	-1	1158144	1653	0	0	1653
914926	-1	-1	0	0	0	0	0
921929	-1	-1	0	0	0	0	0
925935	-1	-1	0	0	0	0	0
934926	5735528	-1	2084864	2908	0	0	2908
940927	-1	-1	0	0	0	0	0
949925	-1	-1	0	0	0	0	0
954926	-1	-1	0	0	0	0	0
963928	6267120	-1	2567168	3277	0	0	3277
971926	-1	-1	0	0	0	0	0
980926	5914800	-1	819200	1108	0	0	1108
986931	-1	-1	0	0	0	0	0
992930	5458472	-1	1302528	1909	0	0	1909
1001927	-1	-1	0	0	0	0	0
1010928	6352272	-1	1311744	1652	0	0	1652
1018927	-1	-1	0	0	0	0	0
1028927	5815968	-1	839680	1155	0	0	1155
1036925	-1	-1	0	0	0	0	0
1045925	5707976	-1	2101248	2945	0	0	2945
1053928	-1	-1	0	0	0	0	0
1059929	6047784	-1	450560	596	0	0	635
1069942	4020304	-1	244736	487	0	0	487
1078930	5911600	-1	833536	1128	0	0	1260
1088926	-1	-1	0	0	0	0	0
1096931	5705312	-1	622592	873	0	0	873
1103925	-1	-1	0	0	0	0	0
1113937	5486112	-1	755712	1102	0	0	1102
1122927	-1	-1	0	0	0	0	0
1130926	4645296	-1	852992	1469	0	0	1469
1135936	-1	-1	0	0	0	0	0
1144926	6019248	-1	592896	788	0	0	788
1152936	6059256	-1	1757184	2320	0	0	2320
1162945	-1	-1	0	0	0	0	0
1171926	6617000	-1	4039680	4884	0	0	4884
1177932	-1	-1	0	0	0	0	0
1186926	6468248	-1	1986560	2457	0	0	2457
1193934	6198208	-1	4039680	5214	0	0	5214
1203931	-1	-1	0	0	0	0	0
1210931	6247256	-1	3562496	4562	0	0	4562
1219934	-1	-1	0	0	0	0	0
1228925	6083960	-1	1400832	1842	0	0	1842
1237929	-1	-1	0	0	0	0	0
1246931	5846464	-1	1378304	1886	0	0	1886
1255929	-1	-1	0	0	0	0	0
1431271	6866640	-1	3342336	3894	0	0	29985
1438260	-1	-1	0	0	0	0	0
1447267	-1	-1	0	0	0	0	0
1453259	-1	-1	0	0	0	0	0
1460261	-1	-1	0	0	0	0	0
1469264	7261976	-1	1711104	1885	0	0	1885
1478270	-1	-1	0	0	0	0	0
1485265	-1	-1	0	0	0	0	0
1493261	6799920	-1	1865728	2195	0	0	2195
1496265	6186664	-1	148480	192	0	0	192
1505266	-1	-1	0	0	0	0	0
1514266	6097936	-1	1389568	1823	0	0	1823
1522265	-1	-1	0	0	0	0	0
1531260	6547392	-1	1296384	1584	0	0	1584
1539275	-1	-1	0	0	0	0	0
1548262	-1	-1	0	0	0	0	0
1556271	6872288	-1	1439744	1676	0	0	1676
1559263	-1	-1	0	0	0	0	0
1568276	-1	-1	0	0	0	0	0
1574259	-1	-1	0	0	0	0	0
1584261	6723720	-1	679936	809	0	0	809
1587260	-1	-1	0	0	0	0	0
1596260	3657440	-1	1447888	3167	0	0	3167
1598264	-1	-1	0	0	0	0	0
1607259	-1	-1	0	0	0	0	0
1616259	5896520	-1	841728	1142	0	0	1142
1624259	-1	-1	0	0	0	0	0
1630267	-1	-1	0	0	0	0	0
1640265	5797120	-1	936960	1293	0	0	1337
1644273	7234248	-1	796672	881	0	0	881
1650274	-1	-1	0	0	0	0	0
1655259	5162704	-1	696320	1079	0	0	1079
1662274	-1	-1	0	0	0	0	0
1671258	-1	-1	0	0	0	0	0
1672267	-1	-1	0	0	0	0	0
1679270	6045576	-1	1147904	1519	0	0	1519
1686271	-1	-1	0	0	0	0	0
1694272	5706840	-1	1166336	1635	0	0	1635
1702260	-1	-1	0	0	0	0	0
1711269	5633824	-1	791552	1124	0	0	1124
1721259	-1	-1	0	0	0	0	0
1728267	6009032	-1	1048576	1396	0	0	1396
1737267	4954336	-1	570368	921	0	0	921
1740267	-1	-1	0	0	0	0	0
1749259	-1	-1	0	0	0	0	0
1758266	5532792	-1	1110016	1605	0	0	1605
1767259	-1	-1	0	0	0	0	0
1774260	-1	-1	0	0	0	0	0
1780264	-1	-1	0	0	0	0	0
1789265	5533696	-1	1278976	1849	0	0	1849
1798259	-1	-1	0	0	0	0	0
1806270	4644904	-1	1031168	1776	0	0	1776
1815264	-1	-1	0	0	0	0	0
1824262	6136440	-1	1455104	1897	0	0	1897
1833259	-1	-1	0	0	0	0	0
1843262	5512264	-1	1440768	2091	0	0	2091
1848262	-1	-1	0	0	0	0	0
1858271	-1	-1	0	0	0	0	0
1860260	-1	-1	0	0	0	0	0
1868260	6061544	-1	1392640	1838	0	0	1838
1872261	-1	-1	0	0	0	0	0
1880260	6107616	-1	1203200	1576	0	0	1576
1889260	-1	-1	0	0	0	0	0
1899259	5823568	-1	642048	882	0	0	882
1906263	-1	-1	0	0	0	0	0
1915260	5389240	-1	1224704	1818	0	0	1818
1924273	-1	-1	0	0	0	0	0
1934274	7027952	-1	989184	1126	0	0	1126
1943273	-1	-1	0	0	0	0	0
1953262	5397368	-1	921600	1366	0	0	1366
1962270	-1	-1	0	0	0	0	0
1966270	-1	-1	0	0	0	0	0
1975259	5833232	-1	1978196	2713	0	0	2713
1976269	-1	-1	0	0	0	0	0
1985258	-1	-1	0	0	0	0	0
1993275	-1	-1	0	0	0	0	0
1998274	-1	-1	0	0	0	0	0
2005259	5154816	-1	1193984	1853	0	0	1853
2014267	-1	-1	0	0	0	0	0
2020270	5437064	-1	917504	1350	0	0	1350
2030260	-1	-1	0	0	0	0	0
2035267	-1	-1	0	0	0	0	0
2042267	-1	-1	0	0	0	0	0
2050262	6228056	-1	1669120	2144	0	0	2144
2055260	-1	-1	0	0	0	0	0
2065264	-1	-1	0	0	0	0	0
2071263	-1	-1	0	0	0	0	0
2078264	7618560	-1	952320	1000	0	0	1000
2083266	-1	-1	0	0	0	0	0
2092263	5116600	-1	577536	903	0	0	903
2101264	-1	-1	0	0	0	0	0
2108270	5191200	-1	1147904	1769	0	0	1769
2114263	-1	-1	0	0	0	0	0
2123259	-1	-1	0	0	0	0	0
2133261	6805664	-1	884736	1040	0	0	1042
2137262	-1	-1	0	0	0	0	0
2144261	-1	-1	0	0	0	0	0
2151262	6320552	-1	916480	1160	0	0	1160
2160261	-1	-1	0	0	0	0	0
2167274	5261584	-1	737280	1121	0	0	1121
2177270	-1	-1	0	0	0	0	0
2183260	4731632	-1	849920	1437	0	0	1437
2191259	-1	-1	0	0	0	0	0
2197265	-1	-1	0	0	0	0	0
2203274	-1	-1	0	0	0	0	0
2209272	5510216	-1	2154496	3128	0	0	3128
2218273	-1	-1	0	0	0	0	0
2227259	-1	-1	0	0	0	0	0
2235272	-1	-1	0	0	0	0	0
2241272	5995912	-1	1523712	2033	0	0	2033
2246270	-1	-1	0	0	0	0	0
2255264	-1	-1	0	0	0	0	0
2264259	5282984	-1	1041408	1577	0	0	1577
2268265	7246768	-1	353280	390	0	0	390
2277271	-1	-1	0	0	0	0	0
2284270	5493336	-1	1640448	2389	0	0	2389
2291265	-1	-1	0	0	0	0	0
2301268	6524784	-1	649216	796	0	0	796
2310264	-1	-1	0	0	0	0	0
2320268	5805232	-1	1158144	1596	0	0	1596
2326264	-1	-1	0	0	0	0	0
2335265	5301992	-1	957672	1445	0	0	1445
2343265	-1	-1	0	0	0	0	0
2352264	5818248	-1	2437120	3351	0	0	3351
2359264	-1	-1	0	0	0	0	0
2369263	-1	-1	0	0	0	0	0
2374265	-1	-1	0	0	0	0	0
2382264	5630472	-1	2363392	3358	0	0	3358
2386260	-1	-1	0	0	0	0	0
2394264	4844520	-1	1010688	1669	0	0	1669
2403260	-1	-1	0	0	0	0	0
2409262	6692304	-1	1156096	1382	0	0	1382
2417260	-1	-1	0	0	0	0	0
2427263	6298344	-1	1086464	1380	0	0	1380
2434260	-1	-1	0	0	0	0	0
2443261	6166608	-1	1047552	1359	0	0	1359
2448259	-1	-1	0	0	0	0	0
2457259	4890656	-1	857088	1402	0	0	1402
2466270	-1	-1	0	0	0	0	0
2474260	5797720	-1	600064	828	0	0	828
2483260	-1	-1	0	0	0	0	0
2490260	6569576	-1	1347584	1641	0	0	1641
2498259	-1	-1	0	0	0	0	0
2506270	5783088	-1	1386496	1918	0	0	1918
2513269	-1	-1	0	0	0	0	0
2523273	-1	-1	0	0	0	0	0
2529272	-1	-1	0	0	0	0	0
2535271	6554432	-1	1618944	1976	0	0	1976
2541259	-1	-1	0	0	0	0	0
2549259	-1	-1	0	0	0	0	0
2555269	6843952	-1	270336	316	0	0	462
2560269	5017792	-1	1332224	2124	0	0	2124
2569268	-1	-1	0	0	0	0	0
2578269	5833456	-1	1851392	2539	0	0	2539
2587266	-1	-1	0	0	0	0	0
2596266	-1	-1	0	0	0	0	0
2604274	6468856	-1	703488	870	0	0	1036
2608259	5374368	-1	843776	1256	0	0	1256
2616265	-1	-1	0	0	0	0	0
2625266	6394848	-1	3811328	4768	0	0	4768
2635265	3720384	-1	212992	458	0	0	458
2644264	6397112	-1	3901440	4879	0	0	4879
2653264	-1	-1	0	0	0	0	0
2663259	-1	-1	0	0	0	0	0
2670262	-1	-1	0	0	0	0	0
2677274	6025416	-1	3759104	4991	0	0	5089
2686259	6327184	-1	2060288	2605	0	0	2605
2693262	6381984	-1	2993152	3752	0	0	3752
2702262	-1	-1	0	0	0	0	0
2710259	6241808	-1	2156544	2764	0	0	2764
2719261	-1	-1	0	0	0	0	0
2920861	6633824	-1	1320960	1593	0	0	11196
2929863	-1	-1	0	0	0	0	0
2938875	-1	-1	0	0	0	0	0
2948884	-1	-1	0	0	0	0	0
2957884	6276608	-1	872448	1112	0	0	1112
2961860	-1	-1	0	0	0	0	0
2970867	-1	-1	0	0	0	0	5488
2979862	592480	-1	307200	4148	0	0	8994
2988875	1102488	-1	994304	7215	0	0	7215
2993861	-1	-1	0	0	0	0	0
3000873	8713464	-1	1591296	1461	0	0	1461
3009873	-1	-1	0	0	0	0	0
3018860	7199672	-1	698368	776	0	0	776
3027874	-1	-1	0	0	0	0	0
3036875	-1	-1	0	0	0	0	0
3037870	-1	-1	0	0	0	0	0
3046860	8134288	-1	2453504	2413	0	0	2413
3055863	-1	-1	0	0	0	0	0
3059860	-1	-1	0	0	0	0	0
3068871	9488376	-1	352256	297	0	0	477
3073870	8890688	-1	1420288	1278	0	0	1278
3082872	-1	-1	0	0	0	0	0
3090873	-1	-1	0	0	0	0	0
3099865	-1	-1	0	0	0	0	0
3105869	5676800	-1	1424876	2008	0	0	2008
3115862	-1	-1	0	0	0	0	0
3125870	9444448	-1	1799168	1524	0	0	1524
3134869	-1	-1	0	0	0	0	0
3142864	7541840	-1	950272	1008	0	0	1008
3148874	-1	-1	0	0	0	0	0
3157875	-1	-1	0	0	0	0	0
3162869	-1	-1	0	0	0	0	0
3169860	8070248	-1	950272	942	0	0	942
3173860	-1	-1	0	0	0	0	0
3180866	9068616	-1	1811456	1598	0	0	1598
3188867	-1	-1	0	0	0	0	0
3196864	8810872	-1	1968128	1787	0	0	1787
3202863	-1	-1	0	0	0	0	0
3212862	-1	-1	0	0	0	0	0
3221863	8718088	-1	2138112	1962	0	0	1962
3224863	10538320	-1	804864	611	0	0	611
3232861	-1	-1	0	0	0	0	0
3239862	9318864	-1	1287168	1105	0	0	1105
3249863	-1	-1	0	0	0	0	0
3256863	8887792	-1	693248	624	0	0	624
3266878	-1	-1	0	0	0	0	0
3275860	9401192	-1	883712	752	0	0	752
3282873	-1	-1	0	0	0	0	0
3289871	8763096	-1	1414144	1291	0	0	1291
3296860	-1	-1	0	0	0	0	0
3306861	8244216	-1	1293312	1255	0	0	1255
3315873	-1	-1	0	0	0	0	0
3324860	-1	-1	0	0	0	0	0
3330872	-1	-1	0	0	0	0	0
3337872	9117648	-1	1815552	1593	0	0	1593
3344871	-1	-1	0	0	0	0	0
3351860	-1	-1	0	0	0	0	0
3360870	-1	-1	0	0	0	0	0
3367867	8310552	-1	1435648	1382	0	0	1382
3371869	-1	-1	0	0	0	0	0
3381871	9268880	-1	1233920	1065	0	0	1065
3388864	-1	-1	0	0	0	0	0
3398867	9082232	-1	982016	865	0	0	865
3404866	9587672	-1	647168	540	0	0	582
3409868	3626256	-1	422912	933	0	0	933
3417865	-1	-1	0	0	0	0	0
3427869	-1	-1	0	0	0	0	0
3435866	-1	-1	0	0	0	0	0
3441868	8600184	-1	1553408	1445	0	0	1445
3450869	-1	-1	0	0	0	0	0
3458861	8819488	-1	521452	473	0	0	513
3468866	-1	-1	0	0	0	0	0
3475862	4620600	-1	915456	1585	0	0	1585
3485864	-1	-1	0	0	0	0	0
3491864	6059416	-1	605184	799	0	0	799
3499862	4534176	-1	609280	1075	0	0	1075
3503862	-1	-1	0	0	0	0	0
3510860	-1	-1	0	0	0	0	0
3520865	-1	-1	0	0	0	0	0
3528863	6226880	-1	1596416	2051	0	0	2051
3531860	28467200	-1	142336	40	0	0	40
3541862	5065464	-1	642048	1014	0	0	1014
3544868	-1	-1	0	0	0	0	0
3553860	-1	-1	0	0	0	0	0
3560860	6507384	-1	893952	1099	0	0	1099
3569860	4795704	-1	312320	521	0	0	521
3574873	7448744	-1	472064	507	0	0	507
3582859	-1	-1	0	0	0	0	0
3590873	6649624	-1	1134592	1365	0	0	1365
3598860	-1	-1	0	0	0	0	0
3607865	6497016	-1	2586624	3185	0	0	3185
3611860	-1	-1	0	0	0	0	0
3620860	6590160	-1	775168	941	0	0	941
3629860	-1	-1	0	0	0	0	0
3637862	5204136	-1	649216	998	0	0	998
3640862	-1	-1	0	0	0	0	0
3649860	6152032	-1	784384	1020	0	0	1020
3658868	-1	-1	0	0	0	0	0
3667868	4517768	-1	570368	1010	0	0	1010
3676871	-1	-1	0	0	0	0	0
3685868	-1	-1	0	0	0	0	0
3689864	-1	-1	0	0	0	0	0
3696860	5548136	-1	1287168	1856	0	0	1856
3703869	-1	-1	0	0	0	0	0
3712867	-1	-1	0	0	0	0	0
3722860	6094464	-1	913408	1199	0	0	1199
3726865	-1	-1	0	0	0	0	0
3733864	-1	-1	0	0	0	0	0
3739864	5736296	-1	619520	864	0	0	864
3748860	-1	-1	0	0	0	0	0
3754864	4433952	-1	1007616	1818	0	0	1818
3762863	-1	-1	0	0	0	0	0
3771862	6254528	-1	985088	1260	0	0	1260
3777861	-1	-1	0	0	0	0	0
3786863	-1	-1	0	0	0	0	0
3795863	6293920	-1	1235968	1571	0	0	1571
3799863	-1	-1	0	0	0	0	0
3808869	-1	-1	0	0	0	0	0
3817861	5152184	-1	1547588	2403	0	0	2403
3825861	-1	-1	0	0	0	0	0
3835861	5512680	-1	1392640	2021	0	0	2021
3845873	-1	-1	0	0	0	0	0
3855873	-1	-1	0	0	0	0	0
3861874	-1	-1	0	0	0	0	0
3869860	5881432	-1	1634304	2223	0	0	2223
3878875	-1	-1	0	0	0	0	0
3886873	-1	-1	0	0	0	0	0
3893872	-1	-1	0	0	0	0	0
3899860	6228432	-1	1321984	1698	0	0	1698
3905872	-1	-1	0	0	0	0	0
3913872	4765040	-1	805888	1353	0	0	1353
3922873	-1	-1	0	0	0	0	0
3931862	-1	-1	0	0	0	0	0
3937860	10376536	-1	155648	120	0	0	293
3942859	5050208	-1	1241088	1966	0	0	1966
3951869	-1	-1	0	0	0	0	0
3960871	6377216	-1	1281024	1607	0	0	1607
3969860	-1	-1	0	0	0	0	0
3975869	5820488	-1	1073152	1475	0	0	1475
3985868	-1	-1	0	0	0	0	0
3995866	6274720	-1	921600	1175	0	0	1175
4004863	-1	-1	0	0	0	0	0
4013860	-1	-1	0	0	0	0	0
4020865	5636480	-1	1691648	2401	0	0	2401
4023866	5228064	-1	260096	398	0	0	398
4032864	-1	-1	0	0	0	0	0
4041869	-1	-1	0	0	0	0	0
4048868	-1	-1	0	0	0	0	0
4058860	5938016	-1	1284096	1730	0	0	1730
4067862	-1	-1	0	0	0	0	0
4075863	5425648	-1	1297408	1913	0	0	1913
4079862	-1	-1	0	0	0	0	0
4088865	-1	-1	0	0	0	0	0
4091862	-1	-1	0	0	0	0	0
4100860	6133824	-1	1080320	1409	0	0	1409
4110883	-1	-1	0	0	0	0	0
4119861	6229808	-1	2230272	2864	0	0	2864
4125868	-1	-1	0	0	0	0	0
4134872	6396648	-1	3973120	4969	0	0	5164
4143860	5707584	-1	2049024	2872	0	0	2872
4153860	-1	-1	0	0	0	0	0
4162872	-1	-1	0	0	0	0	0
4170860	6223512	-1	4448256	5718	0	0	5718
4179863	6417616	-1	1585152	1976	0	0	1976
4185860	6786992	-1	2394112	2822	0	0	2822
4194868	-1	-1	0	0	0	0	0
4203859	6235448	-1	1902592	2441	0	0	2441
4211869	-1	-1	0	0	0	0	0
4434308	4438416	-1	1572864	2835	0	0	7583
4443308	-1	-1	0	0	0	0	0
4450294	5919128	-1	1381376	1867	0	0	1867
4453308	-1	-1	0	0	0	0	0
4462313	6538392	-1	1761280	2155	0	0	2155
4469301	-1	-1	0	0	0	0	0
4477293	-1	-1	0	0	0	0	0
4485293	7623112	-1	823296	864	0	0	954
4490312	6902848	-1	1376256	1595	0	0	1595
4496295	-1	-1	0	0	0	0	0
4503303	4918000	-1	1078272	1754	0	0	1754
4510304	-1	-1	0	0	0	0	0
4514304	-1	-1	0	0	0	0	0
4521302	-1	-1	0	0	0	0	0
4531303	6574160	-1	1768448	2152	0	0	2152
4540301	-1	-1	0	0	0	0	0
4548294	6535352	-1	1393664	1706	0	0	1706
4557304	-1	-1	0	0	0	0	0
4563293	6768112	-1	1124352	1329	0	0	1329
4572301	-1	-1	0	0	0	0	0
4581294	4920400	-1	968704	1575	0	0	1575
4590298	-1	-1	0	0	0	0	0
4599304	4710168	-1	543436	923	0	0	923
4609294	-1	-1	0	0	0	0	0
4618294	5489728	-1	726016	1058	0	0	1058
4621294	-1	-1	0	0	0	0	0
4630298	4718808	-1	1062912	1802	0	0	1802
4639297	-1	-1	0	0	0	0	0
4649296	5852280	-1	1001472	1369	0	0	1369
4657293	-1	-1	0	0	0	0	0
4664294	-1	-1	0	0	0	0	0
4669303	-1	-1	0	0	0	0	0
4676293	5719136	-1	1688576	2362	0	0	2362
4685308	-1	-1	0	0	0	0	0
4693294	-1	-1	0	0	0	0	0
4702310	-1	-1	0	0	0	0	0
4709295	5361592	-1	1357824	2026	0	0	2026
4719292	-1	-1	0	0	0	0	0
4728306	4892664	-1	933888	1527	0	0	1527
4736293	-1	-1	0	0	0	0	0
4743297	5267520	-1	936960	1423	0	0	1423
4752306	-1	-1	0	0	0	0	0
4761307	5177648	-1	965632	1492	0	0	1492
4770302	-1	-1	0	0	0	0	0
4779302	-1	-1	0	0	0	0	0
4782308	-1	-1	0	0	0	0	0
4790303	6476440	-1	2423808	2994	0	0	2994
4800297	-1	-1	0	0	0	0	0
4808293	5428800	-1	911360	1343	0	0	1343
4813302	-1	-1	0	0	0	0	0
4823302	5664760	-1	807936	1141	0	0	1141
4832302	-1	-1	0	0	0	0	0
4840297	5835272	-1	633856	869	0	0	869
4847300	-1	-1	0	0	0	0	0
4856301	5383448	-1	1203200	1788	0	0	1788
4864300	-1	-1	0	0	0	0	0
4872299	3837816	-1	844800	1761	0	0	1761
4879298	-1	-1	0	0	0	0	0
4889293	6037456	-1	783360	1038	0	0	1038
4894298	-1	-1	0	0	0	0	0
4901302	3486288	-1	1162240	2667	0	0	2667
4911302	-1	-1	0	0	0	0	0
4918293	-1	-1	0	0	0	0	0
4927303	5300088	-1	1032192	1558	0	0	1558
4930296	-1	-1	0	0	0	0	0
4939307	-1	-1	0	0	0	0	0
4943293	-1	-1	0	0	0	0	0
4949296	-1	-1	122880	285	0	0	285
4954293	5859512	-1	954368	1303	0	0	1303
4962293	-1	-1	0	0	0	0	0
4967293	-1	-1	0	0	0	0	0
4974293	-1	-1	0	0	0	0	0
