75529	7210696	-1	3566592	3957	0	0	3957
81517	-1	-1	0	0	0	0	0
86512	-1	-1	0	0	0	0	0
99515	7391976	-1	1381376	1495	0	0	1495
108513	-1	-1	0	0	0	0	0
117516	9474432	-1	1618944	1367	0	0	1367
126515	-1	-1	0	0	0	0	0
135514	11639712	-1	1617920	1112	0	0	1112
144516	-1	-1	0	0	0	0	0
153514	9600000	-1	921600	768	0	0	768
162516	-1	-1	0	0	0	0	0
170515	11239352	-1	1284096	914	0	0	914
179513	-1	-1	0	0	0	0	0
188514	10566112	-1	1658880	1256	0	0	1256
197513	-1	-1	0	0	0	0	0
206512	6809704	-1	822272	966	0	0	966
215514	-1	-1	0	0	0	0	0
224514	7143672	-1	1165312	1305	0	0	1305
233514	-1	-1	0	0	0	0	0
242535	11986528	-1	1526784	1019	0	0	1019
251513	-1	-1	0	0	0	0	0
260522	10098648	-1	2505728	1985	0	0	1985
263522	-1	-1	0	0	0	0	0
271513	10280736	-1	1421312	1106	0	0	1106
280512	-1	-1	0	0	0	0	0
289513	12961832	-1	1753088	1082	0	0	1082
298513	-1	-1	0	0	0	0	0
307512	11052464	-1	1511424	1094	0	0	1094
316512	-1	-1	0	0	0	0	0
318513	-1	-1	0	0	0	0	0
326513	10127328	-1	1564672	1236	0	0	1236
329515	6257136	-1	1387520	1774	0	0	1774
337513	-1	-1	0	0	0	0	0
346512	5967336	-1	700416	939	0	0	962
354519	-1	-1	0	0	0	0	0
363512	11734488	-1	2496512	1702	0	0	1793
372518	-1	-1	0	0	0	0	0
377513	3955080	-1	936860	1895	0	0	1895
385513	-1	-1	0	0	0	0	0
395512	13373688	-1	1110016	664	0	0	720
399512	-1	-1	0	0	0	0	0
408513	16537840	-1	1761280	852	0	0	852
412512	-1	-1	0	0	0	0	0
418543	15069528	-1	657408	349	0	0	349
427531	-1	-1	0	0	0	0	0
434542	14256064	-1	1324032	743	0	0	771
439513	-1	-1	0	0	0	0	0
448541	12434720	-1	1041408	670	0	0	670
456512	9403640	-1	898048	764	0	0	764
460514	-1	-1	0	0	0	0	0
467542	-1	-1	0	0	0	0	0
476534	17632544	-1	1417216	643	0	0	675
483519	-1	-1	0	0	0	0	0
491512	12692208	-1	964608	608	0	0	612
498515	-1	-1	0	0	0	0	0
502521	-1	-1	0	0	0	0	0
511512	4250600	-1	1337344	2517	0	0	2517
518512	11198128	-1	957440	684	0	0	684
525512	-1	-1	0	0	0	0	0
534512	8677808	-1	1463296	1349	0	0	1349
537511	-1	-1	0	0	0	0	0
546513	9851360	-1	1732608	1407	0	0	1407
551512	-1	-1	0	0	0	0	0
560541	-1	-1	0	0	0	0	0
569511	5573144	-1	1327104	1905	0	0	1905
575516	7831608	-1	1735680	1773	0	0	1773
584519	11072704	-1	251904	182	0	0	182
592512	8679456	-1	656384	605	0	0	728
600511	-1	-1	0	0	0	0	0
610521	11333872	-1	602112	425	0	0	425
618512	-1	-1	0	0	0	0	0
624539	13338384	-1	1358848	815	0	0	897
631544	-1	-1	0	0	0	0	0
640513	11846064	-1	1125376	760	0	0	760
649512	-1	-1	0	0	0	0	0
659512	6798192	-1	1548288	1822	0	0	1822
662512	-1	-1	0	0	0	0	0
672511	1187024	-1	311296	2098	0	0	2098
680512	4157208	-1	869376	1673	0	0	1673
688531	7985480	-1	712704	714	0	0	714
693521	-1	-1	0	0	0	0	0
702512	6456560	-1	2575360	3191	0	0	3191
711514	-1	-1	0	0	0	0	0
721520	-1	-1	0	0	0	0	0
723513	-1	-1	0	0	0	0	0
732512	2648312	-1	1679360	5073	0	0	5073
740520	2642848	-1	657408	1990	0	0	1990
747512	9279920	-1	910592	785	0	0	785
754512	-1	-1	0	0	0	0	0
762515	7817632	-1	1090560	1116	0	0	1116
770512	-1	-1	0	0	0	0	0
780513	12185928	-1	2383872	1565	0	0	1565
788514	-1	-1	0	0	0	0	0
795513	-1	-1	0	0	0	0	0
804515	7982408	-1	1832960	1837	0	0	1961
807519	9087480	-1	841728	741	0	0	741
814514	-1	-1	0	0	0	0	0
821513	10083152	-1	2287616	1815	0	0	1815
829513	-1	-1	0	0	0	0	0
837514	7831120	-1	2222080	2270	0	0	2270
845514	-1	-1	0	0	0	0	0
854513	-1	-1	0	0	0	0	0
861512	-1	-1	0	0	0	0	0
869513	5774688	-1	1981440	2745	0	0	2745
878512	-1	-1	0	0	0	0	0
887524	10426640	-1	2130944	1635	0	0	1635
896512	-1	-1	0	0	0	0	0
905514	10042912	-1	2700288	2151	0	0	2151
914512	-1	-1	0	0	0	0	0
923514	11951208	-1	2470912	1654	0	0	1654
933514	-1	-1	0	0	0	0	0
936514	11288448	-1	2422784	1717	0	0	1717
944513	13050048	-1	140288	86	0	0	86
953515	7834672	-1	606208	619	0	0	625
957513	-1	-1	0	0	0	0	0
966514	10053160	-1	2135040	1699	0	0	1699
975518	-1	-1	0	0	0	0	0
984512	12330848	-1	1473536	956	0	0	956
993513	-1	-1	0	0	0	0	0
1002516	10099448	-1	2060288	1632	0	0	1632
1010513	-1	-1	0	0	0	0	0
1018513	13264984	-1	1480704	893	0	0	893
1027513	-1	-1	0	0	0	0	0
1036514	8272344	-1	2741248	2651	0	0	2651
1045516	-1	-1	0	0	0	0	0
1054517	9690536	-1	893952	738	0	0	738
1061515	-1	-1	0	0	0	0	0
1070518	11379064	-1	2519040	1771	0	0	1771
1079515	-1	-1	0	0	0	0	0
1085511	-1	-1	0	0	0	0	0
1094513	7099736	-1	758784	855	0	0	855
1100516	5418904	-1	1438720	2124	0	0	2124
1109512	4036640	-1	139264	276	0	0	288
1114515	8546648	-1	2054400	1923	0	0	1923
1119524	-1	-1	0	0	0	0	0
1129513	7047528	-1	1317888	1496	0	0	1496
1138524	7921336	-1	899072	908	0	0	908
1145541	9781240	-1	1752064	1433	0	0	1433
1154512	-1	-1	0	0	0	0	0
1163541	5577832	-1	1634304	2344	0	0	2344
1167550	-1	-1	0	0	0	0	0
1176520	14704840	-1	1847296	1005	0	0	1005
1185533	-1	-1	0	0	0	0	0
1193512	-1	-1	0	0	0	0	0
1202512	11748856	-1	1606656	1094	0	0	1094
1207517	-1	-1	0	0	0	0	163
1216512	9027104	-1	1394688	1236	0	0	1236
1225514	15712808	-1	1869824	952	0	0	952
1233514	-1	-1	0	0	0	0	0
1242512	8542632	-1	1921024	1799	0	0	1799
1250512	-1	-1	0	0	0	0	0
1259512	14882984	-1	2396160	1288	0	0	1288
1266511	-1	-1	0	0	0	0	0
1275512	10461808	-1	1968128	1505	0	0	1505
1281512	-1	-1	0	0	0	0	0
1290514	8246224	-1	2180096	2115	0	0	2115
1299512	-1	-1	0	0	0	0	0
1308526	12377968	-1	1338368	865	0	0	916
1314511	12595504	-1	524288	333	0	0	333
1319512	14662496	-1	505856	276	0	0	276
1328512	12842616	-1	1292288	805	0	0	805
1332512	-1	-1	0	0	0	0	0
1340512	6989184	-1	2451456	2806	0	0	2806
1342512	-1	-1	0	0	0	0	0
1350514	-1	-1	0	0	0	0	0
1357545	8108920	-1	1499136	1479	0	0	1479
1366537	-1	-1	0	0	0	0	0
1372537	6379144	-1	2583552	3240	0	0	3240
1381511	-1	-1	0	0	0	0	0
1389512	11943936	-1	2239488	1500	0	0	1500
1399512	-1	-1	0	0	0	0	0
1408517	12600080	-1	1323008	840	0	0	840
1411515	-1	-1	0	0	0	0	0
1420523	8986576	-1	1980416	1763	0	0	1763
1430511	-1	-1	0	0	0	0	0
1439512	7745056	-1	1295360	1338	0	0	1338
1445515	-1	-1	0	0	0	0	0
1453512	10388856	-1	1036288	798	0	0	798
1462512	-1	-1	32768	19	0	0	100
1467541	6354448	-1	2620416	3299	0	0	3299
1476538	-1	-1	0	0	0	0	0
1485512	11833840	-1	2267660	1533	0	0	1533
1488512	-1	-1	0	0	0	0	0
1497520	-1	-1	0	0	0	0	0
1506512	7221016	-1	662528	734	0	0	734
1508512	-1	-1	0	0	0	0	0
1517515	10247992	-1	2955264	2307	0	0	2307
1518512	-1	-1	0	0	0	0	0
1527511	-1	-1	0	0	0	0	0
1535546	6737344	-1	811008	963	0	0	963
1544517	8506320	-1	886784	834	0	0	877
1548536	-1	-1	0	0	0	0	0
1557538	8951584	-1	953344	852	0	0	852
1564512	7521256	-1	861184	916	0	0	916
1570517	-1	-1	0	0	0	0	0
1580519	8222696	-1	2194432	2135	0	0	2135
1596512	-1	-1	0	0	0	0	0
1601512	-1	-1	90112	377	0	0	492
1606516	518376	-1	327680	5057	0	0	5057
1614511	527760	-1	507904	7699	0	0	7995
1621531	658600	-1	548864	6667	0	0	7019
1627512	1203952	-1	910336	6049	0	0	6049
1631517	1858248	-1	727040	3130	0	0	3130
1639511	-1	-1	8192	643	0	0	643
1643537	849576	-1	366592	3452	0	0	3452
1652511	1154816	-1	262144	1816	0	0	1850
1655512	681728	-1	248832	2920	0	0	3000
1663512	567408	-1	409600	5775	0	0	8000
1670513	783792	-1	593920	6062	0	0	6062
1675512	-1	-1	65536	4841	0	0	4999
1684511	-1	-1	106496	9135	0	0	9135
1690512	-1	-1	0	0	0	0	6000
1697512	-1	-1	16384	7748	0	0	7748
1705511	-1	-1	0	0	0	0	7998
1712517	-1	-1	0	0	0	0	7006
1720512	-1	-1	0	0	0	0	7994
1737512	-1	-1	82944	1738	0	0	16999
1751512	264480	-1	466944	14124	0	0	14124
1760512	713248	-1	704512	7902	0	0	8999
1769512	472496	-1	606208	10264	0	0	10264
1773512	3530816	-1	1733632	3928	0	0	4000
1782531	2129024	-1	1903616	7153	0	0	7153
1785511	332208	-1	180224	4340	0	0	4340
1794542	555280	-1	352256	5075	0	0	5075
1803512	197544	-1	262144	10616	0	0	10616
1811512	726928	-1	768000	8452	0	0	8452
1820512	914520	-1	750592	6566	0	0	6566
1827511	-1	-1	90112	1386	0	0	1423
1832512	1117224	-1	385024	2757	0	0	2757
1839512	954360	-1	189440	1588	0	0	1588
1848512	-1	-1	73728	3236	0	0	3421
1850511	-1	-1	81920	971	0	0	1999
1859512	1828584	-1	1636352	7159	0	0	7159
1867512	8154120	-1	1313832	1289	0	0	1289
1875512	-1	-1	0	0	0	0	0
1883522	5499256	-1	296960	432	0	0	740
1891512	9883248	-1	574464	465	0	0	465
1895512	8305424	-1	674816	650	0	0	650
1904514	-1	-1	0	0	0	0	0
1913511	10121272	-1	698368	552	0	0	552
1919512	-1	-1	0	0	0	0	0
1927525	9314320	-1	994304	854	0	0	854
1936538	-1	-1	0	0	0	0	0
1942523	8990592	-1	714752	636	0	0	636
1951513	-1	-1	106496	453	0	0	469
1956511	9769072	-1	1370112	1122	0	0	1122
1965512	-1	-1	0	0	0	0	0
1970512	5969208	-1	926720	1242	0	0	1242
1978512	-1	-1	0	0	0	0	0
1985512	7026472	-1	432128	492	0	0	516
1994512	-1	-1	0	0	0	0	0
2003539	8490912	-1	930816	877	0	0	877
2012539	5999976	-1	437248	583	0	0	583
2015512	-1	-1	0	0	0	0	0
2024512	-1	-1	0	0	0	0	0
2031512	8107688	-1	1181696	1166	0	0	1166
2040512	-1	-1	0	0	0	0	0
2043512	-1	-1	0	0	0	0	0
2051512	10060832	-1	1135616	903	0	0	903
2053512	-1	-1	0	0	0	0	0
2062512	-1	-1	0	0	0	0	0
2071512	10098816	-1	1556480	1233	0	0	1233
2078512	-1	-1	0	0	0	0	0
2084512	6260040	-1	510976	653	0	0	653
2093512	-1	-1	0	0	0	0	0
2103513	9779464	-1	1179648	965	0	0	965
2111512	-1	-1	0	0	0	0	0
2117513	8841456	-1	613376	555	0	0	555
2125512	-1	-1	0	0	0	0	0
2131512	7495456	-1	1013760	1082	0	0	1082
2140511	-1	-1	0	0	0	0	145
2145535	6456496	-1	640000	793	0	0	793
2154511	6398040	-1	522240	653	0	0	653
2164512	9465024	-1	1172480	991	0	0	991
2173544	-1	-1	0	0	0	0	0
2181540	6479384	-1	929792	1148	0	0	1148
2190544	-1	-1	0	0	0	0	0
2198512	9513696	-1	781312	657	0	0	689
2205512	-1	-1	24576	276	0	0	293
2209514	7141392	-1	1064960	1193	0	0	1193
2217522	-1	-1	0	0	0	0	0
2224511	8227408	-1	829940	807	0	0	807
2234512	-1	-1	0	0	0	0	0
2240546	6032696	-1	832512	1104	0	0	1104
2245512	-1	-1	0	0	0	0	0
2254540	9254360	-1	1204224	1041	0	0	1041
2262530	-1	-1	0	0	0	0	0
2272538	5745304	-1	863232	1202	0	0	1202
2281539	-1	-1	0	0	0	0	0
2289517	5674848	-1	1161216	1637	0	0	1637
2295543	-1	-1	0	0	0	0	0
2303520	-1	-1	0	0	0	0	0
2310512	4696448	-1	1301504	2217	0	0	2217
2313511	6869672	-1	654336	762	0	0	762
2322512	-1	-1	0	0	0	0	0
2329513	6675208	-1	1022976	1226	0	0	1226
2338512	-1	-1	0	0	0	0	0
2343531	8709680	-1	982016	902	0	0	902
2350514	-1	-1	0	0	0	0	0
2358511	11830840	-1	1311744	887	0	0	887
2364512	-1	-1	0	0	0	0	0
2371511	8857600	-1	1062912	960	0	0	960
2376512	-1	-1	0	0	0	0	0
2385511	-1	-1	0	0	0	0	0
2394511	-1	-1	0	0	0	0	11
2399512	7451632	-1	1113088	1195	0	0	1195
2407512	6574144	-1	262144	319	0	0	326
2412511	11663896	-1	1138688	781	0	0	781
2421512	-1	-1	0	0	0	0	0
2428512	4917872	-1	753664	1226	0	0	1226
2437514	-1	-1	0	0	0	0	0
2445512	7743120	-1	1342464	1387	0	0	1387
2453511	-1	-1	0	0	0	0	0
2462541	4756256	-1	1213440	2041	0	0	2041
2465513	-1	-1	0	0	0	0	0
2474512	9726704	-1	480256	395	0	0	395
2484512	9025240	-1	987136	875	0	0	875
2488513	-1	-1	0	0	0	0	0
2495524	-1	-1	0	0	0	0	0
2504520	10964360	-1	1077248	786	0	0	786
2508532	-1	-1	0	0	0	0	0
2516512	7113936	-1	1128448	1269	0	0	1269
2524511	-1	-1	0	0	0	0	0
2533515	4846448	-1	591872	977	0	0	1035
2540512	-1	-1	0	0	0	0	0
2547512	8245160	-1	1588224	1541	0	0	1541
2553512	-1	-1	0	0	0	0	0
2560512	-1	-1	0	0	0	0	66
2569512	8217088	-1	670720	653	0	0	653
2575511	-1	-1	65536	299	0	0	300
2584511	10017312	-1	702464	561	0	0	561
2591513	6286520	-1	654584	833	0	0	833
2595512	-1	-1	0	0	0	0	0
2604512	6108992	-1	714752	936	0	0	936
2608512	-1	-1	0	0	0	0	0
2616512	-1	-1	0	0	0	0	18
2625511	7283048	-1	1304576	1433	0	0	1433
2632512	-1	-1	0	0	0	0	0
2641511	5410768	-1	438272	648	0	0	783
2646512	6124760	-1	570368	745	0	0	745
2654512	4847336	-1	204800	338	0	0	361
2659543	10445240	-1	612352	469	0	0	577
2668512	8763536	-1	565248	516	0	0	522
2673531	11882752	-1	1816576	1223	0	0	1514
2682511	-1	-1	0	0	0	0	0
2691512	6217144	-1	348160	448	0	0	448
2700512	9380784	-1	816128	696	0	0	710
2707512	6756088	-1	1045504	1238	0	0	1238
2711513	-1	-1	0	0	0	0	0
2718512	8441432	-1	658432	624	0	0	624
2727513	-1	-1	0	0	0	0	0
2736512	11060856	-1	1366016	988	0	0	988
2744512	-1	-1	0	0	0	0	0
2750511	8617880	-1	352256	327	0	0	476
2756512	7957944	-1	731136	735	0	0	735
2762512	-1	-1	0	0	0	0	0
2769511	-1	-1	0	0	0	0	0
2775518	7396728	-1	1076224	1164	0	0	1164
2782511	-1	-1	0	0	0	0	148
2787511	6259208	-1	1432576	1831	0	0	1831
2796514	-1	-1	0	0	0	0	0
2805511	13046520	-1	1717248	1053	0	0	1053
2811512	-1	-1	0	0	0	0	0
2820511	7880472	-1	699392	710	0	0	710
2828512	-1	-1	0	0	0	0	0
2835512	7709232	-1	1569792	1629	0	0	1629
2844513	-1	-1	0	0	0	0	0
2853511	5241048	-1	820224	1252	0	0	1252
2862512	-1	-1	0	0	0	0	0
2871511	12553976	-1	1812480	1155	0	0	1155
2878512	-1	-1	0	0	0	0	0
2881512	6486880	-1	716800	884	0	0	884
2890512	-1	-1	0	0	0	0	0
2899511	4721912	-1	745472	1263	0	0	1263
2908512	-1	-1	24576	508	0	0	520
2913512	4167480	-1	1193984	2292	0	0	2292
2920512	-1	-1	0	0	0	0	0
2930512	6853792	-1	388096	453	0	0	453
2939532	7424576	-1	822272	886	0	0	886
2943512	-1	-1	0	0	0	0	0
2952513	-1	-1	0	0	0	0	0
2959512	9483232	-1	989812	835	0	0	835
2962512	-1	-1	0	0	0	0	0
2971512	8996264	-1	801792	713	0	0	718
2980512	-1	-1	0	0	0	0	0
2989513	6505056	-1	548864	675	0	0	675
2998511	-1	-1	0	0	0	0	0
3007512	8426352	-1	846848	804	0	0	804
3016513	-1	-1	0	0	0	0	0
3025512	7444184	-1	897024	964	0	0	964
3034513	-1	-1	0	0	0	0	0
3043513	6927464	-1	774144	894	0	0	894
3052517	-1	-1	0	0	0	0	0
3058513	3570344	-1	1238016	2774	0	0	2774
3065513	-1	-1	0	0	0	0	0
3074518	7838616	-1	749568	765	0	0	765
3083516	-1	-1	0	0	0	0	0
3092513	6414488	-1	1359872	1696	0	0	1696
3099513	-1	-1	0	0	0	0	0
3108513	8798264	-1	1218560	1108	0	0	1108
3116515	-1	-1	0	0	0	0	0
3125512	-1	-1	0	0	0	0	43
3132513	5636256	-1	846848	1202	0	0	1202
3140512	8686528	-1	413696	381	0	0	550
3147513	-1	-1	0	0	0	0	0
3156512	4460040	-1	1047552	1879	0	0	1879
3165515	-1	-1	0	0	0	0	0
3174513	-1	-1	0	0	0	0	0
3183540	5928496	-1	1035264	1397	0	0	1397
3190516	9031984	-1	1068032	946	0	0	946
3197516	-1	-1	0	0	0	0	0
3204513	7799536	-1	1444864	1482	0	0	1482
3208513	-1	-1	0	0	0	0	0
3217514	-1	-1	0	0	0	0	0
3223512	-1	-1	0	0	0	0	0
3231513	8377128	-1	1853440	1770	0	0	1770
3234512	-1	-1	0	0	0	0	0
3243513	-1	-1	0	0	0	0	0
3246515	-1	-1	0	0	0	0	0
3255512	2813752	-1	1363968	3878	0	0	3878
3263513	7365976	-1	995328	1081	0	0	1081
3267513	-1	-1	0	0	0	0	0
3277530	-1	-1	0	0	0	0	0
3285513	7254672	-1	1735680	1914	0	0	1914
3287513	-1	-1	0	0	0	0	0
3296513	6216944	-1	850944	1095	0	0	1095
3301512	-1	-1	0	0	0	0	0
3311512	6787960	-1	658432	776	0	0	776
3320512	7279528	-1	1102848	1212	0	0	1212
3323513	-1	-1	0	0	0	0	0
3332512	9076504	-1	423192	373	0	0	577
3337538	8869632	-1	1353728	1221	0	0	1221
3344539	-1	-1	0	0	0	0	0
3352544	-1	-1	0	0	0	0	0
3355512	-1	-1	0	0	0	0	0
3364512	8746944	-1	2372608	2170	0	0	2170
3373531	-1	-1	0	0	0	0	0
3379533	8794520	-1	777216	707	0	0	707
3387513	5820632	-1	221184	304	0	0	310
3392524	9857000	-1	2049024	1663	0	0	1663
3401544	-1	-1	0	0	0	0	0
3410512	4984952	-1	746496	1198	0	0	1198
3416512	-1	-1	0	0	0	0	0
3426512	10779240	-1	1975296	1466	0	0	1466
3435513	-1	-1	0	0	0	0	0
3443512	6861672	-1	501760	585	0	0	585
3451511	-1	-1	0	0	0	0	0
3459512	7720696	-1	1274880	1321	0	0	1321
3468530	-1	-1	0	0	0	0	0
3477512	8786832	-1	862208	785	0	0	815
3486512	-1	-1	0	0	0	0	0
3496511	9830400	-1	1474560	1200	0	0	1200
3504512	-1	-1	0	0	0	0	0
3513511	-1	-1	0	0	0	0	0
3522512	8678656	-1	986112	909	0	0	909
3526512	-1	-1	0	0	0	0	0
3533513	-1	-1	0	0	0	0	0
3540511	8025944	-1	445440	444	0	0	545
3546512	-1	-1	0	0	0	0	0
3552511	7041752	-1	771072	876	0	0	876
3561512	7959880	-1	842752	847	0	0	847
3565531	-1	-1	0	0	0	0	0
3572512	-1	-1	0	0	0	0	0
3581512	12226864	-1	716800	469	0	0	535
3589512	-1	-1	0	0	0	0	0
3595512	8923144	-1	1162240	1042	0	0	1042
3601513	-1	-1	0	0	0	0	0
3607511	-1	-1	0	0	0	0	0
3616513	7136936	-1	1558528	1747	0	0	1747
3619513	-1	-1	0	0	0	0	0
3628512	-1	-1	0	0	0	0	0
3635513	-1	-1	0	0	0	0	0
3641511	7752800	-1	415744	429	0	0	429
3648512	7435624	-1	1842176	1982	0	0	1982
3658512	-1	-1	0	0	0	0	0
3666511	8268560	-1	442368	428	0	0	428
3669543	-1	-1	0	0	0	0	0
3679512	5696736	-1	371712	522	0	0	612
3683512	-1	-1	0	0	0	0	0
3693512	10377664	-1	802972	619	0	0	619
3700512	-1	-1	0	0	0	0	0
3708512	8564360	-1	494592	462	0	0	514
3715512	-1	-1	0	0	0	0	0
3723511	-1	-1	57344	237	0	0	239
3732511	11958440	-1	650240	435	0	0	435
3736511	9286352	-1	608256	524	0	0	524
3745513	-1	-1	0	0	0	0	0
3754523	6962160	-1	342016	393	0	0	393
3763533	7668264	-1	794624	829	0	0	829
3768540	-1	-1	0	0	0	0	0
3777512	1504200	-1	484352	2576	0	0	2576
3785511	2528392	-1	409600	1296	0	0	1296
3794512	7555728	-1	486400	515	0	0	614
3797511	-1	-1	0	0	0	0	0
3806512	-1	-1	0	0	0	0	0
3811512	9694880	-1	1142784	943	0	0	943
3820512	-1	-1	0	0	0	0	0
3828512	6813408	-1	526336	618	0	0	687
3837511	-1	-1	0	0	0	0	0
3846512	5057152	-1	1225728	1939	0	0	1939
3855511	-1	-1	0	0	0	0	0
3864542	10783856	-1	1776640	1318	0	0	1318
3873520	-1	-1	0	0	0	0	0
3881543	-1	-1	0	0	0	0	0
3886540	-1	-1	0	0	0	0	0
3898511	-1	-1	0	0	0	0	0
3907512	6337208	-1	713728	901	0	0	920
3916512	-1	-1	0	0	0	0	0
3925512	9095816	-1	484352	426	0	0	518
3930512	-1	-1	0	0	0	0	0
3938539	8289912	-1	520192	502	0	0	623
3947550	-1	-1	0	0	0	0	0
3956525	3227440	-1	348160	863	0	0	1045
3965511	-1	-1	0	0	0	0	0
3972513	5041232	-1	221184	351	0	0	351
3981512	5099968	-1	553984	869	0	0	869
3985513	-1	-1	0	0	0	0	0
3993512	-1	-1	0	0	0	0	0
4002535	6600128	-1	551936	669	0	0	669
4011511	8559720	-1	858112	802	0	0	806
4012511	-1	-1	0	0	0	0	0
4021514	11214664	-1	1192960	851	0	0	851
4025527	-1	-1	0	0	0	0	0
4034522	-1	-1	0	0	0	0	0
4042532	12500224	-1	1206272	772	0	0	811
4050514	-1	-1	0	0	0	0	0
4060512	5141032	-1	873976	1360	0	0	1360
4066513	-1	-1	0	0	0	0	0
4073512	7518160	-1	799744	851	0	0	851
4082522	-1	-1	0	0	0	0	0
4091512	8513448	-1	894976	841	0	0	841
4094512	-1	-1	0	0	0	0	0
4102531	9019080	-1	937984	832	0	0	832
4110528	-1	-1	0	0	0	0	0
4119532	10427064	-1	1098752	843	0	0	843
4125530	-1	-1	0	0	0	0	0
4131520	10113032	-1	937984	742	0	0	742
4140511	-1	-1	0	0	0	0	0
4148513	9880048	-1	815104	660	0	0	660
4155511	-1	-1	0	0	0	0	0
4161512	12215968	-1	1302528	853	0	0	853
4169511	-1	-1	0	0	0	0	0
4179513	-1	-1	0	0	0	0	0
4187512	4237664	-1	352256	665	0	0	773
4192512	5929952	-1	574464	775	0	0	775
4199513	-1	-1	0	0	0	0	0
4206512	7040896	-1	751616	854	0	0	911
4215542	-1	-1	0	0	0	0	0
4222512	9919168	-1	1052672	849	0	0	849
4231512	-1	-1	0	0	0	0	0
4239528	5559776	-1	886784	1276	0	0	1276
4247542	-1	-1	0	0	0	0	0
4256525	4177376	-1	394240	755	0	0	755
4265512	8656672	-1	1030144	952	0	0	952
4268542	-1	-1	0	0	0	0	0
4277534	-1	-1	0	0	0	0	0
4285512	6789320	-1	837632	987	0	0	987
4291512	-1	-1	0	0	0	0	0
4300511	9214512	-1	1587200	1378	0	0	1378
4310513	-1	-1	0	0	0	0	0
4318540	8346568	-1	552960	530	0	0	530
4327538	-1	-1	0	0	0	0	0
4337534	10353600	-1	1633280	1262	0	0	1262
4346534	-1	-1	0	0	0	0	0
4352528	-1	-1	0	0	0	0	0
4361519	8627544	-1	953344	884	0	0	909
4364511	-1	-1	0	0	0	0	0
4372512	7284360	-1	320512	352	0	0	352
4375513	9182584	-1	598016	521	0	0	524
4384512	12342368	-1	1394688	904	0	0	904
4388525	-1	-1	0	0	0	0	0
4397526	-1	-1	0	0	0	0	0
4403532	9479488	-1	1620992	1368	0	0	1368
4409512	-1	-1	0	0	0	0	0
4418512	7660888	-1	487424	509	0	0	509
4426512	7156288	-1	1114592	1246	0	0	1246
4429512	-1	-1	0	0	0	0	0
4438514	-1	-1	0	0	0	0	0
4444512	1703032	-1	739328	3473	0	0	5695
4452512	1256944	-1	1088512	6928	0	0	6928
4462512	2307656	-1	1271808	4409	0	0	4409
4469528	1509272	-1	914432	4847	0	0	4847
4475537	-1	-1	0	0	0	0	0
4483535	2392568	-1	1420288	4749	0	0	4749
4492512	-1	-1	0	0	0	0	0
4501513	866856	-1	391168	3610	0	0	3610
4507513	2475688	-1	1471488	4755	0	0	4755
4513511	-1	-1	29696	2662	0	0	2662
4522512	6489312	-1	764928	943	0	0	1117
4526511	1533832	-1	678912	3541	0	0	3541
4535521	8644024	-1	1116160	1033	0	0	1033
4542522	-1	-1	0	0	0	0	0
4551538	-1	-1	0	0	0	0	0
4556523	-1	-1	0	0	0	0	0
4562512	2309576	-1	1351680	4682	0	0	4821
4569535	794480	-1	645120	6496	0	0	6496
4578512	-1	-1	0	0	0	0	0
4587514	-1	-1	0	0	0	0	0
4594511	1284904	-1	654336	4074	0	0	4177
4602512	963168	-1	680960	5656	0	0	5656
4610550	2550688	-1	1402880	4400	0	0	4400
4612513	-1	-1	0	0	0	0	0
4621512	-1	-1	24576	261	0	0	1292
4630512	1756416	-1	1566720	7136	0	0	7136
4636516	625776	-1	247808	3168	0	0	3168
4642513	-1	-1	0	0	0	0	0
4651512	1153488	-1	532480	3693	0	0	5196
4660515	3233688	-1	1766400	4370	0	0	4370
4669511	2046128	-1	1117184	4368	0	0	4368
4676512	-1	-1	130048	3095	0	0	3095
4680512	8237512	-1	926720	900	0	0	900
4689542	-1	-1	38912	2898	0	0	2898
4698513	2394080	-1	752640	2515	0	0	2515
4700513	-1	-1	0	0	0	0	0
4709524	8626592	-1	406528	377	0	0	483
4714540	-1	-1	0	0	0	0	0
4723521	2249712	-1	728064	2589	0	0	2589
4727544	-1	-1	0	0	0	0	0
4736512	-1	-1	0	0	0	0	0
4742512	-1	-1	0	0	0	0	0
4748512	7718192	-1	1784832	1850	0	0	1850
4758512	-1	-1	0	0	0	0	0
4765512	1011408	-1	483328	3823	0	0	4009
4774512	1670832	-1	728064	3486	0	0	3486
4781512	4476192	-1	319488	571	0	0	738
4785512	1084016	-1	427508	3155	0	0	3155
4794515	7591504	-1	1048576	1105	0	0	1127
4801512	-1	-1	0	0	0	0	0
4810511	4829488	-1	600064	994	0	0	994
4819512	-1	-1	0	0	0	0	0
4828517	10832400	-1	983040	726	0	0	726
4829512	-1	-1	0	0	0	0	0
4838511	7780816	-1	251904	259	0	0	259
4847544	-1	-1	0	0	0	0	0
4856547	9227320	-1	730112	633	0	0	633
4865512	-1	-1	57344	205	0	0	236
4868512	10201064	-1	670720	526	0	0	584
4877512	-1	-1	0	0	0	0	0
4886530	7675032	-1	395264	412	0	0	412
4895539	-1	-1	0	0	0	0	0
4901512	6887968	-1	1265664	1470	0	0	1470
4906512	-1	-1	0	0	0	0	0
4915512	13334304	-1	841728	505	0	0	537
4924511	-1	-1	0	0	0	0	0
4933512	10048576	-1	1961984	1562	0	0	1562
4938512	-1	-1	0	0	0	0	0
4947512	3718856	-1	1085440	2335	0	0	2335
4953522	-1	-1	0	0	0	0	0
4961543	-1	-1	0	0	0	0	0
4970512	7458392	-1	936960	1005	0	0	1045
4973513	-1	-1	0	0	0	0	0
4982511	4167712	-1	505856	971	0	0	971
4986512	-1	-1	0	0	0	0	0
4995511	-1	-1	0	0	0	0	0
5002514	7956528	-1	657408	661	0	0	661
5010511	-1	-1	0	0	0	0	0
5019512	5611992	-1	305152	435	0	0	435
5028512	-1	-1	0	0	0	0	0
5307623	-1	-1	0	0	0	0	-1
5317623	-1	-1	0	0	0	0	-1
5325624	-1	-1	0	0	0	0	-1
5329624	-1	-1	0	0	0	0	-1
5336626	-1	-1	0	0	0	0	-1
5344623	-1	-1	0	0	0	0	-1
5353623	-1	-1	0	0	0	0	-1
5360623	-1	-1	0	0	0	0	-1
5369623	-1	-1	0	0	0	0	-1
5377623	-1	-1	0	0	0	0	-1
5385633	-1	-1	0	0	0	0	-1
5394648	-1	-1	0	0	0	0	-1
5403650	-1	-1	0	0	0	0	-1
5406649	-1	-1	0	0	0	0	-1
5415623	-1	-1	0	0	0	0	-1
5422623	-1	-1	0	0	0	0	-1
5429624	-1	-1	0	0	0	0	-1
5438623	-1	-1	0	0	0	0	-1
5447623	-1	-1	0	0	0	0	-1
5456623	-1	-1	0	0	0	0	-1
5465625	-1	-1	0	0	0	0	-1
5475638	-1	-1	0	0	0	0	-1
5484623	-1	-1	0	0	0	0	-1
5490688	-1	-1	0	0	0	0	-1
