124514	18168184	-1	3420160	1506	0	0	1574
133518	7983808	-1	903168	905	0	0	905
136509	-1	-1	0	0	0	0	0
145518	-1	-1	0	0	0	0	0
149508	-1	-1	0	0	0	0	0
158511	8679544	-1	1476608	1361	0	0	1542
166517	-1	-1	0	0	0	0	0
170514	-1	-1	0	0	0	0	0
176522	18067448	-1	1560576	691	0	0	691
180522	-1	-1	0	0	0	0	0
189514	-1	-1	0	0	0	0	0
197529	15168520	-1	1865728	984	0	0	984
205514	-1	-1	0	0	0	0	0
213515	12510760	-1	1409024	901	0	0	901
222526	-1	-1	0	0	0	0	0
230509	7589496	-1	2270208	2393	0	0	2449
240514	-1	-1	0	0	0	0	0
249508	11816664	-1	1822720	1234	0	0	1234
258516	-1	-1	0	0	0	0	0
263518	4670480	-1	1153024	1975	0	0	1975
272525	-1	-1	0	0	0	0	0
279519	13416536	-1	1527808	911	0	0	977
288518	-1	-1	0	0	0	0	0
295521	12743112	-1	372736	234	0	0	234
304514	7965704	-1	360448	362	0	0	379
309517	16144176	-1	1309696	649	0	0	649
318514	-1	-1	0	0	0	0	0
327529	14412712	-1	1587200	881	0	0	881
334518	-1	-1	0	0	0	0	0
344520	-1	-1	0	0	0	0	0
348517	-1	-1	0	0	0	0	0
355511	16567400	-1	1110016	536	0	0	645
362509	-1	-1	0	0	0	0	0
368514	9073472	-1	2118656	1868	0	0	1868
375517	-1	-1	0	0	0	0	0
380513	11180416	-1	2516992	1801	0	0	1801
386515	-1	-1	0	0	0	0	0
393516	16474184	-1	1122304	545	0	0	590
402515	-1	-1	0	0	0	0	0
411526	10303776	-1	1281532	995	0	0	995
417532	-1	-1	0	0	0	0	0
426535	14123096	-1	1918976	1087	0	0	1087
435545	-1	-1	0	0	0	0	0
444527	9353776	-1	1929216	1650	0	0	1650
454531	-1	-1	0	0	0	0	0
463531	-1	-1	0	0	0	0	0
470513	16920576	-1	3745792	1771	0	0	1771
473522	-1	-1	0	0	0	0	0
480522	-1	-1	0	0	0	0	0
489526	6770720	-1	2561024	3026	0	0	3026
499515	-1	-1	0	0	0	0	0
507522	-1	-1	0	0	0	0	0
512512	-1	-1	0	0	0	0	0
521512	12936232	-1	3269632	2022	0	0	2022
528514	-1	-1	0	0	0	0	0
538534	16017960	-1	2240512	1119	0	0	1119
547524	-1	-1	0	0	0	0	0
557509	15763616	-1	3304448	1677	0	0	1677
566509	-1	-1	0	0	0	0	0
576509	12778056	-1	1788928	1120	0	0	1120
586525	-1	-1	0	0	0	0	0
594511	6929096	-1	1893376	2186	0	0	2186
602524	-1	-1	0	0	0	0	0
611513	7302696	-1	2304000	2524	0	0	2524
620509	-1	-1	0	0	0	0	0
629513	3489736	-1	604160	1385	0	0	1407
636523	-1	-1	0	0	0	0	0
643523	14290728	-1	2020352	1131	0	0	1131
651511	-1	-1	0	0	0	0	0
661513	3135016	-1	203776	520	0	0	650
668520	-1	-1	0	0	0	0	0
677507	13677008	-1	1774592	1038	0	0	1163
686522	-1	-1	0	0	0	0	0
695514	13784080	-1	1259520	731	0	0	851
704517	-1	-1	0	0	0	0	0
712513	10003608	-1	1159168	927	0	0	980
721521	-1	-1	0	0	0	0	0
724521	10413560	-1	1228800	944	0	0	944
733521	-1	-1	0	0	0	0	0
740509	14365120	-1	757760	422	0	0	422
747520	-1	-1	0	0	0	0	0
754520	10792632	-1	509952	378	0	0	619
763528	8218008	-1	323584	315	0	0	315
765514	10300088	-1	1359612	1056	0	0	1056
773514	-1	-1	0	0	0	0	0
779535	6605304	-1	758784	919	0	0	967
789508	-1	-1	0	0	0	0	0
799513	9246488	-1	2523136	2183	0	0	2183
808513	-1	-1	0	0	0	0	0
818513	-1	-1	0	0	0	0	0
820516	-1	-1	0	0	0	0	0
829510	6204472	-1	971776	1253	0	0	1253
838532	-1	-1	0	0	0	0	0
847528	9816272	-1	1138688	928	0	0	928
851512	-1	-1	0	0	0	0	0
857511	9274736	-1	929792	802	0	0	802
866513	-1	-1	0	0	0	0	0
874513	3370664	-1	323584	768	0	0	768
881515	-1	-1	0	0	0	0	0
889507	4196552	-1	1132544	2159	0	0	2288
895516	-1	-1	0	0	0	0	0
904515	6063736	-1	1721344	2271	0	0	2271
914513	-1	-1	0	0	0	0	0
921515	-1	-1	0	0	0	0	0
930512	12765560	-1	1423360	892	0	0	892
934533	24067528	-1	436224	145	0	0	145
943532	-1	-1	0	0	0	0	0
952514	10770424	-1	1907712	1417	0	0	1417
954513	-1	-1	0	0	0	0	0
963508	-1	-1	0	0	0	0	0
970513	-1	-1	0	0	0	0	0
978514	8939464	-1	1518592	1359	0	0	1359
982513	-1	-1	0	0	0	0	0
992512	-1	-1	0	0	0	0	0
1001513	5168456	-1	614400	951	0	0	973
1005530	7990968	-1	814080	815	0	0	903
1014512	-1	-1	0	0	0	0	0
1023511	5307208	-1	1081344	1630	0	0	1630
1032512	-1	-1	0	0	0	0	0
1041511	14937072	-1	1405952	753	0	0	762
1050510	-1	-1	0	0	0	0	0
1060509	10206560	-1	1250304	980	0	0	980
1068508	-1	-1	0	0	0	0	0
1074507	9827400	-1	1341440	1092	0	0	1092
1080509	-1	-1	0	0	0	0	0
1089513	-1	-1	0	0	0	0	0
1091509	-1	-1	0	0	0	0	0
1100511	16964144	-1	1736704	819	0	0	819
1109518	-1	-1	0	0	0	0	0
1117519	11540992	-1	1178624	817	0	0	817
1123514	-1	-1	0	0	0	0	0
1132520	14160456	-1	743424	420	0	0	446
1136526	-1	-1	0	0	0	0	0
1145508	8479224	-1	1009028	952	0	0	952
1150527	-1	-1	0	0	0	0	0
1158509	4778664	-1	795648	1332	0	0	1332
1167514	-1	-1	0	0	0	0	0
1176509	10606064	-1	1097728	828	0	0	828
1185510	8031376	-1	409600	408	0	0	408
1190520	8235000	-1	392192	381	0	0	381
1198513	13835376	-1	622592	360	0	0	372
1203507	10796984	-1	322560	239	0	0	239
1212537	-1	-1	0	0	0	0	0
1221532	13369344	-1	1044480	625	0	0	636
1230514	-1	-1	65536	83	0	0	86
1235536	15328448	-1	684032	357	0	0	429
1244520	-1	-1	0	0	0	0	0
1253513	13509432	-1	1313792	778	0	0	778
1262507	-1	-1	0	0	0	0	0
1268537	8612536	-1	1048576	974	0	0	974
1277527	-1	-1	0	0	0	0	0
1286523	10745616	-1	538624	401	0	0	532
1294510	-1	-1	81920	137	0	0	301
1299516	10155592	-1	1170432	922	0	0	922
1305519	-1	-1	0	0	0	0	0
1312513	-1	-1	0	0	0	0	0
1321518	14413976	-1	899072	499	0	0	499
1323524	20082696	-1	2173952	866	0	0	866
1332513	-1	-1	0	0	0	0	0
1339528	-1	-1	0	0	0	0	0
1345512	6098656	-1	826368	1084	0	0	1268
1349531	13599792	-1	780288	459	0	0	459
1358534	-1	-1	0	0	0	0	0
1367518	14745600	-1	1437696	780	0	0	845
1370520	-1	-1	0	0	0	0	0
1379513	9602000	-1	843776	703	0	0	703
1388545	-1	-1	0	0	0	0	0
1397517	13729976	-1	2140160	1247	0	0	1247
1406513	-1	-1	0	0	0	0	0
1413510	1612400	-1	914432	4537	0	0	4537
1419517	1792848	-1	1086464	4848	0	0	4848
1428516	-1	-1	0	0	0	0	0
1437512	6918824	-1	973824	1126	0	0	1237
1442515	11821792	-1	727040	492	0	0	492
1452514	5302264	-1	204800	309	0	0	309
1457534	2093568	-1	435200	1663	0	0	1663
1466535	-1	-1	0	0	0	0	0
1472523	2255112	-1	1424384	5053	0	0	5053
1477535	-1	-1	0	0	0	0	0
1486514	8162464	-1	848896	832	0	0	832
1492514	-1	-1	0	0	0	0	0
1501522	12284408	-1	1366640	890	0	0	890
1510519	-1	-1	0	0	0	0	0
1519530	10021168	-1	1699840	1357	0	0	1361
1528531	-1	-1	0	0	0	0	0
1537522	6506464	-1	1300480	1599	0	0	1599
1540525	-1	-1	0	0	0	0	0
1547522	-1	-1	0	0	0	0	0
1556529	1450376	-1	535552	2954	0	0	2954
1564519	1589632	-1	874496	4401	0	0	4415
1573526	-1	-1	0	0	0	0	0
1581526	7236784	-1	713728	789	0	0	845
1590512	-1	-1	0	0	0	0	0
1599515	11956912	-1	1941504	1299	0	0	1299
1607522	-1	-1	0	0	0	0	0
1616525	-1	-1	0	0	0	0	0
1625507	-1	-1	0	0	0	0	0
1633514	3356504	-1	1285120	3063	0	0	3063
1642523	-1	-1	0	0	0	0	0
1646518	-1	-1	0	0	0	0	0
1655508	6914416	-1	1008640	1167	0	0	1167
1659507	-1	-1	0	0	0	0	118
1668519	5803808	-1	1301504	1794	0	0	1794
1671524	-1	-1	0	0	0	0	0
1680513	13144624	-1	2301952	1401	0	0	1401
1684518	-1	-1	0	0	0	0	0
1693541	-1	-1	0	0	0	0	0
1702518	9727424	-1	1083392	891	0	0	1126
1705511	-1	-1	0	0	0	0	0
1714513	14414912	-1	982016	545	0	0	545
1750286	14126504	-1	3159040	1789	0	0	1967
1759301	-1	-1	0	0	0	0	0
1764289	-1	-1	0	0	0	0	0
1773300	7649368	-1	894976	936	0	0	936
1781307	-1	-1	0	0	0	0	0
1787319	10827408	-1	1047552	774	0	0	774
1796293	4499704	-1	507904	903	0	0	1205
1800293	3562176	-1	720896	1619	0	0	1619
1809301	-1	-1	0	0	0	0	0
1819298	5258248	-1	1148928	1748	0	0	2019
1827294	-1	-1	0	0	0	0	0
1836293	6672840	-1	1191936	1429	0	0	1429
1845303	-1	-1	0	0	0	0	0
1854301	3560496	-1	1017856	2287	0	0	2287
1864295	-1	-1	0	0	0	0	0
1872282	14534528	-1	1424384	784	0	0	784
1880285	-1	-1	0	0	0	0	0
1890284	12593264	-1	1415168	899	0	0	899
1899303	-1	-1	0	0	0	0	0
1909299	784256	-1	234688	2394	0	0	2394
1917284	-1	-1	0	0	0	0	0
1926308	4995344	-1	1672192	2678	0	0	2678
1935320	-1	-1	0	0	0	0	0
1941283	9232120	-1	1099776	953	0	0	953
1950282	-1	-1	0	0	0	0	0
1959284	-1	-1	0	0	0	0	0
1969297	8099144	-1	1607680	1588	0	0	1588
1972300	-1	-1	0	0	0	0	0
1981302	-1	-1	0	0	0	0	0
1990290	7542560	-1	2556928	2712	0	0	2712
1999316	-1	-1	0	0	0	0	0
2008322	-1	-1	0	0	0	0	0
2017303	-1	-1	0	0	0	0	0
2026296	16595920	-1	4891648	2358	0	0	2358
2035286	-1	-1	0	0	0	0	0
2042300	-1	-1	0	0	0	0	0
2049295	-1	-1	0	0	0	0	0
2058296	7700152	-1	4376576	4547	0	0	5051
2068291	12155592	-1	1457152	959	0	0	959
2078287	13898040	-1	3411968	1964	0	0	1964
2085304	-1	-1	0	0	0	0	0
2095302	11228504	-1	1579008	1125	0	0	1125
2104294	-1	-1	0	0	0	0	0
2112282	10090632	-1	1556480	1234	0	0	1234
2120293	-1	-1	0	0	0	0	0
2129297	11264000	-1	1171456	832	0	0	863
2138290	-1	-1	0	0	0	0	0
2147293	-1	-1	0	0	0	0	0
2156285	6890720	-1	1046528	1215	0	0	1292
2158291	-1	-1	0	0	0	0	0
2167289	11926848	-1	1386496	930	0	0	930
2170282	-1	-1	0	0	0	0	0
2179289	-1	-1	0	0	0	0	0
2188303	12632200	-1	1503232	952	0	0	968
2196287	-1	-1	0	0	0	0	0
2204290	-1	-1	0	0	0	0	0
2208284	-1	-1	0	0	0	0	0
2217302	5035832	-1	367616	584	0	0	584
2226287	11829112	-1	712704	482	0	0	637
2229289	-1	-1	0	0	0	0	0
2238295	-1	-1	0	0	0	0	0
2246289	4335752	-1	879616	1623	0	0	1623
2250289	-1	-1	0	0	0	0	0
2259287	15071936	-1	917504	487	0	0	524
2268297	-1	-1	0	0	0	0	0
2277287	8507144	-1	708220	666	0	0	666
2286297	-1	-1	0	0	0	0	0
2295296	4351648	-1	784384	1442	0	0	1442
2304287	9069712	-1	507904	448	0	0	449
2309303	18816776	-1	776192	330	0	0	330
2314290	-1	-1	0	0	0	0	0
2324295	7034432	-1	485376	552	0	0	623
2333309	9198992	-1	346112	301	0	0	301
2340315	-1	-1	0	0	0	0	0
2346300	17461480	-1	1128448	517	0	0	519
2350298	-1	-1	0	0	0	0	0
2359286	8981464	-1	897024	799	0	0	799
2362300	-1	-1	0	0	0	0	0
2371282	-1	-1	0	0	0	0	0
2380290	6169536	-1	927744	1203	0	0	1203
2389290	-1	-1	0	0	0	0	0
2396294	9867904	-1	862208	699	0	0	733
2405294	-1	-1	0	0	0	0	0
2414303	6913632	-1	542720	628	0	0	762
2423304	-1	-1	0	0	0	0	0
2432292	7652712	-1	1525760	1595	0	0	1596
2441284	-1	-1	0	0	0	0	0
2450299	8013328	-1	2755584	2751	0	0	2751
2460298	-1	-1	0	0	0	0	0
2468298	-1	-1	0	0	0	0	0
2473293	-1	-1	0	0	0	0	0
2482309	16047848	-1	3568640	1779	0	0	1779
2491287	-1	-1	0	0	0	0	0
2500290	-1	-1	0	0	0	0	0
2510293	10813440	-1	946176	700	0	0	700
2513290	-1	-1	0	0	0	0	0
2522310	-1	-1	0	0	0	0	0
2532289	9235880	-1	951296	824	0	0	824
2534289	-1	-1	0	0	0	0	0
2543296	9539600	-1	1377280	1155	0	0	1155
2553283	-1	-1	0	0	0	0	0
2562295	13762560	-1	1763328	1025	0	0	1025
2569289	-1	-1	0	0	0	0	0
2578283	-1	-1	0	0	0	0	0
2587285	4921944	-1	747520	1215	0	0	1215
2595294	2603224	-1	801792	2464	0	0	2464
2602284	-1	-1	0	0	0	0	0
2611294	4495640	-1	1641472	2921	0	0	2921
2619312	-1	-1	0	0	0	0	0
2628311	-1	-1	0	0	0	0	0
2638293	-1	-1	0	0	0	0	0
2645310	1787344	-1	739960	3312	0	0	3312
2649304	-1	-1	0	0	0	0	0
2658292	4023472	-1	2044928	4066	0	0	4066
2663292	-1	-1	0	0	0	0	0
2670292	10899608	-1	2258944	1658	0	0	1658
2676290	-1	-1	0	0	0	0	0
2686291	-1	-1	0	0	0	0	0
2695290	17117976	-1	4298752	2009	0	0	2009
2697291	-1	-1	0	0	0	0	0
2705299	-1	-1	0	0	0	0	4
2710291	2655592	-1	1388544	4183	0	0	4183
2719309	-1	-1	0	0	0	0	0
2725300	3036760	-1	772096	2034	0	0	2034
2729289	-1	-1	0	0	0	0	0
2739284	4495760	-1	748544	1332	0	0	1332
2743290	-1	-1	0	0	0	0	0
2752289	8607136	-1	1273856	1184	0	0	1184
2762289	-1	-1	0	0	0	0	163
2767282	3919584	-1	1774592	3622	0	0	3622
2777288	-1	-1	0	0	0	0	0
2786288	-1	-1	0	0	0	0	0
2792288	-1	-1	73728	166	0	0	245
2797289	2637656	-1	1539072	4668	0	0	4668
2807288	4222864	-1	954368	1808	0	0	1808
2813282	-1	-1	0	0	0	0	0
2822287	7617304	-1	2239488	2352	0	0	2352
2823288	-1	-1	0	0	0	0	0
2832288	-1	-1	0	0	0	0	0
2836286	5191816	-1	499712	770	0	0	796
2844286	3201192	-1	1890304	4724	0	0	4724
2849285	1540888	-1	262144	1361	0	0	1363
2857286	5095752	-1	1398784	2196	0	0	2196
2866285	6500944	-1	2806784	3454	0	0	3454
2874285	-1	-1	0	0	0	0	0
2883288	6141128	-1	2192384	2856	0	0	2856
2891285	-1	-1	0	0	0	0	0
2901285	9405776	-1	2436096	2072	0	0	2072
2909284	-1	-1	0	0	0	0	0
2917302	5832648	-1	1726464	2368	0	0	2368
2923303	-1	-1	0	0	0	0	0
2931283	7730736	-1	1716224	1776	0	0	1776
2940283	-1	-1	0	0	0	0	0
2949283	7436424	-1	1148928	1236	0	0	1236
2956283	-1	-1	0	0	0	0	0
2964289	12114440	-1	2144256	1416	0	0	1416
2973282	-1	-1	0	0	0	0	0
2983282	5613040	-1	871424	1242	0	0	1242
2989315	-1	-1	0	0	0	0	0
2998282	7035872	-1	1369356	1557	0	0	1557
3007293	-1	-1	0	0	0	0	0
3016297	5496104	-1	2427904	3534	0	0	3534
3024291	-1	-1	0	0	0	0	0
3033289	-1	-1	0	0	0	0	88
3042289	8279344	-1	1844224	1782	0	0	1782
3050308	4967192	-1	1447936	2332	0	0	2332
3057301	-1	-1	0	0	0	0	0
3066289	6676208	-1	3468288	4156	0	0	4156
3072304	-1	-1	0	0	0	0	0
3082283	-1	-1	0	0	0	0	0
3091304	5891560	-1	2276352	3091	0	0	3091
3098310	7468952	-1	1988608	2130	0	0	2130
3107313	-1	-1	0	0	0	0	0
3116289	6595432	-1	968704	1175	0	0	1175
3122307	-1	-1	0	0	0	0	0
3131289	5707184	-1	1996800	2799	0	0	2799
3140293	-1	-1	0	0	0	0	0
3150282	5376752	-1	1367040	2034	0	0	2034
3158300	-1	-1	0	0	0	0	0
3167292	4543624	-1	1933312	3404	0	0	3404
3175308	-1	-1	0	0	0	0	0
3184290	4109600	-1	1238016	2410	0	0	2410
3193302	-1	-1	0	0	0	0	0
3202292	-1	-1	0	0	0	0	0
3210302	1407864	-1	163840	931	0	0	1007
3214304	904032	-1	432128	3824	0	0	3824
3222289	2695016	-1	1573888	4672	0	0	4672
3226289	-1	-1	0	0	0	0	0
3235304	1494656	-1	374784	2006	0	0	2006
3244300	3719768	-1	1432576	3081	0	0	3081
3253283	-1	-1	0	0	0	0	0
3262295	1681192	-1	1013760	4824	0	0	4824
3269294	7269328	-1	2258944	2486	0	0	2486
3279316	9417528	-1	1620992	1377	0	0	1377
3289312	-1	-1	0	0	0	0	0
3294293	2496904	-1	663552	2126	0	0	2283
3304288	7816224	-1	1064960	1090	0	0	1090
3314289	6815192	-1	912384	1071	0	0	1086
3323295	-1	-1	0	0	0	0	0
3331305	4296032	-1	2144256	3993	0	0	3993
3338296	-1	-1	0	0	0	0	0
3347321	-1	-1	0	0	0	0	0
3356292	-1	-1	0	0	0	0	0
3362287	6756880	-1	1817600	2152	0	0	2152
3371296	-1	-1	0	0	0	0	0
3379282	989936	-1	616728	4984	0	0	4984
3385289	667320	-1	422912	5070	0	0	5070
3393298	-1	-1	0	0	0	0	0
3400288	-1	-1	0	0	0	0	0
3408302	2545936	-1	1552384	4878	0	0	4878
3416286	1726216	-1	704512	3265	0	0	3265
3425293	-1	-1	0	0	0	0	0
3435285	5446912	-1	1418240	2083	0	0	2083
3437293	-1	-1	0	0	0	0	0
3446307	-1	-1	0	0	0	0	0
3455307	633200	-1	344064	4347	0	0	4365
3461307	3211064	-1	260096	648	0	0	648
3470290	5845200	-1	961536	1316	0	0	1316
3475293	-1	-1	0	0	0	0	0
3484283	5573184	-1	782336	1123	0	0	1123
3494290	-1	-1	0	0	0	0	0
3501282	6762032	-1	857088	1014	0	0	1014
3510298	-1	-1	0	0	0	0	0
3519316	14073432	-1	686080	390	0	0	404
3528308	-1	-1	0	0	0	0	0
3536298	8239024	-1	1614848	1568	0	0	1568
3539283	-1	-1	0	0	0	0	0
3547283	5288184	-1	3179520	4810	0	0	4810
3556282	7021712	-1	172032	196	0	0	196
3564283	13522824	-1	2298880	1360	0	0	1360
3573289	3864152	-1	204800	424	0	0	424
3582097	1717248	-1	280556	1307	0	0	1408
3592010	12247048	-1	552648	361	0	0	417
3601028	-1	-1	0	0	0	0	0
3605012	-1	-1	0	0	0	0	0
3611012	-1	-1	0	0	0	0	0
3620012	-1	-1	0	0	0	0	0
3628011	-1	-1	0	0	0	0	0
3635011	-1	-1	0	0	0	0	0
3643010	-1	-1	0	0	0	0	0
3649010	-1	-1	0	0	0	0	0
3658010	-1	-1	0	0	0	0	0
3668009	-1	-1	0	0	0	0	0
3675010	-1	-1	0	0	0	0	0
3684009	-1	-1	0	0	0	0	0
3688009	-1	-1	0	0	0	0	0
3697011	-1	-1	0	0	0	0	0
3706008	-1	-1	0	0	0	0	0
3708008	-1	-1	0	0	0	0	0
3717008	-1	-1	0	0	0	0	0
3724008	-1	-1	0	0	0	0	0
3732008	-1	-1	0	0	0	0	0
3736008	-1	-1	0	0	0	0	0
3746022	-1	-1	0	0	0	0	0
3755031	-1	-1	0	0	0	0	0
3760035	-1	-1	0	0	0	0	0
3768021	-1	-1	0	0	0	0	0
3778020	-1	-1	0	0	0	0	0
3787024	-1	-1	0	0	0	0	0
3795020	-1	-1	0	0	0	0	0
3804024	-1	-1	0	0	0	0	0
3814017	-1	-1	0	0	0	0	0
3822022	-1	-1	0	0	0	0	0
3828015	-1	-1	0	0	0	0	0
3834012	-1	-1	0	0	0	0	0
3843016	-1	-1	0	0	0	0	0
3845021	-1	-1	0	0	0	0	0
3854010	-1	-1	0	0	0	0	0
3863011	-1	-1	0	0	0	0	0
3871021	-1	-1	0	0	0	0	0
3877023	-1	-1	0	0	0	0	0
3886011	-1	-1	0	0	0	0	0
3890024	-1	-1	0	0	0	0	0
3899013	-1	-1	0	0	0	0	0
3904022	-1	-1	0	0	0	0	0
3912009	-1	-1	0	0	0	0	0
3921018	-1	-1	0	0	0	0	0
3930016	-1	-1	0	0	0	0	0
3939017	-1	-1	0	0	0	0	0
3944015	-1	-1	0	0	0	0	0
3952020	-1	-1	0	0	0	0	0
3957030	-1	-1	0	0	0	0	0
3966015	-1	-1	0	0	0	0	0
3975028	-1	-1	0	0	0	0	0
3984010	-1	-1	0	0	0	0	0
3989038	-1	-1	0	0	0	0	0
3998020	-1	-1	0	0	0	0	0
4007015	-1	-1	0	0	0	0	0
4016009	-1	-1	0	0	0	0	0
4022018	-1	-1	0	0	0	0	0
4031009	-1	-1	0	0	0	0	0
4040015	-1	-1	0	0	0	0	0
4048010	-1	-1	0	0	0	0	0
4053021	-1	-1	0	0	0	0	0
4059024	-1	-1	0	0	0	0	0
4066011	-1	-1	0	0	0	0	0
4075010	-1	-1	0	0	0	0	0
4077021	-1	-1	0	0	0	0	0
4086024	-1	-1	0	0	0	0	0
4093036	-1	-1	0	0	0	0	0
4099027	-1	-1	0	0	0	0	0
4103020	-1	-1	0	0	0	0	0
4112016	-1	-1	0	0	0	0	0
4121011	-1	-1	0	0	0	0	0
4124021	-1	-1	0	0	0	0	0
4133011	-1	-1	0	0	0	0	0
4142022	-1	-1	0	0	0	0	0
4151019	-1	-1	0	0	0	0	0
4160010	-1	-1	0	0	0	0	0
4167009	-1	-1	0	0	0	0	0
4173009	-1	-1	0	0	0	0	0
4182008	-1	-1	0	0	0	0	0
4191011	-1	-1	0	0	0	0	0
4196010	-1	-1	0	0	0	0	0
4206024	-1	-1	0	0	0	0	0
4211027	-1	-1	0	0	0	0	0
4220032	-1	-1	0	0	0	0	0
4226032	-1	-1	0	0	0	0	0
4231009	-1	-1	0	0	0	0	0
4240020	-1	-1	0	0	0	0	0
4246020	-1	-1	0	0	0	0	0
4255017	-1	-1	0	0	0	0	0
4264010	-1	-1	0	0	0	0	0
4273009	-1	-1	0	0	0	0	0
4282012	-1	-1	0	0	0	0	0
4291022	-1	-1	0	0	0	0	0
4294029	-1	-1	0	0	0	0	0
4301026	-1	-1	0	0	0	0	0
4310011	-1	-1	0	0	0	0	0
4318015	-1	-1	0	0	0	0	0
4327030	-1	-1	0	0	0	0	0
4335016	-1	-1	0	0	0	0	0
4344015	-1	-1	0	0	0	0	0
4353018	-1	-1	0	0	0	0	0
4361021	-1	-1	0	0	0	0	0
4370011	-1	-1	0	0	0	0	0
4379010	-1	-1	0	0	0	0	0
4387017	-1	-1	0	0	0	0	0
4396012	-1	-1	0	0	0	0	0
4400019	-1	-1	0	0	0	0	0
4409011	-1	-1	0	0	0	0	0
4413017	-1	-1	0	0	0	0	0
4422011	-1	-1	0	0	0	0	0
4425018	-1	-1	0	0	0	0	0
4434012	-1	-1	0	0	0	0	0
4438016	-1	-1	0	0	0	0	0
4447014	-1	-1	0	0	0	0	0
4456009	-1	-1	0	0	0	0	0
4460010	-1	-1	0	0	0	0	0
4568832	7738184	-1	1361920	1408	0	0	1408
4577825	-1	-1	0	0	0	0	0
4582837	-1	-1	0	0	0	0	0
4591830	-1	-1	0	0	0	0	0
4599842	-1	-1	0	0	0	0	0
4606840	-1	-1	0	0	0	0	0
4615826	-1	-1	0	0	0	0	0
4619831	-1	-1	0	0	0	0	0
4628826	-1	-1	0	0	0	0	0
4637836	-1	-1	0	0	0	0	0
4646832	-1	-1	0	0	0	0	0
4655838	-1	-1	0	0	0	0	0
4664829	-1	-1	0	0	0	0	0
4673825	-1	-1	0	0	0	0	0
4683826	-1	-1	0	0	0	0	0
4691829	-1	-1	0	0	0	0	0
4699839	-1	-1	0	0	0	0	0
4709831	-1	-1	0	0	0	0	0
4718835	-1	-1	0	0	0	0	0
4728825	-1	-1	0	0	0	0	0
4736833	-1	-1	0	0	0	0	0
4745826	-1	-1	0	0	0	0	0
4753826	-1	-1	0	0	0	0	0
4760827	-1	-1	0	0	0	0	0
4769825	-1	-1	0	0	0	0	0
4777824	-1	-1	0	0	0	0	0
4787824	-1	-1	0	0	0	0	0
4791843	-1	-1	0	0	0	0	0
4800847	-1	-1	0	0	0	0	0
4809842	-1	-1	0	0	0	0	0
4817856	-1	-1	0	0	0	0	0
4827834	-1	-1	0	0	0	0	0
4836841	-1	-1	0	0	0	0	0
4845822	-1	-1	0	0	0	0	0
4853822	-1	-1	0	0	0	0	0
4861835	-1	-1	0	0	0	0	0
4868823	-1	-1	0	0	0	0	0
4877820	-1	-1	0	0	0	0	0
4887820	-1	-1	0	0	0	0	0
4896827	-1	-1	0	0	0	0	0
4904820	-1	-1	0	0	0	0	0
4914819	-1	-1	0	0	0	0	0
4922821	-1	-1	0	0	0	0	0
4931819	-1	-1	0	0	0	0	0
4938819	-1	-1	0	0	0	0	0
4948820	-1	-1	0	0	0	0	0
4957820	-1	-1	0	0	0	0	0
4966838	-1	-1	0	0	0	0	0
4974820	-1	-1	0	0	0	0	0
4977827	-1	-1	0	0	0	0	0
4986825	-1	-1	0	0	0	0	0
4988831	-1	-1	0	0	0	0	0
4997834	-1	-1	0	0	0	0	0
5007826	-1	-1	0	0	0	0	0
5015825	-1	-1	0	0	0	0	0
5023826	-1	-1	0	0	0	0	0
5027837	-1	-1	0	0	0	0	0
5036826	-1	-1	0	0	0	0	0
5045825	-1	-1	0	0	0	0	0
5047821	-1	-1	0	0	0	0	0
5056835	-1	-1	0	0	0	0	0
5065839	-1	-1	0	0	0	0	0
5069832	-1	-1	0	0	0	0	0
5078826	-1	-1	0	0	0	0	0
5087819	-1	-1	0	0	0	0	0
5096838	-1	-1	0	0	0	0	0
5105832	-1	-1	0	0	0	0	0
5113824	-1	-1	0	0	0	0	0
5122830	-1	-1	0	0	0	0	0
5127824	-1	-1	0	0	0	0	0
5133833	-1	-1	0	0	0	0	0
5143823	-1	-1	0	0	0	0	0
5152826	-1	-1	0	0	0	0	0
5158841	-1	-1	0	0	0	0	0
5164833	-1	-1	0	0	0	0	0
5169825	-1	-1	0	0	0	0	0
5178833	-1	-1	0	0	0	0	0
5181828	-1	-1	0	0	0	0	0
5190826	-1	-1	0	0	0	0	0
5199831	-1	-1	0	0	0	0	0
5208846	-1	-1	0	0	0	0	0
5215827	-1	-1	0	0	0	0	0
5224831	-1	-1	0	0	0	0	0
5233834	-1	-1	0	0	0	0	0
5242839	-1	-1	0	0	0	0	0
5251831	-1	-1	0	0	0	0	0
5260825	-1	-1	0	0	0	0	0
5269825	-1	-1	0	0	0	0	0
5279826	-1	-1	0	0	0	0	0
5287824	-1	-1	0	0	0	0	0
5291838	-1	-1	0	0	0	0	0
5300846	-1	-1	0	0	0	0	0
5310833	-1	-1	0	0	0	0	0
5319836	-1	-1	0	0	0	0	0
5329819	-1	-1	0	0	0	0	0
5332820	-1	-1	0	0	0	0	0
5341836	-1	-1	0	0	0	0	0
5350837	-1	-1	0	0	0	0	0
5352835	-1	-1	0	0	0	0	0
5361823	-1	-1	0	0	0	0	0
5371821	-1	-1	0	0	0	0	0
5380821	-1	-1	0	0	0	0	0
5387831	-1	-1	0	0	0	0	0
5396828	-1	-1	0	0	0	0	0
5405821	-1	-1	0	0	0	0	0
5414820	-1	-1	0	0	0	0	0
5421824	-1	-1	0	0	0	0	0
5430821	-1	-1	0	0	0	0	0
5438834	-1	-1	0	0	0	0	0
5447822	-1	-1	0	0	0	0	0
5456819	-1	-1	0	0	0	0	0
5463822	-1	-1	0	0	0	0	0
5467832	-1	-1	0	0	0	0	0
5476827	-1	-1	0	0	0	0	0
5482825	-1	-1	0	0	0	0	0
5489819	-1	-1	0	0	0	0	0
5495829	-1	-1	0	0	0	0	0
5504827	-1	-1	0	0	0	0	0
5513843	-1	-1	0	0	0	0	0
5516820	-1	-1	0	0	0	0	0
5523849	-1	-1	0	0	0	0	0
5529842	-1	-1	0	0	0	0	0
5537845	-1	-1	0	0	0	0	0
5543847	-1	-1	0	0	0	0	0
5547832	-1	-1	0	0	0	0	0
5557833	-1	-1	0	0	0	0	0
5562827	-1	-1	0	0	0	0	0
5570832	-1	-1	0	0	0	0	0
5580832	-1	-1	0	0	0	0	0
5586832	-1	-1	0	0	0	0	0
5596824	-1	-1	0	0	0	0	0
5605828	-1	-1	0	0	0	0	0
5611825	-1	-1	0	0	0	0	0
5616820	-1	-1	0	0	0	0	0
5626827	-1	-1	0	0	0	0	0
5631826	-1	-1	0	0	0	0	0
5640829	-1	-1	0	0	0	0	0
5642825	-1	-1	0	0	0	0	0
5651821	-1	-1	0	0	0	0	0
5655829	-1	-1	0	0	0	0	0
5663820	-1	-1	0	0	0	0	0
5668820	-1	-1	0	0	0	0	0
5675825	-1	-1	0	0	0	0	0
5684828	-1	-1	0	0	0	0	0
5692826	-1	-1	0	0	0	0	0
5702822	-1	-1	0	0	0	0	0
5710825	-1	-1	0	0	0	0	0
5719833	-1	-1	0	0	0	0	0
5727826	-1	-1	0	0	0	0	0
5736828	-1	-1	0	0	0	0	0
5741824	-1	-1	0	0	0	0	0
5749826	-1	-1	0	0	0	0	0
5759826	-1	-1	0	0	0	0	0
5768821	-1	-1	0	0	0	0	0
5774825	-1	-1	0	0	0	0	0
5783825	-1	-1	0	0	0	0	0
5792821	-1	-1	0	0	0	0	0
5801824	-1	-1	0	0	0	0	0
5807842	-1	-1	0	0	0	0	0
5816842	-1	-1	0	0	0	0	0
5826839	-1	-1	0	0	0	0	0
5835823	-1	-1	0	0	0	0	0
5843823	-1	-1	0	0	0	0	0
5852824	-1	-1	0	0	0	0	0
5861823	-1	-1	0	0	0	0	0
5868823	-1	-1	0	0	0	0	0
5876823	-1	-1	0	0	0	0	0
5884822	-1	-1	0	0	0	0	0
5891840	-1	-1	0	0	0	0	0
5900840	-1	-1	0	0	0	0	0
5909821	-1	-1	0	0	0	0	0
5917822	-1	-1	0	0	0	0	0
5926819	-1	-1	0	0	0	0	0
5935821	-1	-1	0	0	0	0	0
5940830	-1	-1	0	0	0	0	0
5950838	-1	-1	0	0	0	0	0
5959820	-1	-1	0	0	0	0	0
5968819	-1	-1	0	0	0	0	0
5977834	-1	-1	0	0	0	0	0
5986826	-1	-1	0	0	0	0	0
5994845	-1	-1	0	0	0	0	0
6003826	-1	-1	0	0	0	0	0
6012819	-1	-1	0	0	0	0	0
6020836	-1	-1	0	0	0	0	0
6029834	-1	-1	0	0	0	0	0
6033827	-1	-1	0	0	0	0	0
6040821	-1	-1	0	0	0	0	0
6045833	-1	-1	0	0	0	0	0
6054829	-1	-1	0	0	0	0	0
6063831	-1	-1	0	0	0	0	0
6072834	-1	-1	0	0	0	0	0
6081832	-1	-1	0	0	0	0	0
6088845	-1	-1	0	0	0	0	0
6097851	-1	-1	0	0	0	0	0
6107839	-1	-1	0	0	0	0	0
6113842	-1	-1	0	0	0	0	0
6122835	-1	-1	0	0	0	0	0
6132838	-1	-1	0	0	0	0	0
6142830	-1	-1	0	0	0	0	0
6150826	-1	-1	0	0	0	0	0
6156845	-1	-1	0	0	0	0	0
6165841	-1	-1	0	0	0	0	0
6174831	-1	-1	0	0	0	0	0
6180829	-1	-1	0	0	0	0	0
6189825	-1	-1	0	0	0	0	0
6197832	-1	-1	0	0	0	0	0
6203828	-1	-1	0	0	0	0	0
6212838	-1	-1	0	0	0	0	0
6219829	-1	-1	0	0	0	0	0
6227835	-1	-1	0	0	0	0	0
6235825	-1	-1	0	0	0	0	0
6244821	-1	-1	0	0	0	0	0
6254825	-1	-1	0	0	0	0	0
6256825	-1	-1	0	0	0	0	0
6265856	-1	-1	0	0	0	0	0
6274836	-1	-1	0	0	0	0	0
6280825	-1	-1	0	0	0	0	0
6289829	-1	-1	0	0	0	0	0
6294825	-1	-1	0	0	0	0	0
6303822	-1	-1	0	0	0	0	0
6312823	-1	-1	0	0	0	0	0
6320837	-1	-1	0	0	0	0	0
6328824	-1	-1	0	0	0	0	0
6337838	-1	-1	0	0	0	0	0
6347857	-1	-1	0	0	0	0	0
6354845	-1	-1	0	0	0	0	0
6358825	-1	-1	0	0	0	0	0
6366827	-1	-1	0	0	0	0	0
6375823	-1	-1	0	0	0	0	0
6383822	-1	-1	0	0	0	0	0
6392822	7498064	-1	1305600	1393	0	0	1393
6399822	-1	-1	0	0	0	0	0
6407822	-1	-1	0	0	0	0	0
6411821	-1	-1	0	0	0	0	0
6420824	11186536	-1	2532352	1811	0	0	1811
6430821	-1	-1	0	0	0	0	0
6438820	-1	-1	0	0	0	0	0
6447821	-1	-1	0	0	0	0	0
6456820	14426024	-1	1969152	1092	0	0	1179
6465820	-1	-1	0	0	0	0	0
6474819	-1	-1	0	0	0	0	0
6482820	-1	-1	0	0	0	0	0
6492838	3047528	-1	1099776	2887	0	0	2957
6502831	-1	-1	0	0	0	0	0
6510819	5598608	-1	515072	736	0	0	736
6519833	-1	-1	0	0	0	0	0
6527837	2233144	-1	401408	1438	0	0	1458
6531840	-1	-1	0	0	0	0	0
6537826	-1	-1	0	0	0	0	0
6542834	-1	-1	0	0	0	0	0
6549825	1909280	-1	996404	4175	0	0	4175
6555826	-1	-1	0	0	0	0	0
6562829	3567864	-1	622592	1396	0	0	1396
6571829	-1	-1	0	0	0	0	0
6580825	4081680	-1	583680	1144	0	0	1144
6588828	-1	-1	0	0	0	0	0
6594840	2245080	-1	863232	3076	0	0	3076
6603833	-1	-1	0	0	0	0	0
6612833	4652928	-1	603136	1037	0	0	1037
6619849	-1	-1	0	0	0	0	0
6627819	3937352	-1	279552	568	0	0	696
6637829	4576224	-1	248832	435	0	0	435
6642839	-1	-1	0	0	0	0	0
6648826	-1	-1	0	0	0	0	0
6657827	5269056	-1	1113088	1690	0	0	1690
6663822	-1	-1	0	0	0	0	0
6669821	-1	-1	0	0	0	0	0
6677826	-1	-1	0	0	0	0	0
6686834	6722256	-1	571392	680	0	0	745
6695825	-1	-1	0	0	0	0	0
6702830	3587232	-1	425984	950	0	0	950
6711826	948584	-1	256000	2159	0	0	2159
6720824	1686064	-1	775168	3678	0	0	3678
6729827	-1	-1	0	0	0	0	0
6738838	3516400	-1	835584	1901	0	0	1901
6747829	-1	-1	0	0	0	0	0
6756834	5369936	-1	822272	1225	0	0	1225
6765829	-1	-1	0	0	0	0	0
6771830	7898848	-1	993280	1006	0	0	1006
6780825	-1	-1	0	0	0	0	0
6789827	-1	-1	0	0	0	0	0
6798831	355656	-1	245760	5528	0	0	5600
6808825	1886360	-1	1849344	7843	0	0	7843
6817826	1641184	-1	723968	3529	0	0	3529
6824832	2414048	-1	595968	1975	0	0	1975
6833829	-1	-1	0	0	0	0	0
6836824	-1	-1	0	0	0	0	0
6845826	2699144	-1	1402880	4158	0	0	4158
6853839	-1	-1	0	0	0	0	0
6863838	7874576	-1	660480	671	0	0	671
6872824	4769144	-1	1197056	2008	0	0	2008
6875834	-1	-1	0	0	0	0	0
6884834	-1	-1	0	0	0	0	0
6893823	5434168	-1	1297408	1910	0	0	1910
6902822	-1	-1	0	0	0	0	0
6909832	5244672	-1	1437696	2193	0	0	2193
6915829	-1	-1	0	0	0	0	0
6924827	-1	-1	0	0	0	0	0
6932822	6881248	-1	1321200	1536	0	0	1536
6938830	-1	-1	0	0	0	0	0
6944822	-1	-1	0	0	0	0	0
6953826	11284680	-1	1606656	1139	0	0	1283
6959830	-1	-1	0	0	0	0	0
6966830	4183640	-1	928768	1776	0	0	1776
6974823	-1	-1	0	0	0	0	0
6981827	9928704	-1	1551360	1250	0	0	1250
6989840	-1	-1	0	0	0	0	0
6999852	6921832	-1	1216512	1406	0	0	1406
7006834	-1	-1	0	0	0	0	0
7015820	6988824	-1	963584	1103	0	0	1103
7021840	-1	-1	0	0	0	0	0
7027828	-1	-1	0	0	0	0	0
7036829	-1	-1	8192	170	0	0	222
7041834	4986776	-1	2625536	4212	0	0	4212
7047839	-1	-1	0	0	0	0	0
7056853	-1	-1	0	0	0	0	0
7064838	-1	-1	126976	172	0	0	421
7069835	7851896	-1	543744	554	0	0	554
7078834	-1	-1	0	0	0	0	0
7087831	7388736	-1	1186816	1285	0	0	1285
7096843	-1	-1	0	0	0	0	0
7103844	961864	-1	425984	3543	0	0	3543
7111834	1620080	-1	688128	3398	0	0	3398
7113825	-1	-1	0	0	0	0	0
7122825	7429232	-1	1226752	1321	0	0	1321
7124832	-1	-1	0	0	0	0	0
7133841	-1	-1	0	0	0	0	0
7142832	9157952	-1	1009664	882	0	0	882
7148831	-1	-1	0	0	0	0	0
7154824	3704552	-1	1065984	2302	0	0	2302
7163826	-1	-1	0	0	0	0	0
7171827	9688256	-1	530432	438	0	0	541
7173826	-1	-1	0	0	0	0	0
7182822	10901040	-1	688128	505	0	0	505
7191840	-1	-1	0	0	0	0	0
7201825	11872672	-1	848896	572	0	0	572
7210827	-1	-1	0	0	0	0	0
7219824	-1	-1	0	0	0	0	0
7224822	-1	-1	0	0	0	0	0
7231831	14377792	-1	1056768	588	0	0	588
7239834	-1	-1	0	0	0	0	0
7247833	13251272	-1	809984	489	0	0	537
7250826	-1	-1	0	0	0	0	0
7260828	8794352	-1	523264	476	0	0	476
7270821	-1	-1	0	0	0	0	0
7278845	12435112	-1	1644544	1058	0	0	1172
7288833	-1	-1	0	0	0	0	0
7294822	8312704	-1	223404	215	0	0	215
7301827	-1	-1	0	0	0	0	0
7309822	7619704	-1	954368	1002	0	0	1002
7318826	-1	-1	0	0	0	0	0
7320829	-1	-1	0	0	0	0	0
7329832	6821704	-1	703488	825	0	0	825
7335825	6702544	-1	681984	814	0	0	814
7344844	-1	-1	0	0	0	0	0
7353837	-1	-1	0	0	0	0	0
7357839	-1	-1	0	0	0	0	0
7363836	3467640	-1	915456	2112	0	0	2112
7368834	-1	-1	0	0	0	0	0
7377823	8423032	-1	896000	851	0	0	851
7381826	-1	-1	0	0	0	0	0
7391822	8303456	-1	457728	441	0	0	441
7399830	-1	-1	0	0	0	0	0
7408825	9264760	-1	1070080	924	0	0	924
7411825	-1	-1	0	0	0	0	0
7420822	6848000	-1	547840	640	0	0	640
7429825	-1	-1	0	0	0	0	0
7438820	7450712	-1	1008640	1083	0	0	1083
7446825	-1	-1	0	0	0	0	0
7449826	-1	-1	0	0	0	0	0
7457825	7668872	-1	1411072	1472	0	0	1472
7466826	-1	-1	0	0	0	0	0
7475821	-1	-1	0	0	0	0	0
7480825	4406192	-1	1847296	3354	0	0	3354
7487833	-1	-1	0	0	0	0	0
7491821	3822216	-1	1093632	2289	0	0	2289
7500826	10430808	-1	209920	161	0	0	161
7509821	4348640	-1	828416	1524	0	0	1524
7517820	-1	-1	0	0	0	0	0
7526820	-1	-1	0	0	0	0	0
7535822	5033360	-1	1107968	1761	0	0	1761
7539823	-1	-1	0	0	0	0	0
7548832	5297576	-1	916480	1384	0	0	1384
7557824	-1	-1	0	0	0	0	0
7566834	5943376	-1	728064	980	0	0	980
7574825	3337120	-1	1053696	2526	0	0	2526
7581826	-1	-1	0	0	0	0	0
7590823	5118768	-1	530432	829	0	0	829
7599824	-1	-1	0	0	0	0	0
7608840	5488344	-1	762880	1112	0	0	1112
7617820	4744552	-1	985088	1661	0	0	1661
7621822	3934784	-1	1349632	2744	0	0	2744
7628822	-1	-1	0	0	0	0	0
7638820	5430456	-1	1260544	1857	0	0	1857
7647825	6542784	-1	495616	606	0	0	606
7656823	6190136	-1	3640572	4705	0	0	4705
7660831	-1	-1	0	0	0	0	0
7669826	5602632	-1	1624064	2319	0	0	2319
7678831	-1	-1	0	0	0	0	0
7687845	10648048	-1	2805760	2108	0	0	2108
7695826	-1	-1	0	0	0	0	0
7703841	8158632	-1	500736	491	0	0	491
7710843	-1	-1	0	0	0	0	0
7718825	7392536	-1	2300928	2490	0	0	2490
7725827	-1	-1	0	0	0	0	0
7734827	-1	-1	0	0	0	0	0
7741843	-1	-1	0	0	0	0	0
7747843	8254592	-1	2295808	2225	0	0	2225
7756824	-1	-1	0	0	0	0	0
7763828	7118696	-1	794624	893	0	0	893
7770824	-1	-1	0	0	0	0	0
7777821	8031128	-1	1993728	1986	0	0	1986
7786824	-1	-1	0	0	0	0	0
7794823	6053544	-1	1713152	2264	0	0	2264
7803832	-1	-1	0	0	0	0	0
7813843	7802976	-1	3204096	3285	0	0	3285
7822820	-1	-1	0	0	0	0	0
7831825	4183336	-1	1446912	2767	0	0	2767
7841827	-1	-1	0	0	0	0	0
7850825	7194816	-1	3125248	3475	0	0	3475
7859825	-1	-1	0	0	0	0	0
7864825	9270808	-1	3009536	2597	0	0	2597
7874825	-1	-1	0	0	0	0	0
7884825	8138824	-1	3134464	3081	0	0	3081
7893824	-1	-1	0	0	0	0	0
7903824	7013856	-1	1566720	1787	0	0	1787
7906823	-1	-1	0	0	0	0	0
7915841	5779760	-1	1722368	2384	0	0	2384
7923841	-1	-1	0	0	0	0	0
7932841	7599880	-1	2549760	2684	0	0	2684
7941840	-1	-1	0	0	0	0	0
7951842	-1	-1	0	0	0	0	0
7959840	-1	-1	0	0	0	0	0
7968820	8922072	-1	3966976	3557	0	0	3557
7978821	-1	-1	0	0	0	0	0
7984850	-1	-1	0	0	0	0	0
7988839	-1	-1	0	0	0	0	0
7995822	5996368	-1	3098624	4134	0	0	4134
8004820	-1	-1	0	0	0	0	0
8014821	7442224	-1	2744320	2950	0	0	2950
8024819	-1	-1	0	0	0	0	0
8032819	4735888	-1	3027416	5114	0	0	5114
8040819	-1	-1	0	0	0	0	0
8050833	7020672	-1	1976320	2252	0	0	2252
8059844	-1	-1	0	0	0	0	0
8067832	5403688	-1	3359744	4974	0	0	4974
8076838	11351768	-1	297984	210	0	0	210
8086847	-1	-1	0	0	0	0	0
8088825	-1	-1	0	0	0	0	0
8097855	5200712	-1	2424832	3730	0	0	3730
8100840	-1	-1	0	0	0	0	0
8107826	6535448	-1	589824	722	0	0	722
8112833	10785608	-1	349184	259	0	0	259
8120829	9780424	-1	3928064	3213	0	0	3213
8128826	-1	-1	0	0	0	0	0
8137819	5668424	-1	1205248	1701	0	0	1701
8146825	-1	-1	0	0	0	0	0
8156825	6889280	-1	2891776	3358	0	0	3358
8165826	-1	-1	0	0	0	0	0
8171819	2649128	-1	1042432	3148	0	0	3228
8180825	9481864	-1	707584	597	0	0	597
8189832	-1	-1	0	0	0	0	0
8198829	5920592	-1	2516992	3401	0	0	3401
8201820	7220064	-1	159744	177	0	0	177
8210837	-1	-1	0	0	0	0	0
8220846	5260616	-1	1494016	2272	0	0	2272
8229831	-1	-1	0	0	0	0	0
8237837	5718624	-1	2412544	3375	0	0	3375
8246832	-1	-1	0	0	0	0	0
8255822	7021184	-1	1928192	2197	0	0	2211
8264829	-1	-1	0	0	0	0	0
8274830	6933056	-1	4015104	4633	0	0	4633
8283825	-1	-1	0	0	0	0	0
8292832	7306920	-1	1487872	1629	0	0	1629
8301837	-1	-1	0	0	0	0	0
8310828	5869824	-1	1260544	1718	0	0	1718
8316825	-1	-1	0	0	0	0	0
8323826	5652784	-1	2872320	4065	0	0	4065
8332835	-1	-1	0	0	0	0	0
8339832	4767208	-1	1669120	2801	0	0	2801
8347830	-1	-1	0	0	0	0	0
8356828	4592528	-1	1690624	2945	0	0	2945
8364829	-1	-1	0	0	0	0	0
8368829	5583016	-1	532480	763	0	0	776
8377833	5650992	-1	1789952	2534	0	0	2534
8386833	3152464	-1	1174688	2981	0	0	2981
8395825	-1	-1	0	0	0	0	0
8404826	-1	-1	0	0	0	0	0
8410825	-1	-1	0	0	0	0	0
8419827	7153808	-1	1806336	2020	0	0	2020
8427832	-1	-1	0	0	0	0	0
8437829	6194352	-1	2330624	3010	0	0	3010
8445837	-1	-1	0	0	0	0	0
8455839	4018064	-1	475136	946	0	0	1155
8464846	3916960	-1	1097728	2242	0	0	2242
8471829	-1	-1	0	0	0	0	0
8476826	-1	-1	0	0	0	0	0
8485835	5502800	-1	1902592	2766	0	0	2766
8489835	-1	-1	0	0	0	0	0
8498824	2945440	-1	688128	1869	0	0	1886
8506826	5641792	-1	1622016	2300	0	0	2300
8515821	-1	-1	0	0	0	0	0
8524837	4818552	-1	2123776	3526	0	0	3526
8532825	4496360	-1	598016	1064	0	0	1064
8540837	-1	-1	0	0	0	0	0
8547819	3785824	-1	2249728	4754	0	0	4754
8557840	4830032	-1	441344	731	0	0	731
8566836	5009808	-1	2624512	4191	0	0	4191
8574837	-1	-1	0	0	0	0	0
8583825	4080648	-1	1633280	3202	0	0	3202
8591829	-1	-1	0	0	0	0	0
8597834	5979688	-1	1807360	2418	0	0	2418
8607827	-1	-1	0	0	0	0	0
8616826	4550368	-1	2086912	3669	0	0	3669
8623822	-1	-1	0	0	0	0	0
8632828	-1	-1	106496	334	0	0	360
8641825	6533344	-1	2444288	2993	0	0	2993
8650833	3235712	-1	903168	2233	0	0	2233
8658828	-1	-1	0	0	0	0	0
8666820	1313152	-1	884736	5390	0	0	5500
8675832	5283656	-1	1624064	2459	0	0	2459
8683832	6728320	-1	899072	1069	0	0	1069
8691826	-1	-1	0	0	0	0	0
8700830	4539784	-1	1094656	1929	0	0	1929
8707850	-1	-1	0	0	0	0	0
8715840	5476120	-1	1137664	1662	0	0	1662
8723840	-1	-1	0	0	0	0	0
8732822	-1	-1	0	0	0	0	0
8741826	3723056	-1	1196032	2570	0	0	2570
8744826	5430128	-1	356352	525	0	0	525
8753825	5091120	-1	2302460	3618	0	0	3618
8754828	-1	-1	0	0	0	0	0
8763826	-1	-1	0	0	0	0	0
8773823	6758928	-1	2622464	3104	0	0	3104
8781825	-1	-1	0	0	0	0	0
8789825	5401040	-1	1987584	2944	0	0	2944
8798826	-1	-1	0	0	0	0	0
8807825	-1	-1	0	0	0	0	0
8817828	2184536	-1	450560	1650	0	0	1894
8821825	5433592	-1	2741248	4036	0	0	4036
8830828	5317616	-1	265216	399	0	0	399
8839825	6246400	-1	3123200	4000	0	0	4000
8846824	-1	-1	0	0	0	0	0
8856844	6285528	-1	2103296	2677	0	0	2677
8861844	-1	-1	0	0	0	0	0
8869845	-1	-1	0	0	0	0	0
8877844	-1	-1	0	0	0	0	0
8885826	5848056	-1	4062208	5557	0	0	5557
8893835	6349216	-1	776192	978	0	0	978
8901831	6571976	-1	1391616	1694	0	0	1694
8908832	-1	-1	0	0	0	0	0
8913824	10092048	-1	1327104	1052	0	0	1052
8922843	14108448	-1	444416	252	0	0	252
8931824	1610224	-1	678912	3373	0	0	3373
8940824	3262416	-1	510976	1253	0	0	1253
8947825	3895192	-1	824320	1693	0	0	1693
8956824	-1	-1	0	0	0	0	0
8962823	6909344	-1	998400	1156	0	0	1156
8971842	-1	-1	0	0	0	0	0
8980828	7936632	-1	1209344	1219	0	0	1219
8986829	-1	-1	0	0	0	0	0
8993840	-1	-1	0	0	0	0	0
8999825	7764424	-1	818176	843	0	0	846
9003830	-1	-1	0	0	0	0	0
9012838	-1	-1	0	0	0	0	0
9019821	9615080	-1	1591296	1324	0	0	1324
9027821	-1	-1	0	0	0	0	0
9036821	8453848	-1	694272	657	0	0	657
9041819	-1	-1	0	0	0	0	0
9050820	9171320	-1	1313792	1146	0	0	1146
9052820	-1	-1	0	0	0	0	0
9061820	-1	-1	0	0	0	0	0
9065847	-1	-1	0	0	0	0	0
9075850	7803936	-1	1873920	1921	0	0	1921
9084840	-1	-1	0	0	0	0	0
9093846	6681872	-1	1835008	2197	0	0	2197
9098825	-1	-1	0	0	0	0	0
9104834	4199120	-1	1501184	2860	0	0	2860
9114834	-1	-1	0	0	0	0	0
9123835	5320240	-1	1588092	2388	0	0	2388
9132835	-1	-1	0	0	0	0	0
9141834	6695296	-1	1461248	1746	0	0	1746
9150835	-1	-1	0	0	0	0	0
9159835	4062424	-1	371712	732	0	0	732
9168819	4793064	-1	795648	1328	0	0	1328
9169826	-1	-1	0	0	0	0	0
9178825	-1	-1	0	0	0	0	0
9187842	11227624	-1	4385792	3125	0	0	3125
9196838	-1	-1	0	0	0	0	0
9205848	9278768	-1	1381376	1191	0	0	1191
9214843	-1	-1	0	0	0	0	0
9223839	8204624	-1	665600	649	0	0	649
9232846	-1	-1	0	0	0	0	0
9239828	4414600	-1	986112	1787	0	0	1787
9249833	-1	-1	0	0	0	0	0
9255826	4896616	-1	701440	1146	0	0	1146
9263833	-1	-1	0	0	0	0	0
9272835	9038000	-1	1761280	1559	0	0	1559
9281827	-1	-1	0	0	0	0	0
9290827	8403216	-1	2077696	1978	0	0	1978
9296846	-1	-1	0	0	0	0	0
9305829	-1	-1	0	0	0	0	0
9314825	-1	-1	0	0	0	0	0
9320831	5713448	-1	3434496	4809	0	0	4809
9329825	11719112	-1	316416	216	0	0	216
9338827	9984000	-1	2036736	1632	0	0	1632
9347826	-1	-1	0	0	0	0	0
