13471	10172512	-1	3897344	3065	0	0	4813
18474	-1	-1	0	0	0	0	0
25689	9996096	-1	3200000	2561	0	0	2673
27722	-1	-1	0	0	0	0	0
36688	-1	-1	0	0	0	0	0
45697	3035128	-1	979968	2583	0	0	2647
54687	-1	-1	0	0	0	0	0
63702	6860440	-1	728064	849	0	0	849
72696	-1	-1	0	0	0	0	0
81688	12544000	-1	802816	512	0	0	512
90700	-1	-1	0	0	0	0	0
99689	19422096	-1	733184	302	0	0	330
108694	-1	-1	0	0	0	0	0
117692	11333848	-1	1100800	777	0	0	922
126697	-1	-1	0	0	0	0	0
135688	2668048	-1	1003520	3009	0	0	3009
144695	-1	-1	0	0	0	0	0
153688	-1	-1	0	0	0	0	0
155687	-1	-1	0	0	0	0	0
164695	4748312	-1	1468416	2474	0	0	2474
173688	6309136	-1	1046528	1327	0	0	1327
175689	-1	-1	0	0	0	0	0
184688	-1	-1	0	0	0	0	0
193696	-1	-1	0	0	0	0	0
197698	-1	-1	0	0	0	0	0
206692	20142008	-1	1800192	715	0	0	844
215687	-1	-1	0	0	0	0	0
224689	4333352	-1	1151588	2126	0	0	2126
233688	-1	-1	0	0	0	0	0
242689	10951640	-1	1032192	754	0	0	754
251693	-1	-1	0	0	0	0	0
260687	1594984	-1	887808	4453	0	0	4453
269694	-1	-1	0	0	0	0	0
278693	23470440	-1	1326080	452	0	0	452
287699	-1	-1	0	0	0	0	0
295697	16566496	-1	836608	404	0	0	404
304696	-1	-1	0	0	0	0	0
313693	1835032	-1	558080	2433	0	0	2433
322692	-1	-1	0	0	0	0	0
330687	11575432	-1	1156096	799	0	0	799
338688	-1	-1	0	0	0	0	776
343688	4949336	-1	920576	1488	0	0	1488
352692	-1	-1	0	0	0	0	0
361690	10919360	-1	1127424	826	0	0	826
370688	-1	-1	0	0	0	0	0
379696	-1	-1	0	0	0	0	0
384689	-1	-1	0	0	0	0	0
390695	14913440	-1	1983488	1064	0	0	1064
399687	-1	-1	0	0	0	0	0
407691	3025184	-1	967680	2559	0	0	2559
416688	-1	-1	0	0	0	0	0
425686	6628920	-1	1315840	1588	0	0	1588
431694	-1	-1	0	0	0	0	0
440688	-1	-1	0	0	0	0	0
449688	22491560	-1	1580032	562	0	0	729
453692	-1	-1	0	0	0	0	0
461688	-1	-1	0	0	0	0	0
470694	18880880	-1	1378304	584	0	0	584
479693	-1	-1	0	0	0	0	0
488687	2619192	-1	954368	2915	0	0	2915
496688	-1	-1	0	0	0	0	0
505687	17504536	-1	1183744	541	0	0	541
514689	-1	-1	0	0	0	0	0
524687	-1	-1	0	0	0	0	0
530687	-1	-1	0	0	0	0	0
536696	5949976	-1	1766400	2375	0	0	2375
545694	-1	-1	0	0	0	0	0
554692	2361464	-1	1124352	3809	0	0	3809
563690	-1	-1	0	0	0	0	0
572690	17677472	-1	1217536	551	0	0	551
581688	-1	-1	0	0	0	0	0
590693	3979384	-1	1161980	2336	0	0	2336
599697	-1	-1	0	0	0	0	0
608700	-1	-1	0	0	0	0	0
617687	7726512	-1	2583552	2675	0	0	2675
619692	-1	-1	0	0	0	0	0
628690	-1	-1	0	0	0	0	0
637693	4043432	-1	1457152	2883	0	0	2883
646691	-1	-1	0	0	0	0	0
655687	5128904	-1	1253376	1955	0	0	1955
664687	-1	-1	0	0	0	0	0
673688	4321648	-1	1804288	3340	0	0	3340
682691	-1	-1	0	0	0	0	0
691691	-1	-1	0	0	0	0	0
693690	-1	-1	0	0	0	0	0
702695	6972672	-1	3203072	3675	0	0	3675
711694	-1	-1	0	0	0	0	0
720692	-1	-1	0	0	0	0	0
729688	5772600	-1	139264	193	0	0	195
734689	12605344	-1	1748992	1110	0	0	1155
742688	-1	-1	0	0	0	0	273
747688	5043432	-1	1441792	2287	0	0	2287
756687	-1	-1	0	0	0	0	0
765689	-1	-1	0	0	0	0	0
768688	-1	-1	0	0	0	0	0
777696	5303776	-1	1562624	2357	0	0	2357
786694	-1	-1	0	0	0	0	0
795687	16542368	-1	1176576	569	0	0	569
804687	-1	-1	0	0	0	0	0
813687	-1	-1	0	0	0	0	0
822689	7075976	-1	1545216	1747	0	0	1747
823689	-1	-1	0	0	0	0	0
832687	-1	-1	0	0	0	0	0
841696	-1	-1	0	0	0	0	0
849687	-1	-1	0	0	0	0	0
858694	18536936	-1	1401856	605	0	0	725
866687	-1	-1	0	0	0	0	0
870687	-1	-1	0	0	0	0	0
879694	3572776	-1	1283072	2873	0	0	2873
880688	-1	-1	0	0	0	0	0
889693	12782504	-1	701440	439	0	0	439
890686	-1	-1	0	0	0	0	0
899700	-1	-1	0	0	0	0	0
908687	2686160	-1	885760	2638	0	0	2638
917687	-1	-1	0	0	0	0	0
926699	2279776	-1	921600	3234	0	0	3234
930690	-1	-1	0	0	0	0	0
939686	-1	-1	0	0	0	0	0
945687	-1	-1	0	0	0	0	0
954696	4195776	-1	1419220	2706	0	0	2706
963693	-1	-1	0	0	0	0	0
968692	5740344	-1	1088512	1517	0	0	1517
977687	-1	-1	0	0	0	0	0
986686	4850888	-1	1622016	2675	0	0	2675
995696	-1	-1	0	0	0	0	0
1004692	9574400	-1	1148928	960	0	0	960
1013687	-1	-1	0	0	0	0	0
1022687	7116168	-1	1300480	1462	0	0	1462
1031694	-1	-1	0	0	0	0	0
1040693	-1	-1	0	0	0	0	0
1049693	-1	-1	0	0	0	0	0
1058690	5997928	-1	1545216	2061	0	0	2061
1063687	-1	-1	0	0	0	0	0
1072687	11254824	-1	1098752	781	0	0	781
1081700	-1	-1	0	0	0	0	0
1090688	5198552	-1	1863680	2868	0	0	2868
1099688	-1	-1	0	0	0	0	0
1108686	8463584	-1	3510272	3318	0	0	3318
1117687	-1	-1	0	0	0	0	0
1126692	9117672	-1	2148352	1885	0	0	1885
1135691	-1	-1	0	0	0	0	0
1144687	4834760	-1	1809408	2994	0	0	2994
1153687	-1	-1	0	0	0	0	0
1161691	-1	-1	73728	5413	0	0	5510
1171687	7353272	-1	5476352	5958	0	0	5958
1180699	3245016	-1	1505280	3711	0	0	3711
1188692	-1	-1	0	0	0	0	0
1197687	2741168	-1	801792	2340	0	0	2340
1206688	-1	-1	0	0	0	0	0
1213692	2804640	-1	1074176	3064	0	0	3064
1219690	-1	-1	0	0	0	0	0
1228688	15898856	-1	1174528	591	0	0	591
1238699	-1	-1	0	0	0	0	0
1246688	2968624	-1	1558528	4200	0	0	4200
1253690	-1	-1	0	0	0	0	0
1259687	-1	-1	0	0	0	0	0
1264699	-1	-1	0	0	0	0	0
1273687	4490648	-1	1538048	2740	0	0	2740
1282694	-1	-1	0	0	0	0	0
1291687	13442576	-1	1001472	596	0	0	596
1300690	-1	-1	0	0	0	0	0
1309688	3602688	-1	987136	2192	0	0	2192
1318688	-1	-1	0	0	0	0	0
1327698	2098240	-1	910636	3472	0	0	3472
1336702	-1	-1	0	0	0	0	0
1345686	1710288	-1	886784	4148	0	0	4148
1354687	-1	-1	0	0	0	0	0
1363693	2265656	-1	1145856	4046	0	0	4046
1372691	-1	-1	0	0	0	0	0
1381691	1941912	-1	984064	4054	0	0	4054
1390688	-1	-1	0	0	0	0	0
1399688	2087800	-1	1060864	4065	0	0	4065
1408701	-1	-1	0	0	0	0	0
1417688	-1	-1	0	0	0	0	0
1425687	-1	-1	0	0	0	0	129
1430687	7951528	-1	1523712	1533	0	0	1533
1439687	-1	-1	0	0	0	0	0
1448694	2128568	-1	1061888	3991	0	0	3991
1457686	-1	-1	0	0	0	0	0
1466690	1123800	-1	686080	4884	0	0	4884
1475686	5957816	-1	303104	407	0	0	407
1484687	3231608	-1	922624	2284	0	0	2284
1493687	-1	-1	0	0	0	0	0
1502687	1552224	-1	881664	4544	0	0	4544
1511686	-1	-1	0	0	0	0	0
1520687	2158152	-1	1033216	3830	0	0	3830
1529689	-1	-1	0	0	0	0	0
1538687	1819152	-1	801792	3526	0	0	3526
1547690	-1	-1	0	0	0	0	0
1556688	3893488	-1	2392064	4915	0	0	4944
1565693	10912280	-1	2509824	1840	0	0	1840
1574687	2149520	-1	997376	3712	0	0	3712
1583686	-1	-1	0	0	0	0	0
1592687	3868744	-1	1464320	3028	0	0	3028
1601687	-1	-1	0	0	0	0	0
1610687	4474432	-1	1029120	1840	0	0	1840
1619690	-1	-1	0	0	0	0	0
1628690	2951128	-1	1809408	4905	0	0	4905
1636690	-1	-1	0	0	0	0	0
1645687	-1	-1	0	0	0	0	0
1652701	-1	-1	0	0	0	0	0
1659700	10241816	-1	1442816	1127	0	0	1242
1667688	-1	-1	0	0	0	0	0
1676687	1676472	-1	1028096	4906	0	0	4906
1685692	-1	-1	0	0	0	0	0
1693688	2600096	-1	802780	2470	0	0	2470
1702686	-1	-1	0	0	0	0	0
1711687	3716888	-1	973824	2096	0	0	2096
1720687	-1	-1	0	0	0	0	0
1728699	13632296	-1	1105920	649	0	0	649
1737687	-1	-1	0	0	0	0	0
1746694	8987432	-1	1006592	896	0	0	896
1755687	-1	-1	0	0	0	0	0
1764687	2534304	-1	1312768	4144	0	0	4144
1770687	-1	-1	0	0	0	0	0
1779689	-1	-1	0	0	0	0	0
1788687	1431304	-1	655360	3663	0	0	3752
1790687	3721800	-1	942080	2025	0	0	2025
1799687	11282144	-1	1114112	790	0	0	790
1808687	5656264	-1	1148928	1625	0	0	1625
1817690	-1	-1	0	0	0	0	0
1826701	5395088	-1	1139712	1690	0	0	1690
1835700	-1	-1	0	0	0	0	0
1844687	2505408	-1	1025024	3273	0	0	3273
1853694	-1	-1	0	0	0	0	0
1862692	-1	-1	0	0	0	0	0
1865687	-1	-1	0	0	0	0	0
1874687	3199752	-1	1445888	3615	0	0	3615
1883688	-1	-1	0	0	0	0	0
1892700	5654232	-1	960512	1359	0	0	1359
1901699	-1	-1	0	0	0	0	0
1910688	1365080	-1	925696	5425	0	0	5425
1919697	-1	-1	104448	90	0	0	90
1928694	5703664	-1	988160	1386	0	0	1386
1937687	-1	-1	0	0	0	0	0
1946691	12008408	-1	1759232	1172	0	0	1172
1955689	-1	-1	0	0	0	0	0
1964688	10823480	-1	6182912	4570	0	0	4570
1973704	-1	-1	0	0	0	0	0
1982688	266160	-1	180224	5417	0	0	5446
1991694	7826664	-1	4870144	4978	0	0	4978
2000687	15696240	-1	3154944	1608	0	0	1608
2009701	-1	-1	0	0	0	0	0
2018686	-1	-1	0	0	0	0	0
2027687	-1	-1	57344	1075	0	0	1092
2031687	12957976	-1	1742848	1076	0	0	1076
2040687	-1	-1	0	0	0	0	0
2049697	3324392	-1	1087908	2618	0	0	2618
2058688	-1	-1	0	0	0	0	0
2067687	2265232	-1	998400	3526	0	0	3526
2076686	-1	-1	0	0	0	0	0
2085693	5455984	-1	696320	1021	0	0	1021
2094686	-1	-1	0	0	0	0	0
2101691	6973096	-1	902144	1035	0	0	1035
2107687	-1	-1	0	0	0	0	0
2116691	13240848	-1	1095680	662	0	0	662
2125688	-1	-1	0	0	0	0	0
2134687	3245216	-1	2146304	5291	0	0	5294
2140688	9460984	-1	1374208	1162	0	0	1162
2149686	-1	-1	0	0	0	0	0
2152696	-1	-1	0	0	0	0	0
2161705	7507672	-1	1932288	2059	0	0	2193
2170699	-1	-1	0	0	0	0	0
2179687	11226536	-1	920576	656	0	0	656
2182699	-1	-1	0	0	0	0	0
2191690	-1	-1	0	0	0	0	0
2197689	-1	-1	0	0	0	0	0
2206686	3411288	-1	1994752	4678	0	0	4678
2215691	-1	-1	0	0	0	0	0
2224692	11607256	-1	2060288	1420	0	0	1420
2233687	-1	-1	0	0	0	0	0
2240694	6166752	-1	1110016	1440	0	0	1440
2249686	-1	-1	0	0	0	0	0
2258689	9493800	-1	2397184	2020	0	0	2020
2267687	-1	-1	0	0	0	0	0
2273686	4565944	-1	1785856	3129	0	0	3129
2282689	5286880	-1	1013760	1534	0	0	1534
2285687	-1	-1	0	0	0	0	0
2294688	-1	-1	0	0	0	0	0
2303688	-1	-1	0	0	0	0	0
2310700	-1	-1	0	0	0	0	0
2316688	3080032	-1	1423360	3697	0	0	3697
2323687	-1	-1	0	0	0	0	0
2328701	-1	-1	0	0	0	0	0
2334699	-1	-1	0	0	0	0	0
2342697	1381152	-1	864256	5006	0	0	5103
2351692	13775760	-1	3034112	1762	0	0	1762
2360688	6919528	-1	1971200	2279	0	0	2279
2369687	-1	-1	0	0	0	0	0
2378695	5404144	-1	1548288	2292	0	0	2292
2387687	-1	-1	0	0	0	0	0
2396694	2719216	-1	1540096	4531	0	0	4531
2403702	-1	-1	0	0	0	0	0
2412690	-1	-1	0	0	0	0	0
2421687	1280000	-1	614400	3840	0	0	3841
2423694	8260696	-1	1196768	1159	0	0	1159
2432689	-1	-1	0	0	0	0	0
2441687	1653248	-1	843776	4083	0	0	4083
2450687	-1	-1	0	0	0	0	0
2459688	-1	-1	0	0	0	0	0
2460699	-1	-1	0	0	0	0	0
2469695	3383136	-1	1902592	4499	0	0	4499
2478687	-1	-1	0	0	0	0	0
2487698	6188368	-1	1106944	1431	0	0	1431
2495687	-1	-1	0	0	0	0	0
2502689	9235888	-1	1485824	1287	0	0	1287
2511699	-1	-1	0	0	0	0	0
2520687	4294856	-1	1924096	3584	0	0	3584
2529688	-1	-1	0	0	0	0	0
2538689	1409160	-1	290816	1651	0	0	-1
2547687	-1	-1	0	0	0	0	-1
2556699	-1	-1	0	0	0	0	-1
2565687	6108872	-1	2315264	3032	0	0	-1
2574687	11195480	-1	1526784	1091	0	0	-1
2583695	-1	-1	0	0	0	0	-1
2592687	17031528	-1	1158144	544	0	0	-1
2601688	-1	-1	0	0	0	0	-1
2609673	12186144	-1	2021376	1327	0	0	26370
2618671	-1	-1	0	0	0	0	0
2627669	-1	-1	0	0	0	0	0
2636668	5802664	-1	1810432	2496	0	0	2496
2645671	-1	-1	0	0	0	0	0
2654676	2498168	-1	1235968	3958	0	0	3958
2663681	-1	-1	0	0	0	0	0
2672677	-1	-1	0	0	0	0	0
2676679	-1	-1	0	0	0	0	0
2685668	10729344	-1	1667072	1243	0	0	1243
2694673	-1	-1	0	0	0	0	0
2703669	4573576	-1	1088512	1904	0	0	1904
2712668	-1	-1	0	0	0	0	0
2721683	3774416	-1	1598464	3388	0	0	3388
2730673	-1	-1	0	0	0	0	0
2739682	2669800	-1	1182720	3544	0	0	3544
2748681	-1	-1	0	0	0	0	0
2757678	3398784	-1	1375232	3237	0	0	3237
2766674	-1	-1	0	0	0	0	0
2775682	1663944	-1	973824	4682	0	0	4682
2784670	-1	-1	0	0	0	0	0
2793680	2681888	-1	1144832	3415	0	0	3415
2802676	-1	-1	0	0	0	0	0
2811683	2303352	-1	1064724	3698	0	0	3698
2820682	-1	-1	0	0	0	0	0
2829677	4720424	-1	843776	1430	0	0	1430
2838676	-1	-1	0	0	0	0	0
2845673	3777592	-1	892928	1891	0	0	1891
2854673	-1	-1	0	0	0	0	0
2863672	13588624	-1	1433600	844	0	0	844
2872684	-1	-1	0	0	0	0	0
2881675	16340424	-1	1152000	564	0	0	564
2890681	-1	-1	0	0	0	0	0
2899669	2619552	-1	1021952	3121	0	0	3121
2909678	-1	-1	0	0	0	0	0
2916676	-1	-1	0	0	0	0	0
2925669	-1	-1	0	0	0	0	1027
2929675	-1	-1	49152	4416	0	0	4416
2938670	1577960	-1	1448960	7346	0	0	7346
2947670	13985584	-1	919552	526	0	0	526
2956682	-1	-1	0	0	0	0	0
2965672	3304664	-1	874496	2117	0	0	2117
2974669	-1	-1	0	0	0	0	0
2983672	2504352	-1	1091584	3487	0	0	3487
2992676	-1	-1	0	0	0	0	0
3001669	2921088	-1	1062912	2911	0	0	2911
3010667	-1	-1	0	0	0	0	0
3019667	3345888	-1	1011712	2419	0	0	2419
3028675	-1	-1	0	0	0	0	0
3037679	3490800	-1	942080	2159	0	0	2159
3046667	-1	-1	0	0	0	0	0
3056672	2374152	-1	941056	3171	0	0	3171
3063669	-1	-1	0	0	0	0	0
3072678	9833968	-1	1128448	918	0	0	918
3080678	-1	-1	0	0	0	0	0
3089683	6324576	-1	1102848	1395	0	0	1395
3098682	-1	-1	0	0	0	0	0
3107677	3098008	-1	975872	2520	0	0	2520
3116667	-1	-1	0	0	0	0	0
3125679	8225536	-1	1004544	977	0	0	977
3134682	-1	-1	0	0	0	0	0
3143670	3494960	-1	964608	2208	0	0	2208
3152672	-1	-1	0	0	0	0	0
3161679	2102456	-1	939008	3573	0	0	3573
3170678	-1	-1	0	0	0	0	0
3179671	1618552	-1	928848	4591	0	0	4591
3188676	-1	-1	0	0	0	0	0
3197677	2748080	-1	969728	2823	0	0	2823
3206673	-1	-1	0	0	0	0	0
3215677	5672512	-1	1586176	2237	0	0	2237
3224672	-1	-1	0	0	0	0	0
3233683	9803904	-1	1363968	1113	0	0	1113
3242668	-1	-1	0	0	0	0	0
3250680	-1	-1	0	0	0	0	0
3255669	-1	-1	0	0	0	0	0
3262681	8200000	-1	2098176	2047	0	0	2059
3271668	-1	-1	0	0	0	0	0
3278667	-1	-1	0	0	0	0	0
3283676	-1	-1	0	0	0	0	0
3289668	15126456	-1	2155520	1140	0	0	1248
3298669	-1	-1	0	0	0	0	0
3306675	7318680	-1	1827840	1998	0	0	1998
3316670	-1	-1	0	0	0	0	0
3324672	13542968	-1	1298432	767	0	0	767
3334679	-1	-1	0	0	0	0	0
3344682	4926632	-1	1235968	2007	0	0	2007
3349673	-1	-1	0	0	0	0	0
3358668	6412776	-1	867328	1082	0	0	1082
3365674	-1	-1	0	0	0	0	0
3372678	1830144	-1	987136	4315	0	0	4315
3379669	-1	-1	0	0	0	0	0
3385680	14938352	-1	1047552	561	0	0	561
3394675	-1	-1	0	0	0	0	0
3403668	6653168	-1	1053696	1267	0	0	1267
3412678	-1	-1	0	0	0	0	0
3420678	-1	-1	0	0	0	0	0
3422669	-1	-1	0	0	0	0	0
3431677	3841512	-1	1298432	2704	0	0	2704
3440678	-1	-1	0	0	0	0	0
3449673	7690744	-1	1099776	1144	0	0	1144
3458675	-1	-1	0	0	0	0	0
3467680	-1	-1	0	0	0	0	0
3476678	4821688	-1	1520640	2523	0	0	2562
3479672	-1	-1	0	0	0	0	0
3488673	-1	-1	0	0	0	0	0
3497673	10436088	-1	980992	752	0	0	752
3506670	-1	-1	0	0	0	0	0
3515667	3889128	-1	914432	1881	0	0	1881
3524668	-1	-1	0	0	0	0	0
3533677	2790480	-1	815168	2337	0	0	2337
3542671	-1	-1	0	0	0	0	0
3551681	2286080	-1	926720	3243	0	0	3243
3560678	-1	-1	0	0	0	0	0
3569676	4678920	-1	924672	1581	0	0	1581
3578682	-1	-1	0	0	0	0	0
3587670	3859480	-1	893952	1853	0	0	1853
3596671	-1	-1	0	0	0	0	0
3605676	10777744	-1	964608	716	0	0	716
