8468764	2604464	-1	1803264	5539	0	0	11281
8475769	3981160	-1	798720	1605	0	0	1605
8483757	-1	-1	0	0	0	0	0
8493765	7573352	-1	1917952	2026	0	0	2026
8500762	-1	-1	0	0	0	0	0
8509800	-1	-1	0	0	0	0	0
8517756	-1	-1	0	0	0	0	0
8523768	7402736	-1	2506752	2709	0	0	2709
8532766	-1	-1	0	0	0	0	0
8540763	-1	-1	0	0	0	0	0
8548760	-1	-1	32768	348	0	0	404
8553763	7626256	-1	2760704	2896	0	0	2896
8558768	-1	-1	0	0	0	0	0
8567764	-1	-1	0	0	0	0	0
8575765	-1	-1	0	0	0	0	0
8583766	5846096	-1	1763328	2413	0	0	2603
8588757	-1	-1	0	0	0	0	0
8596763	4746160	-1	1345536	2268	0	0	2268
8605767	-1	-1	0	0	0	0	0
8612763	5607864	-1	966656	1379	0	0	1379
8620895	-1	-1	0	0	0	0	193
8625765	5731984	-1	1214464	1695	0	0	1695
8634792	-1	-1	0	0	0	0	0
8639756	5567920	-1	1640448	2357	0	0	2357
8646760	-1	-1	0	0	0	0	0
8654763	-1	-1	0	0	0	0	0
8663757	4905896	-1	1296384	2114	0	0	2114
8666784	-1	-1	0	0	0	0	0
8674096	8096984	-1	2007040	1983	0	0	1983
8677765	-1	-1	0	0	0	0	0
8686766	7647640	-1	589824	617	0	0	692
8691764	8581272	-1	2031616	1894	0	0	1894
8700768	-1	-1	0	0	0	0	0
8710764	6006848	-1	1323008	1762	0	0	1762
8719764	-1	-1	0	0	0	0	0
8724763	-1	-1	0	0	0	0	0
8732796	-1	-1	0	0	0	0	686
8737767	6341064	-1	2224128	2806	0	0	2806
8743787	-1	-1	0	0	0	0	0
8750764	-1	-1	0	0	0	0	0
8757764	-1	-1	0	0	0	0	0
8764760	6476944	-1	2988300	3691	0	0	3691
8772772	-1	-1	0	0	0	0	0
8780770	-1	-1	0	0	0	0	0
8788762	-1	-1	0	0	0	0	0
8797764	7695296	-1	2189312	2276	0	0	2276
8805764	-1	-1	0	0	0	0	0
8814764	6444160	-1	1242112	1542	0	0	1542
8824918	-1	-1	0	0	0	0	273
8829767	8135112	-1	2342912	2304	0	0	2304
8838760	-1	-1	0	0	0	0	0
8847759	-1	-1	0	0	0	0	0
8850764	-1	-1	0	0	0	0	0
8857764	8354216	-1	2531328	2424	0	0	2424
8867763	-1	-1	0	0	0	0	0
8875766	7930928	-1	1150976	1161	0	0	1161
8882756	-1	-1	0	0	0	0	0
8891765	6773472	-1	1173504	1386	0	0	1386
8898790	-1	-1	0	0	0	0	0
8908765	8113736	-1	955392	942	0	0	942
8916761	-1	-1	0	0	0	0	0
8922770	8608056	-1	614400	571	0	0	609
8929764	-1	-1	0	0	0	0	0
8938764	7550944	-1	1145856	1214	0	0	1214
8947764	-1	-1	0	0	0	0	0
8954763	7181808	-1	1397760	1557	0	0	1557
8963768	-1	-1	0	0	0	0	0
8969765	7308008	-1	1362944	1492	0	0	1492
8977763	-1	-1	0	0	0	0	0
8986763	-1	-1	0	0	0	0	0
8994773	7499720	-1	1664000	1775	0	0	1899
8998764	10004168	-1	1650688	1320	0	0	1320
9004765	-1	-1	0	0	0	0	0
9013764	-1	-1	0	0	0	0	0
9022027	-1	-1	0	0	0	0	361
9026763	9501248	-1	2110464	1777	0	0	1777
9032758	-1	-1	0	0	0	0	0
9041763	9301416	-1	1184768	1019	0	0	1019
9049764	-1	-1	0	0	0	0	0
9056760	7505288	-1	2215936	2362	0	0	2362
9063761	-1	-1	0	0	0	0	0
9072764	-1	-1	0	0	0	0	0
9080764	-1	-1	0	0	0	0	0
9088763	9177224	-1	3271680	2852	0	0	2852
9098771	-1	-1	0	0	0	0	0
9104763	7093208	-1	667648	753	0	0	753
9111760	-1	-1	0	0	0	0	0
9120778	9104856	-1	2359296	2073	0	0	2073
9129769	-1	-1	0	0	0	0	0
9139758	10054032	-1	2172928	1729	0	0	1729
9147763	-1	-1	0	0	0	0	0
9156776	-1	-1	0	0	0	0	0
9161765	-1	-1	0	0	0	0	0
9168765	7889512	-1	2270208	2302	0	0	2302
9173764	-1	-1	0	0	0	0	0
9182758	-1	-1	0	0	0	0	0
9187765	-1	-1	0	0	0	0	0
9194764	8112384	-1	1982464	1955	0	0	2221
9203764	-1	-1	0	0	0	0	0
9213757	7438512	-1	869376	935	0	0	1052
9219778	7519928	-1	423936	451	0	0	617
9224762	11117712	-1	486400	350	0	0	350
9230774	-1	-1	0	0	0	0	0
9235782	-1	-1	0	0	0	0	0
9245903	9167416	-1	1280000	1117	0	0	1360
9249765	-1	-1	0	0	0	0	0
9256770	-1	-1	0	0	0	0	0
9264764	8218176	-1	2250752	2191	0	0	2191
9273763	-1	-1	0	0	0	0	0
9282763	-1	-1	0	0	0	0	0
9284763	-1	-1	0	0	0	0	0
9392988	6668600	-1	2980864	3576	0	0	29154
9399985	-1	-1	0	0	0	0	0
9407981	8777144	-1	2611200	2380	0	0	2380
9417993	-1	-1	0	0	0	0	0
9424996	9177424	-1	1735680	1513	0	0	1513
9433997	-1	-1	0	0	0	0	0
9441981	8128216	-1	2087936	2055	0	0	2055
9448988	-1	-1	0	0	0	0	0
9457987	-1	-1	0	0	0	0	0
9464987	-1	-1	0	0	0	0	0
9471983	9129840	-1	1993728	1747	0	0	1747
9480987	-1	-1	0	0	0	0	0
9487988	7305368	-1	1198080	1312	0	0	1312
9495983	-1	-1	0	0	0	0	0
9503993	9265272	-1	1997824	1725	0	0	1725
9512985	-1	-1	0	0	0	0	0
9522984	-1	-1	0	0	0	0	0
9530981	-1	-1	0	0	0	0	0
9538989	8198352	-1	2642944	2579	0	0	2579
9547993	-1	-1	0	0	0	0	0
9556989	-1	-1	0	0	0	0	0
9566049	3985768	-1	703488	1412	0	0	1774
9569988	11728440	-1	1073152	732	0	0	732
9578988	7049496	-1	1187840	1348	0	0	1348
9580987	-1	-1	0	0	0	0	0
9589981	-1	-1	0	0	0	0	0
9594995	-1	-1	0	0	0	0	0
9603980	9070880	-1	1712128	1510	0	0	1671
9607992	12636984	-1	352256	223	0	0	223
9614989	-1	-1	0	0	0	0	0
9623991	8817048	-1	2311168	2097	0	0	2633
9633989	-1	-1	0	0	0	0	0
9642988	5933152	-1	1656832	2234	0	0	2234
9650987	-1	-1	0	0	0	0	0
9660000	8108264	-1	1784832	1761	0	0	1761
9667993	-1	-1	0	0	0	0	0
9675999	-1	-1	0	0	0	0	0
9682988	-1	-1	0	0	0	0	0
9691993	6525712	-1	2739168	3358	0	0	3358
9698982	-1	-1	0	0	0	0	0
9706983	6937368	-1	1443840	1665	0	0	1665
9716987	-1	-1	0	0	0	0	0
9725004	6731456	-1	1278976	1520	0	0	1520
9733992	-1	-1	0	0	0	0	0
9742981	-1	-1	0	0	0	0	0
9752214	8394352	-1	4035584	3846	0	0	3846
9753981	-1	-1	0	0	0	0	0
9760983	-1	-1	0	0	0	0	0
9769992	-1	-1	0	0	0	0	0
9779986	-1	-1	0	0	0	0	0
9787097	9908264	-1	3830784	3093	0	0	3093
9794989	-1	-1	0	0	0	0	0
9803980	8381408	-1	3262464	3114	0	0	3114
9813989	-1	-1	0	0	0	0	0
9821988	6781832	-1	1600512	1888	0	0	1888
9828987	-1	-1	0	0	0	0	0
9838002	7645192	-1	1546240	1618	0	0	1618
9842986	-1	-1	0	0	0	0	0
9850983	-1	-1	0	0	0	0	0
9856993	-1	-1	0	0	0	0	0
9865982	8657648	-1	2570240	2375	0	0	2375
9874987	-1	-1	0	0	0	0	0
9883987	6325952	-1	1183744	1497	0	0	1497
9891979	-1	-1	0	0	0	0	0
9897988	7795904	-1	886784	910	0	0	910
9905986	-1	-1	0	0	0	0	0
9915987	6730280	-1	1084416	1289	0	0	1289
9923995	-1	-1	0	0	0	0	0
9930994	6456848	-1	1025024	1270	0	0	1270
9938983	-1	-1	0	0	0	0	0
9945986	8887696	-1	1164288	1048	0	0	1048
9951998	-1	-1	0	0	0	0	0
9962002	8028816	-1	1763328	1757	0	0	1757
9969986	-1	-1	0	0	0	0	0
9979001	7704640	-1	1100800	1143	0	0	1143
9982995	-1	-1	0	0	0	0	0
9991981	8487344	-1	1677312	1581	0	0	1581
9998996	-1	-1	0	0	0	0	0
10007990	7247656	-1	966656	1067	0	0	1067
10012987	-1	-1	0	0	0	0	0
10021988	9907888	-1	2382848	1924	0	0	1924
10030994	-1	-1	0	0	0	0	0
10037980	-1	-1	0	0	0	0	0
10043989	-1	-1	0	0	0	0	0
10051979	8727600	-1	4071424	3732	0	0	3732
10061999	-1	-1	0	0	0	0	0
10070995	-1	-1	0	0	0	0	0
10076061	-1	-1	0	0	0	0	160
10080989	6550248	-1	1601536	1956	0	0	1956
10090987	-1	-1	0	0	0	0	0
10096987	8121808	-1	1658880	1634	0	0	1634
10105981	-1	-1	0	0	0	0	0
10115988	7056720	-1	1769472	2006	0	0	2006
10120987	-1	-1	0	0	0	0	0
10129996	6114960	-1	916480	1199	0	0	1199
10139987	-1	-1	0	0	0	0	0
10146980	7359184	-1	941056	1023	0	0	1023
10152997	-1	-1	0	0	0	0	0
10159987	-1	-1	0	0	0	0	0
10166986	-1	-1	0	0	0	0	0
10175987	5992704	-1	1247232	1665	0	0	1665
10183131	4566328	-1	1297408	2273	0	0	2273
10185994	-1	-1	0	0	0	0	0
10194987	-1	-1	0	0	0	0	0
10203986	8253968	-1	1363968	1322	0	0	1322
10207986	-1	-1	0	0	0	0	0
10303101	6760864	-1	2244608	2656	0	0	24487
10310092	12081336	-1	2484224	1645	0	0	1645
10319091	-1	-1	0	0	0	0	0
10328092	9543256	-1	1157120	970	0	0	970
10335091	-1	-1	0	0	0	0	0
10344092	-1	-1	0	0	0	0	0
10348091	-1	-1	0	0	0	0	0
10355103	9785712	-1	2376704	1943	0	0	1943
10364092	-1	-1	0	0	0	0	0
10370110	10588704	-1	1655808	1251	0	0	1251
10379107	-1	-1	0	0	0	0	0
10387089	7381736	-1	1268736	1375	0	0	1375
10394101	-1	-1	0	0	0	0	0
10400104	-1	-1	0	0	0	0	0
10406094	-1	-1	0	0	0	0	0
10414095	9055432	-1	2180096	1926	0	0	2082
10423093	-1	-1	0	0	0	0	0
10430093	5144304	-1	1246208	1938	0	0	1938
10439107	-1	-1	0	0	0	0	0
10449095	8009168	-1	3005440	3002	0	0	3002
10458093	-1	-1	0	0	0	0	0
10465092	7272304	-1	1659904	1826	0	0	1826
10474144	-1	-1	0	0	0	0	0
10479095	-1	-1	0	0	0	0	0
10488091	-1	-1	0	0	0	0	0
10495094	7709888	-1	2030592	2107	0	0	2107
10504118	7135392	-1	1120256	1256	0	0	1256
10508094	13181512	-1	762880	463	0	0	463
10517091	-1	-1	0	0	0	0	0
10520105	-1	-1	0	0	0	0	0
10527102	-1	-1	0	0	0	0	0
10536109	9152872	-1	3618816	3163	0	0	3163
10546092	-1	-1	0	0	0	0	0
10554092	8199272	-1	2310144	2254	0	0	2254
10562118	-1	-1	0	0	0	0	0
10569092	8643232	-1	1647616	1525	0	0	1525
10576093	-1	-1	0	0	0	0	0
10586091	7639000	-1	977792	1024	0	0	1189
10593100	-1	-1	0	0	0	0	0
10602091	8601760	-1	2686976	2499	0	0	2499
10605091	-1	-1	0	0	0	0	0
10614095	7202760	-1	2758656	3064	0	0	3064
10623092	-1	-1	0	0	0	0	0
10629093	5924808	-1	1370112	1850	0	0	1850
10639091	-1	-1	0	0	0	0	0
10649095	-1	-1	0	0	0	0	0
10657130	8377288	-1	2824192	2697	0	0	2697
10659107	-1	-1	0	0	0	0	0
10668093	-1	-1	0	0	0	0	0
10677097	-1	-1	0	0	0	0	0
10686098	-1	-1	0	0	0	0	0
10693094	7536832	-1	3180544	3376	0	0	3376
10703094	-1	-1	0	0	0	0	0
10711104	-1	-1	0	0	0	0	0
10715101	-1	-1	0	0	0	0	0
10724091	9686288	-1	1679360	1387	0	0	1387
10727091	-1	-1	0	0	0	0	0
10735092	6184840	-1	1085440	1404	0	0	1404
10744295	10412544	-1	1421312	1092	0	0	1098
10748087	10338928	-1	1257472	973	0	0	973
10755091	-1	-1	0	0	0	0	0
10761090	-1	-1	0	0	0	0	0
10769109	-1	-1	0	0	0	0	0
10776091	8834264	-1	2183168	1977	0	0	1977
10780090	-1	-1	0	0	0	0	0
10789093	-1	-1	0	0	0	0	0
10797225	4460088	-1	903168	1620	0	0	1856
10801091	10295352	-1	1428480	1110	0	0	1110
10811118	-1	-1	0	0	0	0	0
10820212	7106808	-1	1233920	1389	0	0	1389
10830106	-1	-1	0	0	0	0	0
10837096	8137080	-1	1972224	1939	0	0	1939
10846100	-1	-1	0	0	0	0	0
10856091	-1	-1	0	0	0	0	0
10863181	9314440	-1	2107392	1810	0	0	1842
10867091	12631936	-1	206848	131	0	0	131
10874092	-1	-1	0	0	0	0	0
10884098	7091800	-1	2013184	2271	0	0	2271
10891095	-1	-1	0	0	0	0	0
10897092	6153480	-1	1329152	1728	0	0	1728
10903092	-1	-1	0	0	0	0	0
10912096	10025016	-1	907264	724	0	0	724
10920091	-1	-1	0	0	0	0	0
10928090	8227416	-1	1665024	1619	0	0	1619
10937091	-1	-1	0	0	0	0	0
10944111	9480312	-1	2079744	1755	0	0	1755
10953091	-1	-1	0	0	0	0	0
10961095	-1	-1	0	0	0	0	0
10968095	-1	-1	0	0	0	0	0
10975091	7681864	-1	2374656	2473	0	0	2513
10978091	-1	-1	0	0	0	0	0
10988091	5904144	-1	1228800	1665	0	0	1665
10998092	-1	-1	0	0	0	0	0
11007158	6075256	-1	1199104	1579	0	0	1579
11016091	-1	-1	0	0	0	0	0
11026094	7292160	-1	2157568	2367	0	0	2367
11033090	-1	-1	0	0	0	0	0
11042091	-1	-1	0	0	0	0	0
11051089	-1	-1	0	0	0	0	0
11059200	6666120	-1	1686528	2024	0	0	2037
11069090	-1	-1	0	0	0	0	0
11076102	6474448	-1	837632	1035	0	0	1035
11083097	-1	-1	0	0	0	0	0
11092092	8054584	-1	1560576	1550	0	0	1550
11101091	-1	-1	0	0	0	0	0
11110091	-1	-1	0	0	0	0	0
11212856	-1	-1	0	0	0	0	25606
11219852	9074168	-1	3275776	2888	0	0	2888
11228854	-1	-1	0	0	0	0	0
11238861	6738968	-1	1154048	1370	0	0	1370
11244852	-1	-1	0	0	0	0	0
11253852	8175368	-1	1006592	985	0	0	985
11261851	-1	-1	0	0	0	0	0
11270862	8645848	-1	1170432	1083	0	0	1083
11280851	-1	-1	0	0	0	0	0
11288853	8899856	-1	1145856	1030	0	0	1036
11292849	-1	-1	0	0	0	0	0
11301852	6031392	-1	877568	1164	0	0	1164
11311851	-1	-1	0	0	0	0	0
11318853	7154872	-1	1116160	1248	0	0	1248
11327851	-1	-1	0	0	0	0	0
11334851	6676096	-1	1339392	1605	0	0	1605
11342851	-1	-1	0	0	0	0	0
11349852	8755736	-1	1256448	1148	0	0	1148
11358852	-1	-1	0	0	0	0	0
11367852	-1	-1	0	0	0	0	0
11374852	-1	-1	0	0	0	0	0
11382851	6728240	-1	1633280	1942	0	0	1942
11390888	-1	-1	0	0	0	0	0
11397849	7498560	-1	1959936	2091	0	0	2091
11404853	-1	-1	0	0	0	0	0
11414853	-1	-1	0	0	0	0	0
11424110	8615728	-1	1873920	1740	0	0	2131
11427857	11437224	-1	667648	467	0	0	467
11435853	-1	-1	0	0	0	0	0
11444940	-1	-1	0	0	0	0	0
11448852	-1	-1	0	0	0	0	0
11455852	7314952	-1	2007040	2195	0	0	2195
11462852	-1	-1	0	0	0	0	0
11472851	-1	-1	0	0	0	0	0
11481851	-1	-1	0	0	0	0	0
11489853	7206584	-1	1243136	1380	0	0	1877
11496855	-1	-1	0	0	0	0	0
11504105	5567480	-1	1661196	2387	0	0	2387
11512861	-1	-1	0	0	0	0	0
11521851	-1	-1	0	0	0	0	0
11529864	-1	-1	0	0	0	0	0
11536851	5429744	-1	1173504	1729	0	0	1765
11541000	-1	-1	0	0	0	0	0
11546851	7597720	-1	1034240	1089	0	0	1089
11555855	-1	-1	0	0	0	0	0
11563851	8027688	-1	2101248	2094	0	0	2094
11571852	-1	-1	0	0	0	0	0
11580851	8925216	-1	3103744	2782	0	0	2782
11589851	-1	-1	0	0	0	0	0
11596851	-1	-1	0	0	0	0	0
11605854	4321056	-1	196608	364	0	0	390
11610851	11692216	-1	2733056	1870	0	0	1870
11617850	-1	-1	0	0	0	0	0
11625860	10344584	-1	2785280	2154	0	0	2154
11633850	-1	-1	0	0	0	0	0
11641852	-1	-1	0	0	0	0	0
11649069	5290848	-1	614400	929	0	0	934
11653851	12031192	-1	3334144	2217	0	0	2451
11662886	-1	-1	0	0	0	0	0
11672852	9160040	-1	3226624	2818	0	0	2818
11680851	-1	-1	0	0	0	0	0
11689851	-1	-1	0	0	0	0	0
11698849	-1	-1	0	0	0	0	0
11705862	6249184	-1	2585600	3310	0	0	3310
11712857	-1	-1	0	0	0	0	0
11720876	-1	-1	0	0	0	0	0
11727885	-1	-1	0	0	0	0	214
11732851	8575616	-1	2128896	1986	0	0	1986
11738851	-1	-1	0	0	0	0	0
11748851	8372480	-1	1947648	1861	0	0	1861
11757851	-1	-1	0	0	0	0	0
11763860	6294496	-1	1338368	1701	0	0	1701
11769850	-1	-1	0	0	0	0	0
11778849	9726320	-1	2220032	1826	0	0	1826
11787871	-1	-1	0	0	0	0	0
11797851	-1	-1	0	0	0	0	0
11801851	-1	-1	0	0	0	0	0
11810950	7830072	-1	3212288	3282	0	0	3282
11819850	-1	-1	0	0	0	0	0
11826848	9868528	-1	3339264	2707	0	0	2707
11834850	-1	-1	0	0	0	0	0
11840977	-1	-1	0	0	0	0	0
11848855	-1	-1	0	0	0	0	17
11853859	7732520	-1	3222528	3334	0	0	3375
11862851	-1	-1	0	0	0	0	0
11868848	7197144	-1	948224	1054	0	0	1054
11875850	-1	-1	0	0	0	0	0
11884850	6965656	-1	872448	1002	0	0	1002
11889855	-1	-1	0	0	0	0	0
11898851	4328264	-1	811008	1499	0	0	1499
11907861	-1	-1	0	0	0	0	0
11916858	7486992	-1	1544192	1650	0	0	1650
11925852	-1	-1	0	0	0	0	0
11933857	6544648	-1	748544	915	0	0	915
11938854	-1	-1	0	0	0	0	0
11947860	8737376	-1	787456	721	0	0	721
11957848	7534448	-1	1126400	1196	0	0	1196
11961847	-1	-1	0	0	0	0	0
11969911	-1	-1	0	0	0	0	0
11974851	-1	-1	0	0	0	0	0
11981851	-1	-1	0	0	0	0	0
11988850	6977552	-1	1941504	2226	0	0	2226
11996858	-1	-1	0	0	0	0	0
12003851	-1	-1	0	0	0	0	0
12009861	-1	-1	0	0	0	0	158
12014851	9001424	-1	1696768	1508	0	0	1508
12023850	-1	-1	0	0	0	0	0
12032851	-1	-1	0	0	0	0	0
12168177	5999568	-1	2073600	2765	0	0	28294
12176179	-1	-1	0	0	0	0	0
12185185	9803200	-1	1918976	1566	0	0	1566
12194174	-1	-1	0	0	0	0	0
12201312	-1	-1	0	0	0	0	0
12210205	8771784	-1	2153472	1964	0	0	2051
12213180	7394552	-1	208896	226	0	0	226
12221181	-1	-1	0	0	0	0	0
12230183	-1	-1	0	0	0	0	0
12239179	-1	-1	0	0	0	0	0
12247179	7844600	-1	2150400	2193	0	0	2221
12251184	-1	-1	0	0	0	0	0
12258179	9930624	-1	994304	801	0	0	801
12267179	-1	-1	0	0	0	0	0
12275180	7835288	-1	1934336	1975	0	0	1975
12279179	-1	-1	0	0	0	0	0
12288177	10935920	-1	3097600	2266	0	0	2266
12297179	-1	-1	0	0	0	0	0
12305175	-1	-1	0	0	0	0	0
12315179	-1	-1	0	0	0	0	0
12321176	7751080	-1	1926144	1988	0	0	2000
12327179	-1	-1	0	0	0	0	0
12335179	8368176	-1	1556480	1488	0	0	1488
12344180	-1	-1	0	0	0	0	0
12354179	8209552	-1	2395136	2334	0	0	2334
12364179	-1	-1	0	0	0	0	0
12365185	-1	-1	0	0	0	0	0
12374183	-1	-1	0	0	0	0	0
12382178	8694912	-1	2266112	2085	0	0	2174
12392180	-1	-1	24576	160	0	0	221
12397180	9947080	-1	2095104	1685	0	0	1685
12404180	-1	-1	0	0	0	0	0
12413182	8693664	-1	1614848	1486	0	0	1486
12423178	-1	-1	0	0	0	0	0
12432218	9634360	-1	3180544	2641	0	0	2641
12442184	-1	-1	0	0	0	0	0
12451185	-1	-1	0	0	0	0	0
12458180	-1	-1	0	0	0	0	0
12467180	6679088	-1	3301976	3955	0	0	3955
12477194	-1	-1	0	0	0	0	0
12486179	7523680	-1	1521664	1618	0	0	1618
12494179	-1	-1	0	0	0	0	0
12501231	5540000	-1	1418240	2048	0	0	2048
12510313	-1	-1	0	0	0	0	0
12519178	-1	-1	0	0	0	0	0
12525179	-1	-1	0	0	0	0	0
12534179	5394568	-1	2509824	3722	0	0	3722
12540190	-1	-1	0	0	0	0	0
12549272	7304368	-1	1912832	2095	0	0	2095
12559178	-1	-1	0	0	0	0	0
12567197	8180208	-1	2130944	2084	0	0	2084
12577187	-1	-1	0	0	0	0	0
12584179	6397400	-1	1971200	2465	0	0	2465
12592179	-1	-1	0	0	0	0	0
12598191	-1	-1	0	0	0	0	0
12608259	-1	-1	8192	516	0	0	634
12613178	8508816	-1	2310144	2172	0	0	2172
12619186	-1	-1	0	0	0	0	0
12628178	6621496	-1	2456576	2968	0	0	2968
12631176	-1	-1	0	0	0	0	0
12640179	-1	-1	0	0	0	0	0
12648179	-1	-1	0	0	0	0	0
12657179	7748464	-1	2361344	2438	0	0	2553
12666178	-1	-1	0	0	0	0	0
12672302	7759008	-1	1596416	1646	0	0	1646
12682177	-1	-1	0	0	0	0	0
12689226	8278816	-1	2734080	2642	0	0	2642
12699175	-1	-1	0	0	0	0	0
12709181	5520208	-1	1504256	2180	0	0	2180
12718179	-1	-1	0	0	0	0	0
12728174	5924504	-1	794624	1073	0	0	1073
12736185	-1	-1	0	0	0	0	0
12743186	4160736	-1	723968	1392	0	0	1392
12751179	-1	-1	0	0	0	0	0
12758180	6495456	-1	1670144	2057	0	0	2057
12765178	-1	-1	0	0	0	0	0
12774184	6556592	-1	1346560	1643	0	0	1643
12782186	-1	-1	0	0	0	0	0
12791178	-1	-1	0	0	0	0	0
12800197	6307456	-1	1175552	1491	0	0	1491
12803178	-1	-1	0	0	0	0	0
12813178	5274456	-1	472064	716	0	0	907
12817179	5814856	-1	651264	896	0	0	896
12823176	-1	-1	0	0	0	0	0
12830177	6867544	-1	1720320	2004	0	0	2004
12835178	-1	-1	0	0	0	0	0
12845180	6796192	-1	1141760	1344	0	0	1344
12854179	-1	-1	0	0	0	0	0
12861188	-1	-1	0	0	0	0	0
12868175	-1	-1	0	0	0	0	0
12876186	5876792	-1	1728512	2353	0	0	2409
12884180	2980080	-1	236544	635	0	0	635
12889179	11765960	-1	600064	408	0	0	408
12896178	-1	-1	49152	337	0	0	352
12901179	8038672	-1	1127424	1122	0	0	1122
12910179	-1	-1	0	0	0	0	0
12918175	4823576	-1	1099776	1824	0	0	1824
12927177	-1	-1	0	0	0	0	0
12936178	3563752	-1	551936	1239	0	0	1239
12945176	3318280	-1	163840	395	0	0	399
12950181	7137400	-1	1164288	1305	0	0	1305
12956180	-1	-1	0	0	0	0	0
12965179	-1	-1	0	0	0	0	0
12970179	-1	-1	0	0	0	0	0
12980178	8960352	-1	2436096	2175	0	0	2175
12989175	-1	-1	0	0	0	0	0
12998178	-1	-1	0	0	0	0	0
13000174	-1	-1	0	0	0	0	0
13125564	3822112	-1	2543616	5324	0	0	30210
13132586	-1	-1	0	0	0	0	0
13140579	5636192	-1	1463296	2077	0	0	2077
13150563	-1	-1	0	0	0	0	0
13157564	7443408	-1	1792000	1926	0	0	1926
13166561	-1	-1	0	0	0	0	0
13174563	8192000	-1	948224	926	0	0	926
13181560	-1	-1	0	0	0	0	0
13190560	4090040	-1	1053696	2061	0	0	2061
13200636	3477952	-1	463872	1067	0	0	1292
13204564	7819120	-1	708608	725	0	0	725
13213572	-1	-1	0	0	0	0	0
13217563	-1	-1	0	0	0	0	0
13225563	6867904	-1	1534976	1788	0	0	1935
13228563	15717984	-1	483328	246	0	0	246
13237564	-1	-1	0	0	0	0	0
13245564	-1	-1	0	0	0	0	0
13252564	-1	-1	0	0	0	0	0
13259562	6707848	-1	1531904	1827	0	0	1909
13265564	-1	-1	0	0	0	0	0
13272568	6766072	-1	1467392	1735	0	0	1735
13280563	-1	-1	0	0	0	0	0
13288570	5645016	-1	1332224	1888	0	0	1888
13295565	-1	-1	0	0	0	0	0
13301563	5928152	-1	892928	1205	0	0	1205
13309557	-1	-1	0	0	0	0	0
13317562	7026728	-1	1025024	1167	0	0	1167
13326575	-1	-1	0	0	0	0	0
13333565	6680384	-1	2104320	2520	0	0	2520
13343565	-1	-1	0	0	0	0	0
13350566	-1	-1	0	0	0	0	0
13360564	-1	-1	0	0	0	0	0
13366559	8785072	-1	2593792	2362	0	0	2362
13372563	-1	-1	0	0	0	0	0
13378558	-1	-1	0	0	0	0	0
13383564	-1	-1	0	0	0	0	0
13392563	8845456	-1	2661376	2407	0	0	2713
13402563	-1	-1	0	0	0	0	0
13410563	4222104	-1	835976	1584	0	0	1584
13417563	-1	-1	0	0	0	0	0
13426563	5640208	-1	2023424	2870	0	0	2870
13435593	-1	-1	0	0	0	0	0
13443563	6930904	-1	1384448	1598	0	0	1598
13451563	-1	-1	0	0	0	0	0
13459563	8577184	-1	1618944	1510	0	0	1510
13465567	-1	-1	0	0	0	0	0
13473563	-1	-1	0	0	0	0	0
13481563	6214464	-1	1422336	1831	0	0	1831
13484562	-1	-1	0	0	0	0	0
13493639	6020264	-1	610304	811	0	0	936
13497570	9665288	-1	779264	645	0	0	645
13507563	-1	-1	0	0	0	0	0
13514573	8849408	-1	2122752	1919	0	0	1919
13523562	-1	-1	0	0	0	0	0
13532572	9259200	-1	1563648	1351	0	0	1351
13540580	-1	-1	0	0	0	0	0
13549563	5992048	-1	1352704	1806	0	0	1806
13558558	-1	-1	0	0	0	0	0
13567565	8024728	-1	1915904	1910	0	0	1910
13577563	-1	-1	0	0	0	0	0
13586563	-1	-1	0	0	0	0	0
13595574	-1	-1	0	0	0	0	0
13603563	7709720	-1	2340864	2429	0	0	2429
13612569	-1	-1	0	0	0	0	0
13621563	-1	-1	0	0	0	0	0
13629563	-1	-1	0	0	0	0	0
13636574	7222064	-1	2821120	3125	0	0	3125
13645573	-1	-1	0	0	0	0	0
13655557	-1	-1	0	0	0	0	0
13659571	-1	-1	0	0	0	0	0
13668567	8568000	-1	3616768	3377	0	0	3377
13677563	-1	-1	0	0	0	0	0
13687563	7946688	-1	2355200	2371	0	0	2371
13694563	-1	-1	0	0	0	0	0
13704605	7356280	-1	3055616	3323	0	0	3323
13712580	-1	-1	0	0	0	0	0
13721562	7652496	-1	2207744	2308	0	0	2308
13728568	-1	-1	0	0	0	0	0
13738563	-1	-1	0	0	0	0	0
13740563	-1	-1	0	0	0	0	0
13749565	8706280	-1	3172352	2915	0	0	2915
13757561	-1	-1	0	0	0	0	0
13765564	6341560	-1	1659904	2094	0	0	2094
13774562	-1	-1	0	0	0	0	0
13783577	9255568	-1	2994176	2588	0	0	2588
13792568	-1	-1	0	0	0	0	0
13801573	8046320	-1	2432000	2418	0	0	2418
13809563	-1	-1	0	0	0	0	0
13818565	7426816	-1	1520640	1638	0	0	1638
13828560	-1	-1	0	0	0	0	0
13837564	6751336	-1	1468416	1740	0	0	1740
13843563	-1	-1	0	0	0	0	0
13852564	6016808	-1	1186816	1578	0	0	1578
13861563	-1	-1	0	0	0	0	0
13869563	7978088	-1	1031168	1034	0	0	1034
13879561	5934360	-1	942080	1270	0	0	1270
13883567	-1	-1	0	0	0	0	0
13891562	-1	-1	0	0	0	0	0
13897559	5241328	-1	967680	1477	0	0	1477
13906561	-1	-1	0	0	0	0	0
13914568	5671384	-1	1022976	1443	0	0	1443
13920568	-1	-1	0	0	0	0	0
13929563	6243528	-1	1670144	2140	0	0	2140
14036395	2612720	-1	1497088	4584	0	0	12332
14043396	6742936	-1	1662976	1973	0	0	1973
14051396	-1	-1	0	0	0	0	0
14061397	8047232	-1	1650688	1641	0	0	1641
14068395	-1	-1	0	0	0	0	0
14077400	6467368	-1	1336320	1653	0	0	1653
14080396	-1	-1	0	0	0	0	0
14088395	4812800	-1	1155072	1920	0	0	1920
14097396	-1	-1	0	0	0	0	0
14104404	-1	-1	0	0	0	0	0
14108396	-1	-1	0	0	0	0	0
14115406	7200536	-1	1784832	1983	0	0	2076
14122397	-1	-1	0	0	0	0	0
14130394	6332896	-1	1192960	1507	0	0	1507
14137396	-1	-1	0	0	0	0	0
14145395	7399224	-1	2781184	3007	0	0	3007
14152395	-1	-1	0	0	0	0	0
14160396	7369768	-1	1991680	2162	0	0	2162
14170396	-1	-1	0	0	0	0	0
14178415	-1	-1	0	0	0	0	0
14186410	-1	-1	0	0	0	0	558
14191396	6448072	-1	1927168	2391	0	0	2391
14196404	-1	-1	0	0	0	0	318
14201393	7723888	-1	1723392	1785	0	0	1785
14209395	-1	-1	0	0	0	0	0
14219395	6206248	-1	2093056	2698	0	0	2698
14227395	-1	-1	0	0	0	0	0
14236394	8744272	-1	2626560	2403	0	0	2403
14245409	-1	-1	0	0	0	0	0
14253396	6297120	-1	1684480	2140	0	0	2140
14263393	-1	-1	0	0	0	0	0
14271397	7270360	-1	2391040	2631	0	0	2631
14280397	-1	-1	0	0	0	0	0
14289439	7122616	-1	2209792	2482	0	0	2482
14298397	-1	-1	0	0	0	0	0
14307397	5812848	-1	1388544	1911	0	0	1911
14316395	-1	-1	0	0	0	0	0
14323396	5924480	-1	1423356	1922	0	0	1922
14333395	-1	-1	0	0	0	0	0
14341595	7191264	-1	2097152	2333	0	0	2333
14351395	-1	-1	0	0	0	0	0
14361406	-1	-1	0	0	0	0	0
14370396	-1	-1	0	0	0	0	0
14376395	9291824	-1	2854912	2458	0	0	2458
14385404	-1	-1	0	0	0	0	0
14390404	-1	-1	0	0	0	0	0
14395422	-1	-1	0	0	0	0	128
14400503	9280976	-1	2888704	2490	0	0	2490
14409411	-1	-1	0	0	0	0	0
14418396	8723872	-1	1461248	1340	0	0	1340
14426395	-1	-1	0	0	0	0	0
14436395	6602936	-1	1425408	1727	0	0	1727
14445395	-1	-1	0	0	0	0	0
14453394	7536280	-1	859136	912	0	0	912
14463394	-1	-1	0	0	0	0	0
14473395	6293920	-1	1171456	1489	0	0	1489
14482425	-1	-1	0	0	0	0	0
14491397	8625816	-1	1751040	1624	0	0	1624
14501397	-1	-1	0	0	0	0	0
14510396	5732176	-1	1054720	1472	0	0	1472
14518394	-1	-1	0	0	0	0	0
14527395	6536544	-1	1334272	1633	0	0	1633
14533397	-1	-1	0	0	0	0	0
14542476	-1	-1	0	0	0	0	0
14547450	-1	-1	0	0	0	0	0
14554394	10229688	-1	3300352	2581	0	0	2581
14559398	-1	-1	0	0	0	0	0
14568395	-1	-1	0	0	0	0	0
14575396	-1	-1	0	0	0	0	0
14582394	5125488	-1	2750464	4293	0	0	4293
14588392	-1	-1	0	0	0	0	0
14598405	8471152	-1	1615872	1526	0	0	1526
14606395	-1	-1	0	0	0	0	0
14615395	9302648	-1	1209344	1040	0	0	1040
14625394	-1	-1	0	0	0	0	0
14634402	6955368	-1	1318912	1517	0	0	1517
14642394	-1	-1	0	0	0	0	0
14651395	9086672	-1	1861632	1639	0	0	1639
14658395	-1	-1	0	0	0	0	0
14667396	6597680	-1	1961984	2379	0	0	2379
14677409	-1	-1	0	0	0	0	0
14686393	8270888	-1	2791424	2700	0	0	2700
14695395	-1	-1	0	0	0	0	0
14705394	6732376	-1	1218560	1448	0	0	1448
14712395	-1	-1	0	0	0	0	0
14721398	8722848	-1	740352	679	0	0	679
14724393	-1	-1	0	0	0	0	0
14733398	7670640	-1	1521664	1587	0	0	1587
14741397	-1	-1	0	0	0	0	0
14750395	7513480	-1	1235968	1316	0	0	1316
14759396	-1	-1	0	0	0	0	0
14768396	7069376	-1	1367040	1547	0	0	1547
14773393	-1	-1	0	0	0	0	0
14782504	-1	-1	0	0	0	0	0
14789612	-1	-1	0	0	0	0	580
14794396	8962792	-1	1952768	1743	0	0	1743
14803416	-1	-1	0	0	0	0	0
14813394	-1	-1	0	0	0	0	0
14819394	-1	-1	0	0	0	0	0
14828399	6994208	-1	1859584	2127	0	0	2127
14837395	-1	-1	0	0	0	0	0
14846397	7250656	-1	1616896	1784	0	0	1784
14855395	-1	-1	0	0	0	0	0
14955423	2949584	-1	1554432	4216	0	0	9335
14962500	8331064	-1	2024448	1944	0	0	1944
14971411	-1	-1	0	0	0	0	0
14981412	7585184	-1	1920000	2025	0	0	2025
14987412	-1	-1	0	0	0	0	0
14996406	-1	-1	0	0	0	0	0
15000412	-1	-1	0	0	0	0	0
15007412	7424384	-1	1842176	1985	0	0	2027
15015412	-1	-1	0	0	0	0	0
15023415	6062552	-1	1314816	1735	0	0	1735
15032411	-1	-1	0	0	0	0	0
15040418	-1	-1	0	0	0	0	0
15048599	7747920	-1	1518592	1568	0	0	1713
15052424	9619864	-1	1890304	1572	0	0	1572
15061414	-1	-1	0	0	0	0	0
15071419	-1	-1	0	0	0	0	0
15080405	-1	-1	0	0	0	0	0
15086413	7272328	-1	1838080	2022	0	0	2325
15094419	-1	-1	0	0	0	0	0
15103413	8345272	-1	2118656	2031	0	0	2218
15111405	-1	-1	0	0	0	0	0
15119413	-1	-1	0	0	0	0	0
15129412	7344104	-1	1729536	1884	0	0	1884
15130411	-1	-1	0	0	0	0	0
15139411	-1	-1	0	0	0	0	0
15146413	8514224	-1	2110464	1983	0	0	2208
15155411	-1	-1	0	0	0	0	0
15164411	-1	-1	0	0	0	0	0
15169412	-1	-1	0	0	0	0	0
15178405	9326776	-1	2651136	2274	0	0	2415
15187412	-1	-1	0	0	0	0	0
15194418	5921544	-1	1519616	2053	0	0	2053
15198411	-1	-1	0	0	0	0	0
15208435	9523856	-1	2233344	1876	0	0	1876
15214412	-1	-1	0	0	0	0	0
15222412	-1	-1	0	0	0	0	0
15231414	6645528	-1	1746944	2103	0	0	2226
15234411	10080328	-1	1740116	1381	0	0	1381
15243412	4692080	-1	878592	1498	0	0	1498
15247410	9188096	-1	1095680	954	0	0	954
15256412	-1	-1	0	0	0	0	0
15265415	-1	-1	0	0	0	0	0
15271412	-1	-1	0	0	0	0	0
15280404	8128536	-1	3278848	3227	0	0	3227
15288417	-1	-1	0	0	0	0	0
15298417	7468808	-1	1226752	1314	0	0	1314
15306427	-1	-1	0	0	0	0	0
15315416	5593312	-1	1027072	1469	0	0	1469
15323416	-1	-1	0	0	0	0	0
15331412	6271120	-1	1022976	1305	0	0	1305
15339413	-1	-1	0	0	0	0	0
15347413	8723432	-1	1580032	1449	0	0	1449
15357412	-1	-1	0	0	0	0	0
15365412	-1	-1	0	0	0	0	0
15372458	-1	-1	0	0	0	0	0
15378411	9954192	-1	1613824	1297	0	0	1599
15384411	-1	-1	0	0	0	0	0
15393407	8638232	-1	1605632	1487	0	0	1487
15401406	-1	-1	0	0	0	0	0
15408414	-1	-1	0	0	0	0	0
15415411	-1	-1	0	0	0	0	0
15422410	8631136	-1	1690624	1567	0	0	1567
15430406	-1	-1	0	0	0	0	0
15437410	6716584	-1	801792	955	0	0	955
15446410	-1	-1	0	0	0	0	0
15455440	10194768	-1	2481152	1947	0	0	1947
15465408	-1	-1	0	0	0	0	0
15473414	-1	-1	0	0	0	0	0
15483414	-1	-1	0	0	0	0	0
15491411	9331424	-1	2255872	1934	0	0	2028
15500418	-1	-1	0	0	0	0	0
15510408	6255336	-1	1567744	2005	0	0	2005
15515410	-1	-1	0	0	0	0	0
15525422	8153504	-1	2168832	2128	0	0	2128
15533424	-1	-1	0	0	0	0	0
15543411	-1	-1	0	0	0	0	0
15550411	-1	-1	0	0	0	0	0
15557411	9776192	-1	2622464	2146	0	0	2146
15564409	-1	-1	0	0	0	0	0
15574413	8299344	-1	1504256	1450	0	0	1450
15580412	-1	-1	0	0	0	0	0
15589408	8456384	-1	2259968	2138	0	0	2162
15599411	-1	-1	0	0	0	0	0
15608411	7128400	-1	1935360	2172	0	0	2172
15617405	-1	-1	0	0	0	0	0
15625494	7596480	-1	1606656	1692	0	0	1692
15634410	-1	-1	0	0	0	0	0
15637410	-1	-1	0	0	0	0	0
15645410	7691432	-1	1636352	1702	0	0	1702
15648410	-1	-1	0	0	0	0	0
15657411	-1	-1	0	0	0	0	0
15663414	7612816	-1	1588224	1669	0	0	1669
15672411	-1	-1	0	0	0	0	0
15681405	6348664	-1	1230848	1551	0	0	1551
15686420	-1	-1	0	0	0	0	0
15695404	8921128	-1	1277952	1146	0	0	1146
15704417	-1	-1	0	0	0	0	0
15713412	6680856	-1	774144	927	0	0	960
15722407	-1	-1	0	0	0	0	0
15731417	-1	-1	0	0	0	0	0
15735409	-1	-1	0	0	0	0	0
15743411	6547256	-1	1479680	1808	0	0	1819
15750411	-1	-1	0	0	0	0	0
15759412	8461224	-1	1576960	1491	0	0	1491
15897413	4524744	-1	1972224	3487	0	0	9476
15904437	-1	-1	0	0	0	0	0
15912411	6124736	-1	976896	1276	0	0	1276
15922418	-1	-1	0	0	0	0	0
15929414	6915200	-1	1519616	1758	0	0	1758
15938558	-1	-1	0	0	0	0	0
15946411	6739272	-1	1605632	1906	0	0	1906
15955413	-1	-1	0	0	0	0	0
15963412	8277232	-1	1789952	1730	0	0	1730
15972413	-1	-1	0	0	0	0	0
15980421	7998608	-1	1651712	1652	0	0	1652
15988411	-1	-1	0	0	0	0	0
15998411	5867384	-1	1183744	1614	0	0	1809
16008420	-1	-1	0	0	0	0	0
16017420	7003168	-1	1049600	1199	0	0	1199
16026411	-1	-1	0	0	0	0	0
16035421	4663808	-1	1968128	3376	0	0	3376
16045416	-1	-1	0	0	0	0	0
16051412	-1	-1	0	0	0	0	0
16060411	-1	-1	0	0	0	0	0
16066411	8689648	-1	2092032	1926	0	0	1926
16072423	-1	-1	0	0	0	0	0
16078415	8383016	-1	1977344	1887	0	0	1887
16086413	-1	-1	0	0	0	0	0
16095412	-1	-1	0	0	0	0	0
16098412	-1	-1	0	0	0	0	0
16107491	8691136	-1	1729536	1592	0	0	1878
16110412	-1	-1	0	0	0	0	0
16119416	6800624	-1	935936	1101	0	0	1101
16126411	-1	-1	0	0	0	0	0
16133608	9471256	-1	2046976	1729	0	0	1729
16142414	-1	-1	0	0	0	0	0
16150412	9143976	-1	2242560	1962	0	0	1962
16158421	5789400	-1	204800	283	0	0	336
16163412	7774248	-1	1562624	1608	0	0	1608
16173411	-1	-1	0	0	0	0	0
16179412	-1	-1	0	0	0	0	0
16184411	-1	-1	0	0	0	0	0
16194411	7314288	-1	2212572	2420	0	0	2420
16202422	-1	-1	0	0	0	0	0
16210410	8894168	-1	1828864	1645	0	0	1645
16220413	-1	-1	0	0	0	0	0
16229412	7163080	-1	1304576	1457	0	0	1457
16237412	-1	-1	0	0	0	0	0
16244435	-1	-1	0	0	0	0	0
16253447	8175432	-1	2021376	1978	0	0	1978
16256411	-1	-1	0	0	0	0	0
16265426	-1	-1	0	0	0	0	0
16274412	-1	-1	0	0	0	0	0
16278418	-1	-1	0	0	0	0	0
16285423	9205200	-1	2400256	2086	0	0	2086
16292414	-1	-1	0	0	0	0	0
16301410	7228640	-1	1083392	1199	0	0	1199
16309412	-1	-1	0	0	0	0	0
16318424	7674552	-1	1442816	1504	0	0	1504
16325414	-1	-1	0	0	0	0	0
16330413	-1	-1	0	0	0	0	0
16338427	5574312	-1	791552	1136	0	0	1305
16342412	10240000	-1	829440	648	0	0	648
16348410	-1	-1	0	0	0	0	0
16354412	7848320	-1	1286144	1311	0	0	1317
16362412	-1	-1	0	0	0	0	0
16370421	9874200	-1	3185664	2581	0	0	2581
16379412	-1	-1	0	0	0	0	0
16388408	10486656	-1	2405376	1835	0	0	1835
16398416	-1	-1	0	0	0	0	0
16407411	8352272	-1	1867776	1789	0	0	1789
16416414	-1	-1	0	0	0	0	0
16424431	-1	-1	0	0	0	0	0
16431411	-1	-1	0	0	0	0	0
16439409	7890336	-1	2062336	2091	0	0	2091
16446420	-1	-1	0	0	0	0	0
16455412	6801384	-1	826368	972	0	0	972
16464412	-1	-1	0	0	0	0	0
16473411	8187072	-1	1699840	1661	0	0	1661
16482412	-1	-1	0	0	0	0	0
16490439	10531944	-1	2456576	1866	0	0	1866
16500411	-1	-1	0	0	0	0	0
16507411	8624592	-1	1939456	1799	0	0	1799
16511411	-1	-1	0	0	0	0	0
16518411	-1	-1	0	0	0	0	0
16525411	-1	-1	0	0	0	0	0
16531411	10598968	-1	2615296	1974	0	0	1974
16538436	-1	-1	98304	315	0	0	349
16543414	9205248	-1	1972224	1714	0	0	1714
16552662	-1	-1	0	0	0	0	0
16559411	9132592	-1	2634752	2308	0	0	2308
16566408	-1	-1	0	0	0	0	0
16574412	-1	-1	0	0	0	0	0
16583416	-1	-1	0	0	0	0	0
16589412	9016752	-1	3492864	3099	0	0	3099
16598412	-1	-1	0	0	0	0	0
16606409	7689280	-1	1378304	1434	0	0	1434
16614411	-1	-1	0	0	0	0	0
16624411	6342336	-1	1457152	1838	0	0	1838
16633411	-1	-1	0	0	0	0	0
16642457	6289248	-1	1330176	1692	0	0	1692
16652411	-1	-1	0	0	0	0	0
16661411	-1	-1	0	0	0	0	0
16668428	-1	-1	0	0	0	0	0
16676410	8333944	-1	1683456	1616	0	0	1616
16684422	-1	-1	0	0	0	0	0
16693417	-1	-1	0	0	0	0	0
16697411	-1	-1	0	0	0	0	0
16706411	7458280	-1	2144256	2300	0	0	2386
16714482	-1	-1	131072	845	0	0	871
16814240	5344208	-1	1931264	2891	0	0	9936
16821216	8547648	-1	2165760	2027	0	0	2027
16829220	-1	-1	0	0	0	0	0
16839222	5774040	-1	1342464	1860	0	0	1860
16845235	-1	-1	0	0	0	0	0
16854216	-1	-1	0	0	0	0	0
16858221	-1	-1	0	0	0	0	0
16866221	6967032	-1	2050048	2354	0	0	2354
16874222	-1	-1	0	0	0	0	0
16879217	6499880	-1	1486848	1830	0	0	1830
16886212	-1	-1	0	0	0	0	0
16895223	6859112	-1	2128896	2483	0	0	2483
16902220	-1	-1	0	0	0	0	0
16910212	-1	-1	0	0	0	0	0
16918224	2427256	-1	360448	1188	0	0	1231
16922237	10366032	-1	2695168	2080	0	0	2119
16931220	-1	-1	0	0	0	0	0
16941214	5147520	-1	1125376	1749	0	0	1749
16951220	-1	-1	0	0	0	0	0
16959220	6010736	-1	2009088	2674	0	0	2674
16965221	-1	-1	0	0	0	0	0
16974238	5746456	-1	1561600	2174	0	0	2174
16982222	-1	-1	0	0	0	0	0
16991225	7705080	-1	2025472	2103	0	0	2103
16998219	-1	-1	0	0	0	0	0
17007219	4144904	-1	1041408	2010	0	0	2010
17012215	-1	-1	0	0	0	0	0
17021298	9970832	-1	2399232	1925	0	0	1925
17030214	-1	-1	0	0	0	0	0
17040214	5680616	-1	1211392	1706	0	0	1706
17043236	-1	-1	0	0	0	0	0
17053219	6187312	-1	1024000	1324	0	0	1324
17061220	-1	-1	0	0	0	0	0
17069213	5054640	-1	1128448	1786	0	0	1810
17079224	-1	-1	0	0	0	0	0
17082221	-1	-1	0	0	0	0	0
17091212	5152536	-1	1734472	2693	0	0	2693
17094247	11464520	-1	548864	383	0	0	383
17103240	-1	-1	0	0	0	0	0
17108216	-1	-1	0	0	0	0	0
17117219	-1	-1	0	0	0	0	0
17124360	8682248	-1	2375680	2189	0	0	2189
17132220	-1	-1	0	0	0	0	0
17140220	7831776	-1	1291264	1319	0	0	1319
17146220	-1	-1	0	0	0	0	0
17155222	5676168	-1	1307648	1843	0	0	1843
17163219	6647256	-1	1119232	1347	0	0	1347
17166228	-1	-1	0	0	0	0	0
17175218	-1	-1	0	0	0	0	0
17185223	8570448	-1	1507328	1407	0	0	1407
17193219	-1	-1	0	0	0	0	0
17202219	9887856	-1	1092608	884	0	0	884
17209226	-1	-1	0	0	0	0	0
17216219	7914976	-1	1433600	1449	0	0	1449
17222219	-1	-1	0	0	0	0	0
17231219	7544936	-1	1229824	1304	0	0	1304
17239215	-1	-1	0	0	0	0	0
17247219	8344512	-1	1960960	1880	0	0	1880
17256224	-1	-1	0	0	0	0	0
17263219	-1	-1	0	0	0	0	0
17268219	-1	-1	0	0	0	0	0
17278219	6560656	-1	2285568	2787	0	0	2787
17287225	-1	-1	0	0	0	0	0
17296212	6382520	-1	1390592	1743	0	0	1743
17302224	-1	-1	0	0	0	0	0
17311219	6481584	-1	1032192	1274	0	0	1274
17320218	-1	-1	0	0	0	0	0
17330226	7589952	-1	1510400	1592	0	0	1592
17337215	-1	-1	0	0	0	0	0
17343222	6273152	-1	1218560	1554	0	0	1554
17350227	-1	-1	0	0	0	0	0
17359221	7500656	-1	811008	865	0	0	865
17368221	-1	-1	0	0	0	0	0
17375219	7923760	-1	1512448	1527	0	0	1527
17382219	-1	-1	0	0	0	0	0
17388269	7632376	-1	1312768	1376	0	0	1376
17398219	-1	-1	0	0	0	0	0
17407220	7215224	-1	1369088	1518	0	0	1518
17414218	-1	-1	0	0	0	0	0
17421218	11308264	-1	1471488	1041	0	0	1041
17428214	-1	-1	0	0	0	0	0
17437226	8977352	-1	2036736	1815	0	0	1815
17444215	-1	-1	0	0	0	0	0
17451219	-1	-1	0	0	0	0	0
17458214	-1	-1	0	0	0	0	124
17463216	5592200	-1	2275328	3255	0	0	3255
17472232	-1	-1	0	0	0	0	0
17481238	5778232	-1	1039360	1439	0	0	1439
17488239	-1	-1	0	0	0	0	0
17494219	5895064	-1	988160	1341	0	0	1341
17504228	-1	-1	0	0	0	0	0
17513226	6688088	-1	1894400	2266	0	0	2266
17521225	-1	-1	0	0	0	0	0
17530219	-1	-1	0	0	0	0	0
17538218	-1	-1	0	0	0	0	0
17544215	10663784	-1	3079168	2310	0	0	2310
17552218	-1	-1	0	0	0	0	0
17557218	-1	-1	0	0	0	0	0
17564219	-1	-1	0	0	0	0	0
17572221	6329952	-1	1263616	1597	0	0	1611
17579211	-1	-1	0	0	0	0	0
17585222	6054960	-1	1357824	1794	0	0	1794
17594221	-1	-1	0	0	0	0	0
17603240	-1	-1	0	0	0	0	0
17611264	6753712	-1	663552	786	0	0	794
17616222	11403448	-1	2072576	1454	0	0	1454
17625213	-1	-1	0	0	0	0	0
17634220	-1	-1	0	0	0	0	0
17635229	-1	-1	0	0	0	0	0
17760556	5617312	-1	2888704	4114	0	0	28608
17767557	-1	-1	0	0	0	0	0
17776556	8973528	-1	2292736	2044	0	0	2044
17785555	-1	-1	0	0	0	0	0
17792561	-1	-1	0	0	0	0	0
17801569	6529704	-1	1287168	1577	0	0	1663
17805562	15577704	-1	989184	508	0	0	508
17812556	-1	-1	0	0	0	0	0
17819556	6736280	-1	1449984	1722	0	0	1722
17828560	-1	-1	0	0	0	0	0
17835555	8428376	-1	1277952	1213	0	0	1213
17841578	-1	-1	0	0	0	0	0
17849560	5553152	-1	1424384	2052	0	0	2052
17859555	-1	-1	0	0	0	0	0
17867552	7136744	-1	2922496	3276	0	0	3276
17875675	5229968	-1	663552	1015	0	0	1071
17879556	9151312	-1	742400	649	0	0	649
17888556	-1	-1	0	0	0	0	0
17898556	8346176	-1	2051072	1966	0	0	1966
17906550	-1	-1	0	0	0	0	0
17913552	-1	-1	0	0	0	0	0
17917565	-1	-1	0	0	0	0	0
17925553	10115216	-1	2262016	1789	0	0	1789
17929556	-1	-1	0	0	0	0	0
17938558	7195208	-1	1929216	2145	0	0	2145
17947558	-1	-1	0	0	0	0	0
17956557	-1	-1	0	0	0	0	0
17962569	-1	-1	0	0	0	0	0
17971556	8406624	-1	2847744	2710	0	0	2710
17980561	-1	-1	0	0	0	0	0
17987556	9558856	-1	2141184	1792	0	0	1792
17996557	-1	-1	0	0	0	0	0
18005557	6314176	-1	1652736	2094	0	0	2094
18011556	-1	-1	0	0	0	0	0
18021554	8551192	-1	2145280	2007	0	0	2007
18026581	-1	-1	0	0	0	0	0
18035555	-1	-1	0	0	0	0	0
18042555	-1	-1	0	0	0	0	0
18049576	8389904	-1	2944856	2808	0	0	2942
18058560	-1	-1	0	0	0	0	0
18067554	6676000	-1	2692096	3226	0	0	3226
18074564	-1	-1	65536	229	0	0	233
18080555	12145928	-1	3107840	2047	0	0	2047
18089556	7295720	-1	1250304	1371	0	0	1371
18090567	-1	-1	0	0	0	0	0
18099555	-1	-1	0	0	0	0	0
18109556	7062288	-1	2240512	2538	0	0	2538
18118662	7124312	-1	1523712	1711	0	0	1711
18121553	-1	-1	0	0	0	0	0
18130552	-1	-1	0	0	0	0	0
18139559	7590912	-1	1810432	1908	0	0	1908
18148554	-1	-1	0	0	0	0	0
18157555	5322088	-1	1004544	1510	0	0	1510
18164552	-1	-1	0	0	0	0	0
18171620	7276336	-1	2433024	2675	0	0	2675
18179555	-1	-1	0	0	0	0	0
18187557	-1	-1	0	0	0	0	0
18191557	-1	-1	0	0	0	0	0
18200556	8918528	-1	2463744	2210	0	0	2210
18210552	-1	-1	0	0	0	0	0
18218555	8205552	-1	1240064	1209	0	0	1209
18227556	8667120	-1	1158144	1069	0	0	1069
18231564	-1	-1	0	0	0	0	0
18237555	-1	-1	0	0	0	0	0
18245555	6480736	-1	1202176	1484	0	0	1484
18254550	-1	-1	0	0	0	0	0
18262549	7729856	-1	1438720	1489	0	0	1489
18271555	-1	-1	0	0	0	0	0
18280554	7279192	-1	1282048	1409	0	0	1409
18287554	-1	-1	0	0	0	0	0
18293555	8107328	-1	1176576	1161	0	0	1161
18302555	-1	-1	0	0	0	0	0
18309556	-1	-1	0	0	0	0	0
18314555	-1	-1	0	0	0	0	0
18322604	7730008	-1	2364416	2447	0	0	2517
18330555	-1	-1	0	0	0	0	0
18339554	8440728	-1	1077248	1021	0	0	1021
18348564	-1	-1	0	0	0	0	0
18357558	4843088	-1	1719296	2840	0	0	2840
18366554	-1	-1	0	0	0	0	0
18375559	9990240	-1	2150400	1722	0	0	1722
18385555	-1	-1	0	0	0	0	0
18394552	7383440	-1	1421312	1540	0	0	1540
18401554	-1	-1	0	0	0	0	0
18407551	-1	-1	0	0	0	0	0
18414569	-1	-1	0	0	0	0	0
18421612	7910584	-1	2878464	2911	0	0	2911
18429556	-1	-1	0	0	0	0	0
18436567	5796976	-1	1043456	1440	0	0	1440
18446556	-1	-1	0	0	0	0	0
18456556	8811096	-1	1632256	1482	0	0	1482
18463555	-1	-1	0	0	0	0	0
18472555	6983440	-1	1201152	1376	0	0	1376
18479556	-1	-1	0	0	0	0	0
18488554	-1	-1	0	0	0	0	0
18492555	-1	-1	0	0	0	0	0
18501560	5719824	-1	1004544	1405	0	0	1405
18507555	-1	-1	0	0	0	0	0
18513581	7896416	-1	1148928	1164	0	0	1166
18522553	-1	-1	0	0	0	0	0
18530555	8367464	-1	781312	747	0	0	747
18535618	-1	-1	0	0	0	0	0
18542556	-1	-1	0	0	0	0	0
18545555	-1	-1	0	0	0	0	0
18554555	9854856	-1	2063360	1675	0	0	1675
18564552	-1	-1	0	0	0	0	0
18573555	8204832	-1	1309696	1277	0	0	1277
18582555	-1	-1	0	0	0	0	0
18708588	6753936	-1	3756032	4449	0	0	28709
18715706	-1	-1	0	0	0	0	0
18724588	8708760	-1	2226176	2045	0	0	2045
18734588	-1	-1	0	0	0	0	0
18740586	6554744	-1	1172480	1431	0	0	1431
18749587	-1	-1	0	0	0	0	0
18757587	8153464	-1	1516544	1488	0	0	1488
18766585	-1	-1	0	0	0	0	0
18774610	7310416	-1	2003968	2193	0	0	2193
18783584	-1	-1	0	0	0	0	0
18790588	6407264	-1	959488	1198	0	0	1198
18797586	-1	-1	0	0	0	0	0
18804592	6646560	-1	1171456	1410	0	0	1410
18813591	-1	-1	0	0	0	0	0
18819593	7226704	-1	1418240	1570	0	0	1570
18827590	-1	-1	0	0	0	0	0
18834587	7140328	-1	1849344	2072	0	0	2072
18841587	-1	-1	0	0	0	0	0
18851585	8845304	-1	1233920	1116	0	0	1116
18861590	-1	-1	0	0	0	0	0
18868590	8837592	-1	1668096	1510	0	0	1510
18876589	-1	-1	0	0	0	0	0
18880589	-1	-1	0	0	0	0	0
18886614	-1	-1	0	0	0	0	0
18895652	8999712	-1	2487296	2211	0	0	2312
18903588	-1	-1	0	0	0	0	0
18912607	8639696	-1	2055168	1903	0	0	1903
18921584	-1	-1	0	0	0	0	0
18929588	8448152	-1	1789952	1695	0	0	1695
18938587	-1	-1	0	0	0	0	0
18946597	6992576	-1	1474560	1687	0	0	1687
18954588	-1	-1	0	0	0	0	0
18961588	9151880	-1	2411520	2108	0	0	2108
18966588	-1	-1	0	0	0	0	0
18975589	8109992	-1	1822720	1798	0	0	1798
18985590	-1	-1	0	0	0	0	0
18992589	-1	-1	0	0	0	0	0
19002587	-1	-1	0	0	0	0	0
19008616	6833000	-1	3477996	4072	0	0	4072
19012588	-1	-1	0	0	0	0	0
19021587	6165112	-1	1046528	1358	0	0	1358
19030588	-1	-1	0	0	0	0	0
19039593	5239528	-1	959488	1465	0	0	1465
19041587	-1	-1	0	0	0	0	0
19049587	8113656	-1	2439168	2405	0	0	2405
19059587	-1	-1	0	0	0	0	0
19067769	8789392	-1	3043328	2770	0	0	2770
19069584	-1	-1	0	0	0	0	0
19078592	6414704	-1	1995776	2489	0	0	2489
19087587	-1	-1	0	0	0	0	0
19096587	-1	-1	0	0	0	0	0
19098586	-1	-1	0	0	0	0	0
19106591	9763144	-1	3448832	2826	0	0	2826
19109589	-1	-1	0	0	0	0	0
19118588	-1	-1	0	0	0	0	0
19127589	-1	-1	0	0	0	0	0
19136598	8814384	-1	2769920	2514	0	0	2514
19145587	-1	-1	0	0	0	0	0
19152588	7314288	-1	1792000	1960	0	0	1960
19161601	-1	-1	0	0	0	0	0
19171588	7578944	-1	2025472	2138	0	0	2138
19178596	-1	-1	0	0	0	0	0
19187592	7990560	-1	2558976	2562	0	0	2562
19195596	-1	-1	0	0	0	0	0
19204593	9118768	-1	2821120	2475	0	0	2475
19212587	-1	-1	0	0	0	0	0
19220592	8660664	-1	1381376	1276	0	0	1276
19228589	-1	-1	0	0	0	0	0
19234631	8976784	-1	2190336	1952	0	0	1952
19242606	-1	-1	0	0	0	0	0
19250587	7371224	-1	956416	1038	0	0	1038
19258586	-1	-1	0	0	0	0	0
19267587	7268160	-1	1579008	1738	0	0	1738
19276584	-1	-1	0	0	0	0	0
19281587	-1	-1	0	0	0	0	0
19287645	-1	-1	0	0	0	0	283
19292587	8430288	-1	2391040	2269	0	0	2269
19298587	-1	-1	0	0	0	0	0
19307587	8528496	-1	1505280	1412	0	0	1412
19316593	-1	-1	0	0	0	0	0
19323586	-1	-1	0	0	0	0	0
19331583	-1	-1	0	0	0	0	0
19337587	8355840	-1	2297856	2200	0	0	2200
19346597	-1	-1	0	0	0	0	0
19354589	-1	-1	0	0	0	0	0
19358589	-1	-1	0	0	0	0	0
19366584	6896160	-1	1727488	2004	0	0	2004
19374588	-1	-1	0	0	0	0	0
19381585	3636504	-1	660480	1453	0	0	1453
19387588	-1	-1	0	0	0	0	0
19396589	7429952	-1	1198080	1290	0	0	1290
19403587	-1	-1	0	0	0	0	0
19409588	5692520	-1	1336320	1878	0	0	1878
19418607	-1	-1	0	0	0	0	34
19423587	7298536	-1	1288192	1412	0	0	1412
19433583	-1	-1	0	0	0	0	0
19442586	-1	-1	0	0	0	0	0
19447587	-1	-1	0	0	0	0	0
19453587	8247824	-1	1210368	1174	0	0	1174
19459625	4345888	-1	204800	377	0	0	395
19464586	11879200	-1	758784	511	0	0	511
19471587	-1	-1	0	0	0	0	0
19480587	5828920	-1	871424	1196	0	0	1196
19489631	-1	-1	0	0	0	0	0
19497584	6660472	-1	1620992	1947	0	0	1947
19507587	-1	-1	0	0	0	0	0
19516587	8030968	-1	1583104	1577	0	0	1577
19525587	-1	-1	0	0	0	0	0
19620665	8316280	-1	2398208	2307	0	0	25016
19627659	7098744	-1	1469440	1656	0	0	1656
19635668	-1	-1	0	0	0	0	0
19645660	6181928	-1	1335296	1728	0	0	1728
19652660	-1	-1	0	0	0	0	0
19661672	-1	-1	0	0	0	0	0
19665669	-1	-1	0	0	0	0	0
19672665	9952096	-1	2026496	1629	0	0	1629
19680825	7979288	-1	1498112	1502	0	0	1502
19684659	-1	-1	0	0	0	0	0
19692659	-1	-1	0	0	0	0	0
19700659	7675536	-1	1430528	1491	0	0	1491
19708664	-1	-1	0	0	0	0	0
19717660	6474320	-1	1254400	1550	0	0	1550
19726664	-1	-1	0	0	0	0	0
19735660	-1	-1	0	0	0	0	0
19738661	-1	-1	0	0	0	0	0
19747657	8669560	-1	1691648	1561	0	0	1561
19755659	-1	-1	0	0	0	0	0
19764660	5405280	-1	921600	1364	0	0	1364
19774661	-1	-1	0	0	0	0	0
19783667	6541296	-1	1306624	1598	0	0	1598
19792662	-1	-1	0	0	0	0	0
19801664	6036912	-1	923648	1224	0	0	1358
19804659	-1	-1	0	0	0	0	0
19812658	6045128	-1	1205248	1595	0	0	1595
19819666	-1	-1	0	0	0	0	0
19828670	-1	-1	0	0	0	0	0
19835661	-1	-1	0	0	0	0	0
19841661	8792696	-1	2233344	2032	0	0	2032
19848683	-1	-1	0	0	0	0	0
19852662	-1	-1	0	0	0	0	0
19859660	-1	-1	0	0	0	0	0
19867660	8969408	-1	2197504	1960	0	0	2230
19874660	-1	-1	0	0	0	0	0
19883660	6159784	-1	1098752	1427	0	0	1427
19893660	-1	-1	0	0	0	0	0
19900672	5672200	-1	1258520	1775	0	0	1775
19910674	-1	-1	0	0	0	0	0
19919662	4049416	-1	1335296	2638	0	0	2638
19928659	-1	-1	0	0	0	0	0
19937659	7368424	-1	1035264	1124	0	0	1124
19946757	-1	-1	0	0	0	0	0
19954659	4740048	-1	1141760	1927	0	0	1927
19961663	-1	-1	0	0	0	0	0
19965659	-1	-1	0	0	0	0	0
19972660	-1	-1	0	0	0	0	0
19979678	7525952	-1	4211712	4477	0	0	4477
19989658	-1	-1	0	0	0	0	0
19998658	7644256	-1	2272256	2378	0	0	2378
20005659	-1	-1	0	0	0	0	0
20014662	7434168	-1	1637376	1762	0	0	1762
20022659	-1	-1	0	0	0	0	0
20032078	7018928	-1	1844224	2102	0	0	2102
20040660	-1	-1	0	0	0	0	0
20048658	-1	-1	0	0	0	0	0
20055662	-1	-1	0	0	0	0	0
20064661	9649232	-1	3763200	3120	0	0	3120
20073661	-1	-1	0	0	0	0	0
20080660	4483672	-1	1172480	2092	0	0	2092
20088660	-1	-1	0	0	0	0	0
20097659	8912752	-1	2595840	2330	0	0	2330
20107667	-1	-1	0	0	0	0	0
20114660	6570920	-1	1942528	2365	0	0	2365
20118659	-1	-1	0	0	0	0	0
20127659	5890544	-1	1630208	2214	0	0	2214
20135662	-1	-1	0	0	0	0	0
20145659	-1	-1	0	0	0	0	0
20148671	-1	-1	0	0	0	0	0
20155669	8283512	-1	3058688	2954	0	0	2954
20161667	-1	-1	0	0	0	0	0
20168659	7772600	-1	1745920	1797	0	0	1797
20176675	-1	-1	0	0	0	0	0
20184659	7232776	-1	2300928	2545	0	0	2545
20190659	-1	-1	0	0	0	0	0
20199659	-1	-1	0	0	0	0	0
20207717	5592448	-1	1936384	2770	0	0	2906
20210669	12295384	-1	852992	555	0	0	555
20219659	-1	-1	0	0	0	0	0
20228662	6209408	-1	1725440	2223	0	0	2223
20234658	-1	-1	0	0	0	0	0
20242659	-1	-1	0	0	0	0	0
20251659	-1	-1	0	0	0	0	0
20260706	8235184	-1	2734080	2656	0	0	2656
20268665	-1	-1	0	0	0	0	0
20276668	8128832	-1	2898944	2853	0	0	2853
20285735	-1	-1	0	0	0	0	0
20291665	8540848	-1	2181120	2043	0	0	2043
20301667	-1	-1	0	0	0	0	0
20311661	6318160	-1	1736704	2199	0	0	2199
20320678	-1	-1	0	0	0	0	0
20329663	8049488	-1	1793024	1782	0	0	1782
20336721	5271824	-1	417792	634	0	0	640
20341662	7789936	-1	1745920	1793	0	0	1793
20351659	-1	-1	0	0	0	0	0
20358659	6946776	-1	1342464	1546	0	0	1546
20368658	-1	-1	0	0	0	0	0
20376658	-1	-1	0	0	0	0	0
20384855	3138928	-1	480256	1224	0	0	1233
20388667	4991904	-1	813056	1303	0	0	1403
20397660	-1	-1	0	0	0	0	0
20403659	6454040	-1	1513472	1876	0	0	1876
20412668	-1	-1	0	0	0	0	0
20421658	7314120	-1	1595392	1745	0	0	1745
20430658	-1	-1	0	0	0	0	0
20533616	2620008	-1	1575936	4812	0	0	11211
20540615	4879264	-1	1084416	1778	0	0	1778
20548601	-1	-1	0	0	0	0	0
20558603	4616152	-1	1340416	2323	0	0	2323
20565603	-1	-1	0	0	0	0	0
20574604	8663728	-1	1542144	1424	0	0	1424
20578597	-1	-1	0	0	0	0	0
20587604	-1	-1	0	0	0	0	0
20596616	-1	-1	0	0	0	0	0
20602603	7193336	-1	1489920	1657	0	0	1657
20611603	-1	-1	0	0	0	0	0
20618603	7254424	-1	1418240	1564	0	0	1564
20627603	-1	-1	0	0	0	0	0
20636607	3824344	-1	555008	1161	0	0	1161
20645604	-1	-1	0	0	0	0	0
20654606	6132088	-1	1185792	1547	0	0	1547
20662600	-1	-1	0	0	0	0	0
20672605	6964456	-1	1423360	1635	0	0	1635
20680601	-1	-1	0	0	0	0	0
20690604	-1	-1	0	0	0	0	0
20695603	-1	-1	0	0	0	0	0
20703606	7627032	-1	1769472	1856	0	0	1856
20708634	-1	-1	106496	210	0	0	286
20713604	8419400	-1	1516544	1441	0	0	1441
20722611	-1	-1	0	0	0	0	0
20728605	9202296	-1	1203200	1046	0	0	1046
20733604	-1	-1	0	0	0	0	0
20742610	6964056	-1	1254400	1441	0	0	1441
20746604	-1	-1	0	0	0	0	0
20755601	8690424	-1	2088960	1923	0	0	1923
20763612	-1	-1	0	0	0	0	0
20772604	8789872	-1	2980864	2713	0	0	2713
20781605	-1	-1	0	0	0	0	0
20790604	-1	-1	0	0	0	0	0
20793604	-1	-1	0	0	0	0	0
20802603	6873224	-1	1713152	1994	0	0	1994
20806603	-1	-1	0	0	0	0	0
20815600	7755528	-1	1366912	1410	0	0	1410
20822603	-1	-1	0	0	0	0	0
20830602	7530904	-1	1936384	2057	0	0	2212
20839611	-1	-1	0	0	0	0	0
20849604	7674056	-1	2397184	2499	0	0	2499
20858604	-1	-1	0	0	0	0	0
20867602	-1	-1	0	0	0	0	0
20876703	4015896	-1	385024	767	0	0	804
20881599	7239056	-1	2255872	2493	0	0	2493
20887608	-1	-1	0	0	0	0	0
20896603	-1	-1	0	0	0	0	0
20900597	-1	-1	0	0	0	0	0
20909602	8920456	-1	1479680	1327	0	0	1589
20918601	5267768	-1	260096	395	0	0	454
20923602	13228976	-1	244736	148	0	0	148
20932604	6743608	-1	886784	1052	0	0	1052
20935604	-1	-1	0	0	0	0	0
20944601	-1	-1	0	0	0	0	0
20952596	5502168	-1	1103872	1605	0	0	1605
20962605	-1	-1	0	0	0	0	0
20968603	7061528	-1	1375232	1558	0	0	1558
20977603	-1	-1	0	0	0	0	0
20984603	6285752	-1	1191936	1517	0	0	1517
20987602	-1	-1	0	0	0	0	0
20995609	-1	-1	0	0	0	0	0
20998603	-1	-1	0	0	0	0	0
21005598	5214272	-1	821248	1260	0	0	1260
21012604	-1	-1	0	0	0	0	0
21019603	6822696	-1	1173504	1376	0	0	1376
21025601	5657016	-1	434176	614	0	0	636
21030603	7213232	-1	1245184	1381	0	0	1381
21035601	-1	-1	0	0	0	0	0
21044603	6178216	-1	970752	1257	0	0	1257
21053602	-1	-1	0	0	0	0	0
21062613	6848104	-1	1581056	1847	0	0	1847
21069603	-1	-1	0	0	0	0	0
21078603	6792336	-1	1485824	1750	0	0	1750
21086603	-1	-1	0	0	0	0	0
21094603	8740896	-1	2804736	2567	0	0	2567
21100602	-1	-1	0	0	0	0	0
21109607	7985480	-1	2019328	2023	0	0	2023
21117972	8138368	-1	2486272	2444	0	0	2444
21120606	-1	-1	0	0	0	0	0
21129603	-1	-1	0	0	0	0	0
21137598	10400624	-1	1060864	816	0	0	816
21144596	-1	-1	0	0	0	0	0
21152650	6785168	-1	2790400	3290	0	0	3290
21162605	-1	-1	0	0	0	0	0
21170597	7596576	-1	1188864	1252	0	0	1252
21179681	4422672	-1	180224	326	0	0	474
21184605	3843976	-1	785612	1635	0	0	1635
21193604	-1	-1	0	0	0	0	0
21201599	-1	-1	0	0	0	0	0
21211603	5579152	-1	1276928	1831	0	0	1831
21212611	-1	-1	0	0	0	0	0
21221608	6341848	-1	1214464	1532	0	0	1532
21224603	-1	-1	0	0	0	0	0
21233603	-1	-1	0	0	0	0	0
21242603	5770848	-1	1540096	2135	0	0	2135
21249601	-1	-1	0	0	0	0	0
21256614	8105504	-1	1631232	1610	0	0	1610
21262603	-1	-1	0	0	0	0	0
21270603	7458744	-1	968704	1039	0	0	1039
21277607	-1	-1	0	0	0	0	0
21285603	8579160	-1	1565696	1460	0	0	1460
21292608	-1	-1	0	0	0	0	0
21302611	-1	-1	0	0	0	0	0
21308608	-1	-1	0	0	0	0	0
21317602	9213000	-1	1570816	1364	0	0	1392
21324603	-1	-1	0	0	0	0	0
21331622	9334592	-1	936960	803	0	0	803
21336603	-1	-1	0	0	0	0	0
21343603	-1	-1	0	0	0	0	0
21349603	-1	-1	0	0	0	0	0
21358640	10404016	-1	2403328	1848	0	0	1848
21463837	3846416	-1	2091008	4349	0	0	10407
21471834	5148472	-1	763904	1187	0	0	1187
21479837	-1	-1	0	0	0	0	0
21488845	6536224	-1	1232896	1509	0	0	1509
21495843	-1	-1	0	0	0	0	0
21504839	8791416	-1	1306624	1189	0	0	1189
21508844	-1	-1	0	0	0	0	0
21517845	7693952	-1	1376256	1431	0	0	1431
21526833	-1	-1	0	0	0	0	0
21529836	-1	-1	0	0	0	0	0
21537844	6287776	-1	1007616	1282	0	0	1522
21541840	14195480	-1	1215488	685	0	0	685
21549835	-1	-1	0	0	0	0	0
21557844	5784720	-1	1306624	1807	0	0	1807
21565835	-1	-1	0	0	0	0	0
21574836	8089824	-1	1378304	1363	0	0	1363
21578830	-1	-1	0	0	0	0	0
21588842	-1	-1	0	0	0	0	0
21593834	-1	-1	0	0	0	0	0
21602832	9897184	-1	3126272	2527	0	0	2527
21611835	-1	-1	0	0	0	0	0
21619831	-1	-1	0	0	0	0	0
21627835	-1	-1	0	0	0	0	0
21637845	7430088	-1	2576384	2774	0	0	2774
21644837	-1	-1	0	0	0	0	0
21653836	5349744	-1	834560	1248	0	0	1289
21660836	-1	-1	0	0	0	0	0
21670840	7851104	-1	1532928	1562	0	0	1562
21679841	-1	-1	0	0	0	0	0
21687835	-1	-1	0	0	0	0	0
21697835	9329640	-1	1923072	1649	0	0	1698
21700836	-1	-1	0	0	0	0	0
21707832	-1	-1	0	0	0	0	0
21717847	8793104	-1	1168384	1063	0	0	1063
21723832	-1	-1	0	0	0	0	0
21730836	7322800	-1	1604608	1753	0	0	1753
21737835	-1	-1	0	0	0	0	0
21746835	-1	-1	0	0	0	0	0
21754835	-1	-1	0	0	0	0	0
21760841	6769984	-1	2467660	2916	0	0	2916
21768845	-1	-1	0	0	0	0	0
21777836	7993024	-1	1933312	1935	0	0	1935
21784835	-1	-1	0	0	0	0	0
21791865	-1	-1	0	0	0	0	0
21798835	-1	-1	0	0	0	0	0
21804835	8954256	-1	4089856	3654	0	0	3654
21813835	-1	-1	0	0	0	0	0
21822833	-1	-1	0	0	0	0	0
21823829	-1	-1	0	0	0	0	0
21829845	6489584	-1	1889280	2329	0	0	2329
21838863	-1	-1	0	0	0	0	0
21847841	7742072	-1	1955840	2021	0	0	2021
21855830	-1	-1	0	0	0	0	0
21865836	-1	-1	0	0	0	0	0
21872835	-1	-1	0	0	0	0	0
21880837	6674696	-1	2810880	3369	0	0	3369
21890836	-1	-1	0	0	0	0	0
21898839	6883944	-1	2010112	2336	0	0	2336
21908835	-1	-1	0	0	0	0	0
21915835	7009968	-1	2793472	3188	0	0	3188
21924830	-1	-1	0	0	0	0	0
21933835	4876952	-1	1096704	1799	0	0	1799
21943829	-1	-1	0	0	0	0	0
21950835	8502384	-1	1711104	1610	0	0	1610
21958844	-1	-1	0	0	0	0	0
21966833	-1	-1	0	0	0	0	0
21974834	-1	-1	0	0	0	0	0
21980833	9454776	-1	3020800	2556	0	0	2556
21989834	-1	-1	0	0	0	0	0
21997835	4883824	-1	1498112	2454	0	0	2454
22006835	-1	-1	0	0	0	0	0
22014831	8186200	-1	2890752	2825	0	0	2825
22023839	-1	-1	0	0	0	0	0
22031835	6218416	-1	1561600	2009	0	0	2009
22039845	-1	-1	0	0	0	0	0
22049841	-1	-1	0	0	0	0	0
22058834	-1	-1	0	0	0	0	0
22065835	5647904	-1	1932288	2737	0	0	2737
22071835	-1	-1	0	0	0	0	0
22081846	7295648	-1	1975296	2166	0	0	2166
22091849	-1	-1	0	0	0	0	0
22098865	8418040	-1	2211840	2102	0	0	2102
22108830	-1	-1	0	0	0	0	0
22116832	9748544	-1	2165396	1777	0	0	1777
22123835	-1	-1	0	0	0	0	0
22132847	8646960	-1	3250176	3007	0	0	3007
22141830	-1	-1	0	0	0	0	0
22151836	-1	-1	0	0	0	0	0
22160835	-1	-1	0	0	0	0	0
22167834	7527960	-1	3621888	3849	0	0	3849
22175829	-1	-1	0	0	0	0	0
22185832	7068640	-1	2886656	3267	0	0	3267
22193830	-1	-1	0	0	0	0	0
22199897	5767280	-1	2065408	2865	0	0	2865
22208835	-1	-1	0	0	0	0	0
22218837	5479952	-1	1104896	1613	0	0	1613
22226836	-1	-1	0	0	0	0	0
22235843	-1	-1	0	0	0	0	0
22243841	4592848	-1	1377280	2399	0	0	2512
22246833	-1	-1	0	0	0	0	0
22254832	-1	-1	0	0	0	0	0
22263862	6218568	-1	1558528	2005	0	0	2005
22273841	-1	-1	0	0	0	0	0
22283835	7154640	-1	1645568	1840	0	0	1840
22292834	-1	-1	0	0	0	0	0
22396032	-1	-1	0	0	0	0	27088
22403996	10595672	-1	4003840	3023	0	0	3023
22411995	-1	-1	0	0	0	0	0
22421995	-1	-1	0	0	0	0	0
22427995	-1	-1	0	0	0	0	0
22436994	8724344	-1	3238912	2970	0	0	2970
22444996	-1	-1	0	0	0	0	0
22454119	8147912	-1	2081792	2044	0	0	2044
22462013	-1	-1	0	0	0	0	0
22471068	9779160	-1	3009536	2462	0	0	2462
22481006	-1	-1	0	0	0	0	0
22490995	9681008	-1	2030592	1678	0	0	1678
22499995	-1	-1	0	0	0	0	0
22510006	-1	-1	0	0	0	0	0
22512006	-1	-1	0	0	0	0	0
22520007	6932512	-1	3979264	4592	0	0	4592
22528996	-1	-1	0	0	0	0	0
22538995	-1	-1	0	0	0	0	0
22547999	-1	-1	0	0	0	0	0
22556996	7835040	-1	2652160	2708	0	0	2708
22566220	-1	-1	0	0	0	0	139
22570998	8140680	-1	1786880	1756	0	0	1756
22579997	-1	-1	0	0	0	0	0
22587998	4468728	-1	1147904	2055	0	0	2055
22598003	-1	-1	0	0	0	0	0
22606997	8662496	-1	2658304	2455	0	0	2455
22616999	-1	-1	0	0	0	0	0
22625997	-1	-1	0	0	0	0	0
22634997	-1	-1	0	0	0	0	0
22639996	6421792	-1	3083264	3841	0	0	3841
22649996	-1	-1	0	0	0	0	0
22657995	-1	-1	0	0	0	0	0
22666996	-1	-1	0	0	0	0	0
22673000	10163048	-1	2808812	2211	0	0	2211
22682000	-1	-1	0	0	0	0	0
22691998	4822568	-1	1705984	2830	0	0	2830
22697994	-1	-1	0	0	0	0	0
22706996	5628400	-1	1701888	2419	0	0	2419
22714996	-1	-1	0	0	0	0	0
22724995	3153392	-1	947200	2403	0	0	2403
22733995	-1	-1	0	0	0	0	0
22740995	4458568	-1	931840	1672	0	0	1672
22747003	-1	-1	0	0	0	0	0
22755996	5076784	-1	1338368	2109	0	0	2109
22765037	-1	-1	0	0	0	0	0
22770062	8014888	-1	2734080	2729	0	0	2729
22779005	-1	-1	0	0	0	0	0
22788001	-1	-1	0	0	0	0	0
22796009	-1	-1	40960	289	0	0	327
22801002	6319544	-1	1907712	2415	0	0	2415
22806994	-1	-1	0	0	0	0	0
22816070	5552008	-1	1630208	2349	0	0	2349
22824997	-1	-1	0	0	0	0	0
22830997	-1	-1	0	0	0	0	0
22836994	-1	-1	0	0	0	0	0
22846996	7287992	-1	3070976	3371	0	0	3371
22854006	-1	-1	0	0	0	0	0
22861997	6994992	-1	1340416	1533	0	0	1533
22870996	-1	-1	0	0	0	0	0
22879995	6632032	-1	1575936	1901	0	0	1901
22889005	-1	-1	0	0	0	0	0
22897995	8084208	-1	1920000	1900	0	0	1900
22906999	-1	-1	0	0	0	0	0
22916003	6561984	-1	1442816	1759	0	0	1759
22925995	-1	-1	0	0	0	0	0
22934000	6807440	-1	1812480	2130	0	0	2130
22943006	-1	-1	0	0	0	0	0
22952995	6520640	-1	1701888	2088	0	0	2088
22962995	-1	-1	0	0	0	0	0
22969994	7499272	-1	1208320	1289	0	0	1289
22979013	-1	-1	0	0	0	0	0
22985994	6486816	-1	1869824	2306	0	0	2306
22994995	-1	-1	0	0	0	0	0
23001061	6868040	-1	1359872	1584	0	0	1584
23006995	-1	-1	0	0	0	0	0
23015997	6464056	-1	946176	1171	0	0	1171
23023996	-1	-1	0	0	0	0	0
23033994	4887664	-1	654336	1071	0	0	1071
23040027	-1	-1	0	0	0	0	0
23046004	8268808	-1	2195368	2124	0	0	2124
23055995	-1	-1	0	0	0	0	0
23064008	5636920	-1	2125824	3017	0	0	3017
23072995	-1	-1	0	0	0	0	0
23081997	5761808	-1	968704	1345	0	0	1345
23085997	-1	-1	0	0	0	0	0
23094993	-1	-1	0	0	0	0	0
23098001	-1	-1	0	0	0	0	0
23105993	4413384	-1	904192	1639	0	0	1639
23113005	6271600	-1	1006592	1284	0	0	1284
23116997	-1	-1	0	0	0	0	0
23125004	-1	-1	0	0	0	0	223
23130035	5354640	-1	1010688	1510	0	0	1510
23139997	-1	-1	0	0	0	0	0
23144994	-1	-1	0	0	0	0	0
23151994	-1	-1	0	0	0	0	0
23159994	7238456	-1	2091008	2311	0	0	2420
23167995	-1	-1	0	0	0	0	0
23176995	5093056	-1	967680	1520	0	0	1520
23185007	-1	-1	0	0	0	0	0
23193997	5352656	-1	924672	1382	0	0	1382
23202995	-1	-1	0	0	0	0	0
23211000	-1	-1	0	0	0	0	0
23221064	5829992	-1	1074176	1474	0	0	2269
23223994	7004312	-1	1648640	1883	0	0	1883
23233000	-1	-1	0	0	0	0	0
23352650	7130176	-1	2654208	2978	0	0	29492
23359643	-1	-1	0	0	0	0	0
23367645	-1	-1	0	0	0	0	0
23377657	-1	-1	0	0	0	0	0
23384642	7528776	-1	3138560	3335	0	0	3335
23393645	-1	-1	0	0	0	0	0
23401647	9099760	-1	2104320	1850	0	0	1850
23410644	-1	-1	0	0	0	0	0
23419654	7374904	-1	3586048	3890	0	0	3890
23425644	-1	-1	0	0	0	0	0
23435644	5395824	-1	1236992	1834	0	0	1834
23445644	-1	-1	0	0	0	0	0
23454655	7791672	-1	2451456	2517	0	0	2517
23463652	-1	-1	0	0	0	0	0
23471644	7900432	-1	2302976	2332	0	0	2332
23480646	2153768	-1	229376	852	0	0	943
23484647	7541904	-1	1876992	1991	0	0	1991
23493643	-1	-1	0	0	0	0	0
23502643	-1	-1	0	0	0	0	0
23511644	-1	-1	0	0	0	0	0
23518644	8213376	-1	1573888	1533	0	0	1715
23526643	-1	-1	0	0	0	0	0
23534658	6375544	-1	2544640	3193	0	0	3193
23543646	-1	-1	0	0	0	0	0
23552644	6788072	-1	1921024	2264	0	0	2264
23560642	-1	-1	0	0	0	0	0
23570644	6901744	-1	2196480	2546	0	0	2546
23577644	-1	-1	0	0	0	0	0
23586648	-1	-1	0	0	0	0	0
23593643	-1	-1	0	0	0	0	0
23600645	7598320	-1	2083840	2194	0	0	2194
23609672	-1	-1	0	0	0	0	0
23614725	8613144	-1	1947648	1809	0	0	1809
23623645	-1	-1	0	0	0	0	0
23630646	6770944	-1	1906868	2253	0	0	2253
23636645	-1	-1	0	0	0	0	0
23645645	-1	-1	0	0	0	0	0
23653645	-1	-1	0	0	0	0	0
23659653	6048456	-1	2900992	3837	0	0	3837
23667677	-1	-1	0	0	0	0	0
23676651	5179584	-1	834560	1289	0	0	1289
23685643	-1	-1	0	0	0	0	0
23692644	4195752	-1	710656	1355	0	0	1355
23702648	-1	-1	0	0	0	0	0
23711643	-1	-1	0	0	0	0	0
23714648	-1	-1	0	0	0	0	0
23722642	8813296	-1	3369984	3059	0	0	3059
23730642	-1	-1	0	0	0	0	0
23740646	6827392	-1	1598464	1873	0	0	1873
23748645	-1	-1	0	0	0	0	0
23756646	6466088	-1	1089536	1348	0	0	1348
23765644	-1	-1	0	0	0	0	0
23774643	7477648	-1	1329152	1422	0	0	1422
23783643	-1	-1	0	0	0	0	0
23793643	7195896	-1	1353728	1505	0	0	1505
23803651	-1	-1	0	0	0	0	0
23811651	8711536	-1	961536	883	0	0	883
23819654	-1	-1	0	0	0	0	0
23828651	9741216	-1	2169856	1782	0	0	1883
23837643	-1	-1	0	0	0	0	0
23844652	7639824	-1	1898496	1988	0	0	1988
23853643	-1	-1	0	0	0	0	0
23863646	-1	-1	0	0	0	0	0
23866644	-1	-1	0	0	0	0	0
23874644	7795368	-1	3723264	3821	0	0	3821
23878795	-1	-1	0	0	0	0	0
23884644	-1	-1	0	0	0	0	0
23889654	-1	-1	0	0	0	0	0
23898655	8099168	-1	3305472	3265	0	0	3265
23904644	-1	-1	0	0	0	0	0
23912643	7206736	-1	3048448	3384	0	0	3384
23915657	-1	-1	0	0	0	0	0
23924645	-1	-1	0	0	0	0	0
23932642	-1	-1	0	0	0	0	0
23941645	7492200	-1	2126848	2271	0	0	2271
23949642	-1	-1	0	0	0	0	0
23955663	4591408	-1	726016	1265	0	0	1265
23965642	-1	-1	0	0	0	0	0
23973646	6169728	-1	1227776	1592	0	0	1592
23983642	-1	-1	0	0	0	0	0
23992652	6915616	-1	1592320	1842	0	0	1842
24002643	-1	-1	0	0	0	0	0
24010644	3060720	-1	962596	2516	0	0	2516
24020769	-1	-1	0	0	0	0	0
24030643	7774600	-1	1888256	1943	0	0	1943
24035643	-1	-1	0	0	0	0	0
24045644	-1	-1	0	0	0	0	0
24050643	-1	-1	0	0	0	0	0
24058648	7318128	-1	3481600	3806	0	0	3806
24068652	-1	-1	0	0	0	0	0
24077643	-1	-1	0	0	0	0	0
24081659	-1	-1	0	0	0	0	0
24088660	5319920	-1	1451008	2182	0	0	2182
24095741	-1	-1	0	0	0	0	755
24100647	5512664	-1	1283072	1862	0	0	1862
24109646	-1	-1	0	0	0	0	0
24117645	7037752	-1	2054144	2335	0	0	2335
24127644	-1	-1	0	0	0	0	0
24136644	5304248	-1	991232	1495	0	0	1495
24141644	-1	-1	0	0	0	0	0
24151642	8588848	-1	930816	867	0	0	867
24160646	-1	-1	0	0	0	0	0
24169657	4065384	-1	883712	1739	0	0	1739
24177643	-1	-1	0	0	0	0	0
24185644	4301120	-1	1019904	1897	0	0	1897
24191643	-1	-1	0	0	0	0	0
24199646	5641328	-1	1626112	2306	0	0	2306
24208642	-1	-1	0	0	0	0	0
24344739	5121960	-1	1339392	2092	0	0	28499
24354735	8136104	-1	1341440	1319	0	0	1319
24362739	-1	-1	0	0	0	0	0
24372740	7422208	-1	1323008	1426	0	0	1426
24381732	-1	-1	0	0	0	0	0
24507276	4828096	-1	2633728	4364	0	0	30733
24516356	7331056	-1	2014208	2198	0	0	2198
24525276	-1	-1	0	0	0	0	0
24696188	3407872	-1	1331200	3125	0	0	10102
24706238	5935416	-1	1405952	1895	0	0	1895
24715187	-1	-1	0	0	0	0	0
24724230	7007208	-1	1271808	1452	0	0	1452
24733184	-1	-1	0	0	0	0	0
24844732	3321224	-1	1316864	3172	0	0	29291
24854748	8172792	-1	1742848	1706	0	0	1706
24863726	-1	-1	0	0	0	0	0
24871731	6443352	-1	1460224	1813	0	0	1813
24881731	-1	-1	0	0	0	0	0
