23161378	-1	-1	0	0	0	0	5286
23170386	-1	-1	0	0	0	0	9008
23180395	3971112	-1	2572288	5182	0	0	5182
23190403	7270768	-1	1276928	1405	0	0	1405
23192403	-1	-1	0	0	0	0	0
23201410	-1	-1	0	0	0	0	0
23208425	7165696	-1	1193984	1333	0	0	1333
23216431	-1	-1	0	0	0	0	0
23225444	7204744	-1	1681408	1867	0	0	1867
23232452	-1	-1	0	0	0	0	0
23241456	6489056	-1	1709056	2107	0	0	2107
23249463	-1	-1	0	0	0	0	0
23256475	7735072	-1	970752	1004	0	0	1004
23265482	-1	-1	0	0	0	0	0
23271484	6597096	-1	931840	1130	0	0	1130
23276489	-1	-1	0	0	0	0	0
23285495	6449376	-1	1178624	1462	0	0	1462
23288496	-1	-1	0	0	0	0	0
23297515	6381944	-1	1956864	2453	0	0	2453
23301519	-1	-1	0	0	0	0	0
23310526	-1	-1	0	0	0	0	0
23319533	5675120	-1	598016	843	0	0	1069
23323536	3623184	-1	1071104	2365	0	0	2365
23332543	5289160	-1	524288	793	0	0	803
23337546	6460200	-1	679936	842	0	0	842
23345553	4904056	-1	270336	441	0	0	447
23350558	6989912	-1	1607680	1840	0	0	1840
23358564	-1	-1	0	0	0	0	0
23367578	-1	-1	0	0	0	0	0
23369578	-1	-1	0	0	0	0	0
23378588	7002920	-1	3350020	3827	0	0	3838
23388596	-1	-1	0	0	0	0	0
23393600	-1	-1	0	0	0	0	4898
23398604	-1	-1	0	0	0	0	5003
23404607	3200152	-1	2342912	5857	0	0	6003
23412614	5539232	-1	2694144	3891	0	0	3891
23419620	4951960	-1	1406976	2273	0	0	2273
23428630	6456448	-1	1497088	1855	0	0	1855
23430631	-1	-1	0	0	0	0	0
23439652	-1	-1	0	0	0	0	0
23449662	-1	-1	0	0	0	0	0
23451663	-1	-1	0	0	0	0	0
23457669	6500616	-1	4120576	5071	0	0	5071
23461670	-1	-1	0	0	0	0	0
23470682	-1	-1	0	0	0	0	0
23480688	-1	-1	73728	127	0	0	138
23485692	7011096	-1	2705408	3087	0	0	3087
23494699	-1	-1	0	0	0	0	0
23503706	7669552	-1	1503232	1568	0	0	1568
23508715	-1	-1	0	0	0	0	0
23517725	-1	-1	0	0	0	0	0
23524733	8192000	-1	483328	472	0	0	487
23529738	7872944	-1	2728960	2773	0	0	2773
23537743	-1	-1	0	0	0	0	0
23545754	7457264	-1	1112064	1193	0	0	1193
23557893	7558840	-1	3765248	3985	0	0	3985
23567899	8727464	-1	1452032	1331	0	0	1331
23575913	-1	-1	0	0	0	0	0
23585928	-1	-1	0	0	0	0	0
23591932	-1	-1	0	0	0	0	0
23600940	-1	-1	0	0	0	0	0
23608945	-1	-1	0	0	0	0	0
23615946	8189048	-1	2841600	2776	0	0	2776
23623947	-1	-1	0	0	0	0	0
23631956	-1	-1	0	0	0	0	0
23634957	-1	-1	0	0	0	0	0
23642958	4772552	-1	3261440	5467	0	0	5507
23650962	6128752	-1	3497984	4566	0	0	4566
23654967	4615376	-1	400384	694	0	0	694
23663976	-1	-1	0	0	0	0	0
23673983	8682312	-1	1613824	1487	0	0	1487
23682991	-1	-1	0	0	0	0	0
23689995	8265016	-1	1159168	1122	0	0	1122
23698003	-1	-1	0	0	0	0	0
23704013	7742568	-1	3334144	3445	0	0	3445
23713049	-1	-1	0	0	0	0	0
23721081	-1	-1	0	0	0	0	0
23726094	-1	-1	0	0	0	0	0
23734098	8071088	-1	5536768	5488	0	0	5488
23741109	7219840	-1	1087488	1205	0	0	1205
23749110	8779064	-1	1640588	1495	0	0	1495
23757117	-1	-1	0	0	0	0	0
23763119	7219024	-1	3115008	3452	0	0	3452
23770135	-1	-1	0	0	0	0	0
23780142	-1	-1	0	0	0	0	0
23786145	-1	-1	0	0	0	0	0
23793153	2915032	-1	1856512	5095	0	0	5191
23802163	3190104	-1	2306048	5783	0	0	5783
24090206	3821760	-1	2440192	5108	0	0	5108
24096214	6936080	-1	1990656	2296	0	0	2296
24104218	7570088	-1	4773888	5045	0	0	5045
24113226	8023904	-1	2199552	2193	0	0	2193
24122232	7803448	-1	4442112	4554	0	0	4554
24131240	-1	-1	0	0	0	0	0
24140246	7992712	-1	5051392	5056	0	0	5056
24149254	8058016	-1	431104	428	0	0	428
24155260	8132072	-1	3612672	3554	0	0	3554
24164277	-1	-1	0	0	0	0	0
24173283	8380984	-1	1044480	997	0	0	997
24178287	-1	-1	0	0	0	0	0
24187294	6268600	-1	914432	1167	0	0	1167
24194299	-1	-1	0	0	0	0	0
24203308	8379160	-1	1191936	1138	0	0	1138
24212315	-1	-1	0	0	0	0	0
24221324	8049736	-1	1390592	1382	0	0	1382
24230337	-1	-1	0	0	0	0	0
24236343	-1	-1	0	0	0	0	0
24242346	-1	-1	0	0	0	0	0
24250353	8529816	-1	1551360	1455	0	0	1455
24254356	-1	-1	0	0	0	0	0
24262363	-1	-1	0	0	0	0	0
24270365	-1	-1	24576	54	0	0	63
24275370	8516960	-1	1154048	1084	0	0	1084
24280375	-1	-1	0	0	0	0	0
24286383	6507560	-1	1186816	1459	0	0	1459
24295391	-1	-1	0	0	0	0	0
24304405	7236472	-1	1217536	1346	0	0	1346
24311400	-1	-1	0	0	0	0	0
24325404	7507256	-1	1234944	1316	0	0	1316
24333409	-1	-1	0	0	0	0	0
24342411	8142280	-1	2012160	1977	0	0	1977
24352415	-1	-1	0	0	0	0	0
24361430	-1	-1	0	0	0	0	0
24366436	-1	-1	0	0	0	0	0
24373440	7738032	-1	1536000	1588	0	0	1588
24382451	-1	-1	0	0	0	0	0
24388456	6425544	-1	1448960	1804	0	0	1804
24397462	6068152	-1	245760	324	0	0	396
24402467	5330792	-1	618372	928	0	0	928
24411474	-1	-1	0	0	0	0	0
24418480	2123048	-1	499712	1883	0	0	1883
24427487	6869528	-1	1340416	1561	0	0	1561
24430489	-1	-1	0	0	0	0	0
24439501	-1	-1	0	0	0	0	0
24447507	7739552	-1	1156096	1195	0	0	1195
24455518	-1	-1	0	0	0	0	0
24465529	6884808	-1	1758208	2043	0	0	2043
24475538	-1	-1	0	0	0	0	0
24480541	-1	-1	0	0	0	0	0
24485545	-1	-1	0	0	0	0	0
24492548	6009936	-1	3821568	5087	0	0	5087
24500556	9178152	-1	1086464	947	0	0	947
24509560	8138592	-1	2496512	2454	0	0	2454
24516568	-1	-1	0	0	0	0	0
24525572	8388400	-1	1968128	1877	0	0	1877
24533581	-1	-1	0	0	0	0	0
24542588	6999072	-1	1628160	1861	0	0	1861
24549595	-1	-1	0	0	0	0	0
24558599	7816728	-1	874496	895	0	0	895
24567601	-1	-1	0	0	0	0	0
24574604	8571656	-1	2242560	2093	0	0	2093
24581610	-1	-1	0	0	0	0	0
24589615	-1	-1	0	0	0	0	0
24599617	7497432	-1	1182720	1262	0	0	1262
24602619	-1	-1	0	0	0	0	0
24611628	1506768	-1	745472	3958	0	0	4033
24612626	7218248	-1	827392	917	0	0	917
24621637	-1	-1	0	0	0	0	0
24626644	-1	-1	0	0	0	0	0
24632653	-1	-1	0	0	0	0	0
24639658	8186816	-1	1616896	1580	0	0	1580
24648673	-1	-1	0	0	0	0	0
24657722	-1	-1	0	0	0	0	0
24662744	-1	-1	0	0	0	0	0
24670761	7671448	-1	3501056	3651	0	0	3651
24680778	-1	-1	0	0	0	0	0
24690793	7139192	-1	1617920	1813	0	0	1813
24699801	-1	-1	0	0	0	0	0
24708810	7498544	-1	1838080	1961	0	0	1961
24715822	-1	-1	0	0	0	0	0
24723834	-1	-1	0	0	0	0	0
24726839	-1	-1	0	0	0	0	0
24735850	8181848	-1	2475008	2420	0	0	2420
24744857	8128928	-1	1187840	1169	0	0	1249
24748865	8878336	-1	1033216	931	0	0	931
24755877	-1	-1	0	0	0	0	0
24761885	8061912	-1	2221056	2204	0	0	2204
24770900	-1	-1	0	0	0	0	0
24778907	-1	-1	0	0	0	0	0
24787921	7404176	-1	1087488	1175	0	0	1175
24791929	9086048	-1	447488	394	0	0	394
24799939	-1	-1	0	0	0	0	0
24807950	6826664	-1	322560	378	0	0	-1
24815961	-1	-1	0	0	0	0	-1
24823973	6015536	-1	2289664	3045	0	0	-1
24827978	-1	-1	0	0	0	0	-1
24837989	8388240	-1	1882112	1795	0	0	-1
24846999	-1	-1	0	0	0	0	-1
24855003	-1	-1	0	0	0	0	-1
24859004	-1	-1	0	0	0	0	-1
24868018	-1	-1	0	0	0	0	-1
24869019	-1	-1	0	0	0	0	-1
24899436	2400024	-1	8716288	29054	0	0	47370
24905443	-1	-1	0	0	0	0	0
24911457	-1	-1	0	0	0	0	0
24919464	-1	-1	0	0	0	0	0
24929481	-1	-1	0	0	0	0	0
24931483	-1	-1	0	0	0	0	0
24940493	7371824	-1	2319360	2517	0	0	2517
24948499	-1	-1	0	0	0	0	0
24957510	-1	-1	0	0	0	0	0
24966514	-1	-1	65536	91	0	0	96
24971520	9299272	-1	2115584	1820	0	0	1820
24980530	-1	-1	0	0	0	0	0
24987533	8079240	-1	2714624	2688	0	0	2688
24996544	7969088	-1	1171456	1176	0	0	1233
25000548	4226520	-1	1127424	2134	0	0	2134
25007553	-1	-1	0	0	0	0	0
25016563	-1	-1	0	0	0	0	0
25025570	5799416	-1	1826816	2520	0	0	2556
25028573	6258464	-1	2323456	2970	0	0	3003
25037581	7968544	-1	1825792	1833	0	0	1833
25046595	8481984	-1	1797120	1695	0	0	1695
25054606	-1	-1	0	0	0	0	0
25063616	8430000	-1	1813504	1721	0	0	1721
25072624	-1	-1	0	0	0	0	0
25080627	6843968	-1	4117504	4813	0	0	4813
25085631	9011200	-1	247808	220	0	0	220
25094637	8271224	-1	2672640	2585	0	0	2585
25100643	-1	-1	0	0	0	0	0
25109648	6288288	-1	2332168	2967	0	0	2967
25119660	-1	-1	0	0	0	0	0
25128689	-1	-1	0	0	0	0	0
25130690	-1	-1	0	0	0	0	0
25139703	8226696	-1	2670592	2597	0	0	2597
25142705	-1	-1	0	0	0	0	0
25151718	6860664	-1	4648960	5421	0	0	5421
25156721	-1	-1	0	0	0	0	0
25165731	3323712	-1	1958912	4715	0	0	4715
25175740	-1	-1	0	0	0	0	0
25183748	-1	-1	0	0	0	0	0
25191752	8443440	-1	2131968	2020	0	0	2020
25194756	-1	-1	0	0	0	0	0
25203759	6089632	-1	516096	678	0	0	683
25208767	7476072	-1	1860608	1991	0	0	1991
25217799	3592104	-1	368640	821	0	0	862
25399955	7046184	-1	1769472	2009	0	0	2009
25408958	-1	-1	0	0	0	0	0
25416966	6529384	-1	1435648	1759	0	0	1759
25424973	-1	-1	0	0	0	0	0
25431996	8077496	-1	1589248	1574	0	0	1574
25441004	-1	-1	0	0	0	0	0
25448010	8352888	-1	1275904	1222	0	0	1222
25456011	-1	-1	0	0	0	0	0
25464031	7767232	-1	1048576	1080	0	0	1080
25471090	-1	-1	0	0	0	0	0
25480116	8205864	-1	1212416	1182	0	0	1182
25484116	-1	-1	0	0	0	0	0
25492156	8646616	-1	4966400	4595	0	0	4595
25502172	-1	-1	0	0	0	0	0
25510177	8832728	-1	4277248	3874	0	0	3874
25513178	-1	-1	0	0	0	0	0
25522185	7680224	-1	2212864	2305	0	0	2305
25528189	-1	-1	0	0	0	0	0
25537198	7599192	-1	2756608	2902	0	0	2902
25539201	-1	-1	0	0	0	0	0
25548210	7849000	-1	2413568	2460	0	0	2460
25553212	-1	-1	0	0	0	0	0
25561227	6776072	-1	3131392	3697	0	0	3697
25569243	-1	-1	0	0	0	0	0
25578290	-1	-1	0	0	0	0	0
25585299	7483352	-1	811008	867	0	0	965
25589307	8315656	-1	3580928	3445	0	0	3445
25596320	-1	-1	0	0	0	0	0
25605323	-1	-1	0	0	0	0	0
25609324	-1	-1	0	0	0	0	0
25615327	7668552	-1	5145600	5368	0	0	5368
25622332	4185528	-1	382976	732	0	0	732
25631338	7729960	-1	2792448	2890	0	0	2890
25640354	-1	-1	0	0	0	0	0
25649358	-1	-1	0	0	0	0	0
25658389	7346064	-1	2163416	2356	0	0	2356
25660393	-1	-1	0	0	0	0	0
25669416	6787792	-1	3009536	3547	0	0	3547
25671418	9232976	-1	208896	181	0	0	181
25680478	-1	-1	0	0	0	0	0
25689504	8734776	-1	2488320	2279	0	0	2279
25698510	-1	-1	0	0	0	0	0
25707520	8249544	-1	1614848	1566	0	0	1566
25716535	-1	-1	0	0	0	0	0
25722544	-1	-1	0	0	0	0	0
25726551	-1	-1	0	0	0	0	0
25731550	8283264	-1	5018624	4847	0	0	4847
25739565	8939968	-1	257024	230	0	0	230
25746574	-1	-1	0	0	0	0	0
25753591	-1	-1	0	0	0	0	0
25762609	7896728	-1	3532800	3579	0	0	3579
25767613	-1	-1	0	0	0	0	0
25774616	-1	-1	0	0	0	0	0
25781624	-1	-1	0	0	0	0	0
25787629	7282120	-1	4802560	5276	0	0	5276
25795637	8872304	-1	320512	289	0	0	289
25804652	-1	-1	0	0	0	0	0
25813663	8432608	-1	753664	715	0	0	722
25818674	8110976	-1	5022720	4954	0	0	4954
25824690	8396488	-1	3447808	3285	0	0	3285
25833718	-1	-1	0	0	0	0	0
25837723	-1	-1	0	0	0	0	0
25846731	8330928	-1	5342208	5130	0	0	5197
25853743	8192000	-1	840704	821	0	0	821
25860750	7544856	-1	3497984	3709	0	0	3709
25868760	-1	-1	0	0	0	0	0
25877775	8577280	-1	4513792	4210	0	0	4210
25887799	7567336	-1	1302528	1377	0	0	1424
25891802	5922776	-1	2926592	3953	0	0	3953
25900811	7184832	-1	2622464	2920	0	0	2920
25909828	8376528	-1	5670912	5416	0	0	5416
25918845	7900408	-1	1775616	1798	0	0	1798
25920847	-1	-1	0	0	0	0	0
25929861	-1	-1	0	0	0	0	0
25938873	8052920	-1	2371584	2356	0	0	2356
25942879	-1	-1	0	0	0	0	0
25951895	6938056	-1	2317312	2672	0	0	2672
25960907	-1	-1	0	0	0	0	0
25969921	7616224	-1	4700160	4937	0	0	4937
25978933	6651232	-1	446464	537	0	0	537
25987943	-1	-1	0	0	0	0	0
25996955	6793456	-1	1885184	2220	0	0	2294
25999957	6494160	-1	1946624	2398	0	0	2398
26008970	-1	-1	0	0	0	0	0
26017984	5981448	-1	2615388	3498	0	0	3498
26021991	-1	-1	0	0	0	0	0
26030007	-1	-1	0	0	0	0	0
26037014	-1	-1	0	0	0	0	0
26046019	7687736	-1	3434496	3574	0	0	3574
26051021	-1	-1	0	0	0	0	0
26060029	7675888	-1	2984960	3111	0	0	3111
26069041	-1	-1	0	0	0	0	0
26079055	7831616	-1	4139008	4228	0	0	4228
26088065	-1	-1	0	0	0	0	0
26097077	6972984	-1	2553856	2930	0	0	2930
26106087	-1	-1	0	0	0	0	0
26115102	6970080	-1	2646016	3037	0	0	3037
26121111	-1	-1	0	0	0	0	0
26129124	6861880	-1	2593792	3024	0	0	3024
26139135	-1	-1	0	0	0	0	0
26146142	6302056	-1	959488	1218	0	0	1218
26154155	-1	-1	0	0	0	0	0
26163168	7008120	-1	1357824	1550	0	0	1550
26166173	-1	-1	0	0	0	0	0
26175185	7909208	-1	1804288	1825	0	0	1825
26183219	-1	-1	0	0	0	0	0
26189262	7714264	-1	2463744	2555	0	0	2555
26194270	-1	-1	0	0	0	0	0
26202283	5367760	-1	2271232	3385	0	0	3385
26211291	8222984	-1	1902592	1851	0	0	1851
26214297	-1	-1	76800	82	0	0	82
26223310	-1	-1	0	0	0	0	0
26230322	-1	-1	0	0	0	0	0
26236329	-1	-1	0	0	0	0	0
26244345	7573208	-1	2782208	2939	0	0	2939
26249351	-1	-1	0	0	0	0	0
26258361	7804584	-1	2702336	2770	0	0	2770
26263367	-1	-1	0	0	0	0	0
26272385	6228664	-1	1487872	1911	0	0	1911
26278389	-1	-1	0	0	0	0	0
26287398	6979336	-1	3276800	3756	0	0	3756
26294408	-1	-1	0	0	0	0	0
26300441	7543408	-1	2191360	2324	0	0	2324
26306474	-1	-1	0	0	0	0	0
26315491	-1	-1	0	0	0	0	0
26319496	-1	-1	0	0	0	0	0
26327508	8861480	-1	2236416	2019	0	0	2019
26336519	8506904	-1	1908736	1795	0	0	1803
26339522	7637072	-1	1423360	1491	0	0	1491
26346532	-1	-1	0	0	0	0	0
26355538	8997528	-1	1887232	1678	0	0	1678
26364558	-1	-1	0	0	0	0	0
26373582	8465880	-1	2848768	2692	0	0	2692
26382597	-1	-1	0	0	0	0	0
26392612	6693536	-1	2059100	2461	0	0	2461
26399613	-1	-1	0	0	0	0	1111
26403617	3075312	-1	1781760	4635	0	0	4635
26411625	-1	-1	0	0	0	0	0
26420639	7215800	-1	3671040	4070	0	0	4070
26426652	-1	-1	0	0	0	0	0
26434664	7400240	-1	1933312	2090	0	0	2090
26443673	-1	-1	0	0	0	0	0
26452705	7279168	-1	2221056	2441	0	0	2441
26459715	-1	-1	0	0	0	0	0
26466735	6013952	-1	1456128	1937	0	0	1937
26471744	-1	-1	0	0	0	0	0
26477753	6146192	-1	2150400	2799	0	0	2799
26481758	-1	-1	0	0	0	0	0
26490771	7735936	-1	2761728	2856	0	0	2856
26497813	-1	-1	0	0	0	0	0
26507882	-1	-1	0	0	0	0	0
26512903	-1	-1	0	0	0	0	0
26520914	7056648	-1	3812352	4322	0	0	4322
26526920	-1	-1	0	0	0	0	0
26530934	-1	-1	0	0	0	0	0
26539949	7725160	-1	711680	737	0	0	780
26544956	9272400	-1	2293760	1979	0	0	1979
26553966	-1	-1	0	0	0	0	0
26562985	8703624	-1	1480704	1361	0	0	1361
26571999	-1	-1	0	0	0	0	0
26581009	8716720	-1	1973248	1811	0	0	1811
26590020	-1	-1	0	0	0	0	0
26599053	8089664	-1	1618944	1601	0	0	1601
26605060	-1	-1	0	0	0	0	0
26611068	6908816	-1	2497536	2892	0	0	2892
26618080	-1	-1	0	0	0	0	0
26626085	8378848	-1	2341888	2236	0	0	2236
26632094	-1	-1	0	0	0	0	0
26641108	-1	-1	0	0	0	0	0
26644114	-1	-1	0	0	0	0	0
26653122	7397712	-1	3557376	3847	0	0	3847
26660141	-1	-1	0	0	0	0	0
26666148	7207768	-1	4709376	5227	0	0	5227
26674163	7212096	-1	376832	418	0	0	418
26681171	8123160	-1	3262464	3213	0	0	3213
26691187	-1	-1	0	0	0	0	0
26698194	8560688	-1	2924544	2733	0	0	2733
26705204	-1	-1	0	0	0	0	0
26715219	-1	-1	0	0	0	0	0
26722228	8963440	-1	1499136	1338	0	0	1356
26726230	7837488	-1	3576832	3651	0	0	3651
26735238	-1	-1	0	0	0	0	0
26744252	-1	-1	0	0	0	0	0
26753266	-1	-1	0	0	0	0	0
26759273	8159960	-1	2328648	2283	0	0	2283
26764279	-1	-1	0	0	0	0	0
26772292	5705432	-1	1452032	2036	0	0	2036
26781311	8199928	-1	2117632	2066	0	0	2066
26784317	9465288	-1	631808	534	0	0	534
26793332	-1	-1	0	0	0	0	0
26803344	7027736	-1	2219008	2526	0	0	2526
26812358	-1	-1	0	0	0	0	0
26821369	-1	-1	0	0	0	0	0
26829379	8369144	-1	2177024	2081	0	0	2081
26832381	9412088	-1	552960	470	0	0	470
26841392	6909328	-1	827392	958	0	0	968
26845400	6874992	-1	1432576	1667	0	0	1667
26854414	-1	-1	0	0	0	0	0
26859417	8266504	-1	2385920	2309	0	0	2309
26864426	-1	-1	0	0	0	0	0
