30143	2448776	-1	2330624	7614	0	0	17251
38177	-1	-1	0	0	0	0	0
44140	-1	-1	0	0	0	0	0
50135	-1	-1	0	0	0	0	0
52138	-1	-1	0	0	0	0	0
57135	-1	-1	0	0	0	0	0
61154	-1	-1	0	0	0	0	0
67129	7323720	-1	794624	868	0	0	883
73131	-1	-1	0	0	0	0	192
78146	4700944	-1	763904	1300	0	0	1300
84132	6669840	-1	740352	888	0	0	888
87130	-1	-1	0	0	0	0	0
92139	3377232	-1	351232	832	0	0	832
96142	-1	-1	0	0	0	0	0
102164	-1	-1	0	0	0	0	0
108144	6687760	-1	1010688	1209	0	0	1313
114141	-1	-1	0	0	0	0	0
120150	5538008	-1	641024	926	0	0	1136
126133	-1	-1	0	0	0	0	0
132147	5250752	-1	519168	791	0	0	970
138140	9008568	-1	350208	311	0	0	731
143140	8109912	-1	505856	499	0	0	499
149139	-1	-1	0	0	0	0	0
155136	5087456	-1	780288	1227	0	0	1395
161130	-1	-1	0	0	0	0	0
167140	8279152	-1	778240	752	0	0	752
173134	5294720	-1	585728	885	0	0	945
177134	-1	-1	0	0	0	0	0
182136	-1	-1	0	0	0	0	0
188135	5754624	-1	582656	810	0	0	984
194147	-1	-1	0	0	0	0	0
200134	7269720	-1	960512	1057	0	0	1119
205138	-1	-1	0	0	0	0	0
211144	9160064	-1	1027072	897	0	0	897
214137	-1	-1	0	0	0	0	0
220145	2801312	-1	311296	889	0	0	1089
226146	9508920	-1	502784	423	0	0	423
230128	14313976	-1	665600	372	0	0	384
236138	-1	-1	0	0	0	0	0
242132	-1	-1	124508	399	0	0	399
248138	3963056	-1	641024	1294	0	0	1381
250132	-1	-1	0	0	0	0	0
256134	5908512	-1	635904	861	0	0	932
260135	-1	-1	0	0	0	0	0
266134	-1	-1	0	0	0	0	0
272148	6483712	-1	684032	844	0	0	844
278136	5188976	-1	500736	772	0	0	927
280136	-1	-1	0	0	0	0	0
286135	-1	-1	0	0	0	0	0
292134	3989584	-1	902144	1809	0	0	1809
298147	12043344	-1	781312	519	0	0	676
302148	-1	-1	0	0	0	0	0
308140	-1	-1	0	0	0	0	0
315145	7869880	-1	1100800	1119	0	0	1128
319134	-1	-1	0	0	0	0	0
323137	5326096	-1	631808	949	0	0	1113
326143	-1	-1	0	0	0	0	0
332143	9623088	-1	1273856	1059	0	0	1059
334137	-1	-1	0	0	0	0	0
340129	5181688	-1	430080	664	0	0	664
345135	-1	-1	0	0	0	0	0
351128	10756616	-1	596992	444	0	0	444
357136	3816272	-1	782336	1640	0	0	1640
359143	-1	-1	0	0	0	0	0
365138	5402768	-1	755712	1119	0	0	1119
366135	-1	-1	0	0	0	0	0
372135	-1	-1	0	0	0	0	0
379135	8610312	-1	1011712	940	0	0	940
384138	-1	-1	0	0	0	0	0
390151	4390720	-1	373760	681	0	0	769
396136	9136160	-1	1010688	885	0	0	1071
398144	-1	-1	0	0	0	0	0
404137	-1	-1	0	0	0	0	0
410131	5997416	-1	733184	978	0	0	986
416131	-1	-1	0	0	0	0	0
419135	3731288	-1	544768	1168	0	0	1233
425130	-1	-1	0	0	0	0	0
431145	11566736	-1	894976	619	0	0	619
433128	-1	-1	0	0	0	0	0
439131	5831072	-1	586752	805	0	0	855
445133	-1	-1	40960	21	0	0	21
451131	6645128	-1	743424	895	0	0	954
457136	13481128	-1	561152	333	0	0	747
460135	15026888	-1	623616	332	0	0	332
466136	-1	-1	0	0	0	0	0
472135	-1	-1	0	0	0	0	0
478142	7942104	-1	1041408	1049	0	0	-1
479136	-1	-1	0	0	0	0	-1
485146	-1	-1	0	0	0	0	-1
490145	7990584	-1	2234368	2237	0	0	-1
496129	-1	-1	0	0	0	0	-1
502134	-1	-1	0	0	0	0	-1
508135	-1	-1	0	0	0	0	-1
511129	-1	-1	0	0	0	0	-1
525373	9347072	-1	2336768	2000	0	0	5355
530796	-1	50240	0	0	276480	44025	0
534795	-1	627448	0	0	310272	3955	0
540798	-1	979368	0	0	711680	5813	0
546798	-1	807896	0	0	626688	6205	0
552797	-1	897472	0	0	665600	5933	0
559795	-1	1092232	0	0	966656	7080	0
564798	-1	1105784	0	0	690176	4993	0
567794	-1	1165160	0	0	432128	2967	0
573798	-1	1281664	0	0	627712	3918	0
579799	-1	-1	0	0	0	0	0
582798	-1	-1	0	0	0	0	0
588797	-1	-1	0	0	0	0	0
594796	-1	-1	0	0	0	0	0
600796	-1	-1	0	0	0	0	0
606797	-1	-1	0	0	0	0	0
612797	-1	-1	0	0	0	0	0
613798	-1	-1	0	0	0	0	0
619798	-1	-1	0	0	0	0	0
626799	-1	-1	0	0	0	0	0
632798	-1	-1	0	0	0	0	0
634797	-1	-1	0	0	0	0	0
640796	2390768	-1	355328	1189	0	0	1189
644796	-1	-1	0	0	0	0	0
650798	-1	-1	0	0	0	0	0
656799	2323944	-1	686436	2363	0	0	2363
662797	2749224	-1	808960	2354	0	0	2354
664798	-1	-1	0	0	0	0	0
670797	-1	-1	0	0	28672	18975	0
676797	-1	936256	0	0	702464	6002	0
682793	-1	952288	0	0	714752	6004	0
687797	-1	978272	0	0	609280	4982	0
693794	-1	975208	0	0	722944	5930	0
697798	-1	1019528	0	0	501760	3937	0
703828	-1	981184	0	0	736256	6003	0
709799	-1	1062744	0	0	809984	6097	0
715798	-1	895744	0	0	675840	6035	0
721798	-1	825728	0	0	615424	5962	0
727794	-1	948344	0	0	715776	6038	0
732792	-1	1106408	0	0	691200	4997	0
735796	-1	976664	0	0	359424	2944	0
739797	-1	1164096	0	0	564224	3877	0
743799	-1	1117264	0	0	575488	4120	0
747801	-1	1179592	0	0	587776	3986	0
750797	-1	1264232	0	0	456704	2890	0
756798	-1	1150232	0	0	878592	6110	0
762798	-1	1159424	0	0	865280	5970	0
768796	-1	996200	0	0	756736	6076	0
771797	-1	1469856	0	0	548864	2987	0
778798	-1	1316840	0	0	1138688	6917	0
780797	-1	1395424	0	0	355328	2037	0
785796	-1	1150448	0	0	716800	4984	0
790810	-1	1199992	0	0	740352	4935	0
795807	-1	1260856	0	0	802816	5093	0
801800	-1	1674376	0	0	1211392	5787	0
807827	-1	-1	0	0	106496	5983	0
813797	-1	1293768	0	0	978944	6053	0
817797	-1	1114776	0	0	565248	4056	0
820795	-1	-1	0	0	0	0	0
825797	-1	-1	0	0	0	0	0
830797	-1	-1	0	0	0	0	0
836798	-1	-1	0	0	0	0	0
840797	-1	-1	0	0	0	0	0
845798	-1	-1	0	0	0	0	0
851796	-1	-1	0	0	0	0	0
857796	-1	-1	0	0	0	0	0
860798	-1	-1	0	0	0	0	0
866797	-1	-1	0	0	0	0	0
872797	-1	-1	0	0	0	0	0
874795	-1	-1	0	0	0	0	0
880797	-1	-1	0	0	0	0	0
886798	-1	-1	0	0	0	0	0
893798	-1	-1	0	0	0	0	0
896798	-1	-1	0	0	0	0	0
901797	-1	-1	0	0	0	0	0
904797	-1	-1	0	0	0	0	0
908797	-1	-1	0	0	0	0	0
914797	-1	-1	0	0	0	0	0
917798	-1	-1	0	0	0	0	0
923798	-1	-1	0	0	0	0	0
925876	-1	-1	0	0	0	0	160
930798	3742480	-1	943104	2016	0	0	2016
936795	-1	-1	0	0	0	0	0
942797	-1	-1	0	0	0	0	0
949794	7335816	-1	1096704	1196	0	0	1230
950794	-1	-1	0	0	0	0	0
955793	-1	26296	0	0	453632	137991	0
961804	5996760	828088	802816	1071	613376	5925	1071
967794	-1	1098912	0	0	826368	6015	0
973795	-1	1022552	0	0	768000	6008	0
979794	-1	1244128	0	0	932864	5998	0
985798	-1	1243592	0	0	940032	6047	0
990799	-1	1042240	0	0	645120	4951	0
996802	-1	1220864	0	0	891904	5844	0
1000797	-1	1248992	0	0	650240	4164	0
1004797	-1	1238376	0	0	616448	3982	0
1010795	-1	1262576	0	0	955392	6053	0
1016796	-1	1210576	0	0	906240	5988	0
1021795	-1	1240520	0	0	775168	4999	0
1027798	-1	1398032	0	0	1048576	6000	0
1033803	-1	1394256	0	0	978944	5616	0
1039797	-1	-1	0	0	0	0	0
1042796	-1	-1	0	0	0	0	0
1046798	-1	-1	0	0	0	0	0
1049799	-1	-1	0	0	0	0	0
1055799	-1	-1	0	0	0	0	0
1058797	-1	-1	0	0	0	0	0
1064798	-1	-1	0	0	0	0	0
1069798	-1	-1	0	0	0	0	0
1075799	-1	-1	0	0	0	0	0
1077798	-1	-1	0	0	0	0	0
1083799	-1	-1	0	0	0	0	0
1088800	-1	-1	0	0	0	0	0
1094798	-1	-1	0	0	0	0	0
1100803	-1	-1	0	0	0	0	0
1101809	-1	-1	0	0	0	0	0
1107795	-1	-1	0	0	0	0	0
1109797	-1	-1	0	0	0	0	0
1115796	-1	-1	0	0	0	0	0
1121797	-1	-1	0	0	0	0	0
1125797	-1	-1	0	0	0	0	0
1131797	-1	-1	0	0	0	0	0
1137798	-1	-1	0	0	0	0	0
1143793	3714920	-1	1048072	2257	0	0	2354
1149796	-1	-1	0	0	0	0	0
1155798	2466680	-1	695296	2255	0	0	2265
1160797	-1	-1	0	0	0	0	0
1164803	-1	-1	0	0	0	0	0
1169798	8969464	-1	1122304	1001	0	0	1179
1171803	-1	-1	0	0	0	0	0
1177798	-1	-1	0	0	0	0	0
1183798	-1	-1	0	0	0	0	0
1186799	6793120	-1	691200	814	0	0	1062
1190796	11287912	-1	664576	471	0	0	471
1196799	-1	-1	0	0	0	0	0
1202797	2978912	-1	761856	2046	0	0	2046
1207797	-1	-1	0	0	0	0	0
1213797	7438712	-1	728064	783	0	0	783
1220798	4949488	-1	679936	1099	0	0	1099
1224797	-1	-1	0	0	0	0	0
1230799	-1	-1	0	0	16384	89863	153
1235796	4760608	352488	832512	1399	221184	5019	1399
1239798	-1	552984	0	0	275456	3985	0
1243800	-1	905896	0	0	454656	4015	0
1246795	-1	1045984	0	0	395264	3023	0
1250798	-1	993080	0	0	492544	3967	0
1254800	-1	834312	0	0	395264	3790	0
1259798	-1	791400	0	0	506880	5123	0
1262797	-1	997432	0	0	382976	3071	0
1266799	-1	1165672	0	0	580608	3984	0
1268796	-1	1088424	0	0	278528	2047	0
1271796	-1	1243376	0	0	446464	2872	0
1276850	-1	1182312	0	0	746496	5051	0
1280798	-1	1165560	0	0	468992	3218	0
1284797	-1	-1	0	0	0	0	0
1288797	-1	-1	0	0	0	0	0
1293799	-1	-1	0	0	0	0	0
1294797	-1	-1	0	0	0	0	0
1298795	-1	-1	0	0	0	0	0
1303795	-1	-1	0	0	0	0	0
1307799	-1	-1	0	0	0	0	0
1312796	5547744	-1	1095680	1580	0	0	1715
1316794	-1	-1	0	0	0	0	0
1321797	-1	-1	0	0	0	0	0
1323793	4118712	-1	278528	541	0	0	575
1327797	16061392	-1	1427456	711	0	0	858
1330797	-1	-1	0	0	0	0	0
1335838	-1	-1	0	0	0	0	0
1338797	-1	-1	0	0	0	0	0
1343798	12129008	-1	1640448	1082	0	0	1082
1346798	12104600	-1	709632	469	0	0	469
1348877	-1	-1	0	0	0	0	0
1353799	5372560	-1	562104	837	0	0	967
1355797	-1	-1	0	0	0	0	0
1359813	-1	-1	0	0	0	0	0
1364794	4893920	-1	989184	1617	0	0	1675
1368794	9431448	-1	498688	423	0	0	423
1370796	-1	-1	0	0	0	0	0
1375798	-1	-1	0	0	0	0	193
1379793	7885184	-1	1052672	1068	0	0	1068
1381797	-1	-1	0	0	0	0	0
1386807	-1	-1	0	0	0	0	0
1389799	8782144	-1	899072	819	0	0	924
1393794	-1	-1	0	0	0	0	39
1395806	10624960	-1	353280	266	0	0	388
1399793	11488784	-1	353280	246	0	0	246
1404812	6620440	-1	750592	907	0	0	907
1406797	-1	-1	0	0	0	0	0
1409795	-1	-1	0	0	0	0	0
1414793	-1	-1	0	0	0	0	0
1418797	9642800	-1	1579008	1310	0	0	1310
1420798	-1	-1	0	0	0	0	0
1425800	7278184	-1	921600	1013	0	0	1013
1428797	-1	-1	0	0	0	0	0
1433883	7729552	-1	718848	744	0	0	804
1437797	17834664	-1	214016	96	0	0	96
1440796	-1	-1	0	0	0	0	0
1445797	5694784	-1	824320	1158	0	0	1158
1449798	-1	-1	0	0	0	0	0
1452797	-1	-1	0	0	0	0	0
1456798	10761888	-1	1393664	1036	0	0	1036
1459797	-1	-1	0	0	0	0	0
1463797	-1	-1	0	0	0	0	0
1464793	-1	-1	0	0	0	0	0
1468793	4455040	-1	311296	559	0	0	584
1472794	14776104	-1	2380800	1289	0	0	1294
1476801	-1	-1	0	0	0	0	0
1481798	-1	-1	0	0	0	0	0
1485798	4102216	-1	675840	1318	0	0	1493
1488796	9962432	-1	679936	546	0	0	546
1492799	-1	-1	0	0	0	0	0
1497797	4594096	-1	486400	847	0	0	847
1501795	-1	-1	0	0	0	0	0
1506800	7501336	-1	800768	854	0	0	854
1510799	-1	-1	0	0	0	0	0
1515798	4912296	-1	693248	1129	0	0	1129
1519801	-1	-1	0	0	0	0	0
1524798	-1	-1	0	0	0	0	0
1526796	8010712	-1	723968	723	0	0	743
1529814	-1	-1	58368	21	0	0	21
1531798	-1	-1	0	0	0	0	0
1536795	7798024	-1	587776	603	0	0	709
1540837	-1	-1	121304	355	0	0	549
1544793	-1	-1	114688	808	0	0	808
1547795	-1	-1	0	0	0	0	0
1552796	9724576	-1	1637376	1347	0	0	1347
1556799	8812064	-1	756736	687	0	0	687
1558798	-1	-1	0	0	0	0	0
1562798	-1	-1	0	0	0	0	0
1567799	9349568	-1	967680	828	0	0	828
1571796	-1	-1	0	0	0	0	0
1576798	2845640	-1	439296	1235	0	0	1301
1578797	8970424	-1	247808	221	0	0	221
1579793	-1	-1	0	0	0	0	0
1584797	5223128	-1	823296	1261	0	0	1261
1585806	-1	-1	0	0	0	0	0
1590799	-1	-1	0	0	0	0	0
1594800	4651392	-1	754688	1298	0	0	1298
1596805	-1	-1	0	0	0	0	0
1601797	-1	-1	0	0	0	0	0
1603797	-1	-1	0	0	0	0	0
1608798	8754960	-1	923648	844	0	0	947
1612798	7928760	-1	771072	778	0	0	778
1615797	-1	-1	0	0	0	0	0
1620796	-1	-1	0	0	0	0	187
1624796	9156400	-1	865280	756	0	0	756
1629797	-1	-1	0	0	0	0	215
1633796	7476464	-1	834560	893	0	0	893
1638847	10410048	-1	360448	277	0	0	303
1642795	11503656	-1	337920	235	0	0	235
1647799	-1	-1	8192	200	0	0	240
1651799	10295176	-1	812032	631	0	0	631
1656792	-1	-1	0	0	0	0	0
1661799	3965872	-1	655360	1322	0	0	1322
1665798	-1	-1	0	0	0	0	440
1669798	4250568	-1	619520	1166	0	0	1166
1674798	-1	-1	0	0	0	0	0
1678799	-1	-1	0	0	0	0	0
1683797	7221896	-1	1029120	1140	0	0	1140
1684794	-1	-1	0	0	0	0	0
1688793	-1	-1	0	0	0	0	0
1693797	9083480	-1	772096	680	0	0	680
1697797	-1	-1	0	0	0	0	0
1702797	10378584	-1	690176	532	0	0	532
1706797	-1	-1	0	0	0	0	0
1711795	5661656	-1	549888	777	0	0	777
1715826	-1	-1	0	0	0	0	0
1720797	7711496	-1	673792	699	0	0	714
1724799	-1	-1	0	0	0	0	0
1729800	-1	-1	0	0	0	0	0
1733798	7770080	-1	1969716	2028	0	0	2122
1734798	-1	-1	0	0	0	0	0
1738800	-1	-1	0	0	0	0	0
1743798	-1	-1	0	0	0	0	0
1745798	-1	-1	0	0	0	0	0
1750797	5156552	-1	1426432	2213	0	0	2213
1754796	-1	-1	0	0	0	0	0
1759801	2081000	-1	823296	3165	0	0	3165
1763799	-1	-1	0	0	0	0	0
1766799	-1	-1	0	0	0	0	0
1770795	11131112	-1	1640448	1179	0	0	1187
1771798	-1	-1	0	0	0	0	0
1775797	-1	-1	0	0	0	0	0
1780797	6668096	-1	846848	1016	0	0	1016
1784798	-1	-1	0	0	0	0	0
1789794	4150672	-1	971776	1873	0	0	1873
1794802	3150288	-1	515072	1308	0	0	1350
1797798	8218768	-1	314368	306	0	0	306
1801794	2759408	-1	393216	1140	0	0	1173
1804794	4828488	-1	752640	1247	0	0	1247
1809805	-1	-1	0	0	0	0	0
1813805	-1	-1	0	0	0	0	0
1816848	5618408	-1	476160	678	0	0	740
1820853	10264440	-1	1075200	838	0	0	838
1823803	-1	-1	0	0	0	0	224
1827798	5820464	-1	1842176	2532	0	0	2532
1832799	3022288	-1	155648	412	0	0	449
1836802	7184720	-1	934912	1041	0	0	1041
1841794	-1	-1	0	0	0	0	0
1846797	4226832	-1	645120	1221	0	0	1221
1850828	-1	-1	0	0	0	0	144
1854799	5729544	-1	845824	1181	0	0	1181
1858799	-1	-1	0	0	0	0	0
1863800	4944992	-1	679936	1100	0	0	1100
1868794	-1	-1	8192	125	0	0	164
1872797	9914184	-1	872448	704	0	0	704
1877795	-1	-1	0	0	0	0	0
1881797	-1	-1	0	0	0	0	0
1883797	-1	-1	0	0	0	0	71
1887797	9117568	-1	1351680	1186	0	0	1186
1892799	-1	-1	0	0	0	0	121
1896793	6296072	-1	816128	1037	0	0	1037
1900800	-1	-1	0	0	0	0	260
1904799	5674856	-1	644096	908	0	0	908
1909876	-1	-1	0	0	0	0	72
1913797	4528016	-1	713728	1261	0	0	-1
1918802	-1	-1	0	0	0	0	-1
1923798	-1	-1	0	0	0	0	-1
1924816	-1	-1	0	0	0	0	-1
1929804	5001672	-1	2001920	3202	0	0	-1
1933799	-1	-1	0	0	0	0	-1
1938799	-1	-1	0	0	0	0	-1
1942803	4993440	-1	888832	1424	0	0	-1
1946796	-1	-1	129024	76	0	0	-1
1948797	-1	-1	0	0	0	0	-1
1959142	-1	-1	81920	477	0	0	-1
1969858	2563248	-1	909312	2838	0	0	7148
1971346	3451560	-1	647168	1500	0	0	1500
1979862	-1	-1	0	0	0	0	0
1983866	-1	-1	0	0	0	0	0
1988858	-1	-1	0	0	0	0	0
1992860	-1	-1	0	0	0	0	0
1995866	-1	-1	0	0	0	0	0
2000863	-1	-1	0	0	0	0	0
2002869	-1	-1	0	0	0	0	0
2006866	-1	-1	0	0	0	0	0
2011873	-1	-1	0	0	0	0	0
2015876	-1	-1	0	0	0	0	0
2020862	-1	-1	0	0	0	0	0
2022863	-1	-1	0	0	0	0	0
2025858	-1	-1	0	0	0	0	0
2028872	-1	-1	0	0	0	0	0
2032866	-1	-1	0	0	0	0	0
2037868	2365952	-1	1118208	3781	0	0	3781
2041866	-1	-1	0	0	0	0	0
2045867	-1	-1	0	0	0	0	0
2050861	9168152	-1	1471488	1284	0	0	1349
2051860	-1	-1	0	0	0	0	0
2055863	-1	-1	0	0	0	0	0
2060878	5783128	-1	644096	891	0	0	956
2063877	-1	-1	0	0	0	0	0
2067866	-1	-1	0	0	0	0	0
2070862	5257376	-1	504708	768	0	0	893
2073857	-1	-1	0	0	0	0	0
2077858	7856656	-1	1175552	1197	0	0	1280
2080857	-1	-1	0	0	0	0	0
2084867	-1	-1	0	0	0	0	0
2089858	-1	-1	0	0	0	0	0
2091858	-1	-1	0	0	0	0	0
2096862	7469696	-1	868352	930	0	0	1111
2100870	-1	-1	0	0	0	0	0
2101868	-1	-1	0	0	0	0	0
2106865	5085736	-1	684032	1076	0	0	1233
2107867	-1	-1	0	0	0	0	0
2112858	7286120	-1	955392	1049	0	0	1049
2113869	-1	-1	0	0	0	0	0
2117866	-1	-1	0	0	0	0	0
2122865	8010816	-1	633856	633	0	0	633
2126862	-1	-1	0	0	0	0	0
2131862	-1	-1	0	0	0	0	0
2135863	8199376	-1	1138688	1111	0	0	1339
2137878	-1	-1	0	0	0	0	0
2141857	-1	-1	0	0	0	0	0
2144889	-1	-1	0	0	0	0	0
2149859	9373608	-1	1332224	1137	0	0	1137
2151863	-1	-1	0	0	0	0	0
2155857	-1	-1	0	0	0	0	0
2159877	-1	-1	0	0	0	0	0
2163858	8798816	-1	831488	756	0	0	1055
2165856	-1	-1	0	0	0	0	0
2169865	-1	-1	0	0	0	0	0
2174865	5365096	-1	913408	1362	0	0	1436
2177864	-1	-1	0	0	0	0	0
2182860	11391392	-1	904192	635	0	0	635
2186867	-1	-1	0	0	0	0	0
2190862	-1	-1	0	0	0	0	0
2194914	-1	-1	0	0	0	0	342
2198864	4673576	-1	994304	1702	0	0	1702
2199896	-1	-1	0	0	0	0	0
2204862	-1	-1	0	0	0	0	0
2206862	-1	-1	0	0	0	0	0
2210862	5863392	-1	1075200	1467	0	0	1668
2214858	-1	-1	0	0	0	0	0
2219861	6049480	-1	1081344	1430	0	0	1430
2224860	-1	-1	0	0	0	0	0
2229877	-1	-1	0	0	0	0	0
2232861	4096000	-1	327680	640	0	0	700
2236861	6688240	-1	1566720	1874	0	0	1874
2240862	-1	-1	0	0	0	0	0
2244862	-1	-1	0	0	0	0	0
2249865	7575120	-1	1483776	1567	0	0	1567
2250862	-1	-1	0	0	0	0	0
2254932	3526720	-1	793952	1801	0	0	1801
2256864	-1	-1	0	0	0	0	0
2261862	-1	-1	0	0	0	0	242
2265862	4659256	-1	1058816	1818	0	0	1818
2270872	-1	-1	0	0	0	0	0
2275866	3760712	-1	557056	1185	0	0	1185
2279867	-1	-1	0	0	0	0	0
2284865	5035080	-1	645120	1025	0	0	1025
2288859	3483640	-1	262144	602	0	0	630
2292867	6056712	-1	461824	610	0	0	610
2295862	-1	-1	0	0	0	0	135
2299859	7636200	-1	647168	678	0	0	678
2304870	-1	-1	0	0	0	0	0
2308894	-1	-1	0	0	0	0	0
2310972	3189808	-1	180224	452	0	0	532
2314876	15658928	-1	1260544	644	0	0	644
2318857	-1	-1	0	0	0	0	0
2323862	-1	-1	0	0	0	0	0
2327860	-1	-1	0	0	0	0	0
2332861	9959832	-1	1292288	1038	0	0	1106
2337870	-1	-1	0	0	0	0	0
2340858	-1	-1	0	0	0	0	0
2342858	-1	-1	0	0	0	0	134
2346863	8444712	-1	1231872	1167	0	0	1167
2351862	-1	-1	0	0	0	0	138
2355869	10113584	-1	921600	729	0	0	729
2360870	7976424	-1	644096	646	0	0	722
2363867	-1	-1	0	0	0	0	0
2368859	9856000	-1	315392	256	0	0	427
2372868	20626760	-1	791552	307	0	0	307
2377857	4937640	-1	270336	438	0	0	467
2381857	16331152	-1	632832	310	0	0	310
2385862	-1	-1	0	0	0	0	0
2390861	6627344	-1	680960	822	0	0	822
2394861	-1	-1	0	0	0	0	0
2398858	-1	-1	0	0	0	0	0
2401861	-1	-1	0	0	0	0	473
2405867	9233032	-1	1734656	1503	0	0	1503
2409858	-1	-1	0	0	0	0	0
2414861	-1	-1	0	0	51200	161509	0
2418863	-1	580424	0	0	290816	4008	0
2423862	6057176	711456	607232	802	442368	4974	802
2427856	-1	747440	0	0	376832	4033	0
2432863	-1	970760	0	0	588800	4852	0
2435869	-1	-1	0	0	108544	1194	0
2440867	-1	255536	0	0	216064	6764	0
2444862	-1	1175096	0	0	589824	4015	0
2447905	-1	1087856	0	0	410624	3019	0
2450861	-1	1160784	0	0	427008	2942	0
2452875	-1	1322752	0	0	328704	1988	0
2457863	-1	1147536	0	0	731136	5097	0
2461863	-1	1063520	0	0	531456	3997	0
2465860	-1	958896	0	0	462848	3861	0
2470862	-1	1011160	0	0	640000	5063	0
2472859	-1	1143472	0	0	285696	1998	0
2476867	-1	1149600	0	0	547840	3812	0
2477864	-1	961096	0	0	147456	1227	0
2481860	-1	1135064	0	0	570368	4019	0
2486860	-1	1414936	0	0	880640	4979	0
2490859	-1	1254824	0	0	630784	4021	0
2494861	-1	1527152	0	0	755712	3958	0
2498872	-1	1427936	0	0	698368	3912	0
2502870	-1	1531568	0	0	789504	4123	0
2503870	-1	1604152	0	0	182272	908	0
2508866	-1	1435664	0	0	912384	5084	0
2512863	-1	1540128	0	0	769024	3994	0
2517864	-1	1480288	0	0	889856	4809	0
2518905	-1	1220696	0	0	178176	1167	0
2523863	-1	1514824	0	0	921600	4867	0
2527866	-1	1590064	0	0	825344	4152	0
2532866	-1	1632776	0	0	1010688	4952	0
2536860	-1	1725680	0	0	604160	2800	0
2537861	-1	-1	0	0	0	0	0
2542869	-1	897272	0	0	774144	6902	0
2545864	-1	1414784	0	0	559104	3161	0
2550864	-1	1687080	0	0	1056768	5011	0
2553861	-1	1574960	0	0	589824	2995	0
2558860	-1	1764792	0	0	1099776	4985	0
2562876	-1	1745184	0	0	879616	4032	0
2567870	-1	1538184	0	0	942080	4899	0
2571869	-1	2018896	0	0	1008640	3996	0
2576865	-1	1789512	0	0	1138688	5090	0
2580862	-1	1878184	0	0	934912	3982	0
2585861	-1	1600624	0	0	1000448	5000	0
2589860	-1	1763280	0	0	885760	4018	0
2594869	-1	2236544	0	0	1384448	4952	0
2598869	-1	1802384	0	0	897024	3981	0
2603858	-1	2103672	0	0	1330176	5058	0
2607856	-1	1879864	0	0	923648	3930	0
2612863	-1	1875768	0	0	1182720	5044	0
2616866	-1	2148136	0	0	703488	2619	0
2621860	-1	347376	0	0	268288	6178	0
2625863	-1	1605240	0	0	811008	4041	0
2630906	-1	1921376	0	0	1181696	4920	0
2634890	-1	2215920	0	0	1116160	4029	0
2639863	-1	2380544	0	0	1495040	5024	0
2643869	-1	2095728	0	0	1046528	3994	0
2647872	-1	1721344	0	0	863232	4011	0
2649865	-1	1891216	0	0	473088	2001	0
2653863	-1	2052296	0	0	1028096	4007	0
2657857	-1	2346856	0	0	1179648	4021	0
2662862	-1	1944896	0	0	1207296	4966	0
2663862	-1	2101376	0	0	254976	970	0
2667862	-1	2071496	0	0	1051648	4061	0
2671882	-1	2086680	0	0	1013760	3886	0
2675858	-1	2136776	0	0	1072128	4013	0
2680858	-1	2176056	0	0	1380352	5074	0
2684862	-1	2262128	0	0	1112064	3932	0
2689865	-1	2328496	0	0	366592	1259	0
2693860	-1	778168	0	0	746496	7674	0
2694888	-1	2214944	0	0	274432	991	0
2699862	-1	2517720	0	0	1575936	5007	0
2700868	-1	2332936	0	0	294912	1011	0
2704866	-1	2248944	0	0	1113088	3959	0
2709861	-1	2329520	0	0	1387520	4765	0
2713866	-1	2228120	0	0	1170432	4202	0
2718903	-1	2131808	0	0	1341440	5034	0
2722863	-1	2080008	0	0	1033216	3973	0
2727861	-1	1969768	0	0	1242112	5044	0
2731860	-1	1924976	0	0	916480	3808	0
2736859	-1	1532152	0	0	988160	5159	0
2740861	-1	2002864	0	0	997376	3983	0
2743891	-1	1902696	0	0	710656	2988	0
2748861	-1	1954016	0	0	1224704	5014	0
2750862	-1	2066472	0	0	521216	2017	0
2755859	-1	2060344	0	0	1290240	5009	0
2759858	-1	2081584	0	0	1021952	3927	0
2763864	-1	2215528	0	0	1124352	4059	-1
2768101	-1	-1	0	0	120832	424	-1
2771863	-1	-1	0	0	12288	3727	-1
2775861	-1	-1	0	0	95232	3939	-1
2780860	-1	-1	0	0	60416	4765	-1
2784857	-1	-1	0	0	4096	3874	-1
2785860	-1	-1	0	0	7168	1468	-1
2789862	-1	-1	0	0	6144	223	-1
2794869	-1	-1	0	0	0	0	-1
2798867	-1	-1	0	0	0	0	-1
2800864	-1	-1	0	0	118784	14721	-1
2805858	-1	782352	0	0	490496	5015	-1
2809861	-1	950720	0	0	475136	3998	-1
2814860	-1	879664	0	0	543744	4945	-1
2818862	-1	937208	0	0	476160	4064	-1
2820859	-1	882256	0	0	216064	1959	-1
2824868	-1	857984	0	0	429056	4000	-1
2829862	-1	806272	0	0	503808	4998	-1
2833861	-1	555664	0	0	241664	3479	-1
2836862	-1	-1	0	0	65536	3515	-1
2841859	-1	770656	0	0	483328	5017	-1
2844879	-1	773896	0	0	287744	2974	-1
2847870	-1	804344	0	0	308224	3065	-1
2850863	-1	708352	0	0	265216	2995	-1
2854857	-1	943208	0	0	465920	3951	-1
2858859	-1	303856	0	0	151552	3990	-1
2863856	-1	726072	0	0	453632	4998	-1
2864858	-1	-1	0	0	118784	1003	-1
2869867	-1	826608	0	0	521216	5044	-1
2872859	-1	864392	0	0	323584	2994	-1
2877864	-1	650248	0	0	405504	4988	-1
2880862	-1	683992	0	0	254976	2982	-1
2884858	-1	788040	0	0	397312	4033	-1
2889862	-1	907832	0	0	557056	4908	-1
2893861	-1	956816	0	0	484352	4049	-1
2897867	-1	955104	0	0	482304	4039	-1
2901871	-1	1038904	0	0	519168	3997	-1
2905908	-1	850208	0	0	411648	3873	-1
2909858	-1	691840	0	0	237568	2747	-1
2914857	-1	536816	0	0	429056	6394	-1
2916862	-1	726912	0	0	178176	1960	-1
2921858	-1	883008	0	0	556032	5037	-1
2925870	-1	608680	0	0	244736	3216	-1
2930865	-1	365760	0	0	246784	5397	-1
2934870	-1	-1	0	0	0	0	-1
2937868	-1	-1	0	0	0	0	-1
2941863	-1	-1	0	0	0	0	-1
2945862	-1	-1	0	0	0	0	-1
2950861	-1	-1	0	0	0	0	-1
2955866	-1	-1	0	0	0	0	-1
2959858	-1	-1	0	0	0	0	-1
2964862	-1	-1	0	0	0	0	-1
2968868	-1	-1	0	0	0	0	-1
2971868	-1	-1	0	0	0	0	-1
2976860	-1	-1	0	0	0	0	-1
2980856	-1	-1	0	0	0	0	-1
2985860	-1	-1	0	0	0	0	-1
2989860	-1	-1	0	0	0	0	-1
2994863	-1	-1	0	0	0	0	-1
2998857	-1	-1	0	0	0	0	-1
3003863	-1	30368	0	0	278528	73376	-1
3007861	-1	480944	0	0	235520	3917	-1
3011865	-1	636536	0	0	320512	4028	-1
3015866	-1	800136	0	0	393216	3931	-1
3020864	-1	711504	0	0	448512	5043	-1
3024869	-1	510024	0	0	256000	4015	-1
3029868	-1	568088	0	0	356352	5018	-1
3032856	-1	653896	0	0	248832	3044	-1
3033860	-1	-1	0	0	102400	924	-1
3034867	-1	-1	0	0	52224	815	-1
3039860	-1	536920	0	0	342016	5096	-1
3043866	-1	715440	0	0	364544	4076	-1
3046858	-1	722888	0	0	249856	2765	-1
3051857	-1	730288	0	0	456704	5003	-1
3055863	-1	842240	0	0	421888	4007	-1
3058862	-1	931688	0	0	333824	2866	-1
3063863	-1	502440	0	0	325632	5184	-1
3067861	-1	-1	0	0	99328	3917	-1
3070862	-1	607008	0	0	236544	3117	-1
3072860	-1	-1	0	0	10240	44	-1
3076868	-1	-1	0	0	55296	4763	-1
3081898	-1	226120	0	0	174080	6158	-1
3085862	-1	-1	0	0	11264	248	-1
3088872	-1	-1	0	0	0	0	-1
3092869	-1	-1	0	0	0	0	-1
3096866	-1	-1	0	0	0	0	-1
3099864	-1	-1	0	0	0	0	-1
3102872	-1	-1	0	0	0	0	-1
3106869	-1	-1	0	0	0	0	-1
3110862	-1	-1	0	0	0	0	-1
3113862	-1	-1	0	0	0	0	-1
3117861	-1	-1	0	0	0	0	-1
3122867	-1	-1	0	0	0	0	-1
3126866	-1	-1	0	0	0	0	-1
3130869	-1	-1	0	0	0	0	-1
3134864	-1	-1	0	0	0	0	-1
3137858	-1	-1	0	0	0	0	-1
3141868	-1	-1	0	0	0	0	-1
3144868	-1	-1	0	0	0	0	-1
3148863	-1	-1	0	0	0	0	-1
3153858	-1	-1	0	0	0	0	-1
3154861	-1	-1	0	0	0	0	-1
3158858	-1	-1	0	0	0	0	-1
3162859	-1	-1	0	0	0	0	-1
3167867	-1	-1	0	0	0	0	-1
3171882	-1	-1	0	0	0	0	-1
3175860	-1	13192	0	0	154624	93748	-1
3180857	-1	579672	0	0	362496	5002	-1
3183864	-1	807352	0	0	300032	2972	-1
3188865	-1	838080	0	0	518144	4945	-1
3191857	-1	878408	0	0	334848	3049	-1
3196869	-1	955464	0	0	594944	4981	-1
3200862	-1	1089272	0	0	550912	4046	-1
3204859	-1	1192640	0	0	160768	1078	-1
3215131	-1	-1	0	0	11264	721	-1
3217125	-1	715480	0	0	179200	2003	-1
3229809	-1	446800	0	0	232448	4162	1875
3234807	-1	722048	0	0	447488	4958	0
3237806	-1	626464	0	0	231424	2955	0
3242807	-1	930048	0	0	576512	4959	0
3246807	-1	759752	0	0	391168	4118	0
3251806	-1	636376	0	0	386048	4853	0
3253815	-1	-1	0	0	0	0	0
3257806	-1	-1	0	0	112640	4574	0
3262806	-1	-1	0	0	121856	6554	0
3266807	-1	464912	0	0	153600	2643	0
3271806	-1	-1	0	0	126976	4342	0
3273806	-1	-1	0	0	0	0	0
3278807	-1	-1	0	0	0	0	0
3281807	-1	-1	0	0	0	0	0
3285817	-1	-1	0	0	0	0	0
3290811	-1	-1	0	0	0	0	0
3294806	-1	-1	0	0	0	0	0
3298807	-1	-1	0	0	0	0	0
3303807	-1	-1	0	0	0	0	0
3306822	-1	-1	0	0	0	0	0
3310807	-1	-1	0	0	0	0	0
3314807	-1	-1	0	0	4096	45018	0
3319806	-1	-1	0	0	97280	4249	0
3323806	-1	-1	0	0	70656	3974	0
3328806	-1	-1	0	0	77824	5782	0
3332807	-1	-1	0	0	75776	3991	0
3335807	-1	-1	0	0	72704	2280	0
3338810	-1	-1	0	0	45056	3733	0
3342807	-1	-1	0	0	80896	3989	0
3346807	-1	-1	0	0	83968	4008	0
3350808	-1	-1	0	0	80896	2279	0
3352822	-1	-1	0	0	49152	3713	0
3357807	-1	-1	0	0	130048	4302	0
3361837	-1	-1	0	0	93184	3982	0
3362806	-1	-1	0	0	0	0	0
3366806	-1	-1	0	0	95232	4073	0
3367806	-1	-1	0	0	0	0	0
3371818	-1	-1	0	0	0	0	0
3376806	-1	-1	0	0	0	0	0
3380810	-1	-1	0	0	0	0	0
3381809	-1	-1	0	0	0	0	0
3385808	-1	-1	0	0	0	0	0
3388808	-1	-1	0	0	0	0	0
3399997	4155400	-1	3044352	5861	0	0	6045
3404007	4065896	-1	1175552	2313	0	0	2313
3405999	-1	-1	0	0	0	0	0
3411002	7370416	-1	1901568	2064	0	0	2064
3416005	-1	-1	0	0	0	0	30
3420001	12557592	-1	1478656	942	0	0	942
3423999	-1	-1	0	0	0	0	0
3429007	10661952	-1	1326080	995	0	0	995
3432998	-1	-1	0	0	0	0	0
3437997	10651432	-1	1192960	896	0	0	896
3443006	-1	-1	0	0	0	0	70
