137316	6657832	-1	10020864	12041	0	0	12041
146320	5995216	-1	701440	936	0	0	936
153310	-1	-1	0	0	0	0	0
162319	7649600	-1	1819648	1903	0	0	1903
171317	-1	-1	0	0	0	0	0
179315	-1	-1	0	0	0	0	0
187335	6412336	-1	948224	1183	0	0	1183
191312	13203576	-1	140288	85	0	0	85
199316	-1	-1	0	0	0	0	0
207310	6560600	-1	1918976	2340	0	0	2340
212312	-1	-1	0	0	0	0	0
221318	5512784	-1	512000	743	0	0	743
231320	-1	-1	0	0	0	0	0
239311	8688064	-1	1291264	1189	0	0	1189
247326	-1	-1	0	0	0	0	0
256389	5092624	-1	952320	1496	0	0	1863
273996	9276664	-1	5578752	4811	0	0	9510
281174	5817472	-1	4410368	6065	0	0	6968
290650	8804368	-1	2767872	2515	0	0	7211
299195	7874744	-1	4702208	4777	0	0	4999
308196	-1	-1	0	0	0	0	0
310193	-1	-1	0	0	0	0	0
319197	3954088	-1	627712	1270	0	0	1270
324196	-1	-1	0	0	0	0	0
330209	5888816	-1	691200	939	0	0	939
339203	-1	-1	0	0	0	0	0
349199	6202312	-1	1334272	1721	0	0	1721
357197	-1	-1	0	0	0	0	0
365195	-1	-1	0	0	0	0	0
373207	-1	-1	0	0	0	0	0
381198	8897336	-1	2880512	2590	0	0	2590
390195	-1	-1	0	0	0	0	0
399191	8100976	-1	1458176	1440	0	0	1440
408195	-1	-1	0	0	0	0	0
418195	-1	-1	0	0	0	0	0
427196	4259200	-1	815104	1531	0	0	1613
431222	5930408	-1	604160	815	0	0	815
440196	-1	-1	0	0	0	0	0
449194	6322616	-1	1205248	1525	0	0	1525
458195	-1	-1	0	0	0	0	0
467195	7286000	-1	1375232	1510	0	0	1553
476193	-1	-1	0	0	0	0	0
485196	6100424	-1	322560	423	0	0	423
494202	5744848	-1	1182720	1647	0	0	1687
497196	-1	-1	0	0	0	0	0
506229	-1	-1	0	0	0	0	0
515196	-1	-1	0	0	0	0	0
521197	4910792	-1	228352	372	0	0	372
529222	5708488	-1	812032	1138	0	0	1138
538219	-1	-1	0	0	0	0	0
544195	4325920	-1	780288	1443	0	0	1443
551197	-1	-1	0	0	0	0	0
559293	4728712	-1	654336	1107	0	0	1107
566196	-1	-1	0	0	0	0	0
573212	5868208	-1	1432576	1953	0	0	1953
580196	-1	-1	0	0	0	0	0
588194	2434928	-1	668084	2195	0	0	2195
596220	-1	-1	0	0	0	0	0
604195	2158232	-1	285696	1059	0	0	1367
614199	3612808	-1	746496	1653	0	0	1653
621190	-1	-1	0	0	0	0	0
626189	-1	-1	0	0	0	0	0
635192	4625520	-1	1216512	2104	0	0	2104
643195	-1	-1	0	0	0	0	0
651217	6491336	-1	1153024	1421	0	0	1421
658236	-1	-1	0	0	0	0	0
665223	6767568	-1	1153024	1363	0	0	1363
674212	-1	-1	0	0	0	0	0
682196	-1	-1	0	0	0	0	0
689245	5530760	-1	489472	708	0	0	708
694196	11021288	-1	1220608	886	0	0	886
701196	-1	-1	0	0	0	0	0
710195	6063008	-1	1475584	1947	0	0	1947
720193	-1	-1	0	0	0	0	0
729193	6738584	-1	1096704	1302	0	0	1302
739194	-1	-1	0	0	0	0	0
744196	-1	-1	0	0	0	0	0
752196	-1	-1	0	0	0	0	0
758199	6292512	-1	878592	1117	0	0	1117
765199	6467368	-1	783360	969	0	0	969
769195	14894544	-1	266240	143	0	0	143
778195	-1	-1	0	0	0	0	0
787193	6513992	-1	2560000	3144	0	0	3318
796196	-1	-1	0	0	0	0	0
805206	7237056	-1	939008	1038	0	0	1038
814196	-1	-1	0	0	0	0	0
820199	5713000	-1	984064	1378	0	0	1378
825196	9988832	-1	529408	424	0	0	424
834200	6696568	-1	1669120	1994	0	0	1994
844200	-1	-1	0	0	0	0	0
852202	5696712	-1	1470464	2065	0	0	2065
861196	-1	-1	0	0	0	0	0
870197	8461248	-1	1737728	1643	0	0	1643
877194	-1	-1	0	0	0	0	0
882195	-1	-1	0	0	0	0	0
891192	8534128	-1	1379328	1293	0	0	1293
900215	-1	-1	0	0	0	0	0
907216	-1	-1	0	0	0	0	235
912272	6458976	-1	1244160	1541	0	0	1541
917195	-1	-1	0	0	0	0	0
924214	5890256	-1	1087488	1477	0	0	1477
934196	-1	-1	0	0	0	0	0
944226	5284296	-1	1008640	1527	0	0	1527
952193	-1	-1	0	0	0	0	0
959193	5230000	-1	412516	631	0	0	631
967195	-1	-1	0	0	0	0	619
972202	4177664	-1	995328	1906	0	0	1906
981195	-1	-1	0	0	0	0	0
988258	7169120	-1	818176	913	0	0	913
996204	-1	-1	0	0	0	0	0
1003202	7371248	-1	974848	1058	0	0	1058
1012194	-1	-1	0	0	0	0	0
1020221	10462912	-1	1538048	1176	0	0	1176
1026216	-1	-1	0	0	0	0	0
1035195	5300704	-1	563200	850	0	0	850
1040214	-1	-1	0	0	0	0	0
1046196	5081008	-1	633856	998	0	0	998
1055196	-1	-1	0	0	0	0	0
1063195	8579424	-1	1564672	1459	0	0	1459
1069196	-1	-1	0	0	0	0	0
1076198	-1	-1	0	0	0	0	0
1085194	-1	-1	0	0	0	0	0
1092193	6224272	-1	774144	995	0	0	1060
1100198	-1	-1	0	0	0	0	0
1109190	6311872	-1	866304	1098	0	0	1098
1111198	-1	-1	0	0	0	0	0
1120189	9282896	-1	923648	796	0	0	796
1126206	-1	-1	0	0	0	0	0
1133196	-1	-1	0	0	0	0	20
1141195	8346384	-1	885760	849	0	0	849
1145193	-1	-1	0	0	0	0	0
1153219	8049880	-1	812032	807	0	0	807
1157195	-1	-1	0	0	0	0	0
1163211	6173680	-1	212992	276	0	0	341
1168195	9046992	-1	465920	412	0	0	412
1178198	-1	-1	0	0	0	0	0
1187191	9297632	-1	1472512	1267	0	0	1267
1193205	-1	-1	0	0	0	0	0
1200195	8693400	-1	1207296	1111	0	0	1111
1210195	-1	-1	0	0	0	0	0
1220195	8888320	-1	666624	600	0	0	638
1228195	-1	-1	0	0	0	0	0
1236196	7055224	-1	800768	908	0	0	908
1244196	-1	-1	0	0	0	0	0
1250191	5722096	-1	666624	932	0	0	965
1259196	-1	-1	0	0	0	0	0
1268195	8648464	-1	1455104	1346	0	0	1346
1275194	-1	-1	0	0	0	0	0
1282193	8881152	-1	818176	737	0	0	737
1286195	-1	-1	0	0	0	0	0
1294193	6840016	-1	699392	818	0	0	818
1301196	-1	-1	0	0	0	0	0
1310190	-1	-1	0	0	0	0	0
1315194	-1	-1	0	0	0	0	0
1321196	7764056	-1	910336	938	0	0	1022
1330229	-1	-1	0	0	0	0	832
1335197	2900616	-1	1352048	3729	0	0	3729
1341197	-1	-1	0	0	0	0	0
1351200	6423048	-1	1007616	1255	0	0	1255
1359196	-1	-1	0	0	0	0	0
1368219	6363000	-1	676864	851	0	0	851
1375197	-1	-1	0	0	0	0	0
1385198	5646568	-1	645120	914	0	0	914
1390217	-1	-1	0	0	0	0	0
1397196	6194376	-1	1101824	1423	0	0	1423
1406192	-1	-1	0	0	0	0	0
1416196	6568448	-1	1358848	1655	0	0	1655
1425190	-1	-1	0	0	0	0	0
1433201	-1	-1	0	0	0	0	0
1439195	-1	-1	0	0	0	0	0
1444195	5562680	-1	1011712	1455	0	0	1455
1451195	-1	-1	0	0	0	0	0
1460189	5958688	-1	1275904	1713	0	0	1713
1469193	-1	-1	0	0	0	0	0
1479196	4867216	-1	581632	956	0	0	956
1486197	-1	-1	0	0	0	0	0
1495196	6812760	-1	1254400	1473	0	0	1473
1503196	-1	-1	0	0	0	0	0
1513230	5812320	-1	847872	1167	0	0	1167
1522195	-1	-1	0	0	0	0	0
1528195	-1	-1	0	0	0	0	0
1537199	4808344	-1	414720	690	0	0	698
1542191	6869672	-1	436224	508	0	0	508
1548201	-1	-1	0	0	0	0	0
1555196	5382568	-1	1259520	1872	0	0	1872
1563196	-1	-1	0	0	0	0	0
1572193	6342192	-1	983040	1240	0	0	1240
1582463	-1	-1	0	0	0	0	0
1589194	6158856	-1	955392	1241	0	0	1241
1598197	-1	-1	0	0	0	0	0
1604197	5919920	-1	290816	393	0	0	393
1613200	-1	-1	0	0	0	0	0
1620197	3977648	-1	705536	1419	0	0	1455
1626196	-1	-1	0	0	0	0	0
1635195	4947040	-1	1241088	2007	0	0	2007
1645190	-1	-1	0	0	0	0	0
1653226	5392688	-1	858112	1273	0	0	1273
1660190	-1	-1	0	0	0	0	0
1667196	3684264	-1	618496	1343	0	0	1343
1674193	5226496	-1	326656	500	0	0	553
1679197	6615696	-1	567296	686	0	0	686
1684191	-1	-1	0	0	0	0	0
1693197	4850528	-1	916144	1511	0	0	1511
1697191	-1	-1	0	0	0	0	0
1704194	4890160	-1	759808	1243	0	0	1243
1713226	10446976	-1	982016	752	0	0	831
1717195	7138544	-1	527360	591	0	0	591
1723195	-1	-1	0	0	0	0	0
1732196	7709632	-1	949248	985	0	0	985
1738196	-1	-1	0	0	0	0	0
1747196	-1	-1	0	0	0	0	0
1754195	4998256	-1	1035264	1657	0	0	1792
1758195	7075952	-1	629760	712	0	0	712
1768195	-1	-1	0	0	0	0	0
1778197	-1	-1	0	0	0	0	0
1785200	3874456	-1	385024	795	0	0	819
1790194	9411864	-1	916480	779	0	0	779
1796201	-1	-1	0	0	0	0	0
1802196	7520792	-1	952320	1013	0	0	1013
1811204	-1	-1	0	0	0	0	0
1820203	7651192	-1	1274880	1333	0	0	1333
1827195	-1	-1	0	0	0	0	0
1835193	7846696	-1	1349632	1376	0	0	1376
1844196	-1	-1	0	0	0	0	0
1854196	-1	-1	0	0	0	0	0
1859196	-1	-1	0	0	0	0	0
1868196	7086800	-1	1720320	1942	0	0	1942
1877196	-1	-1	0	0	0	0	0
1880195	-1	-1	0	0	0	0	0
1889195	6572480	-1	926720	1128	0	0	1128
1898190	5752656	-1	1064960	1481	0	0	1481
1905191	-1	-1	0	0	0	0	0
1914196	6059344	-1	861184	1137	0	0	1137
1924196	-1	-1	0	0	0	0	0
1931218	4992528	-1	912384	1462	0	0	1462
1941190	-1	-1	0	0	0	0	0
1949196	6146304	-1	683008	889	0	0	889
1955193	-1	-1	0	0	0	0	0
1964196	6308312	-1	953344	1209	0	0	1209
1973193	3592984	-1	204800	456	0	0	460
1977198	6573736	-1	935936	1139	0	0	1139
1986237	-1	-1	0	0	0	0	0
1993196	-1	-1	0	0	0	0	0
1998195	-1	-1	0	0	0	0	0
2004201	8252360	-1	2520064	2443	0	0	2443
2009193	-1	-1	0	0	0	0	0
2018192	8455720	-1	2068480	1957	0	0	1957
2025194	-1	-1	0	0	0	0	0
2033194	9376496	-1	2026496	1729	0	0	1729
2202607	15122976	-1	4998144	2644	0	0	10724
2215260	24790096	-1	2252800	727	0	0	2867
2224262	-1	-1	0	0	0	0	0
2232291	-1	-1	0	0	0	0	0
2241261	-1	-1	0	0	0	0	0
2251272	-1	-1	0	0	0	0	0
2260264	-1	-1	0	0	0	0	0
2269260	-1	-1	0	0	0	0	0
2279261	-1	-1	0	0	0	0	0
2285270	-1	-1	0	0	0	0	0
2291260	-1	-1	0	0	0	0	0
2300260	-1	-1	0	0	0	0	0
2308261	-1	-1	0	0	0	0	0
2317260	-1	-1	0	0	0	0	0
2325258	6995920	-1	1269760	1452	0	0	1452
2334279	4668792	-1	221184	379	0	0	442
2339260	8182104	-1	846848	828	0	0	828
2347260	-1	-1	0	0	0	0	0
2357260	7922920	-1	2170880	2192	0	0	2192
2363258	-1	-1	0	0	0	0	0
2373266	7438312	-1	1313792	1413	0	0	1413
2378273	-1	-1	0	0	0	0	0
2387276	-1	-1	0	0	0	0	0
2392260	-1	-1	0	0	0	0	0
2401259	7797592	-1	2469888	2534	0	0	2534
2410260	-1	-1	0	0	0	0	0
2419262	9018736	-1	1693268	1502	0	0	1502
2428267	-1	-1	0	0	0	0	0
2437259	8258528	-1	2796544	2709	0	0	2709
2443264	-1	-1	0	0	0	0	0
2453260	7117848	-1	1743872	1960	0	0	1960
2461260	-1	-1	0	0	0	0	0
2471259	6830776	-1	1135616	1330	0	0	1330
2480257	-1	-1	0	0	0	0	0
2489261	6805664	-1	1271808	1495	0	0	1495
2492260	-1	-1	0	0	0	0	0
2501265	6862192	-1	692224	807	0	0	807
2508260	-1	-1	0	0	0	0	0
2518259	7943904	-1	1639424	1651	0	0	1651
2527270	-1	-1	0	0	0	0	0
2535260	-1	-1	0	0	0	0	0
2542260	-1	-1	0	0	0	0	0
2550265	6589656	-1	1347584	1636	0	0	1636
2559259	-1	-1	0	0	0	0	0
2566259	4782320	-1	670720	1122	0	0	1122
2573259	-1	-1	0	0	0	0	0
2582260	4805264	-1	555008	924	0	0	924
2591260	-1	-1	0	0	0	0	0
2600267	8914360	-1	1149952	1032	0	0	1045
2609260	-1	-1	0	0	0	0	0
2619275	-1	-1	0	0	0	0	0
2625259	3338432	-1	399360	957	0	0	995
2629260	6444080	-1	1192960	1481	0	0	1481
2638259	-1	-1	0	0	0	0	0
2647260	-1	-1	0	0	0	0	0
2654338	7595784	-1	652288	687	0	0	885
2658261	5737584	-1	368640	514	0	0	514
2667263	4369064	-1	139264	255	0	0	290
2672257	8072192	-1	551936	547	0	0	547
2681259	-1	-1	0	0	0	0	0
2689259	4904848	-1	776192	1266	0	0	1266
2697266	-1	-1	0	0	0	0	0
2705270	6158952	-1	632832	822	0	0	822
2712278	-1	-1	0	0	0	0	0
2721261	9780040	-1	2465792	2017	0	0	2017
2727261	-1	-1	0	0	0	0	0
2736287	-1	-1	0	0	0	0	0
2737261	-1	-1	0	0	0	0	0
2746260	4793144	-1	1045504	1745	0	0	1745
2753265	-1	-1	0	0	0	0	0
2760260	7894576	-1	951296	964	0	0	964
2770260	-1	-1	0	0	0	0	0
2772355	-1	-1	0	0	0	0	0
2781264	7363976	-1	1111040	1207	0	0	1232
2785260	9828328	-1	663412	540	0	0	639
2794273	-1	-1	0	0	0	0	0
2803263	5167776	-1	1730560	2679	0	0	2679
2811272	-1	-1	0	0	0	0	0
2820259	6273784	-1	1014784	1294	0	0	1294
2828257	-1	-1	0	0	0	0	0
2837260	-1	-1	0	0	0	0	0
2843261	-1	-1	0	0	0	0	0
2852260	6362264	-1	1402880	1764	0	0	1764
2860259	4546488	-1	1007616	1773	0	0	1773
2862259	-1	-1	0	0	0	0	0
2868261	-1	-1	0	0	0	0	0
2878266	6043016	-1	765952	1014	0	0	1014
2886260	-1	-1	0	0	0	0	0
2894271	5111632	-1	703488	1101	0	0	1101
2903268	-1	-1	0	0	0	0	0
2912260	-1	-1	0	0	0	0	0
2921266	5545992	-1	1229824	1774	0	0	1774
2924259	-1	-1	0	0	0	0	0
2933260	-1	-1	0	0	0	0	0
2942260	10618096	-1	690176	520	0	0	520
2951282	-1	-1	0	0	0	0	0
2959319	4820656	-1	793600	1317	0	0	1317
2966262	-1	-1	0	0	0	0	0
2975261	5560584	-1	707584	1018	0	0	1018
2981266	-1	-1	0	0	0	0	0
2990260	5386776	-1	591872	879	0	0	879
2997260	-1	-1	0	0	0	0	0
3005263	6169528	-1	1608704	2086	0	0	2086
3014289	-1	-1	0	0	0	0	0
3024260	-1	-1	0	0	0	0	0
3030260	-1	-1	0	0	0	0	0
3039262	6773680	-1	1418240	1675	0	0	1675
3047260	-1	-1	0	0	0	0	0
3053259	-1	-1	0	0	0	0	0
3058259	-1	-1	0	0	0	0	0
3063260	6620104	-1	1121280	1355	0	0	1363
3073260	-1	-1	0	0	0	0	0
3083260	4724928	-1	757760	1283	0	0	1283
3092260	-1	-1	0	0	0	0	0
3098265	7378752	-1	380928	413	0	0	413
3107261	-1	-1	0	0	0	0	0
3116268	4535120	-1	935936	1651	0	0	1651
3122272	-1	-1	0	0	0	0	0
3131269	3488432	-1	705536	1618	0	0	1618
3137259	-1	-1	0	0	0	0	0
3145259	5182160	-1	755948	1167	0	0	1167
3153260	-1	-1	0	0	0	0	0
3163260	-1	-1	0	0	0	0	0
3167259	-1	-1	0	0	0	0	0
3173259	3980464	-1	1093632	2198	0	0	2198
3179259	-1	-1	0	0	0	0	0
3188259	4109696	-1	1228800	2392	0	0	2392
3194260	-1	-1	0	0	0	0	0
3204266	6907848	-1	1277952	1480	0	0	1480
3211260	-1	-1	0	0	0	0	0
3221261	-1	-1	0	0	0	0	0
3226259	-1	-1	0	0	0	0	0
3235261	5977944	-1	1105920	1480	0	0	1480
3244260	-1	-1	0	0	0	0	0
3250260	-1	-1	0	0	0	0	0
3255259	-1	-1	0	0	0	0	0
3263260	6039640	-1	1422336	1884	0	0	1884
3271260	-1	-1	0	0	0	0	0
3280260	-1	-1	0	0	0	0	0
3288259	5335472	-1	998400	1497	0	0	1497
3290259	-1	-1	0	0	0	0	0
3299260	-1	-1	0	0	0	0	0
3305261	5924656	-1	1313792	1774	0	0	1774
3313259	-1	-1	0	0	0	0	0
3322259	-1	-1	0	0	0	0	0
3328260	-1	-1	0	0	0	0	0
3334258	5434136	-1	1363968	2008	0	0	2008
3344281	-1	-1	0	0	0	0	0
3350259	-1	-1	0	0	0	0	0
3356272	-1	-1	0	0	0	0	0
3363262	6676296	-1	1326080	1589	0	0	1589
3371260	-1	-1	0	0	0	0	0
3379280	4544424	-1	773120	1361	0	0	1361
3388260	-1	-1	0	0	0	0	0
3398260	-1	-1	0	0	0	0	0
3406260	8946152	-1	971776	869	0	0	966
3408260	-1	-1	0	0	0	0	0
3416259	3259440	-1	422912	1038	0	0	1038
3420259	-1	-1	0	0	0	0	0
3429257	-1	-1	0	0	0	0	0
3437267	8060616	-1	1256448	1247	0	0	1247
3446263	-1	-1	0	0	0	0	0
3454265	-1	-1	0	0	0	0	0
3461267	-1	-1	0	0	0	0	0
3469260	4624864	-1	877568	1518	0	0	1518
3475269	-1	-1	0	0	0	0	0
3485259	-1	-1	0	0	0	0	0
3489260	-1	-1	0	0	0	0	0
3496263	6657848	-1	2301952	2766	0	0	2766
3503259	-1	-1	0	0	0	0	0
3512265	6037088	-1	1976392	2619	0	0	2619
3521259	-1	-1	0	0	0	0	0
3529259	9563640	-1	1035264	866	0	0	883
3537260	-1	-1	0	0	0	0	0
3546270	7270496	-1	953344	1049	0	0	1049
3552261	-1	-1	0	0	0	0	0
3561260	10216992	-1	1704960	1335	0	0	1335
3570260	-1	-1	0	0	0	0	0
3579257	6437784	-1	774144	962	0	0	962
3588260	-1	-1	0	0	0	0	0
3596271	7439752	-1	1012736	1089	0	0	1089
3601276	-1	-1	0	0	0	0	0
3610259	13397920	-1	1217536	727	0	0	751
3618259	-1	-1	0	0	0	0	0
3627286	16321384	-1	1601536	785	0	0	785
3637268	-1	-1	0	0	0	0	0
3645264	-1	-1	0	0	0	0	0
3650260	-1	-1	0	0	0	0	0
3658261	7412872	-1	2045952	2208	0	0	2208
3668267	-1	-1	0	0	0	0	0
3675259	10743040	-1	2225152	1657	0	0	1657
3684277	-1	-1	0	0	0	0	0
3693258	14741056	-1	1993728	1082	0	0	1082
3702262	-1	-1	0	0	0	0	0
3710261	8045240	-1	1234944	1228	0	0	1228
3718260	-1	-1	0	0	0	0	0
3727260	3572096	-1	537600	1204	0	0	1204
3735258	-1	-1	0	0	0	0	0
3744260	7162184	-1	1103872	1233	0	0	1233
3752260	-1	-1	0	0	0	0	0
3761263	7540152	-1	2902016	3079	0	0	3079
3771261	-1	-1	0	0	0	0	0
3781259	8068256	-1	2002944	1986	0	0	1986
3790259	-1	-1	0	0	0	0	0
3797261	-1	-1	0	0	0	0	0
3801257	-1	-1	0	0	0	0	0
3807260	9408992	-1	2121728	1804	0	0	1804
3813259	-1	-1	0	0	0	0	0
3819263	8094024	-1	1099776	1087	0	0	1087
3827262	-1	-1	0	0	0	0	0
3836260	6285736	-1	1566720	1994	0	0	1994
3846259	-1	-1	0	0	0	0	0
3854260	9159632	-1	998400	872	0	0	872
3864259	-1	-1	0	0	0	0	0
3873259	-1	-1	0	0	0	0	0
3882260	-1	-1	0	0	0	0	0
3891261	9353504	-1	2133768	1825	0	0	1825
3896260	-1	-1	0	0	0	0	0
3904265	7425576	-1	2867200	3089	0	0	3089
3913259	-1	-1	0	0	0	0	0
3922263	7030288	-1	1319936	1502	0	0	1502
3932259	-1	-1	0	0	0	0	0
3942259	8275328	-1	1627136	1573	0	0	1573
3951261	-1	-1	0	0	0	0	0
3961260	-1	-1	0	0	0	0	0
3966259	-1	-1	0	0	0	0	0
3974259	10178736	-1	2381824	1872	0	0	1872
3980258	-1	-1	0	0	0	0	0
3988260	9805288	-1	1599488	1305	0	0	1305
3996260	-1	-1	0	0	0	0	0
4005279	7566952	-1	1400832	1481	0	0	1481
4015259	-1	-1	0	0	0	0	0
4024259	9512848	-1	1423360	1197	0	0	1197
4032260	-1	-1	0	0	0	0	0
4042263	6424152	-1	680960	848	0	0	848
4050260	-1	-1	0	0	0	0	0
4060257	8017224	-1	1456128	1453	0	0	1453
4068267	-1	-1	0	0	0	0	0
4077260	8461408	-1	1736704	1642	0	0	1642
4087259	-1	-1	0	0	0	0	0
4096258	6523928	-1	1485824	1822	0	0	1822
4105259	-1	-1	0	0	0	0	0
4114260	-1	-1	0	0	0	0	0
4118257	-1	-1	0	0	0	0	0
4125257	8496296	-1	2544640	2396	0	0	2396
4135257	-1	-1	0	0	0	0	0
4144260	8835440	-1	2095104	1897	0	0	1897
4153262	-1	-1	0	0	0	0	0
4162259	8336824	-1	2298880	2206	0	0	2206
4170275	-1	-1	0	0	0	0	0
4176259	5683256	-1	2036736	2867	0	0	2867
4186268	-1	-1	0	0	0	0	0
4195261	5358200	-1	1560576	2330	0	0	2330
4205261	-1	-1	0	0	0	0	0
4211258	-1	-1	0	0	0	0	0
4216266	-1	-1	0	0	0	0	0
4225285	7217360	-1	2358272	2614	0	0	2614
4234258	-1	-1	0	0	0	0	0
4243287	7449168	-1	2197504	2360	0	0	2360
4252262	-1	-1	0	0	0	0	0
4258259	5054480	-1	2360444	3736	0	0	3736
4267260	-1	-1	0	0	0	0	0
4277259	-1	-1	0	0	0	0	0
4284275	-1	-1	0	0	0	0	387
4289257	6857184	-1	3566592	4161	0	0	4161
4298260	-1	-1	0	0	0	0	0
4307260	4520200	-1	1680384	2974	0	0	2974
4313260	-1	-1	0	0	0	0	0
4322263	5235592	-1	2382848	3641	0	0	3641
4331262	-1	-1	0	0	0	0	0
4340261	5852528	-1	2338816	3197	0	0	3197
4349263	-1	-1	0	0	0	0	0
4357271	5134336	-1	1650688	2572	0	0	2572
4367260	-1	-1	0	0	0	0	0
4375267	5068952	-1	1080320	1705	0	0	1705
4383260	-1	-1	0	0	0	0	0
4392283	4931768	-1	1707008	2769	0	0	2769
4394261	-1	-1	0	0	0	0	0
4403288	4388248	-1	984064	1794	0	0	1794
4412263	-1	-1	0	0	0	0	0
4421273	4859568	-1	1824768	3004	0	0	3004
4430262	-1	-1	0	0	0	0	0
4440282	5471192	-1	1515520	2216	0	0	2216
4444271	-1	-1	0	0	0	0	0
4453260	5769152	-1	1836032	2546	0	0	2546
4462259	-1	-1	0	0	0	0	0
4471274	-1	-1	0	0	0	0	0
4475261	-1	-1	0	0	0	0	0
4483261	4029064	-1	2588672	5140	0	0	5140
4493290	-1	-1	73728	127	0	0	127
4502260	4230488	-1	1836032	3472	0	0	3472
4508260	-1	-1	0	0	0	0	0
4517260	5655584	-1	2255872	3191	0	0	3191
4524309	-1	-1	0	0	0	0	0
4533260	7982032	-1	2491392	2497	0	0	2497
4542260	-1	-1	0	0	0	0	0
4549260	-1	-1	0	0	0	0	0
4553260	-1	-1	0	0	0	0	0
4559262	7273160	-1	1823744	2006	0	0	2006
4568261	-1	-1	0	0	0	0	0
4577260	6102448	-1	1842176	2415	0	0	2415
4586267	-1	-1	0	0	0	0	0
4595260	7332144	-1	2086912	2277	0	0	2277
4604260	-1	-1	0	0	0	0	0
4613260	7835240	-1	1776640	1814	0	0	1814
4621261	-1	-1	0	0	0	0	0
4627257	8313680	-1	2168832	2087	0	0	2087
4636260	-1	-1	0	0	0	0	0
4645260	7587888	-1	2340864	2468	0	0	2468
4652261	-1	-1	0	0	0	0	0
4659260	6939464	-1	2110464	2433	0	0	2433
4667264	-1	-1	0	0	0	0	0
4675261	-1	-1	0	0	0	0	0
4682259	-1	-1	0	0	0	0	0
4689257	7940840	-1	3464192	3490	0	0	3490
4697261	-1	-1	0	0	0	0	0
4706261	7075760	-1	1934336	2187	0	0	2187
4715260	-1	-1	0	0	0	0	0
4723260	6668648	-1	1721344	2065	0	0	2065
4732263	-1	-1	0	0	0	0	0
