4243914	4396144	-1	1762304	3207	0	0	3207
4252911	-1	-1	0	0	0	0	0
4261914	-1	-1	0	0	0	0	0
4263914	-1	-1	0	0	0	0	0
4272914	4914712	-1	2065408	3362	0	0	3362
4280914	-1	-1	0	0	0	0	0
4290915	6392208	-1	1338368	1675	0	0	1675
4298914	-1	-1	0	0	0	0	0
4304916	-1	-1	0	0	0	0	0
4313916	-1	-1	0	0	0	0	0
4319913	3066592	-1	1670144	4357	0	0	4357
4326917	-1	-1	0	0	0	0	0
4335914	2556944	-1	803840	2515	0	0	2515
4344913	-1	-1	0	0	0	0	0
4353914	4227120	-1	1105920	2093	0	0	2093
4362914	-1	-1	0	0	0	0	0
4372913	-1	-1	0	0	0	0	0
4375913	-1	-1	0	0	0	0	0
4384912	6127272	-1	1312768	1714	0	0	1714
4393911	-1	-1	0	0	0	0	0
4402912	7459552	-1	1074176	1152	0	0	-1
4411910	-1	-1	0	0	0	0	-1
4420910	3137816	-1	897024	2287	0	0	-1
4429909	-1	-1	0	0	0	0	-1
4437910	-1	-1	0	0	0	0	-1
4442916	6712080	-1	589824	703	0	0	-1
4447912	6558976	-1	999424	1219	0	0	-1
4456924	-1	-1	0	0	0	0	-1
4464911	-1	-1	0	0	0	0	-1
4467915	-1	-1	0	0	0	0	-1
4476910	6036736	-1	619520	821	0	0	-1
4490230	1913056	-1	1560576	6526	0	0	9174
4496211	5054352	-1	758784	1201	0	0	1201
4504214	-1	-1	0	0	0	0	0
4514227	6169776	-1	796672	1033	0	0	1033
4522228	-1	-1	0	0	0	0	0
4531222	8444728	-1	1402880	1329	0	0	1329
4540213	-1	-1	0	0	0	0	0
4548213	-1	-1	0	0	0	0	0
4557212	-1	-1	0	0	0	0	0
4563219	6449624	-1	1626112	2017	0	0	2017
4572211	-1	-1	0	0	0	0	0
4580209	5518384	-1	957440	1388	0	0	1388
4587220	-1	-1	0	0	0	0	0
4597211	-1	-1	0	0	0	0	0
4606228	-1	-1	0	0	0	0	0
4614227	7169720	-1	1601536	1787	0	0	1808
4622227	-1	-1	0	0	0	0	0
4630228	6137496	-1	483328	630	0	0	630
4636213	-1	-1	0	0	0	0	0
4646212	6316336	-1	806912	1022	0	0	1022
4654228	-1	-1	0	0	0	0	0
4664212	7104648	-1	789504	889	0	0	889
4673210	-1	-1	0	0	0	0	0
4682210	7063408	-1	743424	842	0	0	842
4692228	-1	-1	0	0	0	0	13
4697211	7876920	-1	793600	806	0	0	806
4706227	-1	-1	0	0	0	0	0
4715225	6130384	-1	806912	1053	0	0	1053
4724226	-1	-1	0	0	0	0	0
4727227	-1	-1	0	0	0	0	0
4734227	-1	-1	0	0	0	0	0
4741203	7621952	-1	1218560	1279	0	0	1279
4748211	-1	-1	65536	226	0	0	251
4753209	8059304	-1	932864	926	0	0	926
4761202	-1	-1	0	0	0	0	0
4768228	5784784	-1	1090432	1508	0	0	1508
4777202	-1	-1	0	0	0	0	0
4785207	8171152	-1	802816	786	0	0	786
4793203	-1	-1	0	0	0	0	0
4803225	8164464	-1	607232	595	0	0	595
4808209	-1	-1	0	0	0	0	0
4817206	6882040	-1	742400	863	0	0	863
4826226	-1	-1	0	0	0	0	0
4832211	-1	-1	0	0	0	0	0
4838239	-1	-1	0	0	0	0	0
4848227	6732040	-1	1699840	2020	0	0	2020
4857207	-1	-1	0	0	0	0	0
4865201	-1	-1	0	0	0	0	0
4874239	-1	-1	0	0	0	0	0
4880223	7746368	-1	1441792	1489	0	0	1489
4889201	-1	-1	0	0	0	0	0
4898239	6228536	-1	584704	751	0	0	751
4907223	-1	-1	0	0	0	0	0
4915218	5809784	-1	1775616	2445	0	0	2445
4924225	-1	-1	0	0	0	0	0
4933202	-1	-1	0	0	0	0	0
4942239	-1	-1	0	0	0	0	0
4948209	7583360	-1	1888256	1992	0	0	1992
4957206	-1	-1	0	0	0	0	0
4965202	-1	-1	0	0	0	0	0
4971223	7565624	-1	630784	667	0	0	667
4975217	-1	-1	0	0	0	0	0
4984213	-1	-1	0	0	0	0	24
4989204	6706496	-1	1581056	1886	0	0	1886
4998233	-1	-1	0	0	0	0	0
5007222	-1	-1	0	0	0	0	0
5014206	-1	-1	0	0	0	0	0
5023217	6333936	-1	1570816	1984	0	0	1984
5032221	-1	-1	0	0	0	0	0
5041201	7903320	-1	1261568	1277	0	0	1277
5048209	-1	-1	0	0	0	0	0
5057205	-1	-1	0	0	0	0	0
5065202	-1	-1	0	0	0	0	0
5074226	9803416	-1	2678784	2186	0	0	2186
5081202	-1	-1	0	0	0	0	0
5088214	8307744	-1	1323008	1274	0	0	1274
5096213	-1	-1	0	0	0	0	0
5105201	7738032	-1	768000	794	0	0	794
5115229	-1	-1	0	0	0	0	0
5124221	3085704	-1	995524	2581	0	0	2581
5130226	-1	-1	0	0	0	0	0
5138234	5219744	-1	730112	1119	0	0	1119
5146235	-1	-1	0	0	0	0	0
5155201	7417864	-1	657408	709	0	0	709
5164219	-1	-1	0	0	0	0	0
5171218	5946576	-1	640000	861	0	0	861
5176209	-1	-1	0	0	0	0	0
5183219	7777800	-1	692224	712	0	0	712
5192212	-1	-1	0	0	0	0	0
5201203	6969136	-1	601088	690	0	0	690
5210226	-1	-1	0	0	0	0	0
5215220	8063688	-1	836608	830	0	0	830
5224213	-1	-1	0	0	0	0	0
5233204	-1	-1	0	0	0	0	0
5235220	-1	-1	0	0	0	0	0
5244220	8616536	-1	1122304	1042	0	0	1042
5247220	-1	-1	0	0	0	0	0
5254202	6131736	-1	1152000	1503	0	0	1503
5262225	-1	-1	0	0	0	0	0
5271218	7889040	-1	666624	676	0	0	676
5277202	-1	-1	0	0	0	0	0
5286233	5851432	-1	732160	1001	0	0	1001
5295218	-1	-1	0	0	0	0	0
5302229	5757464	-1	690176	959	0	0	959
5309201	-1	-1	0	0	0	0	0
5318226	7142200	-1	815104	913	0	0	913
5327218	-1	-1	0	0	0	0	0
5333203	7656632	-1	922624	964	0	0	964
5338233	-1	-1	0	0	0	0	0
5347202	-1	-1	0	0	0	0	0
5355217	-1	-1	0	0	0	0	0
5363217	9660976	-1	1097728	909	0	0	909
5370226	-1	-1	0	0	0	0	0
5378226	5830256	-1	604160	829	0	0	829
5387233	-1	-1	0	0	0	0	0
5396217	7219760	-1	821248	910	0	0	910
5406233	-1	-1	0	0	0	0	0
5414234	5608216	-1	860160	1227	0	0	1227
5422214	-1	-1	0	0	0	0	0
5431217	8547032	-1	665600	623	0	0	623
5439233	-1	-1	0	0	0	0	0
5448216	7196344	-1	747520	831	0	0	831
5457205	-1	-1	0	0	0	0	0
5464211	6931696	-1	675840	780	0	0	780
5469204	-1	-1	0	0	0	0	0
5476214	-1	-1	0	0	0	0	0
5483232	8856984	-1	1282048	1158	0	0	1158
5487214	-1	-1	0	0	0	0	0
5496215	7227312	-1	925096	1024	0	0	1024
5500215	-1	-1	0	0	0	0	0
5506230	-1	-1	0	0	0	0	0
5515200	5526928	-1	1639424	2373	0	0	2373
5524216	-1	-1	0	0	0	0	0
5532215	8409120	-1	1031168	981	0	0	981
5541214	-1	-1	0	0	0	0	0
5550231	6226696	-1	655360	842	0	0	842
5559217	-1	-1	0	0	0	0	0
5566230	-1	-1	0	0	0	0	0
5569214	-1	-1	0	0	0	0	0
5577214	7887864	-1	823296	835	0	0	864
5582231	-1	-1	0	0	0	0	0
5590225	8621224	-1	719872	668	0	0	668
5595217	-1	-1	0	0	0	0	0
5603230	-1	-1	0	0	0	0	0
5608211	-1	-1	0	0	0	0	0
5616212	7718080	-1	700416	726	0	0	830
5625209	-1	-1	0	0	0	0	0
5632225	7144752	-1	747520	837	0	0	960
5639214	-1	-1	0	0	0	0	0
5648212	8751832	-1	1264640	1156	0	0	1156
5652211	-1	-1	0	0	0	0	0
5661213	-1	-1	0	0	0	0	0
5671225	5397080	-1	172032	255	0	0	256
5676215	9679016	-1	1479680	1223	0	0	1223
5685203	7819296	-1	1074176	1099	0	0	1099
5689213	-1	-1	22528	6	0	0	6
5695213	-1	-1	0	0	0	0	0
5704212	-1	-1	0	0	0	0	0
5708212	-1	-1	0	0	0	0	0
5717204	10379760	-1	1977344	1524	0	0	1625
5726239	-1	-1	0	0	0	0	0
5736210	8870720	-1	575488	519	0	0	519
5742229	-1	-1	0	0	0	0	0
5752212	10096600	-1	1405952	1114	0	0	1114
5761214	-1	-1	0	0	0	0	0
5768214	-1	-1	0	0	0	0	0
5773212	-1	-1	0	0	0	0	0
5782227	12535320	-1	1894400	1209	0	0	1209
5791227	-1	-1	0	0	0	0	0
5800211	-1	-1	0	0	0	0	0
5806228	-1	-1	0	0	0	0	0
5812211	9474672	-1	1134592	958	0	0	984
5819222	-1	-1	0	0	0	0	0
5824211	7982752	-1	781312	783	0	0	783
5833205	8222912	-1	544768	530	0	0	530
5838199	9733072	-1	491520	404	0	0	404
5845201	-1	-1	0	0	0	0	0
5851228	-1	-1	0	0	0	0	0
5857211	-1	-1	0	0	0	0	0
5864213	8530264	-1	1229424	1153	0	0	1207
5870226	-1	-1	0	0	0	0	447
5875217	4430200	-1	821248	1483	0	0	1483
5884211	-1	-1	0	0	0	0	0
5892211	-1	-1	0	0	0	0	0
5899227	-1	-1	0	0	0	0	0
5906227	7342832	-1	1053696	1148	0	0	1148
5915227	-1	-1	0	0	0	0	0
5921202	6620280	-1	711680	860	0	0	860
5929209	-1	-1	0	0	0	0	0
5938211	7064968	-1	860160	974	0	0	974
5947227	-1	-1	0	0	0	0	0
5956210	8360656	-1	710656	680	0	0	680
5964210	-1	-1	0	0	0	0	0
5971226	7206568	-1	741376	823	0	0	823
5980210	-1	-1	0	0	0	0	0
5989201	6991016	-1	566272	648	0	0	648
5998209	10074192	-1	575488	457	0	0	549
6003225	7149824	-1	604160	676	0	0	676
6012225	-1	-1	0	0	0	0	0
6021208	-1	-1	0	0	0	0	0
6029201	-1	-1	0	0	0	0	0
6036225	8480128	-1	1326080	1251	0	0	1251
6045201	-1	-1	0	0	0	0	0
6051224	-1	-1	0	0	0	0	0
6058225	8304608	-1	302080	291	0	0	410
6063223	8143176	-1	854016	839	0	0	839
6073207	-1	-1	0	0	0	0	0
6077201	-1	-1	0	0	0	0	0
6086240	-1	-1	0	0	0	0	0
6095224	7930016	-1	805888	813	0	0	813
6104223	8539816	-1	955392	895	0	0	895
6107224	-1	-1	0	0	0	0	0
6116223	-1	-1	0	0	0	0	0
6125210	-1	-1	0	0	0	0	0
6126225	-1	-1	0	0	0	0	0
6135223	7924360	-1	1394688	1408	0	0	1408
6137206	-1	-1	0	0	0	0	0
6146226	8216072	-1	1048576	1021	0	0	1021
6154239	-1	-1	0	0	0	0	0
6161201	8073360	-1	1393664	1381	0	0	1381
6166226	-1	-1	0	0	0	0	0
6175224	8838872	-1	1748992	1583	0	0	1583
6183224	-1	-1	0	0	0	0	0
6191218	4770688	-1	1020928	1712	0	0	1712
6198208	-1	-1	0	0	0	0	0
6207223	10030072	-1	1553408	1239	0	0	1239
6214225	-1	-1	0	0	0	0	0
6221205	8541312	-1	1827840	1712	0	0	1712
6230225	-1	-1	0	0	0	0	0
6236209	4372072	-1	2383872	4362	0	0	4362
6243222	-1	-1	0	0	0	0	0
6251222	-1	-1	0	0	0	0	0
6255217	-1	-1	0	0	0	0	0
6261207	6216768	-1	1224704	1576	0	0	1576
6270206	-1	-1	0	0	0	0	0
6275222	7907824	-1	826368	836	0	0	836
6284222	-1	-1	0	0	0	0	0
6294237	8926192	-1	1182720	1060	0	0	1060
6299222	-1	-1	0	0	0	0	0
6308222	-1	-1	0	0	0	0	0
6316213	7725048	-1	1558528	1614	0	0	1627
6318225	-1	-1	0	0	0	0	0
6327200	-1	-1	0	0	0	0	0
6336209	8882664	-1	474112	427	0	0	-1
6345201	-1	-1	0	0	0	0	-1
6354226	6051696	-1	2232320	2951	0	0	-1
6363221	-1	-1	0	0	0	0	-1
6372221	4619680	-1	1088512	1885	0	0	-1
6381201	-1	-1	0	0	0	0	-1
6390226	6740104	-1	584704	694	0	0	-1
6404988	4350976	-1	1494016	2747	0	0	23952
6413956	-1	-1	0	0	0	0	0
6422963	-1	-1	0	0	0	0	0
6431973	9259024	-1	1652736	1428	0	0	1428
6440989	-1	-1	0	0	0	0	0
6449977	-1	-1	0	0	0	0	0
6457971	10969872	-1	1031168	752	0	0	890
6462961	19290840	-1	672768	279	0	0	279
6469976	-1	-1	0	0	0	0	0
6478974	10981136	-1	1282048	934	0	0	934
6487953	-1	-1	0	0	0	0	0
6495955	10813000	-1	1009664	747	0	0	747
6504978	-1	-1	0	0	0	0	0
6513955	11556072	-1	840704	582	0	0	582
6522970	10470976	-1	522240	399	0	0	453
6527972	12538368	-1	641024	409	0	0	409
6533973	-1	-1	0	0	0	0	0
6539966	13117632	-1	1287168	785	0	0	785
6548987	-1	-1	0	0	0	0	0
6557950	-1	-1	0	0	0	0	0
6559969	-1	-1	0	0	0	0	0
6568958	12379744	-1	1174528	759	0	0	881
6574962	9134568	-1	674816	591	0	0	591
6579971	13487384	-1	305152	181	0	0	181
6585972	-1	-1	0	0	0	0	0
6594972	7934928	-1	474112	478	0	0	478
6603971	-1	-1	0	0	0	0	0
6612950	8897904	-1	1045504	940	0	0	940
6621972	-1	-1	0	0	0	0	0
6627965	-1	-1	0	0	0	0	0
6631965	-1	-1	0	0	0	0	0
6640988	11184720	-1	1733632	1240	0	0	1266
6649951	-1	-1	0	0	0	0	0
6658969	-1	-1	0	0	0	0	0
6662965	-1	-1	0	0	0	0	0
6670969	8744880	-1	1149952	1052	0	0	1060
6675955	-1	-1	0	0	0	0	0
6684978	9697048	-1	1224252	1010	0	0	1010
6691954	-1	-1	0	0	0	0	0
6700988	5915472	-1	1040384	1407	0	0	1407
6704951	-1	-1	0	0	0	0	0
6714969	-1	-1	0	0	0	0	0
6723971	-1	-1	0	0	0	0	0
6729986	10291400	-1	1947648	1514	0	0	1514
6739964	-1	-1	0	0	0	0	0
6745949	12013472	-1	1680384	1119	0	0	1119
6754962	-1	-1	0	0	0	0	0
6762969	8415704	-1	1926144	1831	0	0	1831
6771963	-1	-1	0	0	0	0	0
6780985	3697632	-1	1972224	4267	0	0	4267
6787967	-1	-1	0	0	0	0	0
6796979	-1	-1	0	0	0	0	0
6805974	-1	-1	0	0	0	0	0
6811954	7043040	-1	2222080	2524	0	0	2524
6820977	-1	-1	0	0	0	0	0
6825970	-1	-1	0	0	0	0	0
6832978	7487880	-1	1459200	1559	0	0	1559
6836982	7015120	-1	311296	355	0	0	355
6845984	-1	-1	0	0	0	0	0
6854967	8121920	-1	1068032	1052	0	0	1052
6863965	8432232	-1	1078272	1023	0	0	1023
6867960	-1	-1	0	0	0	0	0
6875962	-1	-1	0	0	0	0	0
6881956	10400352	-1	1311744	1009	0	0	1009
6890964	-1	-1	0	0	0	0	0
6899961	-1	-1	0	0	0	0	0
6905985	-1	-1	0	0	0	0	0
6914968	12022120	-1	1713152	1140	0	0	1140
6923967	7876112	-1	382976	389	0	0	552
6928950	8050352	-1	349184	347	0	0	347
6934967	-1	-1	0	0	0	0	0
6943966	-1	-1	0	0	0	0	0
6947967	-1	-1	0	0	0	0	0
6956964	3757800	-1	1024000	2180	0	0	2180
6965970	-1	-1	0	0	0	0	0
6974964	5444304	-1	982016	1443	0	0	1443
6983966	-1	-1	0	0	0	0	0
6991963	9724248	-1	994304	818	0	0	818
7000983	-1	-1	0	0	0	0	0
7009975	-1	-1	0	0	0	0	0
7017987	9912152	-1	595968	481	0	0	620
7022964	6830832	-1	1120256	1312	0	0	1312
7032981	-1	-1	0	0	0	0	0
7038965	6250064	-1	1463296	1873	0	0	1873
7047960	-1	-1	0	0	0	0	0
7056963	7464896	-1	1030156	1104	0	0	1104
7065975	-1	-1	0	0	0	0	0
7074963	4922952	-1	1170432	1902	0	0	1902
7081981	6253168	-1	366592	469	0	0	469
7084981	-1	-1	0	0	0	0	0
7093979	-1	-1	0	0	0	0	0
7101982	8705256	-1	1771520	1628	0	0	1628
7109970	-1	-1	0	0	0	0	0
7119961	-1	-1	0	0	0	0	0
7125970	7509336	-1	777216	828	0	0	855
7130979	11570144	-1	420864	291	0	0	291
7139960	-1	-1	0	0	0	0	0
7148950	-1	-1	0	0	0	0	0
7152989	-1	-1	0	0	0	0	0
7160979	3861192	-1	2769920	5739	0	0	5739
7168960	-1	-1	0	0	0	0	0
7177978	4206040	-1	1056768	2010	0	0	2010
7187960	-1	-1	0	0	0	0	0
7195958	4611440	-1	1800192	3123	0	0	3123
7204959	-1	-1	0	0	0	0	0
7213973	8775120	-1	1587200	1447	0	0	1447
7222973	-1	-1	0	0	0	0	0
7232978	-1	-1	0	0	0	0	0
7240977	-1	-1	114688	180	0	0	189
7245974	7303000	-1	1017856	1115	0	0	1115
7252959	-1	-1	0	0	0	0	0
7261978	-1	-1	0	0	0	0	0
7264978	-1	-1	0	0	0	0	0
7272978	4043568	-1	987136	1953	0	0	1953
7277977	-1	-1	0	0	0	0	0
7284950	5929968	-1	773120	1043	0	0	1043
7288993	-1	-1	0	0	0	0	0
7297976	6072512	-1	739328	974	0	0	974
7303958	-1	-1	0	0	0	0	0
7312978	7697120	-1	891904	927	0	0	927
7322974	-1	-1	0	0	0	0	0
7331957	4806816	-1	699392	1164	0	0	1164
7335955	-1	-1	0	0	0	0	0
7344977	-1	-1	0	0	0	0	0
7352978	-1	-1	0	0	0	0	0
7361974	6764328	-1	1314816	1555	0	0	1555
7370973	-1	-1	0	0	0	0	0
7377976	10699072	-1	1306624	977	0	0	977
7387964	-1	-1	0	0	0	0	0
7394975	10333504	-1	1442816	1117	0	0	1117
7401969	-1	-1	0	0	0	0	0
7411958	7934120	-1	945152	953	0	0	953
