120249	3190080	-1	3330048	8351	0	0	8351
129258	2615288	-1	348160	1065	0	0	1065
146241	-1	-1	0	0	0	0	0
155248	2909088	-1	256000	704	0	0	704
164257	6208832	-1	416768	537	0	0	537
173261	9345568	-1	1144832	980	0	0	980
182243	-1	-1	0	0	0	0	0
191249	11398296	-1	695296	488	0	0	488
200257	4136312	-1	525312	1016	0	0	1016
209250	-1	-1	0	0	0	0	0
218258	3335256	-1	397312	953	0	0	953
227262	-1	-1	0	0	0	0	0
236252	4893288	-1	411648	673	0	0	673
245249	-1	-1	0	0	0	0	0
254256	2121144	-1	178176	672	0	0	672
263270	3734080	-1	332800	713	0	0	713
272252	-1	-1	0	0	0	0	0
281244	3963680	-1	1380352	2786	0	0	2786
290254	-1	-1	0	0	0	0	0
299262	8611088	-1	1115136	1036	0	0	1036
308273	-1	-1	0	0	0	0	0
317242	4513496	-1	614400	1089	0	0	1089
326254	-1	-1	0	0	0	0	0
335254	5675752	-1	614400	866	0	0	866
344264	-1	-1	0	0	0	0	0
353252	2081680	-1	806912	3101	0	0	3101
362251	-1	-1	0	0	0	0	0
371259	3410288	-1	763904	1792	0	0	1792
380254	-1	-1	0	0	0	0	0
389267	6636912	-1	978944	1180	0	0	1180
398252	-1	-1	0	0	0	0	0
407251	3626960	-1	630637	1391	0	0	1391
416255	-1	-1	0	0	0	0	0
425263	3732080	-1	493568	1058	0	0	1058
434247	-1	-1	0	0	0	0	0
443253	7983096	-1	547840	549	0	0	549
452249	-1	-1	0	0	0	0	0
461256	3994208	-1	421888	845	0	0	845
470268	-1	-1	0	0	0	0	0
479249	4574856	-1	591872	1035	0	0	1035
488249	-1	-1	0	0	0	0	0
497252	9545000	-1	924672	775	0	0	775
506259	-1	-1	0	0	0	0	0
515271	14176936	-1	1460224	824	0	0	824
524242	-1	-1	0	0	0	0	0
533252	10632336	-1	1387520	1044	0	0	1044
542260	-1	-1	0	0	0	0	0
551249	2003960	-1	652288	2604	0	0	5148
560266	-1	-1	16384	6932	0	0	9016
569254	1158568	-1	1200128	8287	0	0	8287
578255	-1	-1	0	0	0	0	0
587257	3479264	-1	418816	963	0	0	963
596241	-1	-1	0	0	0	0	0
605244	10148512	-1	738304	582	0	0	582
614248	12877152	-1	940032	584	0	0	584
623253	9896792	-1	1801216	1456	0	0	1456
632259	-1	-1	0	0	0	0	0
641275	16145216	-1	900096	446	0	0	491
650246	11268424	-1	978944	695	0	0	695
659251	-1	-1	0	0	0	0	0
668255	12252224	-1	701440	458	0	0	535
677263	-1	-1	0	0	0	0	0
686246	7659104	-1	750592	784	0	0	784
695248	-1	-1	0	0	0	0	0
704252	8608816	-1	549888	511	0	0	529
713257	-1	-1	0	0	0	0	0
722269	6224000	-1	398336	512	0	0	540
731254	-1	-1	0	0	0	0	0
740252	2433504	-1	413696	1360	0	0	1360
749251	-1	-1	0	0	0	0	0
758244	3247840	-1	321536	792	0	0	792
767246	-1	-1	0	0	0	0	0
776255	5144096	-1	437248	680	0	0	680
785249	-1	-1	0	0	0	0	0
794254	3141624	-1	233658	595	0	0	595
803264	2505920	-1	228352	729	0	0	729
812243	1779552	-1	361472	1625	0	0	1625
821252	-1	-1	0	0	0	0	0
830252	6421696	-1	378880	472	0	0	503
839261	-1	-1	0	0	0	0	0
848270	4458936	-1	132096	237	0	0	358
857250	3919192	-1	136192	278	0	0	364
866246	11498280	-1	559104	389	0	0	389
875253	6955472	-1	645120	742	0	0	742
884262	-1	-1	0	0	0	0	0
893241	3703096	-1	738304	1595	0	0	1595
902241	-1	-1	0	0	0	0	0
911251	3715568	-1	300032	646	0	0	646
920256	5538120	-1	615424	889	0	0	889
929240	-1	-1	0	0	0	0	0
938242	9823304	-1	567296	462	0	0	500
947251	6439888	-1	568320	706	0	0	706
956253	3124008	-1	468992	1201	0	0	1201
965258	3927232	-1	750592	1529	0	0	1529
974269	-1	-1	0	0	0	0	0
983240	3758216	-1	677888	1443	0	0	1443
992251	-1	-1	0	0	0	0	0
1001254	3557888	-1	287744	647	0	0	647
1010261	5703648	-1	626688	879	0	0	879
1019250	-1	-1	0	0	0	0	0
1028248	1889416	-1	283648	1201	0	0	1201
1037253	4186472	-1	521216	996	0	0	996
1046261	5778056	-1	691200	957	0	0	957
1055242	-1	-1	0	0	0	0	0
1064241	3914168	-1	418816	856	0	0	856
1073248	10121272	-1	349184	276	0	0	412
1082249	2880200	-1	578560	1607	0	0	1607
1091253	-1	-1	0	0	0	0	0
1100262	1739080	-1	272384	1253	0	0	1253
1109248	2213416	-1	287744	1040	0	0	1040
1118255	10022264	-1	813056	649	0	0	649
1127260	7588104	-1	887808	936	0	0	936
1136259	6925600	-1	716800	828	0	0	828
1145242	5257280	-1	598016	910	0	0	910
1154245	6058456	-1	616448	814	0	0	814
1163252	10260568	-1	663089	517	0	0	533
1172256	6510672	-1	559104	687	0	0	687
1181265	4674616	-1	314368	538	0	0	538
1190243	6095760	-1	711680	934	0	0	934
1199252	-1	-1	0	0	0	0	0
1208250	11156824	-1	2211840	1586	0	0	1586
1217260	-1	-1	0	0	0	0	0
1226269	17460320	-1	2093056	959	0	0	959
1235249	-1	-1	0	0	0	0	0
1244247	6930360	-1	2053120	2370	0	0	2370
1253254	-1	-1	0	0	0	0	0
1262240	11600040	-1	1122304	774	0	0	774
1271273	-1	-1	0	0	0	0	0
1280255	4110248	-1	1920000	3737	0	0	3737
1289248	-1	-1	0	0	0	0	0
1298258	16355256	-1	1165312	570	0	0	570
1307243	-1	-1	0	0	0	0	0
1316252	12218968	-1	543744	356	0	0	390
1325252	15245144	-1	1206272	633	0	0	633
1334255	28223120	-1	1030144	292	0	0	387
1343262	15902928	-1	1184768	596	0	0	640
1352272	-1	-1	0	0	0	0	0
1361252	18660216	-1	1611776	691	0	0	691
1370253	-1	-1	0	0	0	0	0
1379252	17158920	-1	1587200	740	0	0	740
1388256	-1	-1	0	0	0	0	0
1397252	16426504	-1	1583104	771	0	0	812
1406254	-1	-1	0	0	0	0	0
1415253	14942920	-1	1380352	739	0	0	739
1424260	-1	-1	0	0	0	0	0
1433245	8566120	-1	679936	635	0	0	635
1442254	14931320	-1	1662976	891	0	0	891
1451247	-1	-1	0	0	0	0	0
1460257	18480152	-1	1670144	723	0	0	723
1469262	-1	-1	0	0	0	0	0
1478245	17947928	-1	1480704	660	0	0	660
1487249	-1	-1	0	0	0	0	0
1496256	10594848	-1	1070080	808	0	0	808
1505257	-1	-1	0	0	0	0	0
1514240	8028056	-1	1604608	1599	0	0	1599
1523247	-1	-1	0	0	0	0	0
1532248	13088984	-1	1104383	675	0	0	675
1541252	3173848	-1	953344	2403	0	0	2403
1550260	14594240	-1	1461248	801	0	0	801
1559240	-1	-1	0	0	0	0	0
1568247	16520392	-1	1984512	961	0	0	961
1577248	-1	-1	0	0	0	0	0
1586254	18072176	-1	1710080	757	0	0	757
1595264	-1	-1	0	0	0	0	0
1604273	15965040	-1	1833984	919	0	0	919
1613249	-1	-1	0	0	0	0	0
1622248	13293936	-1	1224704	737	0	0	737
1631257	-1	-1	0	0	0	0	0
1640267	7472624	-1	1893376	2027	0	0	2027
1649243	-1	-1	0	0	0	0	0
1658254	10235592	-1	1189888	930	0	0	930
1667252	-1	-1	0	0	0	0	0
1676260	6663832	-1	544768	654	0	0	654
1685240	-1	-1	0	0	0	0	0
1694249	8495968	-1	572416	539	0	0	562
1703248	-1	-1	0	0	0	0	0
1712255	11656720	-1	813056	558	0	0	590
1721267	-1	-1	0	0	0	0	0
1730250	13176552	-1	933888	567	0	0	567
1739241	-1	-1	0	0	88064	211372	0
1748253	5918984	578288	397312	537	646144	8938	675
1757258	-1	514096	0	0	581632	9050	0
1766270	2847696	865824	149504	420	968704	8950	626
1775244	-1	814192	0	0	920576	9045	0
1784247	2657360	532592	148480	447	569344	8552	656
1793252	-1	471968	0	0	538624	9129	0
1802272	2868184	538184	149504	417	614400	9132	615
1811240	-1	478144	0	0	493568	8258	0
1820244	2788360	476496	148480	426	549888	9232	498
1829250	-1	-1	0	0	35840	247	0
1838255	1698912	-1	149504	704	0	0	869
1847241	-1	-1	0	0	0	0	0
1856241	2828192	-1	148480	420	0	0	587
1865241	-1	-1	0	0	0	0	0
1874251	1711064	-1	149504	699	0	0	905
1883260	-1	-1	0	0	0	0	0
1892268	1746032	-1	149504	685	0	0	685
1901252	-1	-1	0	0	0	0	0
1910253	2499032	-1	592896	1898	0	0	1898
1919257	-1	-1	0	0	0	0	0
1928263	9978096	-1	1189888	954	0	0	954
1937246	-1	-1	0	0	0	0	0
1946247	10019248	-1	1173504	937	0	0	937
1955252	-1	-1	0	0	0	0	0
1964257	7792392	-1	878592	902	0	0	902
1973268	-1	-1	0	0	0	0	0
1982251	9530096	-1	955392	802	0	0	802
1991248	-1	-1	0	0	0	0	0
2000252	7002840	-1	868352	992	0	0	992
2009261	-1	-1	0	0	0	0	0
2018268	6840832	-1	824320	964	0	0	964
2027246	-1	-1	0	0	0	0	0
2036245	10271704	-1	829440	646	0	0	693
2045257	-1	-1	0	0	0	0	0
2054265	5864216	-1	536576	732	0	0	732
2063247	-1	-1	0	0	0	0	0
2072246	9645992	-1	835584	693	0	0	693
2081249	-1	-1	0	0	0	0	0
2090259	3802240	-1	351232	739	0	0	739
2099264	-1	-1	0	0	0	0	0
2108252	2595048	-1	241664	745	0	0	745
2117247	-1	-1	0	0	0	0	0
2126252	8002368	-1	432128	432	0	0	503
2135261	-1	-1	0	0	0	0	0
2144272	10900776	-1	679936	499	0	0	617
2153253	-1	-1	0	0	0	0	0
2162255	5278352	-1	256000	388	0	0	461
2171256	6868680	-1	446464	520	0	0	576
2180264	-1	-1	0	0	0	0	0
2189251	7358432	-1	262144	285	0	0	472
2198250	7801904	-1	409600	420	0	0	587
2207254	-1	-1	0	0	0	0	0
2216262	6303504	-1	505856	642	0	0	642
2225240	-1	-1	0	0	0	0	0
2234254	8099744	-1	449536	444	0	0	539
2243244	-1	-1	0	0	0	0	0
2252253	4730944	-1	194560	329	0	0	493
2261261	4092016	-1	423012	827	0	0	827
2270246	-1	-1	0	0	0	0	0
2279246	2145520	-1	225280	840	0	0	840
2288247	-1	-1	112640	322	0	0	443
2297256	3183488	-1	237568	597	0	0	597
2306241	-1	-1	0	0	0	0	0
2315244	9336136	-1	417792	358	0	0	562
2324242	-1	-1	0	0	0	0	0
2333253	7352624	96432	932864	1015	912384	75693	1015
2342263	-1	1103456	0	0	1242112	9005	0
2351242	7522216	1341448	149504	159	1497088	8928	513
2360244	-1	1232064	0	0	1376256	8936	0
2369251	7470688	1399560	148480	159	1591296	9095	495
2378254	-1	1269080	0	0	1428480	9004	0
2387240	7248680	1365536	149504	165	1525760	8938	485
2396242	-1	908888	0	0	1027072	9040	0
2405250	7168000	1630760	150528	168	1528832	7499	501
2414247	-1	-1	0	0	0	0	0
2423256	7112816	-1	148480	167	0	0	473
2432245	-1	-1	0	0	0	0	0
2441252	6500176	-1	149504	184	0	0	486
2450243	-1	-1	0	0	0	0	0
2459255	2743280	-1	148480	433	0	0	698
2468257	-1	-1	0	0	0	0	0
2477244	2902992	-1	149504	412	0	0	573
2486244	-1	-1	0	0	0	0	0
2495250	2869176	-1	148480	414	0	0	627
2504255	-1	-1	0	0	0	0	0
2513265	2910056	-1	149504	411	0	0	574
2522251	-1	-1	0	0	0	0	0
2531242	1567536	-1	149504	763	0	0	763
2540250	-1	-1	0	0	0	0	0
2549258	-1	-1	107520	1881	0	0	1881
2558268	-1	-1	115712	1237	0	0	1237
2567247	-1	-1	0	0	0	0	0
2576245	1573728	-1	149504	760	0	0	760
2585253	-1	-1	0	0	0	0	0
2594263	2309856	-1	340992	1181	0	0	1181
2603270	-1	-1	0	0	0	0	0
2612247	2730664	-1	604160	1770	0	0	1770
2621248	-1	-1	0	0	0	0	0
2630257	4277504	-1	1289667	2412	0	0	2412
2639266	-1	-1	0	0	0	0	0
2648246	2195272	-1	1102848	4019	0	0	4019
2657244	2911848	-1	384000	1055	0	0	1055
2666253	3028880	-1	530432	1401	0	0	1401
2675259	4305184	-1	653312	1214	0	0	1214
2684268	4234064	-1	942080	1780	0	0	1780
2693252	2407064	-1	863232	2869	0	0	2869
2702249	2104392	-1	926720	3523	0	0	3523
2711255	1033928	-1	679936	5261	0	0	5261
2720262	-1	-1	32768	4019	0	0	4019
2729242	280576	-1	524288	14949	0	0	14949
2738244	-1	-1	40960	3675	0	0	9002
2747249	784688	-1	1301504	13269	0	0	13269
2756258	1541400	-1	328704	1706	0	0	1706
2765267	826392	-1	505856	4897	0	0	4897
2775243	353240	-1	374784	8488	0	0	8488
2784253	1278896	-1	222208	1390	0	0	5556
2793244	3124064	-1	1198080	3068	0	0	7469
2802246	-1	-1	0	0	0	0	0
2811252	-1	-1	0	0	0	0	0
2820254	3454064	-1	1743872	4039	0	0	4039
2829254	-1	-1	0	0	0	0	0
2838246	5621208	-1	900096	1281	0	0	1281
2847260	-1	-1	0	0	0	0	0
2856240	3905720	-1	599040	1227	0	0	1227
2865252	-1	-1	0	0	0	0	0
2874245	1826976	-1	859136	3762	0	0	3762
2883250	-1	-1	0	0	0	0	0
2892247	1700400	-1	381952	1797	0	0	1797
2901254	-1	-1	0	0	0	0	0
2910254	1002480	-1	506880	4045	0	0	4045
2919247	-1	-1	0	0	0	0	0
2928256	736416	-1	148480	1613	0	0	5557
2937248	-1	-1	0	0	0	0	8991
2946247	1562256	-1	1424384	7294	0	0	7294
2955248	2215544	-1	863232	3117	0	0	3117
2964259	-1	-1	0	0	0	0	0
2973265	2745976	-1	857088	2497	0	0	2497
2982251	-1	-1	0	0	0	0	0
2991251	907280	-1	771072	6799	0	0	6799
3000251	-1	-1	0	0	0	0	0
3009261	1600328	-1	595923	2979	0	0	2979
3018246	-1	-1	0	0	0	0	0
3027245	491624	-1	492544	8015	0	0	8015
3036245	-1	-1	0	0	0	0	0
3045255	960096	-1	409600	3413	0	0	3413
3054262	-1	-1	0	0	0	0	0
3063241	472344	-1	346112	5862	0	0	5862
3072245	-1	-1	81920	7540	0	0	7540
3081250	-1	-1	124928	15406	0	0	15406
3090260	1683896	-1	848896	4033	0	0	4033
3099264	1510800	-1	349184	1849	0	0	1849
3108246	-1	-1	0	0	0	0	0
3117243	2073200	-1	1305600	5038	0	0	5038
3126259	-1	-1	0	0	0	0	0
3135248	1640040	-1	1637376	7987	0	0	7987
3144264	-1	-1	126976	512	0	0	512
3153251	2386568	-1	736256	2468	0	0	2468
3162254	-1	-1	0	0	0	0	0
3171244	1266432	-1	896000	5660	0	0	5660
3180254	446192	-1	489472	8776	0	0	9009
3189259	671688	-1	1326080	15794	0	0	15794
3198248	1082800	-1	273408	2020	0	0	2020
3207253	1687304	-1	1420288	6734	0	0	6734
3216260	-1	-1	0	0	0	0	0
3225244	2160328	-1	1230848	4558	0	0	4558
3234251	-1	-1	0	0	0	0	0
3243257	2662448	-1	1385472	4163	0	0	4163
3252256	-1	-1	0	0	0	0	0
3261255	2815256	-1	1329152	3777	0	0	3777
3270249	-1	-1	0	0	0	0	0
3279254	1638656	-1	1306624	6379	0	0	6379
3288255	-1	-1	54272	448	0	0	448
3297255	2485256	-1	1278976	4117	0	0	4117
3306262	-1	-1	0	0	0	0	0
3315241	6870536	-1	1283072	1494	0	0	1494
3324248	-1	-1	0	0	0	0	0
3333251	13281640	-1	1231872	742	0	0	755
3342258	-1	-1	0	0	0	0	0
3351242	6235536	-1	1168384	1499	0	0	1499
3360241	-1	-1	0	0	0	0	0
3369252	15498736	-1	1201152	620	0	0	775
3378249	-1	-1	0	0	0	0	0
3387261	10294784	-1	872483	678	0	0	678
3396247	-1	-1	0	0	0	0	0
3405253	15266912	-1	923648	484	0	0	607
3414250	-1	-1	0	0	0	0	0
3423257	14856352	-1	796672	429	0	0	545
3432265	-1	-1	0	0	0	0	0
3441250	19636928	-1	1347584	549	0	0	738
3450242	-1	-1	0	0	0	0	0
3459252	8586640	-1	1381376	1287	0	0	1287
3468260	-1	-1	0	0	0	0	0
3477267	10830728	-1	1206272	891	0	0	891
3486248	-1	-1	0	0	0	0	0
3495244	11013896	-1	1195008	868	0	0	868
3504254	-1	-1	0	0	0	0	0
3513262	2146192	-1	1494016	5569	0	0	5569
3522266	-1	-1	0	0	0	0	0
3531252	5876968	-1	1380352	1879	0	0	1879
3540250	-1	-1	0	0	0	0	0
3549256	8503936	-1	1172480	1103	0	0	1103
3558269	-1	-1	0	0	0	0	0
3567244	7118320	-1	1228800	1381	0	0	1381
3576245	-1	-1	0	0	0	0	0
