4976	1714536	-1	622592	2905	0	0	4032
7652	1283200	-1	794624	4954	0	0	6504
14180	1884616	-1	2158592	9163	0	0	9203
16654	5280016	-1	5765120	8735	77824	15473	9001
23978	4927792	248088	4889600	7938	710656	22916	7938
25654	-1	801328	0	0	894976	8934	23
33975	-1	1244248	0	0	1562624	10047	0
35674	-1	1573544	0	0	1970176	10016	0
41969	-1	1550096	0	0	1552384	8011	0
44654	-1	1899888	0	0	2146304	9037	0
53660	-1	1912128	0	0	415744	1739	0
58040	9644776	-1	6439096	5341	0	0	5424
62655	-1	372136	0	0	749568	16114	0
64652	-1	1248208	0	0	326656	2093	0
67027	-1	-1	0	0	0	0	0
73654	-1	1121336	0	0	1264640	9022	0
76043	8040152	-1	1030144	1025	0	0	1025
82652	-1	1365072	0	0	1537024	9007	0
85044	-1	-1	0	0	0	0	0
89653	-1	1410448	0	0	1230848	6981	0
94043	11738816	-1	1575936	1074	0	0	1074
97650	-1	1381064	0	0	1387520	8037	0
103043	-1	-1	0	0	66560	51586	0
106663	-1	1388288	0	0	1556480	8969	0
107586	-1	-1	0	0	45056	3943	0
114595	-1	-1	0	0	12288	3994	0
114654	-1	1413424	0	0	1409024	7975	0
122589	9990904	-1	2269184	1817	24576	8163	2988
123655	-1	1321760	0	0	1492992	9036	0
128596	-1	-1	0	0	24576	7893	0
133651	-1	1525912	0	0	1761280	9233	0
136590	-1	-1	0	0	24576	8026	0
136661	-1	347008	0	0	147456	3399	0
145660	-1	1540376	0	0	1745920	9067	0
146591	-1	-1	0	0	24576	7963	0
154658	-1	1648272	0	0	1853440	8995	0
156588	10564496	-1	1258496	953	38912	11996	2001
164658	-1	1765192	0	0	2185216	9903	0
165584	-1	-1	0	0	26624	7997	0
172591	-1	-1	0	0	26624	8017	0
172651	-1	1663960	0	0	1677312	8064	0
175584	-1	-1	0	0	13312	4063	0
181655	-1	1596544	0	0	1769472	8866	0
184032	6509112	-1	1588224	1952	94208	8028	1952
189033	-1	-1	0	0	125952	5979	0
196052	9465872	267848	989184	836	233472	6973	836
205027	-1	766720	0	0	858112	8953	0
214051	-1	1081888	0	0	1222656	9040	0
223585	-1	298648	0	0	254976	6830	0
230585	-1	-1	0	0	24576	7909	0
237585	-1	-1	0	0	0	0	0
246586	-1	-1	0	0	0	0	0
256598	-1	-1	0	0	0	0	0
261594	7913120	-1	1162240	1175	0	0	1999
266588	-1	-1	0	0	0	0	0
273587	-1	-1	0	0	0	0	0
279597	-1	-1	0	0	0	0	0
287601	6030760	-1	2085888	2767	0	0	3002
297587	-1	-1	0	0	0	0	0
305583	6563208	-1	1539072	1876	0	0	2000
314584	-1	-1	0	0	0	0	0
323583	-1	-1	0	0	0	0	0
332587	-1	-1	0	0	0	0	0
342584	5748168	-1	1026048	1428	0	0	2997
349584	-1	-1	0	0	0	0	0
356591	5726672	-1	758784	1060	0	0	1999
365594	-1	-1	0	0	16384	135973	0
372594	7953120	-1	583560	587	17408	4273	2004
382594	-1	-1	0	0	11264	10256	0
392592	7326768	-1	1352704	1477	29696	8125	2992
399583	-1	-1	0	0	0	0	0
406586	-1	-1	0	0	0	0	0
415585	-1	-1	0	0	0	0	0
425584	8020824	-1	2015232	2010	0	0	2986
433586	-1	-1	0	0	0	0	0
442584	-1	-1	0	0	0	0	0
445590	-1	-1	0	0	0	0	0
454585	4555304	-1	741376	1302	0	0	2000
461583	-1	-1	0	0	0	0	0
469584	4514344	-1	977920	1733	0	0	1999
476585	-1	-1	0	0	0	0	0
485595	4818824	-1	931840	1547	0	0	2009
495585	-1	-1	0	0	0	0	0
503594	10275512	-1	666624	519	0	0	1999
513595	-1	-1	0	0	0	0	0
522585	8038264	-1	749568	746	0	0	2003
529583	-1	-1	0	0	0	0	0
539587	11560200	-1	699392	484	0	0	2019
548593	-1	-1	0	0	0	0	0
556584	-1	-1	0	0	0	0	0
558592	-1	-1	0	0	0	0	0
567597	12910640	-1	2367488	1467	0	0	2996
575590	-1	-1	0	0	0	0	0
584584	-1	-1	0	0	0	0	0
587584	-1	-1	0	0	0	0	0
596594	7483408	-1	886784	948	0	0	2006
603583	-1	-1	0	0	0	0	0
610585	6925960	-1	952320	1100	0	0	1995
619594	-1	-1	0	0	0	0	0
626587	13211440	-1	1193984	723	0	0	1994
635594	-1	-1	0	0	0	0	0
644598	-1	-1	0	0	27648	252354	0
651621	-1	-1	0	0	22528	8057	11
656596	10116880	-1	2987008	2362	11264	3774	2967
661594	-1	-1	0	0	24576	8404	0
669588	-1	-1	0	0	12288	3458	0
676594	-1	-1	0	0	0	0	0
684584	11604640	-1	2869248	1978	0	0	2989
694585	-1	-1	0	0	0	0	0
700585	5351656	-1	1132544	1693	0	0	2001
708590	-1	-1	0	0	0	0	0
718592	10556040	-1	1513472	1147	0	0	2006
725588	-1	-1	0	0	0	0	0
733039	-1	-1	0	0	0	0	0
738026	7701320	-1	2378744	2471	0	0	2471
740036	-1	-1	0	0	0	0	0
746034	-1	292040	0	0	370688	10154	0
752034	9842696	843408	1147904	933	513024	4866	933
757042	-1	-1	0	0	0	0	0
762032	-1	429400	0	0	604160	11255	0
766043	10621952	939072	747520	563	471040	4012	563
770601	-1	-1	0	0	41984	2717	0
775598	-1	-1	0	0	18432	4262	0
781597	-1	-1	0	0	24576	7786	0
787597	-1	-1	0	0	12288	4144	0
793599	10983160	-1	1301504	948	24576	7867	2991
799598	-1	-1	0	0	13312	4033	0
804597	-1	-1	0	0	13312	3996	0
807603	-1	-1	0	0	13312	4193	9
812603	10143952	-1	1676288	1322	13312	4093	3006
817593	-1	-1	0	0	26624	7688	0
823583	-1	-1	0	0	13312	4029	0
829593	-1	-1	0	0	26624	7965	0
834585	8571552	-1	832512	777	13312	3947	2007
837586	-1	-1	0	0	0	0	0
843588	6480040	-1	992256	1225	0	0	1994
847608	-1	-1	0	0	0	0	0
853587	7097952	-1	1361920	1535	0	0	1995
855591	-1	-1	0	0	0	0	0
861588	8154304	-1	1329152	1304	0	0	1970
867594	-1	-1	0	0	0	0	0
871583	-1	-1	0	0	0	0	0
874597	-1	-1	0	0	0	0	8
879586	10050320	-1	1871872	1490	0	0	1986
884593	12022488	-1	1738752	1157	0	0	1998
886592	-1	-1	0	0	0	0	0
891595	-1	-1	0	0	0	0	0
898606	5816992	-1	1334272	1835	0	0	3015
904598	-1	-1	0	0	0	0	0
909591	-1	-1	0	0	0	0	0
914595	-1	-1	0	0	0	0	0
920604	12835712	-1	3059712	1907	0	0	3031
925588	-1	-1	0	0	6144	90953	0
929584	-1	-1	0	0	6144	3903	0
935608	-1	-1	0	0	5120	7107	11
940585	4731912	-1	1649664	2789	15360	4519	3993
942595	-1	-1	0	0	12288	2202	0
947601	6318968	-1	970752	1229	18432	5338	1999
954600	8249688	-1	146432	142	23552	7087	1009
957592	14443040	-1	518144	287	20480	3406	990
963596	-1	-1	0	0	28672	5726	0
968599	14549968	-1	852992	469	22528	4140	2006
974585	-1	-1	0	0	25600	6489	0
979636	4178512	-1	648192	1241	11264	3772	3002
984589	-1	-1	0	0	11264	4102	0
990587	3387856	-1	699592	1652	11264	4262	2997
996590	-1	-1	0	0	16384	5441	0
1001584	-1	-1	0	0	33792	8119	0
1004593	10049600	-1	553984	441	0	0	1006
1008599	13854736	-1	2019328	1166	0	0	1998
1014586	-1	-1	0	0	0	0	0
1020586	-1	-1	0	0	0	0	0
1025594	-1	-1	0	0	0	0	0
1027594	-1	-1	0	0	0	0	0
1033595	10512016	-1	1197056	911	0	0	2013
1034598	-1	-1	0	0	0	0	0
1036583	-1	-1	0	0	0	0	0
1042598	-1	-1	0	0	0	0	0
1044598	-1	-1	0	0	0	0	0
1051587	8402048	-1	1761280	1677	0	0	2991
1056597	-1	-1	0	0	0	0	0
1060595	-1	-1	0	0	0	0	0
1066602	-1	-1	0	0	0	0	7
1070601	14559728	-1	1299456	714	0	0	1997
1074593	-1	-1	0	0	0	0	0
1077593	-1	-1	0	0	0	0	0
1081600	9782472	-1	459776	376	0	0	1014
1085596	16218088	-1	2402304	1185	0	0	1990
1090591	-1	-1	0	0	0	0	0
1096600	-1	-1	0	0	0	0	0
1102608	-1	-1	0	0	0	0	0
1108599	18095880	-1	2370560	1048	0	0	3001
1114587	-1	-1	0	0	0	0	0
1120593	-1	-1	0	0	0	0	0
1126589	5965384	-1	1248256	1674	0	0	1995
1128586	-1	-1	0	0	0	0	0
1133602	-1	-1	0	0	0	0	0
1139585	12224848	-1	2874368	1881	0	0	2994
1145592	-1	-1	0	0	0	0	0
1151582	-1	-1	0	0	0	0	0
1157598	-1	-1	0	0	0	0	0
1163594	16277216	-1	1092608	537	0	0	1992
1168601	-1	-1	0	0	0	0	0
1172598	-1	-1	0	0	0	0	0
1177593	-1	-1	0	0	0	0	0
1183595	16922840	-1	2058240	973	0	0	2993
1189606	-1	-1	0	0	0	0	0
1194595	-1	-1	0	0	0	0	0
1200587	-1	-1	0	0	0	0	0
1206595	12035368	-1	1487872	989	0	0	1999
1212591	-1	-1	0	0	0	0	0
1218594	-1	-1	0	0	0	0	0
1223592	-1	-1	0	0	0	0	0
1229590	4444032	-1	922692	1661	6144	224194	2992
1234594	-1	-1	0	0	0	0	0
1239591	6810704	-1	1383424	1625	0	0	1999
1245584	-1	-1	0	0	8192	17965	0
1251600	10862656	-1	1482752	1092	3072	3853	1999
1257624	6045128	-1	547840	725	8192	7872	1037
1260585	10294488	-1	822272	639	0	0	959
1266592	12485504	-1	744448	477	7168	7563	1001
1269585	15080728	-1	663552	352	3072	4005	996
1273590	-1	-1	0	0	2048	3871	0
1279600	-1	-1	0	0	0	0	0
1281608	7550704	-1	747520	792	5120	8731	1018
1285609	17228112	-1	1274880	592	5120	3824	975
1289589	-1	-1	0	0	5120	3778	0
1295597	4826208	-1	866304	1436	0	0	1997
1301603	-1	-1	0	0	0	0	0
1306595	5454448	-1	1081344	1586	0	0	1999
1311596	-1	-1	0	0	0	0	0
1317603	12717224	-1	1061888	668	16384	26022	1999
1323595	-1	-1	0	0	22528	7791	0
1329598	6990552	-1	2001920	2291	11264	4008	2989
1333597	-1	-1	0	0	11264	3977	0
1339592	7648248	-1	1094656	1145	29696	7934	2005
1343597	-1	-1	0	0	12288	4177	0
1349608	-1	-1	0	0	12288	3967	0
1355590	1427800	-1	163840	918	12288	3895	1003
1359590	8111024	-1	1846272	1821	0	0	2998
1364590	-1	-1	0	0	0	0	0
1367596	-1	-1	0	0	0	0	0
1373599	-1	-1	0	0	16384	21026	9
1378592	14664600	-1	1965056	1072	11264	3987	2984
1382605	-1	-1	0	0	11264	4141	0
1388586	-1	-1	0	0	23552	7964	0
1394598	-1	-1	0	0	12288	3835	8
1399597	8093616	-1	1263616	1249	12288	4038	1994
1405592	-1	-1	0	0	24576	7945	8
1409596	4643488	-1	937984	1616	12288	4048	1990
1415600	-1	-1	0	0	12288	4049	0
1421583	6360032	-1	942080	1185	24576	8122	2006
1427608	-1	-1	0	0	12288	3919	0
1432599	5783112	-1	668672	925	26624	7863	2008
1437594	-1	-1	0	0	13312	3994	0
1443595	7050448	-1	1435648	1629	13312	4023	3005
1449595	-1	-1	0	0	26624	8113	0
1455594	-1	-1	0	0	13312	4016	0
1461595	-1	-1	0	0	26624	7855	0
1468590	12316424	-1	1996800	1297	27648	7989	2987
1473607	-1	-1	0	0	14336	4132	0
1477590	-1	-1	0	0	14336	3893	0
1481590	-1	-1	0	0	14336	4044	0
1487601	3581984	-1	965344	2156	14336	4014	4010
1491597	-1	-1	0	0	0	0	0
1497589	9279304	-1	1275904	1100	28672	11182	2011
1503612	-1	-1	0	0	14336	4022	0
1508587	5161032	-1	756736	1173	29696	8229	1993
1515590	-1	-1	0	0	15360	4053	0
1520586	-1	-1	0	0	30720	8209	0
1526588	4339376	-1	967680	1784	23552	5422	2995
1527593	-1	-1	0	0	0	0	0
1532588	-1	-1	0	0	40960	6145	0
1538586	6790736	-1	903168	1064	26624	6537	1989
1543606	-1	-1	0	0	23552	4144	7
1546602	6587016	-1	1130496	1373	24576	3208	1991
1551583	-1	-1	0	0	25600	4817	0
1557595	5868176	-1	871424	1188	39936	6233	1985
1562602	-1	-1	0	0	22528	5373	0
1567589	4168096	-1	947200	1818	20480	3318	2017
1572621	-1	-1	0	0	36864	6343	0
1576591	-1	-1	0	0	5120	3937	0
1581607	-1	-1	0	0	41984	5524	9
1586584	7988472	-1	2250752	2254	17408	3705	3982
1592595	-1	-1	0	0	35840	6835	0
1598594	-1	-1	5120	2649	17408	4021	2649
1604593	16206200	-1	2520064	1244	34816	8001	1993
1609591	-1	-1	0	0	17408	4007	0
1615604	-1	-1	0	0	28672	7711	9
1620585	11461688	-1	2641920	1844	51200	4433	2012
1626590	-1	-1	0	0	28672	3905	0
1631588	-1	-1	0	0	29696	3956	0
1636589	-1	-1	0	0	0	0	0
1642584	16257616	-1	2897920	1426	0	0	2986
1648585	-1	-1	0	0	0	0	0
1651587	-1	-1	0	0	0	0	0
1658599	-1	-1	0	0	0	0	0
1664589	12210984	-1	2678784	1755	0	0	2996
1670584	-1	-1	0	0	0	0	0
1676583	-1	-1	0	0	0	0	0
1682606	-1	-1	0	0	0	0	9
1686608	9478776	-1	1297408	1095	0	0	1988
1692595	-1	-1	0	0	0	0	0
1699594	-1	-1	0	0	0	0	0
1703595	-1	-1	0	0	0	0	0
1709589	14307320	-1	1276928	714	0	0	1998
1715594	-1	-1	0	0	0	0	0
1721595	3316120	-1	518144	1250	0	0	2008
1726598	-1	-1	0	0	0	0	0
1731604	4022176	-1	828568	1648	0	0	3001
1737591	-1	-1	0	0	0	0	0
1743584	-1	-1	0	0	0	0	0
1749583	7957760	-1	1252352	1259	2048	20138	1997
1750601	-1	-1	0	0	0	0	0
1757595	-1	-1	0	0	12288	7302	0
1762590	-1	-1	0	0	10240	3457	0
1767591	3468240	-1	285696	659	21504	7981	1001
1771588	2446592	-1	614400	2009	10240	3913	2009
1774599	-1	-1	0	0	0	0	0
1779597	1735776	-1	251904	1161	20480	7681	2011
1781603	5953088	-1	351232	472	0	0	995
1786593	-1	-1	0	0	10240	4479	7
1790588	2323464	-1	496640	1710	8192	4345	1989
1796590	-1	-1	0	0	15360	7426	0
1801583	4551616	-1	1022976	1798	8192	4745	2989
1807606	-1	-1	0	0	12288	7447	0
1812597	-1	-1	0	0	8192	4127	0
1816598	-1	-1	0	0	9216	3782	0
1822612	4460568	-1	1064960	1910	9216	3957	2989
1827598	-1	-1	0	0	13312	8017	0
1832596	5121248	-1	524288	819	10240	3480	2005
1836593	-1	-1	0	0	19456	4977	0
1841604	2886248	-1	1412096	3914	17408	3709	4008
1845595	5128608	-1	610304	952	13312	4237	952
1851607	-1	-1	0	0	23552	7489	0
1857595	-1	-1	0	0	14336	4142	2
1862594	3444944	-1	2064384	4794	12288	4547	4998
1868590	7956504	-1	484352	487	28672	7821	994
1874593	5067792	-1	1577984	2491	11264	3656	2998
1877598	-1	-1	0	0	11264	4866	0
1883590	7934440	-1	977920	986	22528	7052	1999
1889587	-1	-1	0	0	4096	4463	0
1895583	5041232	-1	606208	962	12288	7294	1999
1901596	-1	-1	0	0	4096	3894	0
1907599	6172248	-1	447488	580	7168	8533	-1
1913592	-1	-1	0	0	5120	5931	-1
1919591	3611312	-1	736256	1631	0	0	-1
1925587	3274584	-1	1350356	3299	0	0	-1
1930585	-1	-1	0	0	0	0	-1
1936600	-1	-1	0	0	0	0	-1
1942586	-1	-1	0	0	0	0	-1
1948598	-1	-1	0	0	0	0	-1
1954599	-1	-1	0	0	0	0	-1
1962893	2501368	-1	2159616	6907	77824	47737	15145
1973092	4122416	-1	1669064	3239	0	0	-1
1979096	-1	-1	0	0	0	0	-1
1985112	-1	-1	0	0	0	0	-1
1992660	6952640	-1	2797568	3219	0	0	-1
1998641	3939960	-1	517120	1050	0	0	-1
2004656	-1	-1	0	0	0	0	-1
2010840	4190704	-1	1087488	2076	0	0	28911
2016872	-1	-1	0	0	0	0	0
2022588	-1	-1	0	0	0	0	0
2028339	-1	-1	0	0	0	0	0
2069367	8617384	-1	1286144	1194	0	0	-1
2075363	-1	-1	0	0	0	0	-1
2089030	4410360	-1	3502380	6353	0	0	40848
2095044	3387544	-1	851968	2012	0	0	2012
2101045	-1	-1	0	0	0	0	0
2107023	2964248	-1	978944	2642	0	0	2642
2113026	-1	-1	0	0	0	0	0
2119025	-1	-1	0	0	0	0	0
2123041	-1	-1	0	0	0	0	0
2128599	3949032	-1	1485824	3010	0	0	4357
2134594	-1	-1	0	0	0	0	0
2139586	-1	-1	0	0	0	0	0
2142586	-1	-1	0	0	0	0	0
2148604	2934896	-1	1402880	3824	0	0	4010
2151589	-1	-1	0	0	0	0	0
2157596	-1	-1	0	0	0	0	0
2163594	-1	-1	0	0	0	0	8
2168587	4491672	-1	1040384	1853	0	0	3000
2175586	-1	-1	0	0	0	0	0
2178603	-1	-1	0	0	0	0	0
2184590	3880712	-1	719872	1484	0	0	1988
2187585	7409288	-1	1289216	1392	0	0	1993
2193597	-1	-1	0	0	0	0	0
2199605	6566232	-1	1596416	1945	0	0	2985
2205598	-1	-1	0	0	0	0	0
2211598	6290112	-1	1300480	1654	0	0	2021
2214584	-1	-1	0	0	0	0	0
2220591	3669736	-1	969728	2114	0	0	3011
2222585	-1	-1	0	0	0	0	0
2228590	-1	-1	0	0	0	0	0
2229596	-1	-1	0	0	0	0	0
2235603	5670904	-1	1847296	2606	0	0	3991
2239600	-1	-1	0	0	0	0	0
2245595	-1	-1	0	0	0	0	0
2251592	2037808	-1	204800	804	0	0	1002
2255592	2978288	-1	1338368	3595	0	0	3595
2261596	-1	-1	0	0	0	0	0
2266592	-1	-1	0	0	0	0	0
2269609	-1	-1	0	0	0	0	0
2275589	3085776	-1	1548288	4014	0	0	4994
2279594	5649064	-1	338944	480	0	0	994
2284597	-1	-1	0	0	0	0	0
2290604	2739016	-1	335872	981	0	0	1011
2294605	2283472	-1	884560	3099	0	0	4001
2300601	1017216	-1	460800	3624	0	0	3624
2304586	-1	-1	0	0	6144	7641	0
2310585	-1	-1	0	0	12288	7570	0
2316584	5301248	-1	1175552	1774	4096	4842	3004
2322585	-1	-1	0	0	7168	7467	0
2328592	-1	-1	0	0	3072	3780	0
2334595	-1	-1	0	0	0	0	0
2340597	11089168	-1	2045952	1476	0	0	2999
2347602	-1	-1	0	0	0	0	0
2352614	4313824	-1	1034240	1918	0	0	3001
2359607	-1	-1	0	0	0	0	7
2363593	7388520	-1	866304	938	0	0	2008
2369601	-1	-1	0	0	0	0	0
2374593	3931744	-1	772096	1571	0	0	1992
2380599	-1	-1	0	0	0	0	0
2385592	-1	-1	0	0	0	0	0
2388586	-1	-1	0	0	0	0	0
2394594	3592304	-1	1716224	3822	0	0	4001
2400585	-1	-1	0	0	0	0	0
2406587	-1	-1	0	0	0	0	0
2412586	-1	-1	0	0	0	0	0
2418600	3606568	-1	848896	1883	0	0	2988
2423592	-1	-1	0	0	0	0	0
2428591	-1	-1	0	0	0	0	0
2433594	3279184	-1	1126400	2748	0	0	3003
2435586	-1	-1	0	0	0	0	0
2441587	-1	-1	0	0	0	0	0
2447589	-1	-1	0	0	0	0	0
2449587	-1	-1	0	0	0	0	0
2455592	2114928	-1	1213440	4590	0	0	4590
2458602	-1	-1	52224	387	0	0	387
2463588	-1	-1	0	0	0	0	0
2469589	-1	-1	0	0	0	0	0
2475605	5516448	-1	1503232	2180	0	0	3001
2482609	4034864	-1	506880	1005	0	0	2019
2484613	6997568	-1	635904	727	0	0	986
2488614	-1	-1	0	0	0	0	0
2495587	-1	-1	0	0	0	0	0
2497590	-1	-1	0	0	0	0	0
2503594	6930168	-1	1794048	2071	0	0	3011
2509598	-1	-1	0	0	0	0	0
2514592	7697800	-1	941056	978	0	0	1989
2520587	-1	-1	0	0	0	0	0
2526591	8492536	-1	897024	845	0	0	2000
2531590	-1	-1	0	0	0	0	0
2538590	7712936	-1	987256	1024	0	0	2004
2544598	-1	-1	0	0	0	0	0
2549587	-1	-1	0	0	0	0	0
2553601	-1	-1	0	0	0	0	9
2558595	6118072	-1	1691648	2212	0	0	3981
2563587	-1	-1	0	0	0	0	0
2569591	-1	-1	0	0	0	0	0
2575590	-1	-1	0	0	0	0	0
2581599	10972496	-1	1879040	1370	0	0	2993
2587587	-1	-1	0	0	0	0	0
2593588	-1	-1	0	0	0	0	0
2598602	7256872	-1	1160192	1279	0	0	2000
2601589	4915200	-1	230400	375	0	0	993
2607590	-1	-1	0	0	0	0	0
2614602	-1	-1	0	0	0	0	0
2618604	6327328	-1	309248	391	0	0	1005
2622595	7879112	-1	850944	864	0	0	2001
2628595	-1	-1	0	0	6144	91171	0
2634588	4021528	-1	691200	1375	6144	4216	1993
2640587	-1	-1	0	0	9216	6956	0
2646587	-1	-1	0	0	6144	4814	0
2649597	-1	-1	0	0	6144	3399	0
2655597	8709744	-1	1843200	1693	11264	7809	3002
2659590	-1	-1	0	0	0	0	0
2663584	-1	-1	0	0	3072	8272	0
2670602	11103016	-1	1491968	1075	0	0	2001
2673589	6811824	-1	626688	736	0	0	985
2678587	-1	-1	0	0	0	0	0
2684600	-1	-1	0	0	0	0	0
2689598	-1	-1	0	0	0	0	8
2694586	9592344	-1	982016	819	0	0	1987
2699602	-1	-1	0	0	0	0	0
2702585	-1	-1	0	0	0	0	0
2707591	5845544	-1	872448	1194	0	0	1990
2710594	10074472	-1	1589248	1262	0	0	2000
2715590	-1	-1	0	0	0	0	0
2720597	-1	-1	0	0	0	0	0
2726598	-1	-1	0	0	0	0	0
2732599	7694848	-1	1426432	1483	0	0	3007
2738597	-1	-1	0	0	0	0	0
2745587	-1	-1	0	0	0	0	0
2746593	-1	-1	0	0	0	0	0
2752603	3155680	-1	1467392	3720	0	0	5004
2758593	2160480	-1	545792	2021	0	0	2021
2763587	-1	-1	0	0	0	0	0
2770593	-1	-1	0	0	0	0	8
2775589	6366936	-1	2039808	2563	0	0	2999
2780591	-1	-1	0	0	0	0	0
2784589	-1	-1	0	0	0	0	0
2788591	-1	-1	0	0	0	0	0
2794590	3088360	-1	1008736	2613	0	0	4004
2801602	-1	-1	0	0	0	0	8
2806591	1315456	-1	819200	4982	0	0	4989
2811613	3252240	-1	840704	2068	0	0	4009
2813596	3500080	-1	475136	1086	0	0	1086
2819592	-1	-1	0	0	0	0	0
2822605	-1	-1	0	0	0	0	0
2828586	-1	-1	0	0	0	0	0
2834585	5212256	-1	1157120	1776	0	0	1977
2839595	-1	-1	0	0	0	0	0
2840586	-1	-1	0	0	0	0	0
2844585	-1	-1	0	0	0	0	0
2850599	4799656	-1	1327104	2212	0	0	4010
2855598	-1	-1	0	0	0	0	0
2862598	2059704	-1	765952	2975	0	0	2994
2868599	-1	-1	0	0	0	0	0
2875596	5228264	-1	1186816	1816	0	0	3000
2878596	-1	-1	0	0	0	0	0
2885586	5312584	-1	1024000	1542	0	0	3005
2888597	-1	-1	0	0	0	0	0
2894587	7905992	-1	792576	802	0	0	1999
2899587	-1	-1	0	0	0	0	0
2905600	-1	-1	0	0	0	0	0
2910599	6806464	-1	402432	473	0	0	1009
2914613	7380104	-1	930816	1009	0	0	2009
2920595	-1	-1	0	0	0	0	0
2925588	7198392	-1	697344	775	0	0	2002
2931589	-1	-1	0	0	0	0	0
2937590	11863816	-1	916480	618	0	0	2004
2943587	-1	-1	0	0	0	0	0
2949590	5336928	-1	878592	1317	0	0	1999
2954601	-1	-1	0	0	0	0	0
2959595	-1	-1	0	0	0	0	0
2964585	-1	-1	0	0	0	0	0
2970584	1014248	-1	572416	4515	0	0	4997
2974595	2284648	-1	729088	2553	0	0	2553
2979584	3181768	-1	1536000	3862	0	0	3982
2985590	-1	-1	90112	232	0	0	232
2991591	2940640	-1	979968	2666	0	0	3008
2998595	-1	-1	0	0	0	0	0
3003600	3989808	-1	1615872	3240	0	0	3240
3008597	-1	-1	0	0	0	0	0
3014603	3548920	-1	1282048	2890	0	0	3997
3019600	3918768	-1	203776	416	0	0	416
3024597	3200944	-1	924672	2311	0	0	3003
3029597	-1	-1	0	0	0	0	0
3034599	2003528	-1	642132	2564	0	0	4007
3040595	-1	-1	0	0	0	0	0
3045599	1818528	-1	864256	3802	0	0	4007
3050593	10962240	-1	850944	621	0	0	1006
3055594	4994752	-1	668672	1071	0	0	3000
3061587	2233760	-1	495616	1775	0	0	1775
3067604	6028832	-1	924672	1227	0	0	2001
3074595	-1	-1	0	0	0	0	7
3078595	7216424	-1	1030144	1142	0	0	1993
3084599	4505600	-1	461824	820	0	0	1013
3087587	-1	-1	118784	328	0	0	986
3092586	-1	-1	0	0	0	0	0
3098605	7320264	-1	1298432	1419	0	0	1994
3105589	-1	-1	0	0	0	0	0
3110591	7260552	-1	933888	1029	0	0	2000
3116606	6597144	-1	1241088	1505	0	0	2008
3118590	-1	-1	0	0	0	0	0
3124589	-1	-1	0	0	0	0	0
3131596	-1	-1	0	0	0	0	0
3135605	5441960	-1	1533952	2255	0	0	3012
3137595	-1	-1	14336	399	0	0	399
3143595	-1	-1	0	0	0	0	0
3149595	-1	-1	0	0	0	0	0
3155587	2253008	-1	278528	989	0	0	997
3159587	9404568	-1	1008640	858	0	0	2012
3162599	-1	-1	0	0	0	0	0
3167600	7850664	-1	1413120	1440	0	0	2007
3173590	-1	-1	0	0	0	0	0
3179589	5614416	-1	1001472	1427	0	0	2000
3185590	-1	-1	0	0	0	0	0
3191590	4944552	-1	551936	893	0	0	2009
3195589	-1	-1	0	0	0	0	0
3202588	7210976	-1	880640	977	0	0	2025
3205597	8031720	-1	461824	460	0	0	1005
3209588	11506432	-1	814080	566	0	0	997
3215589	-1	-1	0	0	0	0	0
3221585	6549408	-1	959488	1172	0	0	2002
3227602	-1	-1	0	0	0	0	0
3232586	-1	-1	0	0	0	0	0
3236592	5566864	-1	432128	621	0	0	990
3240592	6512640	-1	814080	1000	0	0	1998
3246591	-1	-1	0	0	0	0	0
3248595	-1	-1	0	0	0	0	0
3254587	-1	-1	0	0	0	0	0
3260595	3650128	-1	494592	1084	0	0	1999
3262602	-1	-1	0	0	0	0	0
3268597	7528976	-1	523264	556	0	0	1997
3274596	-1	-1	0	0	0	0	9
3278585	4397104	-1	471040	857	0	0	1989
3281596	-1	-1	0	0	0	0	0
3287600	2854528	-1	563412	1579	0	0	1999
3292593	-1	-1	0	0	0	0	0
3299587	6057952	-1	811008	1071	0	0	2003
3305599	-1	-1	0	0	0	0	8
3309598	7952304	-1	577536	581	0	0	2000
3315594	-1	-1	0	0	0	0	0
3320597	-1	-1	0	0	0	0	0
3326593	8009280	-1	269312	269	0	0	1002
3330588	11711616	-1	977920	668	0	0	1994
3333599	-1	-1	0	0	0	0	0
3340589	-1	-1	0	0	0	0	0
3341589	-1	-1	0	0	0	0	0
3347587	8463208	-1	1086464	1027	16384	62321	2991
3353586	-1	-1	0	0	11264	4118	0
3359587	-1	-1	0	0	12288	7790	0
3364592	-1	-1	0	0	4096	3966	7
3368584	5703520	-1	643072	902	6144	4249	1990
3373592	-1	-1	0	0	6144	4312	0
3379610	10477544	-1	835584	638	0	0	2032
3386617	-1	-1	0	0	0	0	0
3391585	7824776	-1	850944	870	0	0	1994
3395588	-1	-1	0	0	0	0	0
3402594	13129368	-1	1334272	813	0	0	1999
3407590	-1	-1	0	0	0	0	0
3412595	9382288	-1	1097728	936	0	0	2001
3414596	-1	-1	0	0	0	0	0
3420595	-1	-1	0	0	27648	47321	0
3424611	12957384	-1	1665024	1028	27648	4683	2013
3427588	21671032	-1	763904	282	11264	3344	974
3433590	-1	-1	0	0	22528	4068	0
3439590	-1	-1	0	0	47104	8023	0
3443590	-1	-1	0	0	24576	4188	0
3449590	22334688	-1	2040832	731	24576	3968	2993
3452591	-1	-1	0	0	24576	3894	0
3458589	-1	-1	0	0	24576	3897	0
3463596	5746048	-1	303104	422	55296	8283	1002
3467587	14748376	-1	1089536	591	24576	3734	1989
3473595	-1	-1	0	0	51200	5902	0
3478585	9822184	-1	734208	598	31744	4018	1999
3484584	-1	-1	0	0	25600	4089	0
3491585	-1	-1	0	0	26624	8110	0
3497584	16982776	-1	2003968	944	26624	7836	2981
3499590	-1	-1	0	0	0	0	0
3505603	-1	-1	0	0	26624	7946	0
3510594	-1	-1	0	0	14336	4022	0
3515610	21586504	-1	1138688	422	14336	4235	1021
3518593	7512568	-1	396288	422	14336	3857	979
3524608	-1	-1	0	0	14336	3996	0
3530586	-1	-1	0	0	28672	8187	0
3533610	-1	-1	0	0	14336	3907	13
3538590	1692592	-1	833180	3938	0	0	3938
3545587	4570392	-1	1267712	2219	14336	10176	2998
3546587	5974080	-1	171008	229	0	0	229
3552586	-1	-1	0	0	15360	3988	0
3558595	5519112	-1	619520	898	36864	9320	2005
3562590	-1	-1	0	0	24576	4064	0
3569591	9129016	-1	1356800	1189	40960	6822	3005
3575595	-1	-1	0	0	23552	5026	0
3580588	6543504	-1	796672	974	18432	4022	2003
3585589	-1	-1	0	0	31744	6716	0
3589596	-1	-1	0	0	16384	4003	0
3595605	-1	-1	0	0	16384	4056	12
3600587	6668536	-1	1259520	1511	16384	3957	2981
3603589	-1	-1	0	0	16384	3984	0
3607586	-1	-1	0	0	16384	4003	0
3613587	-1	-1	0	0	32768	8008	0
3620591	6656000	-1	665600	800	16384	3996	2000
3621586	-1	-1	0	0	16384	4149	0
3627584	-1	-1	0	0	16384	3846	0
3633608	-1	-1	0	0	34816	8077	11
3638598	5591968	-1	1358848	1944	17408	3945	3990
3643591	-1	-1	0	0	17408	4160	0
3649599	-1	-1	0	0	34816	7967	0
3655589	-1	-1	0	0	17408	3851	0
3662588	2483792	-1	903168	2909	34816	8250	4988
3667588	-1	-1	0	0	17408	3766	0
3672588	-1	-1	0	0	18432	4148	0
3675616	2548224	-1	290816	913	18432	3850	1028
3679608	8374472	-1	892928	853	18432	3994	1987
3686587	-1	-1	0	0	36864	8106	0
3692587	-1	-1	0	0	18432	4433	0
3699591	-1	-1	0	0	36864	7466	0
3705599	4150696	-1	699392	1348	36864	7988	3000
3711593	-1	-1	0	0	19456	4070	0
3716587	-1	-1	0	0	19456	4294	0
3719599	-1	-1	0	0	19456	3791	0
3725595	5976176	-1	1121280	1501	19456	4024	-1
3730588	-1	-1	0	0	0	0	-1
3737596	3893992	-1	462412	950	0	0	-1
3743591	6948880	-1	2648392	3049	0	0	-1
3749586	-1	-1	0	0	0	0	-1
3755586	-1	-1	0	0	0	0	-1
3759585	-1	-1	0	0	0	0	-1
3771714	1144384	-1	310272	2169	0	0	-1
3779546	12360712	51880	1827840	1183	259072	39946	23166
3785547	-1	-1	0	0	106496	5947	0
3791545	-1	-1	0	0	100352	5957	0
3797544	5586704	-1	1460224	2091	104448	4270	2095
3803597	-1	-1	0	0	130048	7817	0
3806588	-1	-1	0	0	40960	1970	0
3811605	-1	-1	0	0	28672	6080	8
3816585	2058712	-1	1131520	4397	13312	3944	4978
3820592	-1	-1	84992	49	13312	4230	49
3826583	2794760	-1	863232	2471	13312	4161	3006
3832588	-1	-1	0	0	26624	7756	0
3839591	-1	-1	0	0	13312	3813	0
3845602	-1	-1	0	0	14336	4801	8
3851589	-1	-1	0	0	0	0	0
3857591	-1	-1	0	0	28672	6908	0
3860604	-1	-1	0	0	14336	4018	11
3865593	1530040	-1	772096	4037	14336	4261	4988
3871586	2945080	-1	656384	1783	14336	4402	2007
3877595	2546440	-1	636928	2001	28672	7265	2996
3884600	-1	-1	0	0	14336	3994	0
3888584	-1	-1	0	0	30720	8208	0
3893602	-1	-1	0	0	14336	4101	0
3899596	1262712	-1	745472	4723	21504	7789	5011
3905606	5499432	-1	443392	645	15360	5897	1001
3909597	1347952	-1	542720	3221	20480	2045	3221
3912594	4388160	-1	392192	715	0	0	715
3917597	-1	-1	0	0	0	0	0
3921630	-1	-1	0	0	0	0	30
3926587	3292768	-1	1055744	2565	0	0	3965
3933601	-1	-1	0	0	0	0	0
3938588	8990576	-1	1740800	1549	16384	30536	1993
3944592	-1	-1	0	0	10240	3889	0
3950587	-1	-1	0	0	10240	4097	0
3956587	-1	-1	0	0	0	0	0
3963590	3688096	-1	1111040	2410	0	0	3000
3967594	-1	-1	0	0	0	0	0
3972584	-1	-1	0	0	0	0	0
3978603	-1	-1	0	0	0	0	8
3983598	3853672	-1	1317956	2736	0	0	2988
3990587	-1	-1	0	0	0	0	0
3996587	-1	-1	0	0	0	0	0
4001524	-1	-1	57344	623	0	0	629
