12833	3766072	-1	4692992	9969	0	0	10001
21856	2926248	-1	3222528	8810	0	0	9023
30852	3655408	-1	1002496	2194	0	0	2194
36832	-1	-1	0	0	0	0	0
43845	5588064	-1	1595392	2284	0	0	2284
50851	-1	-1	0	0	0	0	0
59847	4670736	-1	1181696	2024	0	0	2024
68837	-1	-1	0	0	0	0	0
78848	6360328	-1	1031168	1297	0	0	1297
81846	-1	-1	0	0	0	0	0
90849	-1	-1	0	0	0	0	0
93856	-1	-1	0	0	0	0	0
102845	4868440	-1	596992	981	0	0	981
109856	4423264	-1	657408	1189	0	0	1189
113834	-1	-1	0	0	0	0	0
122846	-1	-1	0	0	0	0	0
131840	4981168	-1	757760	1217	0	0	1217
140832	-1	-1	0	0	0	0	0
150851	4757976	-1	706560	1188	0	0	1188
157865	-1	-1	0	0	0	0	0
164846	4922048	-1	588800	957	0	0	957
168833	-1	-1	0	0	0	0	0
177864	4662776	-1	408576	701	0	0	701
182848	-1	-1	0	0	0	0	0
190856	5051520	-1	812032	1286	0	0	1286
198848	-1	-1	0	0	0	0	0
207837	5003896	-1	612352	979	0	0	979
216831	-1	-1	0	0	0	0	0
224860	5097512	-1	435200	683	0	0	694
233854	7792112	-1	698368	717	0	0	717
242850	3963360	-1	969536	1957	0	0	1957
252860	-1	-1	0	0	0	0	0
260868	4454280	-1	471040	846	0	0	846
268840	-1	-1	0	0	0	0	0
276833	4718096	-1	392192	665	0	0	665
283833	-1	-1	0	0	0	0	0
287846	5347424	-1	592896	887	0	0	887
296841	-1	-1	0	0	0	0	0
304867	3858848	-1	674816	1399	0	0	1399
306850	-1	-1	0	0	0	0	0
315842	4564312	-1	668672	1172	0	0	1172
324833	-1	-1	0	0	0	0	0
330846	-1	-1	0	0	0	0	0
334855	-1	-1	0	0	0	0	0
342847	5481664	-1	1656832	2418	0	0	2418
351846	-1	-1	0	0	0	0	0
357858	3521272	-1	1038336	2359	0	0	2359
363837	-1	-1	0	0	0	0	0
371838	4776120	-1	640000	1072	0	0	1072
380860	-1	-1	0	0	0	0	0
388833	5509920	-1	580608	843	0	0	843
392839	-1	-1	0	0	0	0	0
401856	6133872	-1	1550336	2022	0	0	2022
411845	-1	-1	0	0	0	0	0
419836	4863128	-1	535552	881	0	0	881
427847	-1	-1	0	0	0	0	0
437862	4086464	-1	1096704	2147	0	0	2180
446849	-1	-1	0	0	0	0	0
455841	3840000	-1	737280	1536	0	0	1536
462855	-1	-1	0	0	0	0	0
472861	3814184	-1	803840	1686	0	0	1686
481860	-1	-1	0	0	0	0	0
490851	5947616	-1	651264	876	0	0	876
497860	-1	-1	0	0	0	0	0
506857	5742176	-1	907264	1264	0	0	1264
509853	-1	-1	0	0	0	0	0
517860	5176576	-1	831488	1285	0	0	1285
524867	-1	-1	0	0	0	0	0
534847	7400504	-1	957440	1035	0	0	1035
542860	-1	-1	0	0	0	0	0
549855	5578688	-1	843776	1210	0	0	1210
556866	-1	-1	0	0	0	0	0
565858	4267464	-1	458752	860	0	0	901
574848	5451752	-1	582656	855	0	0	855
583840	-1	-1	0	0	0	0	0
589856	-1	-1	0	0	0	0	0
596868	6550896	-1	993280	1213	0	0	-1
606847	-1	-1	0	0	0	0	-1
614850	4015176	-1	1907712	3801	0	0	-1
623840	5423000	-1	1207296	1781	0	0	-1
632838	4140128	-1	528384	1021	0	0	-1
642848	-1	-1	0	0	0	0	-1
653084	2970784	-1	1803264	4856	0	0	28720
662079	-1	-1	0	0	0	0	0
671074	5691144	-1	1792000	2519	0	0	2519
673087	-1	-1	0	0	0	0	0
682081	-1	-1	0	0	0	0	0
691076	6534384	-1	835584	1023	0	0	1023
700066	-1	-1	0	0	0	0	0
706080	-1	-1	0	0	0	0	0
715072	4822992	-1	139264	231	0	0	252
720069	7611344	-1	1489920	1566	0	0	1566
729090	-1	-1	0	0	0	0	0
738087	6351504	-1	1081344	1362	0	0	1362
747076	-1	-1	0	0	0	0	0
754086	6030360	-1	1222656	1622	0	0	1622
763082	-1	-1	0	0	0	0	0
772094	6101624	-1	774144	1015	0	0	1015
781087	-1	-1	0	0	0	0	0
791071	-1	-1	0	0	0	0	0
800060	6394000	-1	648192	811	0	0	858
805084	9154144	-1	340992	298	0	0	298
814077	-1	-1	0	0	0	0	0
824069	5942088	-1	632832	852	0	0	852
829065	-1	-1	0	0	0	0	0
838090	4548072	-1	486644	856	0	0	856
847079	-1	-1	0	0	0	0	0
856061	3359584	-1	640000	1524	0	0	1524
859071	-1	-1	0	0	0	0	0
868100	5297976	-1	819200	1237	0	0	1237
875077	-1	-1	0	0	0	0	0
883068	-1	-1	0	0	0	0	0
887069	-1	-1	0	0	0	0	0
894081	7414656	-1	1777664	1918	0	0	1918
901088	-1	-1	0	0	0	0	0
909066	-1	-1	0	0	0	0	0
913096	-1	-1	0	0	0	0	0
919077	6318776	-1	1443840	1828	0	0	1828
928060	-1	-1	0	0	0	0	0
937088	5679368	-1	560128	789	0	0	789
946084	-1	-1	0	0	0	0	0
956097	5759856	-1	625664	869	0	0	869
961095	-1	-1	0	0	0	0	0
971069	7032848	-1	739328	841	0	0	841
977064	-1	-1	0	0	0	0	0
985087	-1	-1	0	0	0	0	0
995078	-1	-1	0	0	0	0	0
1001094	7258816	-1	1115136	1229	0	0	1229
1008101	-1	-1	0	0	0	0	0
1015077	7495512	-1	694272	741	0	0	741
1023076	-1	-1	0	0	0	0	0
1031072	7249560	-1	921600	1017	0	0	1017
1035068	-1	-1	0	0	0	0	0
1044061	4499760	-1	867328	1542	0	0	1542
1053086	-1	-1	0	0	0	0	0
1061064	8513256	-1	705536	663	0	0	663
1070083	-1	-1	0	0	0	0	0
1079079	7841720	-1	710656	725	0	0	725
1084095	-1	-1	0	0	0	0	0
1093085	2066552	-1	770048	2981	0	0	2981
1100100	-1	-1	0	0	0	0	0
1110086	9819104	-1	889856	725	0	0	725
1118082	-1	-1	0	0	0	0	0
1128065	-1	-1	0	0	0	0	0
1134088	-1	-1	0	0	0	0	0
1142081	8403000	-1	1631232	1553	0	0	1553
1150089	-1	-1	0	0	0	0	0
1159068	6822056	-1	504832	592	0	0	592
1169087	-1	-1	0	0	0	0	0
1176066	5535968	-1	734208	1061	0	0	1061
1184065	-1	-1	0	0	0	0	0
1192092	7133168	-1	524288	588	0	0	588
1195073	-1	-1	0	0	0	0	0
1204067	-1	-1	0	0	0	0	0
1209061	-1	-1	0	0	0	0	70
1214076	6193168	-1	1105480	1428	0	0	1428
1224094	-1	-1	0	0	0	0	0
1232093	-1	-1	0	0	0	0	0
1237090	-1	-1	0	0	0	0	0
1244063	7044432	-1	1043456	1185	0	0	1185
1251079	-1	-1	0	0	0	0	0
1258084	7879856	-1	1163264	1181	0	0	1181
1267079	-1	-1	0	0	0	0	0
1274077	-1	-1	0	0	0	0	0
1283070	-1	-1	0	0	0	0	0
1290081	8814264	-1	1319936	1198	0	0	1237
1295075	-1	-1	0	0	0	0	0
1300066	6298152	-1	732160	930	0	0	930
1306079	-1	-1	0	0	0	0	0
1316093	8184896	-1	1179648	1153	0	0	1153
1322079	-1	-1	0	0	0	0	0
1332098	9108960	-1	1230848	1081	0	0	1081
1341088	-1	-1	0	0	0	0	0
1349067	-1	-1	0	0	0	0	0
1358076	9590632	-1	491520	410	0	0	442
1363072	8375224	-1	2106368	2012	0	0	2012
1371078	-1	-1	0	0	0	0	0
1380092	-1	-1	0	0	0	0	0
1389085	-1	-1	0	0	0	0	0
1395077	8909344	-1	2301952	2067	0	0	2067
1404069	-1	-1	0	0	0	0	0
1413092	6828656	-1	584704	685	0	0	685
1420094	-1	-1	0	0	0	0	0
1429086	5570808	-1	920576	1322	0	0	1322
1439075	-1	-1	0	0	0	0	0
1448099	9023344	-1	989184	877	0	0	877
1456064	7490680	-1	514048	549	0	0	549
1461094	13653336	-1	471040	276	0	0	276
1470087	-1	-1	0	0	0	0	0
1479076	-1	-1	0	0	0	0	0
1483073	-1	-1	0	0	0	0	0
1490088	9477984	-1	1977344	1669	0	0	1694
1499073	-1	-1	0	0	0	0	0
1508099	5774440	-1	384000	532	0	0	532
1516097	-1	-1	0	0	0	0	0
1525086	7368344	-1	677888	736	0	0	736
1531071	-1	-1	0	0	0	0	0
1541090	8473792	-1	862208	814	0	0	814
1547071	-1	-1	0	0	0	0	0
1555070	7492264	-1	899072	960	0	0	960
1564062	-1	-1	0	0	0	0	0
1571070	-1	-1	0	0	0	0	0
1578077	-1	-1	98304	184	0	0	208
1583073	5441944	-1	2761788	4060	0	0	4060
1591069	-1	-1	0	0	0	0	0
1601085	6776928	-1	720896	851	0	0	851
1610078	-1	-1	0	0	0	0	0
1618079	8452840	-1	2123776	2010	0	0	2010
1625063	-1	-1	0	0	0	0	0
1635069	5422480	-1	1190912	1757	0	0	1757
1644066	-1	-1	0	0	0	0	0
1653091	-1	-1	0	0	0	0	0
1662078	-1	-1	0	0	0	0	0
1668095	3732928	-1	1458176	3125	0	0	3125
1676099	-1	-1	0	0	0	0	0
1685063	4028088	-1	971776	1930	0	0	1930
1693088	-1	-1	0	0	0	0	0
1702079	3207184	-1	971776	2424	0	0	2424
1710079	-1	-1	0	0	0	0	0
1719071	4255440	-1	2295808	4316	0	0	4316
1728092	-1	-1	0	0	0	0	0
1736070	3097400	-1	1545216	3991	0	0	3991
1746083	-1	-1	0	0	0	0	0
1755077	-1	-1	0	0	0	0	0
1764064	-1	-1	40960	185	0	0	192
1769098	4625840	-1	1443840	2497	0	0	2497
1778085	-1	-1	0	0	0	0	0
1786080	4091360	-1	451584	883	0	0	883
1795072	-1	-1	0	0	0	0	0
1803070	4406528	-1	1220608	2216	0	0	2216
1812064	-1	-1	0	0	0	0	0
1820070	-1	-1	0	0	0	0	0
1830077	3724096	-1	1517568	3260	0	0	3260
1832092	-1	-1	8192	8	0	0	8
1840106	-1	-1	0	0	0	0	0
1850081	-1	-1	0	0	0	0	0
1857085	3942816	-1	303104	615	0	0	638
1862089	6063624	-1	3302400	4357	0	0	4357
1870084	-1	-1	0	0	0	0	0
1880093	5729536	-1	1086464	1517	0	0	1517
1889085	-1	-1	0	0	0	0	0
1895071	5091584	-1	1330176	2090	0	0	2090
1905089	-1	-1	0	0	0	0	0
1914080	5579440	-1	1209344	1734	0	0	1734
1922076	-1	-1	0	0	0	0	0
1928099	4356016	-1	729088	1339	0	0	1339
1936063	-1	-1	0	0	0	0	0
1945089	4053704	-1	588800	1162	0	0	1162
1954078	-1	-1	8192	156	0	0	161
1959075	3661928	-1	703548	1537	0	0	1660
1967073	-1	-1	0	0	0	0	0
1976100	3852520	-1	640000	1329	0	0	1329
1982078	-1	-1	0	0	0	0	0
1991071	3417344	-1	363520	851	0	0	851
1998083	-1	-1	0	0	0	0	0
2005090	4252272	-1	1058816	1992	0	0	1992
2013087	-1	-1	0	0	0	0	0
2020099	-1	-1	0	0	0	0	0
2023070	-1	-1	0	0	0	0	0
2029092	4845568	-1	2095104	3459	0	0	3459
2035069	-1	-1	0	0	0	0	0
2044094	5081600	-1	813056	1280	0	0	1280
2053088	-1	-1	0	0	0	0	0
2058084	-1	-1	0	0	0	0	0
2064097	-1	-1	0	0	0	0	0
2071071	4036696	-1	1010688	2003	0	0	2003
2080101	-1	-1	0	0	0	0	0
2086079	2492648	-1	582656	1870	0	0	1870
2093090	-1	-1	0	0	0	0	0
2100068	4491328	-1	837632	1492	0	0	1492
2107073	-1	-1	0	0	0	0	0
2114088	3706968	-1	848896	1832	0	0	1832
2123078	-1	-1	0	0	0	0	0
2130077	-1	-1	0	0	0	0	0
2139070	-1	-1	0	0	0	0	84
2144099	3944200	-1	1543168	3130	0	0	3130
2153090	-1	-1	0	0	0	0	0
2159071	4178128	-1	833536	1596	0	0	1596
2169092	-1	-1	0	0	0	0	0
2177090	6476272	-1	823296	1017	0	0	1017
2187078	-1	-1	0	0	0	0	0
2195074	6293392	-1	851968	1083	0	0	1083
2203069	-1	-1	0	0	0	0	0
2209063	-1	-1	0	0	0	0	0
2214076	-1	-1	0	0	0	0	0
2223069	8324616	-1	1992704	1915	0	0	1915
2232096	-1	-1	0	0	0	0	0
2240072	6713512	-1	1539072	1834	0	0	1834
2250079	-1	-1	0	0	0	0	0
2259075	7109016	-1	941056	1059	0	0	1059
2268100	-1	-1	0	0	0	0	0
2274078	3774400	-1	775168	1643	0	0	1643
2283072	-1	-1	0	0	0	0	0
2292095	5654864	-1	997376	1411	0	0	1411
2300107	-1	-1	0	0	0	0	0
2307069	5266288	-1	1069056	1624	0	0	1624
2314081	-1	-1	0	0	0	0	0
2323070	2398456	-1	1633348	5448	0	0	5448
2332099	6451008	-1	424960	527	0	0	527
2341075	5188936	-1	1319936	2035	0	0	2035
2349085	-1	-1	0	0	0	0	0
2355069	4987856	-1	1251328	2007	0	0	2007
2361088	-1	-1	0	0	0	0	0
2367071	-1	-1	0	0	0	0	0
2373098	-1	-1	0	0	0	0	0
2380094	5030536	-1	1000448	1591	0	0	1591
2387071	-1	-1	0	0	0	0	0
2393097	3428616	-1	823296	1921	0	0	1921
2402076	-1	-1	0	0	0	0	0
2408101	3574608	-1	828416	1854	0	0	1854
2417087	-1	-1	0	0	0	0	0
2426078	5921696	-1	1282048	1732	0	0	1732
2435085	-1	-1	0	0	0	0	0
2442078	5598008	-1	1370112	1958	0	0	1958
2451071	-1	-1	0	0	0	0	0
2457100	5562472	-1	844800	1215	0	0	1215
2465086	-1	-1	0	0	0	0	0
2474083	-1	-1	0	0	0	0	0
2478082	-1	-1	0	0	0	0	0
2487076	6466648	-1	1446912	1790	0	0	1790
2495069	-1	-1	0	0	0	0	0
2505095	5781376	-1	1726464	2389	0	0	2389
2514087	-1	-1	0	0	0	0	0
2523078	5642384	-1	1287168	1825	0	0	1825
2532066	-1	-1	0	0	0	0	0
2541095	6138296	-1	2203648	2872	0	0	2872
2549087	-1	-1	0	0	0	0	0
2557086	-1	-1	0	0	0	0	0
2566079	-1	-1	0	0	0	0	0
2572071	9744896	-1	3617792	2970	0	0	2970
2580068	-1	-1	0	0	0	0	0
2589088	-1	-1	0	0	0	0	0
2596105	-1	-1	0	0	0	0	0
2604062	6394104	-1	2742272	3431	0	0	3431
2614086	-1	-1	0	0	0	0	0
2623081	6584096	-1	972800	1182	0	0	1182
2632092	-1	-1	0	0	0	0	0
2637090	3340424	-1	645120	1545	0	0	1545
2646077	-1	-1	0	0	0	0	0
2656104	-1	-1	0	0	0	0	0
2662080	-1	-1	0	0	0	0	0
2668093	9548880	-1	1542144	1292	0	0	1292
2677087	-1	-1	0	0	0	0	0
2686078	5694664	-1	442048	621	0	0	621
2696092	-1	-1	0	0	0	0	0
2703079	3894656	-1	663552	1363	0	0	1363
2712096	-1	-1	0	0	0	0	0
2719071	6858952	-1	616448	719	0	0	719
2726080	-1	-1	0	0	0	0	0
2736075	7384520	-1	580608	629	0	0	629
2745085	-1	-1	0	0	0	0	0
2753096	6629864	-1	551936	666	0	0	666
2759069	5748768	-1	614400	855	0	0	860
2763072	4881480	-1	652288	1069	0	0	1069
2765085	-1	-1	0	0	0	0	0
2774077	-1	-1	0	0	0	0	0
2783072	-1	-1	0	0	0	0	0
2789084	7677016	-1	1648640	1718	0	0	1718
2798076	-1	-1	0	0	0	0	0
2805088	7385136	-1	1471488	1594	0	0	1594
2811073	-1	-1	0	0	0	0	0
2818079	6644560	-1	1226752	1477	0	0	1477
2824103	-1	-1	0	0	0	0	0
2832096	6411128	-1	940032	1173	0	0	-1
2841087	-1	-1	0	0	0	0	-1
2848100	6747144	-1	1534976	1820	0	0	-1
2857091	-1	-1	0	0	0	0	-1
2866081	5766144	-1	1562624	2168	0	0	-1
2872097	-1	-1	0	0	0	0	-1
2882075	-1	-1	0	0	0	0	-1
2890087	-1	-1	0	0	0	0	-1
2897091	5608104	-1	991232	1414	0	0	-1
2909308	6405512	-1	3047424	3806	0	0	-1
2916286	-1	-1	0	0	0	0	-1
2928707	4726320	-1	2188288	3704	0	0	5486
2936710	-1	-1	0	0	0	0	0
2945693	-1	-1	0	0	0	0	0
2951721	-1	-1	0	0	0	0	0
2960709	-1	-1	0	0	0	0	0
2967710	-1	-1	0	0	0	0	0
2976701	-1	-1	0	0	0	0	0
2983712	5456536	-1	776192	1138	0	0	1138
2993703	-1	-1	0	0	0	0	0
3002696	7168000	-1	673792	752	0	0	752
3006693	-1	-1	0	0	0	0	0
3015719	6593160	-1	409600	497	0	0	506
3023710	-1	-1	0	0	0	0	0
3031722	7830000	-1	598016	611	0	0	611
3040683	-1	-1	0	0	0	0	0
3048704	9564448	-1	1605632	1343	0	0	1343
3057702	-1	-1	0	0	0	0	0
3064710	7983120	-1	3404800	3412	0	0	3412
3073701	-1	-1	0	0	0	0	0
3081702	-1	-1	0	0	0	0	0
3086690	-1	-1	0	0	0	0	0
3092705	5368736	-1	3641344	5426	0	0	5426
3098684	4283336	-1	433152	809	0	0	809
3107713	-1	-1	0	0	0	0	0
3116706	-1	-1	0	0	0	0	0
3125692	7392376	-1	1336172	1446	0	0	1525
3134691	-1	-1	0	0	0	0	0
3139688	4308816	-1	1513472	2810	0	0	2812
3149697	-1	-1	0	0	0	0	0
3159715	8774592	-1	2267136	2067	0	0	2067
3166694	-1	-1	0	0	0	0	0
3176702	-1	-1	0	0	0	0	0
3183720	-1	-1	0	0	0	0	0
3192708	5200336	-1	1176576	1810	0	0	1810
3194689	4272216	-1	1017856	1906	0	0	1906
3197705	5173896	-1	172032	266	0	0	266
3205702	-1	-1	0	0	0	0	0
3213695	5288872	-1	1130496	1710	0	0	1710
3217706	-1	-1	0	0	0	0	0
3226685	4833808	-1	1398784	2315	0	0	2315
3234692	-1	-1	0	0	0	0	0
3243694	4805880	-1	693248	1154	0	0	1154
3251709	-1	-1	0	0	0	0	0
3259692	5747616	-1	1069056	1488	0	0	1488
3267712	-1	-1	0	0	0	0	0
3274691	-1	-1	0	0	0	0	0
3278688	-1	-1	0	0	0	0	0
3287720	5985336	-1	1255424	1678	0	0	1678
3294697	-1	-1	0	0	0	0	0
3303723	-1	-1	0	0	0	0	0
3305705	-1	-1	0	0	0	0	0
3314691	6467856	-1	710656	879	0	0	879
3318693	-1	-1	0	0	0	0	0
3327687	4912016	-1	631808	1029	0	0	1029
3332700	-1	-1	0	0	0	0	0
3340705	-1	-1	0	0	0	0	0
3344708	-1	-1	0	0	0	0	0
3351719	6249472	-1	1380352	1767	0	0	1767
3360700	-1	-1	0	0	0	0	0
3369705	6026440	-1	997376	1324	0	0	1324
3379713	-1	-1	0	0	0	0	0
3387723	-1	-1	0	0	0	0	0
3393693	-1	-1	0	0	0	0	0
3402691	5764264	-1	1383424	1920	0	0	1920
3407710	-1	-1	0	0	0	0	0
3414685	-1	-1	0	0	0	0	0
3421694	4813960	-1	954368	1586	0	0	1586
3424705	-1	-1	0	0	0	0	0
3433697	4643056	-1	856064	1475	0	0	1475
3437696	3383176	-1	631808	1494	0	0	1494
3446692	-1	-1	0	0	0	0	0
3453702	4192616	-1	733184	1399	0	0	1399
3459710	-1	-1	0	0	0	0	0
3469693	4338328	-1	1127424	2079	0	0	2079
3478694	-1	-1	0	0	0	0	0
3487710	-1	-1	0	0	0	0	0
3495712	3687520	-1	1076296	2335	0	0	2335
3498684	4934648	-1	415744	674	0	0	674
3507710	3172184	-1	385024	971	0	0	1001
3511723	5185080	-1	499712	771	0	0	771
3518685	-1	-1	0	0	0	0	0
3524712	-1	-1	0	0	0	0	0
3529693	-1	-1	122880	317	0	0	348
3534689	3306832	-1	1059840	2564	0	0	2564
3543711	-1	-1	0	0	0	0	0
3552705	5285576	-1	1262592	1911	0	0	1911
3559710	4237896	-1	229376	433	0	0	443
3564700	3472352	-1	672768	1550	0	0	1550
3573694	-1	-1	0	0	0	0	0
3583712	3838144	-1	396288	826	0	0	826
3593698	-1	-1	0	0	0	0	97
3598687	2668520	-1	747520	2241	0	0	2241
3604710	-1	-1	0	0	0	0	0
3613692	4523296	-1	1295360	2291	0	0	2291
3622685	-1	-1	0	0	0	0	0
3631710	-1	-1	0	0	0	0	0
3639718	-1	-1	0	0	0	0	0
3646689	3526952	-1	1282048	2908	0	0	2908
3651710	-1	-1	0	0	0	0	0
3657705	3353728	-1	1080320	2577	0	0	2577
3665700	-1	-1	0	0	0	0	0
3674690	4324944	-1	976896	1807	0	0	1807
3680702	-1	-1	0	0	0	0	0
3689695	3659904	-1	898048	1963	0	0	1963
3698689	-1	-1	0	0	0	0	0
3706685	3438552	-1	674816	1570	0	0	1570
3711711	-1	-1	0	0	0	0	0
3720707	3360608	-1	837632	1994	0	0	1994
3727715	-1	-1	0	0	0	0	0
3736703	3799192	-1	753664	1587	0	0	1587
3745697	-1	-1	0	0	0	0	0
3752700	3028616	-1	652288	1723	0	0	1723
3757694	-1	-1	0	0	0	0	0
3766687	-1	-1	0	0	0	0	0
3774712	-1	-1	0	0	0	0	13
3779710	6025520	-1	1184768	1573	0	0	1672
3789695	-1	-1	0	0	0	0	0
3797694	6851720	-1	1120256	1308	0	0	1308
3806689	-1	-1	0	0	0	0	0
3814695	5049320	-1	1572864	2492	0	0	2492
3823708	-1	-1	0	0	0	0	0
3831715	-1	-1	0	0	0	0	0
3836709	-1	-1	0	0	0	0	0
3842689	5298808	-1	1513472	2285	0	0	2285
3852701	4965472	-1	991232	1597	0	0	1597
3855711	-1	-1	0	0	0	0	0
3863710	-1	-1	0	0	0	0	0
3868701	2687768	-1	935680	2785	0	0	2785
3877696	-1	-1	0	0	0	0	0
3887684	4825832	-1	663552	1100	0	0	1100
3896705	4096000	-1	180224	352	0	0	355
3901696	3858552	-1	332800	690	0	0	690
3907708	-1	-1	0	0	0	0	0
3915711	3695984	-1	572416	1239	0	0	1239
3921694	-1	-1	0	0	0	0	0
3931722	6459080	-1	1007616	1248	0	0	1248
3934686	-1	-1	0	0	0	0	0
3942691	-1	-1	0	0	0	0	0
3950691	-1	-1	0	0	0	0	0
3956704	4326800	-1	1593344	2946	0	0	2946
3965695	-1	-1	0	0	0	0	0
3972705	-1	-1	0	0	0	0	0
3978684	6097416	-1	837632	1099	0	0	1099
3982697	8652224	-1	192512	178	0	0	178
3990687	-1	-1	0	0	0	0	0
3998685	6174016	-1	1632256	2115	0	0	2115
4007711	-1	-1	0	0	0	0	0
4016704	-1	-1	0	0	0	0	0
4017704	-1	-1	0	0	0	0	0
4026693	3607832	-1	1278976	2836	0	0	2836
4030692	-1	-1	0	0	0	0	0
4039716	-1	-1	0	0	0	0	0
4048712	4325888	-1	896000	1657	0	0	1657
4051710	-1	-1	0	0	0	0	0
4059721	-1	-1	0	0	0	0	0
4064710	3773768	-1	581632	1233	0	0	1233
4071711	-1	-1	0	0	0	0	0
4079721	2371064	-1	841728	2840	0	0	2840
4087711	-1	-1	0	0	0	0	0
4095722	3100064	-1	664576	1715	0	0	1715
4102685	-1	-1	0	0	0	0	0
4111710	4502000	-1	1345536	2391	0	0	2391
4118687	-1	-1	0	0	0	0	0
4124701	4857328	-1	1375232	2265	0	0	2265
4132709	-1	-1	0	0	0	0	0
4138686	5174176	-1	1002496	1550	0	0	1550
4147689	-1	-1	0	0	0	0	0
4157700	5310072	-1	683008	1029	0	0	1029
4164703	-1	-1	0	0	0	0	0
4169692	4697120	-1	860160	1465	0	0	1465
4178691	-1	-1	0	0	0	0	0
4188702	4415368	-1	729088	1321	0	0	1321
4197693	-1	-1	0	0	0	0	0
4206685	-1	-1	0	0	0	0	0
4214685	-1	-1	65536	201	0	0	253
4219688	3718576	-1	1764000	3795	0	0	3795
4227684	-1	-1	0	0	0	0	0
4235713	-1	-1	0	0	0	0	0
4244701	4248464	-1	1269760	2391	0	0	2391
4246688	-1	-1	0	0	0	0	0
4254691	-1	-1	0	0	0	0	0
4263719	-1	-1	0	0	0	0	0
4270684	-1	-1	0	0	0	0	0
4278690	2847384	-1	1640448	4609	0	0	4609
4285693	-1	-1	0	0	0	0	0
4294696	2204512	-1	677888	2460	0	0	2460
4304708	-1	-1	0	0	0	0	0
4313695	3220840	-1	506880	1259	0	0	1259
4320711	-1	-1	0	0	0	0	0
4330686	4795752	-1	1101824	1838	0	0	1838
4340713	-1	-1	0	0	0	0	0
4349702	3476208	-1	528384	1216	0	0	1216
4358691	-1	-1	0	0	0	0	0
4367687	2753480	-1	535552	1556	0	0	1556
4375713	-1	-1	0	0	0	0	0
4380708	4257184	-1	919552	1728	0	0	1728
4386685	-1	-1	0	0	0	0	0
4392704	-1	-1	0	0	0	0	0
4397693	-1	-1	0	0	0	0	0
4405694	3873424	-1	1790976	3699	0	0	3699
4413704	-1	-1	0	0	0	0	106
4418686	3743384	-1	1076224	2300	0	0	2300
4426694	-1	-1	0	0	0	0	0
4434688	4767688	-1	1112064	1866	0	0	1866
4440707	-1	-1	0	0	0	0	0
4448706	6025032	-1	1452032	1928	0	0	1928
4457697	-1	-1	0	0	0	0	0
4465696	-1	-1	0	0	0	0	0
4472704	-1	-1	0	0	0	0	0
4479715	4301672	-1	2409472	4481	0	0	4481
4488706	-1	-1	0	0	0	0	0
4497700	6285896	-1	2721792	3464	0	0	3464
4506692	-1	-1	0	0	0	0	0
4514685	5118720	-1	2050048	3204	0	0	3204
4521694	-1	-1	0	0	0	0	0
4531709	5904192	-1	1096704	1486	0	0	1486
4537701	-1	-1	0	0	0	0	0
4546696	-1	-1	0	0	0	0	0
4548705	-1	-1	0	0	0	0	0
4557701	6846640	-1	2339840	2734	0	0	2734
4565698	-1	-1	0	0	0	0	0
4575691	7154040	-1	1115136	1247	0	0	1247
4581698	-1	-1	0	0	0	0	0
4591712	-1	-1	0	0	0	0	0
4594692	-1	-1	0	0	0	0	0
4603712	4307192	-1	1272236	2363	0	0	2363
4609693	-1	-1	0	0	0	0	0
4617703	-1	-1	0	0	0	0	0
4626695	5671880	-1	901120	1271	0	0	1314
4630690	5830648	-1	1600512	2196	0	0	2196
4639715	-1	-1	0	0	0	0	0
4646684	5299672	-1	2159616	3260	0	0	3260
4656706	-1	-1	0	0	0	0	0
4665703	5033032	-1	1933312	3073	0	0	3073
4674693	-1	-1	0	0	0	0	0
4683689	-1	-1	0	0	0	0	0
4687719	-1	-1	0	0	0	0	0
4695712	6030056	-1	3170304	4206	0	0	4206
4704706	-1	-1	0	0	0	0	0
4713698	5716232	-1	1997824	2796	0	0	2796
4722691	-1	-1	0	0	0	0	0
4731712	6069496	-1	855040	1127	0	0	1127
4741692	-1	-1	0	0	0	0	0
4747714	6435232	-1	1402880	1744	0	0	1744
4757693	-1	-1	0	0	0	0	0
4766689	5923448	-1	914432	1235	0	0	1235
4775710	-1	-1	0	0	0	0	0
4783709	6233584	-1	1033216	1326	0	0	1326
4789700	-1	-1	0	0	0	0	0
4797693	7945392	-1	1055744	1063	0	0	1063
4806684	-1	-1	0	0	0	0	0
4812702	6942072	-1	790528	911	0	0	911
4821695	-1	-1	0	0	0	0	0
4828706	6722408	-1	2299904	2737	0	0	2737
4837699	-1	-1	0	0	0	0	0
4844707	5358048	-1	1575936	2353	0	0	2353
4852704	-1	-1	0	0	0	0	0
4879492	-1	-1	0	0	0	0	4534
4885471	579896	-1	307200	4238	0	0	4238
4894502	3242216	-1	1843200	4548	0	0	4548
4901476	2603808	-1	2305024	7082	0	0	7082
4909470	-1	-1	0	0	0	0	0
4917469	-1	-1	0	0	0	0	0
4925476	-1	-1	0	0	0	0	0
4932480	-1	-1	0	0	0	0	0
4942492	-1	-1	0	0	0	0	0
4946492	-1	-1	0	0	0	0	0
4952476	-1	-1	0	0	0	0	0
4960476	-1	-1	0	0	0	0	0
4969472	-1	-1	0	0	0	0	0
4979486	6676160	-1	1907712	2286	0	0	2286
4986492	-1	-1	0	0	0	0	0
4995488	3379880	-1	637952	1510	0	0	1510
5005477	-1	-1	0	0	0	0	0
5013476	4655856	-1	1239040	2129	0	0	2334
5022465	-1	-1	0	0	0	0	0
5031490	3548800	-1	1135616	2560	0	0	2560
5040483	-1	-1	0	0	0	0	0
5048480	3156120	-1	315612	800	0	0	958
5057473	3982336	-1	484352	973	0	0	973
5063488	4427200	-1	1622016	2931	0	0	2931
5069472	-1	-1	0	0	0	0	0
5079489	5032296	-1	1108992	1763	0	0	1763
5084479	-1	-1	0	0	0	0	0
5093468	5156352	-1	744448	1155	0	0	1155
5103487	-1	-1	0	0	0	0	0
5113468	-1	-1	0	0	0	0	0
5117476	5418248	-1	1588224	2345	0	0	2345
5120490	-1	-1	0	0	0	0	0
5129468	4838384	-1	864256	1429	0	0	1429
5131485	-1	-1	0	0	0	0	0
5140477	-1	-1	0	0	0	0	0
5149471	5108992	-1	1128448	1767	0	0	1767
5158471	-1	-1	0	0	0	0	0
5166465	4074752	-1	785408	1542	0	0	1542
5175490	-1	-1	49152	354	0	0	385
5180480	4952456	-1	979968	1583	0	0	1583
5189470	-1	-1	0	0	0	0	0
5197479	5379168	-1	1631232	2426	0	0	2426
5207488	-1	-1	0	0	0	0	0
5216480	-1	-1	0	0	0	0	0
5219494	-1	-1	0	0	0	0	0
5228479	5149688	-1	2109440	3277	0	0	3277
5234500	-1	-1	0	0	0	0	0
5240476	3812296	-1	2153472	4519	0	0	4519
5248485	-1	-1	0	0	0	0	0
5257491	-1	-1	0	0	0	0	0
5266504	4015312	-1	433152	863	0	0	1026
5270466	4305008	-1	917504	1705	0	0	1705
5279495	2387072	-1	270336	906	0	0	966
5283485	2570224	-1	563200	1753	0	0	1753
5292479	-1	-1	0	0	0	0	0
5301478	1273576	-1	514048	3229	0	0	3229
5307490	-1	-1	0	0	0	0	0
5315484	1018256	-1	589824	4634	0	0	-1
5324476	2349936	-1	257024	875	0	0	-1
5331486	-1	-1	0	0	0	0	-1
5337469	-1	-1	0	0	0	0	-1
5347491	2645072	-1	2383872	7210	0	0	-1
5353469	1194120	-1	879616	5893	0	0	-1
5362464	1210336	-1	557056	3682	0	0	-1
5371485	-1	-1	0	0	0	0	-1
5384828	513024	-1	638976	9964	0	0	42084
5387842	2506840	-1	229376	732	0	0	2238
5396835	-1	-1	0	0	0	0	8993
5405858	2335072	-1	2607104	8932	0	0	9022
5414844	2467320	-1	1455104	4718	0	0	4718
5418844	-1	-1	0	0	0	0	0
5426844	-1	-1	0	0	0	0	0
5434855	2748808	-1	1447936	4214	0	0	4214
5437852	-1	-1	0	0	0	0	0
5445851	-1	-1	0	0	0	0	0
5453851	3160864	-1	1183744	2996	0	0	3129
5455837	-1	-1	118784	239	0	0	239
5464829	-1	-1	0	0	0	0	0
5474846	-1	-1	0	0	0	0	0
5481852	-1	-1	0	0	0	0	251
5486845	3032512	-1	1916928	5057	0	0	5057
5495838	-1	-1	0	0	0	0	0
5504832	-1	-1	0	0	0	0	0
5511844	-1	-1	0	0	0	0	0
5520828	2216536	-1	1111040	4010	0	0	4010
5523835	-1	-1	0	0	0	0	0
5532828	1912752	-1	405504	1696	0	0	1696
5537852	-1	-1	0	0	0	0	0
5546848	2250584	-1	676864	2406	0	0	2406
5550845	-1	-1	0	0	0	0	0
5558856	-1	-1	0	0	0	0	0
5563851	-1	-1	0	0	0	0	0
5572827	3020352	-1	1387852	3676	0	0	3862
5576828	921232	-1	704512	6118	0	0	6118
5585852	519784	-1	196608	3026	0	0	3026
5592828	-1	-1	0	0	0	0	0
5598839	2607320	-1	1883136	5778	0	0	5832
5607848	10902736	-1	560128	411	0	0	411
5615844	11548288	-1	1071104	742	0	0	742
5624837	-1	-1	0	0	0	0	0
5633828	10817960	-1	881664	652	0	0	779
5642855	-1	-1	0	0	0	0	0
5650849	10910168	-1	595968	437	0	0	443
5660840	-1	-1	0	0	0	0	0
5669866	17758800	-1	1600512	721	0	0	721
5677859	-1	-1	0	0	0	0	0
5684828	-1	-1	0	0	0	0	0
5692832	-1	-1	0	0	0	0	0
5698826	21673776	-1	1552384	573	0	0	599
5707836	13219488	-1	530432	321	0	0	350
5712832	16537840	-1	440320	213	0	0	213
5721826	-1	-1	0	0	0	0	0
5729852	6462768	-1	757760	938	0	0	938
5734847	-1	-1	0	0	0	0	0
5743841	3947640	-1	313344	635	0	0	635
5751835	-1	-1	0	0	0	0	0
5759845	4583760	-1	798720	1394	0	0	1394
5767838	-1	-1	0	0	0	0	0
5776831	3826152	-1	486400	1017	0	0	1017
5782843	-1	-1	0	0	0	0	0
5792835	5787104	-1	1158144	1601	0	0	1601
5799838	-1	-1	0	0	0	0	0
5806856	-1	-1	0	0	0	0	0
5810854	-1	-1	0	0	0	0	0
5817866	10321920	-1	1677312	1300	0	0	1300
5820828	-1	-1	0	0	0	0	0
5829856	-1	-1	0	0	0	0	0
5831838	-1	-1	0	0	0	0	0
5840828	14624304	-1	1753088	959	0	0	959
5849856	3617248	-1	139264	308	0	0	316
5854853	4271232	-1	1198080	2244	0	0	2244
5864828	-1	-1	0	0	0	0	0
5873853	7787912	-1	651264	669	0	0	669
5879849	-1	-1	0	0	0	0	0
5888842	6191016	-1	842752	1089	0	0	1089
5895836	-1	-1	0	0	0	0	0
5902846	8170384	-1	774144	758	0	0	758
5911840	-1	-1	0	0	0	0	0
5917852	4115112	-1	661504	1286	0	0	1286
5926845	-1	-1	0	0	0	0	0
5934855	-1	-1	0	0	0	0	0
5939849	8524568	-1	179016	168	0	0	579
5944830	6235480	-1	855040	1097	0	0	1097
5953856	-1	-1	0	0	0	0	0
5962849	-1	-1	0	0	0	0	0
5971842	-1	-1	0	0	0	0	0
5980836	22787608	-1	1213440	426	0	0	599
5989859	-1	-1	0	0	0	0	0
5999836	15132856	-1	520192	275	0	0	349
6006847	-1	-1	0	0	0	0	0
6014840	19518848	-1	675840	277	0	0	382
6023850	-1	-1	0	0	0	0	0
6032827	17617544	-1	570368	259	0	0	382
6040828	-1	-1	0	0	0	0	0
6049830	10867776	-1	540672	398	0	0	398
6055841	-1	-1	0	0	0	0	0
6062854	10311760	-1	478208	371	0	0	371
6070847	-1	-1	0	0	0	0	0
6077857	12513656	-1	936960	599	0	0	599
6086850	-1	-1	0	0	0	0	0
6093861	-1	-1	0	0	0	0	0
6102854	-1	-1	0	0	0	0	0
6109865	17471160	-1	1168384	535	0	0	581
6115844	-1	-1	0	0	0	0	0
6124836	-1	-1	0	0	0	0	0
6130848	12512584	-1	599040	383	0	0	383
6135845	-1	-1	0	0	0	0	0
6141857	-1	-1	0	0	0	0	0
6149833	-1	-1	0	0	0	0	0
6152831	-1	-1	0	0	0	0	0
6161840	16644440	-1	1439744	692	0	0	764
6170850	-1	-1	0	0	0	0	0
6177827	-1	-1	0	0	0	0	0
6186844	-1	-1	0	0	0	0	0
6194846	19006520	-1	1439744	606	0	0	612
6203840	-1	-1	0	0	0	0	0
6212833	-1	-1	0	0	0	0	0
6222858	-1	-1	0	0	0	0	0
6229853	15399752	-1	1041408	541	0	0	638
6238846	-1	-1	0	0	0	0	0
6248838	8973808	-1	540672	482	0	0	482
6257863	-1	-1	0	0	0	0	0
6266839	-1	-1	0	0	0	0	0
6270853	-1	-1	0	0	0	0	0
6278846	12992896	-1	698368	430	0	0	431
6286840	12206312	-1	535552	351	0	0	354
6289855	-1	-1	0	0	0	0	0
6297866	-1	-1	0	0	0	0	0
6304827	2954880	-1	393368	1065	0	0	1065
6312837	-1	-1	0	0	0	0	0
6321863	9468424	-1	508928	430	0	0	467
6328827	7410944	-1	417792	451	0	0	469
6333853	12420128	-1	336896	217	0	0	262
6341864	-1	-1	0	0	0	0	0
6349857	12333008	-1	982016	637	0	0	637
6357867	-1	-1	0	0	0	0	0
6366844	-1	-1	0	0	0	0	0
6372828	-1	-1	0	0	0	0	0
6378850	15981352	-1	2235392	1119	0	0	1119
6384829	-1	-1	0	0	0	0	0
6391840	16826448	-1	1285120	611	0	0	611
6398852	-1	-1	0	0	0	0	0
6405829	-1	-1	0	0	0	0	0
6411841	-1	-1	0	0	0	0	0
6419851	13523104	-1	1098752	650	0	0	650
6428828	-1	-1	0	0	0	0	0
6434855	-1	-1	0	0	0	0	0
6443849	14019296	-1	1189888	679	0	0	864
6448828	-1	-1	0	0	0	0	62
6453839	-1	-1	0	0	0	0	0
6462850	8314600	-1	763904	735	0	0	756
6472842	-1	-1	0	0	0	0	0
6478855	-1	-1	0	0	0	0	0
6487847	7726544	-1	849920	880	0	0	998
6491843	22470312	-1	797696	284	0	0	284
6501853	-1	-1	0	0	0	0	0
6511844	-1	-1	0	0	0	0	0
6520828	-1	-1	0	0	0	0	0
6528831	17295712	-1	1320960	611	0	0	611
6537826	-1	-1	0	0	0	0	0
6547849	9376936	-1	842752	719	0	0	719
6556841	14201536	-1	1405952	792	0	0	792
6560839	48533736	-1	321536	53	0	0	53
6569865	-1	-1	0	0	0	0	0
6578841	-1	-1	0	0	0	0	0
6587849	-1	-1	0	0	0	0	0
6596828	16244992	-1	1795072	884	0	0	947
6605853	-1	-1	0	0	0	0	0
6609866	-1	-1	0	0	0	0	0
6619841	8893336	-1	934912	841	0	0	963
6623839	-1	-1	75776	38	0	0	38
