212222	23394416	-1	4845568	1657	0	0	1906
216221	-1	-1	0	0	0	0	0
221222	13442952	-1	4296704	2557	0	0	2557
226555	30502128	-1	6451200	1692	0	0	1692
234073	14491800	-1	5262336	2905	0	0	3004
237070	12894240	-1	1698816	1054	0	0	1054
245818	26520504	-1	8658944	2612	0	0	2612
254821	-1	-1	0	0	0	0	0
262820	-1	-1	0	0	0	0	0
268818	-1	-1	0	0	0	0	0
278821	-1	-1	0	0	0	0	0
284820	-1	-1	0	0	0	0	0
293818	-1	-1	0	0	0	0	0
299820	-1	-1	0	0	0	0	0
305819	-1	-1	0	0	0	0	0
314822	-1	-1	0	0	0	0	0
319818	-1	-1	0	0	0	0	0
327822	-1	-1	0	0	0	0	0
331817	-1	-1	0	0	0	0	0
339823	-1	-1	0	0	0	0	0
346822	20249144	-1	1571840	621	0	0	621
356822	-1	-1	0	0	0	0	0
365816	17912984	-1	1307648	584	0	0	584
373825	-1	-1	0	0	0	0	0
381818	17727432	-1	1243136	561	0	0	561
390828	-1	-1	0	0	0	0	0
398833	18940224	-1	963584	407	0	0	407
405829	-1	-1	0	0	0	0	0
413841	20379512	-1	2595840	1019	0	0	1058
421821	-1	-1	0	0	0	0	0
430830	23035944	-1	2542592	883	0	0	883
438821	-1	-1	0	0	0	0	0
447821	12141648	-1	1320404	870	0	0	870
459561	26420176	-1	7599104	2301	0	0	4699
471595	20997256	-1	4343808	1655	0	0	5583
475598	-1	-1	0	0	0	0	0
481595	-1	-1	0	0	0	0	0
490592	22145200	-1	1184768	428	0	0	428
499588	-1	-1	0	0	0	0	0
507610	28916320	-1	3090432	855	0	0	855
515591	-1	-1	0	0	0	0	0
525606	15563224	-1	1009664	519	0	0	519
534587	-1	-1	0	0	0	0	0
542591	15630976	-1	701440	359	0	0	498
550593	-1	-1	0	0	0	0	0
558592	13579160	-1	2374656	1399	0	0	1399
564593	-1	-1	0	0	0	0	0
573591	22582096	-1	1496064	530	0	0	638
578590	-1	-1	0	0	0	0	0
587589	20608000	-1	494592	192	0	0	192
593589	-1	-1	0	0	0	0	0
602588	9041400	-1	1984588	1756	0	0	1756
608591	12570216	-1	843776	537	0	0	548
613592	7259872	-1	1244160	1371	0	0	1371
622589	-1	-1	0	0	0	0	0
630588	2105776	-1	998400	3793	0	0	3793
640592	-1	-1	0	0	0	0	0
644590	4742136	-1	1273856	2149	0	0	2149
650593	-1	-1	117760	102	0	0	102
655593	3509728	-1	907264	2068	0	0	2068
664591	-1	-1	0	0	0	0	0
672590	1472328	-1	944128	5130	0	0	5238
681590	790928	-1	876544	8866	0	0	8866
688592	2171800	-1	1805312	6650	0	0	6650
697612	-1	-1	0	0	0	0	0
704592	3799536	-1	643072	1354	0	0	1354
709600	-1	-1	0	0	0	0	0
717619	7422984	-1	1166336	1257	0	0	1257
719596	-1	-1	0	0	0	0	0
728593	8030272	-1	1321984	1317	0	0	1317
737596	-1	-1	0	0	0	0	0
746590	-1	-1	0	0	0	0	0
751601	-1	-1	0	0	0	0	0
760593	6664720	-1	2739200	3288	0	0	3288
767598	-1	-1	0	0	0	0	0
775603	4532016	-1	729088	1287	0	0	1287
779601	4881216	-1	852992	1398	0	0	1398
788590	7881888	-1	2940928	2985	0	0	2985
797591	-1	-1	0	0	0	0	0
805594	4948320	-1	2600960	4205	0	0	4205
814597	3918960	-1	668672	1365	0	0	1365
824588	4750656	-1	2779136	4680	0	0	4680
832600	-1	-1	0	0	0	0	0
842599	5312128	-1	1008640	1519	0	0	1519
852597	-1	-1	0	0	0	0	0
860588	3850112	-1	1875968	3898	0	0	3898
869589	-1	-1	0	0	0	0	0
879590	7827488	-1	2924544	2989	0	0	2989
888588	-1	-1	0	0	0	0	0
895610	5789560	-1	2902016	4010	0	0	4010
904592	-1	-1	0	0	0	0	0
914589	-1	-1	0	0	0	0	0
921591	7542504	-1	368640	391	0	0	391
926592	18213280	-1	468992	206	0	0	206
935591	9563552	-1	2099200	1756	0	0	1756
937590	-1	-1	0	0	0	0	0
946589	-1	-1	0	0	0	0	0
955588	7200128	-1	1969236	2188	0	0	2188
965589	-1	-1	0	0	0	0	0
974592	-1	-1	0	0	0	0	0
979591	-1	-1	0	0	0	0	0
987590	13238936	-1	1461248	883	0	0	883
997593	10816384	-1	903168	668	0	0	668
999593	-1	-1	0	0	0	0	0
1008614	-1	-1	0	0	0	0	0
1017610	7610808	-1	563200	592	0	0	635
1026617	5376992	-1	870400	1295	0	0	1295
1035591	3982352	-1	1345536	2703	0	0	2703
1043596	-1	-1	0	0	0	0	0
1052587	-1	-1	0	0	0	0	0
1061605	4732440	-1	1511424	2555	0	0	2555
1068590	-1	-1	0	0	0	0	0
1075591	4532400	-1	303104	535	0	0	873
1080588	3936672	-1	607232	1234	0	0	1234
1088590	4360960	-1	514048	943	0	0	1232
1092602	3499832	-1	417792	955	0	0	955
1101589	-1	-1	0	0	0	0	0
1110591	3801984	-1	1251328	2633	0	0	2633
1119590	-1	-1	0	0	0	0	0
1128602	6034744	-1	1993728	2643	0	0	2643
1137589	7835104	-1	966656	987	0	0	1154
1141618	6700560	-1	943104	1126	0	0	1126
1150592	-1	-1	0	0	0	0	0
1159589	3728512	-1	2207744	4737	0	0	4737
1168588	-1	-1	0	0	0	0	0
1177588	9327232	-1	2919424	2504	0	0	2504
1186601	-1	-1	0	0	0	0	0
1190589	-1	-1	0	0	0	0	8
1198592	10876104	-1	1116160	821	0	0	821
1203594	9604792	-1	1796096	1496	0	0	1496
1212591	-1	-1	0	0	0	0	0
1221589	4798032	-1	1501184	2503	0	0	2503
1230591	-1	-1	0	0	0	0	0
1240612	-1	-1	0	0	0	0	0
1248606	-1	-1	0	0	0	0	0
1255590	9897200	-1	1729536	1398	0	0	1398
1265593	-1	-1	0	0	0	0	0
1274592	10373352	-1	1334272	1029	0	0	1029
1282590	-1	-1	0	0	0	0	0
1292591	4534032	-1	906240	1599	0	0	1599
1302591	-1	-1	0	0	0	0	0
1308594	-1	-1	0	0	0	0	0
1316596	6601680	-1	731136	886	0	0	886
1322594	7958312	-1	627712	631	0	0	-1
1330595	-1	-1	0	0	0	0	-1
1339593	3251400	-1	262144	645	0	0	-1
1342589	-1	-1	0	0	0	0	-1
1350598	-1	-1	0	0	0	0	-1
1356595	621048	-1	757760	9761	0	0	-1
1364591	662432	-1	687104	8298	0	0	-1
1372593	-1	-1	0	0	0	0	-1
1379591	708152	-1	450560	5090	0	0	-1
1402405	1082648	-1	1644544	12152	0	0	42399
1414381	8644040	-1	1762304	1631	0	0	7960
1423384	-1	-1	0	0	0	0	0
1429377	6084552	-1	759808	999	0	0	999
1438377	-1	-1	0	0	0	0	0
1448391	-1	-1	0	0	0	0	0
1451383	-1	-1	0	0	0	0	0
1459383	6178832	-1	908288	1176	0	0	1176
1463377	-1	-1	0	0	0	0	0
1472376	3579504	-1	792412	1771	0	0	1771
1482375	-1	-1	0	0	0	0	0
1489375	3050792	-1	865280	2269	0	0	2269
1498376	-1	-1	0	0	0	0	0
1506377	2768144	-1	932864	2696	0	0	2696
1514382	-1	-1	0	0	0	0	0
1519381	6081320	-1	1366016	1797	0	0	1797
1528375	-1	-1	0	0	0	0	928
1532381	4412128	-1	1657856	3006	0	0	3006
1541378	-1	-1	0	0	0	0	0
1550375	3572832	-1	1433600	3210	0	0	3210
1559374	-1	-1	0	0	0	0	0
1568374	2105584	-1	1394688	5299	0	0	5299
1574382	3597840	-1	199680	444	0	0	444
1580378	4098128	-1	1970176	3846	0	0	3846
1586376	-1	-1	0	0	0	0	0
1595395	-1	-1	0	0	0	0	0
1603374	-1	-1	0	0	0	0	0
1612380	4195984	-1	2642944	5039	0	0	5039
1621378	-1	-1	0	0	0	0	0
1629376	6019336	-1	1038336	1380	0	0	1380
1638378	-1	-1	0	0	0	0	0
1644381	4948016	-1	1204224	1947	0	0	1947
1654381	-1	-1	0	0	0	0	0
1663377	3228536	-1	1301504	3225	0	0	3225
1672380	-1	-1	0	0	0	0	0
1681379	-1	-1	0	0	0	0	0
1685381	-1	-1	0	0	0	0	0
1692382	3771272	-1	1230848	2611	0	0	2611
1701375	3831336	-1	155648	325	0	0	328
1706375	3336784	-1	729088	1748	0	0	1748
1715380	-1	-1	0	0	0	0	0
1723375	6652616	-1	880640	1059	0	0	1059
1731375	-1	-1	0	0	0	0	0
1737376	-1	-1	0	0	0	0	0
1745382	2636200	-1	819200	2486	0	0	2683
1748380	1609544	-1	514048	2555	0	0	2555
1757379	-1	-1	0	0	0	0	0
1767374	4302600	-1	1162240	2161	0	0	2161
1775380	-1	-1	0	0	0	0	0
1783379	4482824	-1	634880	1133	0	0	1133
1793378	-1	-1	0	0	0	0	0
1803380	3734144	-1	628736	1347	0	0	1347
1805380	-1	-1	0	0	0	0	0
1814381	6262856	-1	701440	896	0	0	896
1822380	-1	-1	0	0	0	0	0
1830374	8563016	-1	1139952	1065	0	0	1065
1840374	-1	-1	0	0	0	0	0
1849374	2444248	-1	993280	3251	0	0	3251
1855380	-1	-1	0	0	0	0	0
1861381	-1	-1	0	0	0	0	0
1866380	-1	-1	0	0	0	0	0
1875378	3079176	-1	1043456	2711	0	0	2711
1883376	-1	-1	0	0	0	0	0
1889374	1507448	-1	1013760	5380	0	0	5380
1894378	-1	-1	75776	507	0	0	507
1902379	3741816	-1	1130496	2417	0	0	2417
1910378	-1	-1	0	0	0	0	0
1919382	-1	-1	0	0	0	0	0
1927377	-1	-1	0	0	0	0	0
1934381	7634720	-1	1122304	1176	0	0	1293
1939376	-1	-1	0	0	0	0	0
1949378	7866352	-1	791552	805	0	0	805
1951381	-1	-1	0	0	0	0	0
1960380	9027696	-1	840704	745	0	0	745
1969378	-1	-1	0	0	0	0	0
1979379	13526328	-1	1163264	688	0	0	688
1988381	-1	-1	0	0	0	0	0
1996381	-1	-1	0	0	0	0	0
2005381	12675120	-1	1039360	656	0	0	656
2008374	-1	-1	0	0	0	0	0
2018381	-1	-1	0	0	0	0	0
2024379	7729952	-1	633856	656	0	0	656
2033374	10694456	-1	463872	347	0	0	519
2038376	10340720	-1	394240	305	0	0	305
2047383	11667016	-1	952320	653	0	0	653
2051386	-1	-1	0	0	0	0	0
2059385	-1	-1	0	0	0	0	0
2068378	8729888	-1	1445888	1325	0	0	1325
2076374	-1	-1	0	0	0	0	0
2084380	12659328	-1	1134592	717	0	0	717
2094381	4118504	-1	749568	1456	0	0	1456
2097381	-1	-1	0	0	0	0	0
2106378	-1	-1	0	0	0	0	0
2114380	14701840	-1	1100800	599	0	0	599
2123373	15380896	-1	565248	294	0	0	298
2128380	16157144	-1	656384	325	0	0	325
2138374	-1	-1	0	0	0	0	0
2147384	9203536	-1	661504	575	0	0	575
2162098	-1	-1	0	0	0	0	223
2172079	1274952	-1	1227776	7704	0	0	7704
2181086	-1	-1	0	0	0	0	0
2184076	-1	-1	0	0	0	0	0
2193096	-1	-1	0	0	0	0	0
2202076	-1	-1	0	0	0	0	0
2211076	-1	-1	0	0	0	0	0
2221079	5711480	-1	922404	1292	0	0	1292
2230076	-1	-1	0	0	0	0	0
2237080	9434816	-1	1274880	1081	0	0	1081
2246075	-1	-1	0	0	0	0	0
2256079	2235256	-1	580608	2078	0	0	2078
2265079	-1	-1	0	0	0	0	0
2274081	7022816	-1	934912	1065	0	0	1065
2282071	-1	-1	0	0	0	0	0
2290080	8337592	-1	879616	844	0	0	844
2297074	-1	-1	0	0	0	0	0
2304079	6235448	-1	750592	963	0	0	963
2311082	-1	-1	0	0	0	0	0
2320080	8095784	-1	603136	596	0	0	596
2329089	-1	-1	0	0	0	0	0
2337072	8769920	-1	621568	567	0	0	567
2344075	-1	-1	0	0	0	0	0
2350075	7631280	-1	571392	599	0	0	599
2359079	-1	-1	0	0	0	0	0
2365073	11385240	-1	781312	549	0	0	549
2374098	-1	-1	0	0	0	0	0
2380096	13657896	-1	1020928	598	0	0	598
2389081	-1	-1	0	0	0	0	0
2396073	9891584	-1	595968	482	0	0	482
2402081	-1	-1	0	0	0	0	0
2411072	10090304	-1	811008	643	0	0	643
2415075	-1	-1	0	0	0	0	0
2424096	12360424	-1	786432	509	0	0	509
2433075	-1	-1	0	0	0	0	0
2441072	7598160	-1	510976	538	0	0	538
2450073	-1	-1	0	0	0	0	0
2458076	10295152	-1	716800	557	0	0	557
2462085	-1	-1	0	0	0	0	0
2469075	-1	-1	0	0	0	0	0
2476080	12072904	-1	1350656	895	0	0	895
2480077	-1	-1	0	0	0	0	0
2488080	-1	-1	0	0	0	0	0
2497082	-1	-1	0	0	0	0	0
2506073	13725432	-1	1559552	909	0	0	909
2510076	-1	-1	0	0	0	0	0
2519076	-1	-1	0	0	0	0	0
2526076	-1	-1	0	0	0	0	0
2535074	-1	-1	0	0	0	0	0
2544078	8957112	-1	695296	621	0	0	621
2549076	-1	-1	0	0	0	0	0
2554079	-1	-1	0	0	0	0	0
2560081	-1	-1	0	0	0	0	113
2565082	12600304	-1	1074176	682	0	0	751
2574080	-1	-1	0	0	0	0	0
2583075	7775856	-1	432532	445	0	0	445
2592076	-1	-1	0	0	0	0	0
2602083	6383736	-1	1431552	1794	0	0	1794
2611082	-1	-1	0	0	0	0	0
2620076	-1	-1	0	0	0	0	0
2628077	-1	-1	0	0	0	0	0
2636079	11712312	-1	906240	619	0	0	619
2639079	-1	-1	0	0	0	0	0
2647085	-1	-1	0	0	0	0	0
2654079	10656000	-1	340992	256	0	0	2437
2657102	-1	-1	0	0	0	0	3022
2666073	1174920	-1	1298432	8841	0	0	8841
2672079	-1	-1	0	0	0	0	0
2680072	-1	-1	0	0	0	0	0
2689074	10058840	-1	1677312	1334	0	0	1334
2693072	-1	-1	0	0	0	0	0
2701072	-1	-1	0	0	0	0	0
2710072	-1	-1	0	0	0	0	0
2718072	5801200	-1	1520640	2097	0	0	2202
2727074	-1	-1	0	0	0	0	0
2734077	8178072	-1	601088	588	0	0	588
2742072	-1	-1	0	0	0	0	0
2751078	10655536	-1	735232	552	0	0	552
2761073	-1	-1	0	0	0	0	0
2770085	9369296	-1	586752	501	0	0	501
2776078	5132672	-1	570368	889	0	0	889
2780078	-1	-1	0	0	0	0	0
2788086	-1	-1	0	0	0	0	0
2797080	9782824	-1	673792	551	0	0	551
2804087	-1	-1	0	0	0	0	0
2813075	7242928	-1	445440	492	0	0	492
2823077	-1	-1	0	0	0	0	0
2830076	11306528	-1	884736	626	0	0	626
2838081	7774952	-1	534528	550	0	0	550
2842080	-1	-1	0	0	0	0	0
2851081	-1	-1	0	0	0	0	0
2857079	10411288	-1	715776	550	0	0	550
2862079	-1	-1	0	0	0	0	0
2871081	-1	-1	0	0	0	0	0
2876073	-1	-1	0	0	0	0	0
2882080	6809496	-1	812032	954	0	0	954
2887076	-1	-1	0	0	0	0	0
2896073	7349200	-1	892928	972	0	0	972
2906073	-1	-1	0	0	0	0	2774
2909074	-1	-1	0	0	0	0	3001
2917078	1053120	-1	1101824	8370	0	0	8370
2926072	-1	-1	0	0	0	0	0
2935079	-1	-1	0	0	0	0	0
2942072	7448072	-1	871424	936	0	0	936
2951079	2536320	-1	487924	1539	0	0	1710
2955075	1667128	-1	392192	1882	0	0	1882
2963072	-1	-1	0	0	0	0	0
2971079	-1	-1	0	0	0	0	0
2974076	-1	-1	0	0	0	0	0
2984090	3692928	-1	1970176	4268	0	0	4268
2994077	-1	-1	0	0	0	0	0
3001077	-1	-1	0	0	0	0	0
3008072	13959608	-1	1291264	740	0	0	896
3012074	8014464	-1	323584	323	0	0	323
3021072	-1	-1	0	0	0	0	0
3025073	-1	-1	0	0	0	0	0
3034073	-1	-1	0	0	0	0	0
3044074	9475872	-1	1488896	1257	0	0	1257
3052080	-1	-1	0	0	0	0	0
3058086	-1	-1	0	0	0	0	0
3066078	-1	-1	0	0	0	0	0
3075077	1977328	-1	1289216	5216	0	0	5216
3085083	-1	-1	0	0	0	0	0
3095086	1817656	-1	741376	3263	0	0	3263
3100074	606816	-1	210944	2781	0	0	2781
3107076	1674568	-1	654336	3126	0	0	3126
3117077	-1	-1	0	0	0	0	0
3126074	864312	-1	537600	4976	0	0	4976
3133078	-1	-1	0	0	0	0	0
3142090	1931472	-1	560128	2320	0	0	2320
3149079	-1	-1	0	0	0	0	0
3155083	3917528	-1	910336	1859	0	0	1859
3164107	-1	-1	0	0	0	0	0
3172075	5040400	-1	478208	759	0	0	759
3180081	-1	-1	0	0	0	0	0
3189079	5725024	-1	1000448	1398	0	0	1398
3194081	-1	-1	0	0	0	0	0
3202084	-1	-1	0	0	0	0	0
3210075	9290240	-1	848896	731	0	0	731
3215073	-1	-1	0	0	0	0	0
3223078	5181544	-1	657408	1015	0	0	1015
3253997	1461120	-1	307200	1682	0	0	1682
3257003	3013608	-1	1083392	2876	0	0	2876
3266002	-1	-1	0	0	0	0	0
3267996	-1	-1	0	0	0	0	0
3277003	-1	-1	0	0	0	0	0
3279001	-1	-1	0	0	0	0	0
3287998	-1	-1	0	0	0	0	0
3297002	-1	-1	0	0	0	0	0
3305994	-1	-1	0	0	0	0	0
3315004	-1	-1	0	0	0	0	0
3320005	-1	-1	0	0	0	0	0
3327999	4629400	-1	859332	1485	0	0	1572
3336996	-1	-1	0	0	0	0	0
3344002	3997608	-1	728064	1457	0	0	1457
3351995	-1	-1	0	0	0	0	0
3361003	-1	-1	0	0	0	0	0
3369995	5859216	-1	990208	1352	0	0	1352
3373007	-1	-1	0	0	0	0	0
3382013	-1	-1	0	0	0	0	0
3383996	-1	-1	0	0	0	0	0
3392997	5532512	-1	291840	422	0	0	549
3397998	10559904	-1	904192	685	0	0	685
3405998	-1	-1	0	0	0	0	0
3413995	-1	-1	0	0	0	0	0
3415995	-1	-1	0	0	0	0	0
3423994	564208	-1	368640	5227	0	0	5240
3433000	1402520	-1	495616	2827	0	0	2827
3441995	966360	-1	695296	5756	0	0	5756
3447995	-1	-1	0	0	0	0	0
3456996	-1	-1	0	0	0	0	0
3463996	-1	-1	0	0	0	0	0
3472000	4650968	-1	1149952	1978	0	0	1978
3480999	-1	-1	0	0	0	0	0
3490001	-1	-1	0	0	0	0	0
3492996	-1	-1	0	0	0	0	0
3501004	6817408	-1	1005568	1180	0	0	1180
3510001	-1	-1	0	0	0	0	0
3514001	-1	-1	0	0	0	0	0
3523000	7839656	-1	729088	744	0	0	825
3528005	18133744	-1	466944	206	0	0	266
3537001	-1	-1	0	0	0	0	0
3542999	5144688	-1	560128	871	0	0	871
3552004	-1	-1	0	0	0	0	0
3561003	8205024	-1	645120	629	0	0	629
3571002	-1	-1	0	0	0	0	0
3578997	2431840	-1	724992	2385	0	0	2385
3588003	-1	-1	0	0	0	0	0
3591002	-1	-1	0	0	0	0	0
3599997	-1	-1	0	0	0	0	0
3607996	3456760	-1	1093632	2531	0	0	2531
3613996	-1	-1	0	0	0	0	0
3622996	3501200	-1	795648	1818	0	0	1818
3632003	-1	-1	0	0	0	0	0
3640997	636952	-1	420864	5286	0	0	5390
3650994	4746160	-1	299008	504	0	0	504
3660002	-1	-1	0	0	0	0	0
3667995	1077440	-1	446464	3315	0	0	3408
3669995	1958016	-1	278528	1138	0	0	2000
3679002	1255600	-1	419840	2675	0	0	2675
3684997	-1	-1	8192	2528	0	0	4977
3701997	285800	-1	197632	5532	0	0	8995
3712007	-1	-1	0	0	0	0	10009
3714002	-1	-1	0	0	0	0	1995
3722008	386264	-1	172032	3563	0	0	8006
3730998	135672	-1	147456	8695	0	0	-1
3754995	-1	-1	16384	386	0	0	-1
