28916	3671056	-1	6895616	15027	0	0	15027
33021	-1	-1	0	0	0	0	0
42029	-1	-1	0	0	0	0	0
51018	-1	-1	0	0	0	0	0
61021	3094904	-1	1435648	3711	0	0	3711
70025	-1	-1	0	0	0	0	0
78027	4717040	-1	1691648	2869	0	0	2869
86018	-1	-1	0	0	0	0	0
92029	5471768	-1	1431552	2093	0	0	2093
102023	-1	-1	0	0	0	0	0
109021	4499152	-1	571392	1016	0	0	1016
118018	-1	-1	0	0	0	0	0
126018	5079272	-1	1356800	2137	0	0	2137
135021	-1	-1	0	0	0	0	0
144019	4149352	-1	1433600	2764	0	0	2764
151018	-1	-1	0	0	0	0	0
160018	4417184	-1	1309696	2372	0	0	2372
169027	-1	-1	0	0	0	0	0
178019	3816496	-1	769024	1612	0	0	1612
187024	-1	-1	0	0	0	0	0
196018	4430456	-1	1566720	2829	0	0	2829
206020	-1	-1	0	0	0	0	0
213017	-1	-1	0	0	0	0	0
216023	-1	-1	0	0	0	0	0
224020	4751296	-1	1614848	2719	0	0	2719
232018	-1	-1	0	0	0	0	0
240017	-1	-1	0	0	0	0	0
245026	-1	-1	0	0	0	0	0
251022	4561072	-1	1667072	2924	0	0	2924
260018	-1	-1	0	0	0	0	0
270021	5142856	-1	1152000	1792	0	0	1792
279020	-1	-1	0	0	0	0	0
288025	5146024	-1	885760	1377	0	0	1420
297018	-1	-1	0	0	0	0	0
306022	5462872	-1	1211392	1774	0	0	1774
312026	-1	-1	0	0	0	0	0
317024	4496040	-1	650240	1157	0	0	1322
324018	-1	-1	0	0	0	0	0
334018	4309512	-1	1257300	2334	0	0	2334
344020	-1	-1	0	0	0	0	0
351021	-1	-1	0	0	0	0	0
355017	-1	-1	0	0	0	0	0
362017	4710936	-1	670720	1139	0	0	1139
367017	-1	-1	0	0	0	0	0
373020	4487272	-1	927744	1654	0	0	1654
379019	-1	-1	0	0	0	0	0
386019	7004832	-1	1335296	1525	0	0	1525
391020	-1	-1	0	0	0	0	0
400021	3963592	-1	934912	1887	0	0	1887
409019	-1	-1	0	0	0	0	0
415019	5614816	-1	836608	1192	0	0	1192
422017	-1	-1	0	0	0	0	0
431020	5924376	-1	1401856	1893	0	0	1893
438020	-1	-1	0	0	0	0	0
446024	6363040	-1	1189888	1496	0	0	1496
455020	-1	-1	0	0	0	0	0
463018	4683728	-1	795648	1359	0	0	1359
472018	-1	-1	0	0	0	0	0
479019	4766920	-1	796672	1337	0	0	1346
489020	-1	-1	0	0	0	0	0
497024	5263136	-1	978944	1488	0	0	1488
506019	-1	-1	0	0	0	0	0
516018	4896368	-1	798720	1305	0	0	1305
521019	-1	-1	0	0	0	0	0
530020	4894512	-1	775168	1267	0	0	1267
537020	-1	-1	0	0	0	0	0
547018	-1	-1	0	0	0	0	0
552020	-1	-1	0	0	0	0	0
558026	4804776	-1	659456	1098	0	0	1098
564022	-1	-1	114688	322	0	0	322
569024	8242800	-1	664576	645	0	0	645
578018	3999584	-1	658432	1317	0	0	1317
582022	7961632	-1	884736	889	0	0	889
590019	-1	-1	0	0	0	0	0
599022	5431760	-1	1128448	1662	0	0	1662
608020	-1	-1	0	0	0	0	0
616018	5939504	-1	996352	1342	0	0	1342
622018	-1	-1	0	0	0	0	0
630018	-1	-1	0	0	0	0	0
638027	-1	-1	0	0	0	0	0
647024	4307208	-1	1221632	2269	0	0	2269
655019	-1	-1	0	0	0	0	0
657022	3692376	-1	758784	1644	0	0	1667
665026	-1	-1	122880	92	0	0	92
674019	4862896	-1	990208	1629	0	0	1629
683023	-1	-1	0	0	0	0	0
692028	4583328	-1	550572	961	0	0	1067
700018	-1	-1	0	0	0	0	0
709018	4448896	-1	935936	1683	0	0	1683
714024	-1	-1	0	0	0	0	0
723018	4586664	-1	880640	1536	0	0	1536
732017	-1	-1	0	0	0	0	0
741023	3861128	-1	690176	1430	0	0	1430
749024	-1	-1	0	0	0	0	0
759020	5440184	-1	702464	1033	0	0	1033
761031	-1	-1	0	0	0	0	0
769025	5479624	-1	715776	1045	0	0	1045
777021	-1	-1	0	0	0	0	0
787019	4222208	-1	376832	714	0	0	740
796019	6562288	-1	927744	1131	0	0	1131
805019	6074264	-1	1092608	1439	0	0	1439
813020	-1	-1	0	0	0	0	0
819019	4969728	-1	821248	1322	0	0	1322
829024	-1	-1	88064	131	0	0	131
838029	5552712	-1	1057792	1524	0	0	1524
846018	-1	-1	0	0	0	0	0
854025	5301664	-1	997376	1505	0	0	1505
862019	-1	-1	0	0	0	0	0
871019	5260192	-1	883712	1344	0	0	1558
880018	-1	-1	0	0	0	0	0
890018	6180104	-1	1928192	2496	0	0	2496
898017	-1	-1	0	0	0	0	0
907020	3860528	-1	637952	1322	0	0	1322
914020	-1	-1	0	0	0	0	0
924025	-1	-1	0	0	0	0	0
928021	-1	-1	0	0	0	0	0
935022	6041688	-1	1783808	2362	0	0	2362
943021	-1	-1	0	0	0	0	0
949019	4910792	-1	1141760	1860	0	0	1860
958022	-1	-1	0	0	0	0	0
965030	-1	-1	0	0	0	0	382
973019	6000696	-1	1693696	2258	0	0	2258
980023	6022560	-1	1307648	1737	0	0	1737
990020	-1	-1	0	0	0	0	0
999021	4755984	-1	948224	1595	0	0	1595
1007019	-1	-1	0	0	0	0	0
1016023	5473224	-1	785408	1148	0	0	1148
1022021	-1	-1	0	0	0	0	0
1031025	6057624	-1	1113088	1470	0	0	1470
1041017	-1	-1	0	0	0	0	0
1050018	3880424	-1	294912	608	0	0	694
1056019	5805984	-1	598016	824	0	0	824
1066024	-1	-1	0	0	0	0	0
1073023	-1	-1	0	0	0	0	0
1081020	4183720	-1	1119668	2141	0	0	2177
1089026	-1	-1	0	0	0	0	0
1095024	4899088	-1	933888	1525	0	0	1525
1100021	-1	-1	0	0	0	0	0
1109020	4903424	-1	596992	974	0	0	974
1119018	-1	-1	0	0	0	0	0
1128020	-1	-1	0	0	0	0	0
1131022	5010576	-1	785408	1254	0	0	1545
1135020	7284176	-1	345088	379	0	0	379
1144020	-1	-1	0	0	0	0	0
1152019	4728808	-1	841728	1424	0	0	1424
1161024	-1	-1	0	0	0	0	0
1171018	4134040	-1	500736	969	0	0	1029
1174020	-1	-1	0	0	0	0	0
1183024	5253624	-1	941056	1433	0	0	1433
1191018	-1	-1	0	0	0	0	0
1198019	5142344	-1	1001472	1558	0	0	1558
1208019	-1	-1	0	0	0	0	0
1218023	4675680	-1	751616	1286	0	0	1286
1226018	-1	-1	0	0	0	0	0
1235019	4938824	-1	471040	763	0	0	763
1236019	-1	-1	0	0	0	0	0
1245021	6232072	-1	1575936	2023	0	0	2302
1254022	-1	-1	0	0	0	0	0
1263024	-1	-1	0	0	0	0	0
1268020	-1	-1	0	0	0	0	0
1276023	6763880	-1	2022400	2392	0	0	2392
1284019	-1	-1	0	0	0	0	0
1289021	5662552	-1	1363968	1927	0	0	1927
1297022	-1	-1	0	0	0	0	0
1305024	6558016	-1	1824768	2226	0	0	2226
1315019	-1	-1	0	0	0	0	0
1323019	5282632	-1	1725440	2613	0	0	2613
1330018	-1	-1	0	0	0	0	0
1339019	6280792	-1	834560	1063	0	0	1063
1345018	-1	-1	0	0	0	0	0
1352017	5837656	-1	1487872	2039	0	0	2039
1361018	-1	-1	0	0	0	0	0
1368019	6328208	-1	1345536	1701	0	0	1701
1377022	4792928	-1	401408	670	0	0	670
1382027	10137600	-1	304128	240	0	0	240
1391022	-1	-1	0	0	0	0	161
1396017	4953120	-1	1899520	3068	0	0	3068
1404019	-1	-1	0	0	0	0	0
1413028	4971624	-1	956416	1539	0	0	1539
1421018	-1	-1	0	0	0	0	0
1428025	4221600	-1	619520	1174	0	0	1174
1437019	-1	-1	0	0	0	0	0
1446020	4244048	-1	1552260	2926	0	0	3108
1454019	-1	-1	0	0	0	0	0
1460023	3552704	-1	770048	1734	0	0	1734
1469017	-1	-1	116736	259	0	0	259
1475019	4753856	-1	1520640	2559	0	0	2559
1484023	-1	-1	0	0	0	0	0
1494019	3762224	-1	1125376	2393	0	0	2393
1501019	-1	-1	0	0	0	0	0
1510018	2454792	-1	179200	584	0	0	584
1517019	-1	-1	0	0	0	0	0
1526020	5899712	-1	1805312	2448	0	0	2448
1534020	-1	-1	0	0	0	0	0
1543031	5180648	-1	1902592	2938	0	0	2938
1553017	-1	-1	0	0	0	0	0
1561017	-1	-1	0	0	0	0	0
1570025	4305968	-1	1323008	2458	0	0	2458
1573018	6262544	-1	392192	501	0	0	501
1581021	-1	-1	0	0	0	0	0
1591020	4759536	-1	1252352	2105	0	0	2105
1597018	-1	-1	0	0	0	0	0
1605020	4013120	-1	1289216	2570	0	0	2570
1613019	-1	-1	0	0	0	0	0
1622020	-1	-1	0	0	0	0	0
1631020	3586408	-1	666624	1487	0	0	1880
1635019	5949760	-1	1442816	1940	0	0	1940
1644024	-1	-1	0	0	0	0	0
1652023	-1	-1	0	0	0	0	0
1657019	-1	-1	0	0	0	0	0
1663021	5443256	-1	1952768	2870	0	0	2870
1672020	-1	-1	0	0	0	0	0
1681026	4596576	-1	1081344	1882	0	0	1882
1690019	-1	-1	0	0	0	0	0
1699020	5118496	-1	1304576	2039	0	0	2039
1709024	-1	-1	0	0	0	0	0
1715022	4604696	-1	801792	1393	0	0	1393
1725029	-1	-1	0	0	0	0	0
1733032	5639880	-1	1466368	2080	0	0	2080
1736017	-1	-1	0	0	0	0	0
1745020	4588096	-1	973824	1698	0	0	1698
1754026	-1	-1	0	0	0	0	0
1764019	3169248	-1	283648	716	0	0	716
1773019	4380976	-1	1054720	1926	0	0	1926
1775022	-1	-1	0	0	0	0	0
1783019	-1	-1	0	0	0	0	0
1793020	4385928	-1	1916104	3495	0	0	3495
1801024	-1	-1	0	0	0	0	0
1810026	-1	-1	0	0	0	0	0
1819019	3084464	-1	538624	1397	0	0	1397
1826024	4968920	-1	1098752	1769	0	0	1769
1835018	-1	-1	0	0	0	0	0
1845021	5242880	-1	966656	1475	0	0	1475
1852020	-1	-1	0	0	0	0	0
1861023	4441704	-1	1256448	2263	0	0	2263
1870028	-1	-1	0	0	0	0	0
1879018	4411936	-1	1215488	2204	0	0	2204
1888020	-1	-1	0	0	0	0	0
1897024	5513488	-1	2417664	3508	0	0	3508
1906019	-1	-1	0	0	0	0	0
1914019	5650336	-1	1459200	2066	0	0	2066
1922019	-1	-1	0	0	0	0	0
1931022	-1	-1	0	0	0	0	0
1939024	-1	-1	0	0	0	0	0
1948025	4712168	-1	1777664	3018	0	0	3018
1955022	-1	-1	0	0	0	0	0
1964020	5140664	-1	1400832	2180	0	0	2180
1973018	-1	-1	0	0	0	0	0
1983025	-1	-1	0	0	0	0	0
1992019	2857048	-1	216064	605	0	0	676
2000026	5378392	-1	1726464	2568	0	0	2568
2009026	-1	-1	0	0	0	0	0
2017021	5264768	-1	1014784	1542	0	0	1542
2026024	-1	-1	0	0	0	0	0
2034025	5941680	-1	1165312	1569	0	0	1569
2044018	-1	-1	0	0	0	0	0
2049024	-1	-1	0	0	0	0	0
2056108	5888568	-1	1670144	2269	0	0	2709
2059020	5551888	-1	816128	1176	0	0	1176
2068018	-1	-1	0	0	0	0	0
2075018	5331840	-1	1278976	1919	0	0	1919
2082019	-1	-1	0	0	0	0	0
2090022	5288672	-1	846848	1281	0	0	1281
2099019	-1	-1	0	0	0	0	0
2104019	5282912	-1	697344	1056	0	0	1056
2113030	-1	-1	0	0	0	0	0
2122019	4998704	-1	1324032	2119	0	0	2119
2130018	-1	-1	0	0	0	0	0
2138021	5686704	-1	1257472	1769	0	0	1769
2147020	-1	-1	0	0	0	0	0
2154018	-1	-1	0	0	0	0	0
2158028	-1	-1	0	0	0	0	0
2165018	6233152	-1	1306624	1677	0	0	1677
2171025	-1	-1	0	0	0	0	0
2180020	3516672	-1	261992	596	0	0	596
2183019	-1	-1	0	0	0	0	0
2192020	4497416	-1	1801216	3204	0	0	3204
2198021	-1	-1	0	0	0	0	0
2208025	4921080	-1	1200128	1951	0	0	1951
2217018	-1	-1	0	0	0	0	0
2225019	-1	-1	0	0	0	0	0
2227020	-1	-1	0	0	0	0	0
2236023	5904312	-1	1273856	1726	0	0	1726
2240021	-1	-1	0	0	0	0	0
2243024	-1	-1	0	0	0	0	0
2250021	4829368	-1	910336	1508	0	0	1508
2257022	5719016	-1	1522688	2130	0	0	2130
2265019	-1	-1	0	0	0	0	0
2275018	4537296	-1	1121280	1977	0	0	1977
2282019	-1	-1	0	0	0	0	0
2292020	3939352	-1	1390592	2824	0	0	2824
2302025	-1	-1	0	0	0	0	0
2312018	4571624	-1	1166336	2041	0	0	2041
2321021	-1	-1	0	0	0	0	0
2329026	5101800	-1	968704	1519	0	0	1519
2336020	-1	-1	0	0	0	0	0
2346025	4958200	-1	1133568	1829	0	0	1829
2352020	-1	-1	0	0	0	0	0
2361018	4313360	-1	782336	1451	0	0	1493
2369019	-1	-1	0	0	0	0	0
2377018	4322736	-1	751616	1391	0	0	1391
2386020	-1	-1	0	0	0	0	0
2392017	5418096	-1	1112064	1642	0	0	1642
2402022	-1	-1	0	0	0	0	0
2411023	4838040	-1	1592320	2633	0	0	2633
2418028	-1	-1	0	0	0	0	0
2428019	-1	-1	0	0	0	0	0
2433019	-1	-1	0	0	0	0	0
2440018	4335000	-1	1745920	3222	0	0	3222
2449017	-1	-1	0	0	0	0	0
2458019	3898384	-1	1111040	2280	0	0	2280
2464018	-1	-1	0	0	0	0	0
2470021	3817456	-1	428032	897	0	0	897
2478021	-1	-1	0	0	0	0	0
2487022	6837384	-1	1633280	1911	0	0	2228
2495021	-1	-1	0	0	0	0	0
2504024	5436640	-1	1127424	1659	0	0	1659
2513020	-1	-1	0	0	0	0	0
2522019	5430216	-1	1429504	2106	0	0	2106
2529017	-1	-1	0	0	0	0	0
2536024	-1	-1	0	0	0	0	0
2545020	5366376	-1	713728	1064	0	0	1064
2553022	3402248	-1	1333680	3136	0	0	3136
2562025	-1	-1	0	0	0	0	0
2570019	5551856	-1	1130496	1629	0	0	1629
2578019	-1	-1	0	0	0	0	0
2587020	5779880	-1	1926144	2666	0	0	2666
2596020	-1	-1	0	0	0	0	0
2605027	-1	-1	0	0	0	0	0
2610023	-1	-1	0	0	0	0	0
2616020	5820968	-1	2348032	3227	0	0	3227
2625022	-1	-1	0	0	0	0	0
2632020	6471552	-1	2083840	2576	0	0	2576
2640024	-1	-1	0	0	0	0	0
2647020	4409656	-1	734208	1332	0	0	1332
2655026	-1	-1	0	0	0	0	0
2664019	6256056	-1	2372608	3034	0	0	3034
2673019	-1	-1	0	0	0	0	0
2681020	4501688	-1	1119232	1989	0	0	1989
2690021	-1	-1	0	0	0	0	0
2699018	5448080	-1	2104320	3090	0	0	3090
2709019	-1	-1	0	0	0	0	0
2716062	4475896	-1	995328	1779	0	0	1779
2723020	-1	-1	0	0	0	0	0
2731019	4335496	-1	722944	1334	0	0	1334
2740021	-1	-1	0	0	0	0	0
2750019	3581288	-1	676864	1512	0	0	1512
2757017	-1	-1	0	0	0	0	0
2764019	5364096	-1	922624	1376	0	0	1376
2773024	-1	-1	0	0	0	0	0
2781025	4454664	-1	756736	1359	0	0	1394
2790019	-1	-1	0	0	0	0	0
2798022	5049616	-1	854016	1353	0	0	1353
2806027	-1	-1	0	0	0	0	0
2813024	4629488	-1	799744	1382	0	0	1382
2820021	-1	-1	0	0	0	0	0
2830026	4139976	-1	722944	1397	0	0	1397
2836018	-1	-1	0	0	0	0	0
2843027	3157208	-1	270336	685	0	0	685
2848019	6807760	-1	307200	361	0	0	361
2855023	3794600	-1	1005568	2120	0	0	2120
2863025	-1	-1	0	0	0	0	0
2872020	3057192	-1	396288	1037	0	0	1244
2878024	7873584	-1	278528	283	0	0	283
2883020	-1	-1	0	0	0	0	0
2891020	3708192	-1	514048	1109	0	0	1109
2900024	4126800	-1	686080	1330	0	0	1344
2908027	-1	-1	0	0	0	0	0
2918019	2581344	-1	760852	2358	0	0	2358
2926019	-1	-1	0	0	0	0	0
2935022	4025272	-1	1019904	2027	0	0	2027
2943023	-1	-1	0	0	0	0	0
2948019	6048152	-1	1938432	2564	0	0	2564
2954019	-1	-1	0	0	0	0	0
2963021	-1	-1	0	0	0	0	0
2972024	6250808	-1	2067456	2646	0	0	2646
2979021	5285416	-1	2040832	3089	0	0	3089
2988026	-1	-1	0	0	0	0	0
2997020	-1	-1	0	0	0	0	0
3004017	-1	-1	0	0	0	0	0
3013021	5039440	-1	3106816	4932	0	0	4932
3022022	-1	-1	0	0	0	0	0
3031024	5449304	-1	1700864	2497	0	0	2497
3040018	-1	-1	0	0	0	0	0
3048018	6188680	-1	2198528	2842	0	0	2842
3058021	-1	-1	0	0	0	0	0
3068021	-1	-1	0	0	0	0	0
3075026	-1	-1	0	0	0	0	0
3083029	5733480	-1	1912832	2669	0	0	2669
3087023	-1	-1	0	0	0	0	0
3096021	5216272	-1	1068032	1638	0	0	1638
3101020	-1	-1	0	0	0	0	0
3110021	3343672	-1	512000	1225	0	0	1238
3119018	-1	-1	0	0	0	0	0
3128031	4814360	-1	909312	1511	0	0	1511
3137020	-1	-1	0	0	0	0	0
3146025	4629608	-1	630784	1090	0	0	1100
3152021	-1	-1	0	0	0	0	0
3158023	-1	-1	0	0	0	0	0
3167020	4002544	-1	635904	1271	0	0	1271
3171020	-1	-1	0	0	0	0	0
3177028	4000584	-1	601088	1202	0	0	1445
3181021	7379664	-1	660480	716	0	0	716
3190027	-1	-1	0	0	0	0	0
3200019	2776384	-1	601088	1732	0	0	1732
3209021	-1	-1	0	0	0	0	0
3216023	2028584	-1	214016	844	0	0	844
3223020	-1	-1	0	0	0	0	0
3232022	3880032	-1	533504	1100	0	0	1316
3241020	-1	-1	0	0	0	0	0
3248025	3374040	-1	703488	1668	0	0	1989
3258018	-1	-1	0	0	0	0	0
3267020	3717536	-1	623616	1342	0	0	1379
3276025	-1	-1	0	0	0	0	0
3283028	1258952	-1	337400	2144	0	0	2144
3292021	-1	-1	0	0	0	0	0
3298027	5005880	-1	1650688	2638	0	0	2638
3305023	-1	-1	0	0	0	0	0
3314021	5250304	-1	1129472	1721	0	0	1721
3321018	-1	-1	0	0	0	0	0
3331019	4338664	-1	759808	1401	0	0	1401
3339020	-1	-1	0	0	0	0	0
3345022	-1	-1	0	0	0	0	0
3349025	-1	-1	0	0	0	0	234
3354025	5658064	-1	736256	1041	0	0	1041
3363019	-1	-1	0	0	0	0	0
3371022	5573768	-1	1353728	1943	0	0	1951
3380019	-1	-1	0	0	0	0	0
3389018	4696968	-1	868352	1479	0	0	1479
3397019	-1	-1	0	0	0	0	0
3404026	5025448	-1	1278976	2036	0	0	2036
3412026	-1	-1	0	0	0	0	0
3419022	-1	-1	0	0	0	0	0
3425137	3733488	-1	458752	983	0	0	1054
3429021	5654056	-1	771072	1091	0	0	1091
3438019	-1	-1	0	0	0	0	0
3446019	3336256	-1	1034240	2480	0	0	2480
3452018	-1	-1	0	0	0	0	0
3461025	3463288	-1	425984	984	0	0	984
3470025	-1	-1	0	0	0	0	0
3479019	3578904	-1	1169408	2614	0	0	2614
3489019	-1	-1	0	0	0	0	0
3497019	4971856	-1	1078272	1735	0	0	1735
3506023	-1	-1	0	0	0	0	0
3514030	-1	-1	0	0	0	0	0
3517019	-1	-1	0	0	0	0	0
3526019	5842600	-1	1741824	2385	0	0	2385
3532019	-1	-1	0	0	0	0	0
3538020	5773368	-1	1471488	2039	0	0	2039
3547019	-1	-1	0	0	0	0	0
3555020	5781984	-1	1157120	1601	0	0	1601
3564020	-1	-1	0	0	0	0	0
3574018	5930408	-1	1329152	1793	0	0	1929
3583018	-1	-1	0	0	0	0	0
3591019	5464440	-1	1801216	2637	0	0	2637
3600026	-1	-1	0	0	0	0	0
3609027	4681456	-1	2186240	3736	0	0	3736
3616023	-1	-1	0	0	0	0	0
3626020	6500272	-1	2246656	2765	0	0	2765
3635027	-1	-1	0	0	0	0	0
3644025	5701352	-1	989184	1388	0	0	1388
3653018	-1	-1	0	0	0	0	0
3661018	2727192	-1	907472	2662	0	0	2662
3668019	-1	-1	0	0	0	0	0
3677021	3765648	-1	2194432	4662	0	0	4662
3685020	-1	-1	78848	118	0	0	118
3694020	-1	-1	0	0	0	0	0
3696019	-1	-1	0	0	0	0	0
3705019	818904	-1	573440	5602	0	0	5768
3714020	3423304	-1	1904640	4451	0	0	4451
3719021	6740600	-1	1269760	1507	0	0	1507
3725021	-1	-1	0	0	0	0	0
3734022	4646664	-1	1084416	1867	0	0	1867
3742019	-1	-1	0	0	0	0	0
3751020	6071184	-1	1515520	1997	0	0	1997
3758020	-1	-1	0	0	0	0	0
3765025	4293032	-1	948224	1767	0	0	1767
3773022	7601840	-1	553984	583	0	0	583
3782019	-1	-1	0	0	0	0	0
3792020	-1	-1	0	0	0	0	0
3799021	6414328	-1	2235392	2788	0	0	2788
3808022	-1	-1	0	0	0	0	0
3818019	3889376	-1	491520	1011	0	0	1011
3827018	-1	-1	0	0	0	0	0
3836019	4302656	-1	415744	773	0	0	773
3844019	-1	-1	0	0	0	0	0
3852023	4776440	-1	1283072	2149	0	0	2149
3860024	-1	-1	0	0	0	0	0
3870018	4798024	-1	930816	1552	0	0	1552
3877018	-1	-1	0	0	0	0	0
3882024	4261648	-1	869376	1632	0	0	1632
3891022	5267672	-1	278528	423	0	0	423
3898019	5980288	-1	1412096	1889	0	0	1889
3907019	-1	-1	0	0	0	0	0
3916021	5814736	-1	1274880	1754	0	0	1754
3925026	5286416	-1	557056	843	0	0	843
3930021	7218128	-1	258048	286	0	0	286
3938019	-1	-1	0	0	0	0	0
3945020	6076552	-1	1453056	1913	0	0	1913
3953020	-1	-1	0	0	0	0	0
3963028	5641336	-1	2011136	2852	0	0	2852
3971019	-1	-1	0	0	0	0	0
3980023	6180304	-1	1481728	1918	0	0	1918
3988020	-1	-1	0	0	0	0	0
3997031	5835720	-1	1793024	2458	0	0	2458
4005022	-1	-1	0	0	0	0	0
4012023	2396744	-1	262144	875	0	0	875
4021019	7568944	-1	335872	355	0	0	355
4028019	5131560	-1	2466996	3846	0	0	3846
4037018	-1	-1	0	0	0	0	0
4046019	4992232	-1	690176	1106	0	0	1106
4053021	-1	-1	0	0	0	0	0
4063021	5648392	-1	2051072	2905	0	0	2905
4072019	-1	-1	0	0	0	0	0
4079024	5445120	-1	1489920	2189	0	0	2189
4088021	-1	-1	0	0	0	0	0
4098022	6464728	-1	1847296	2286	0	0	2286
4107019	-1	-1	0	0	0	0	0
4115019	5756336	-1	779264	1083	0	0	1083
4122019	-1	-1	0	0	0	0	0
4128026	5213088	-1	1032192	1584	0	0	1584
4137017	-1	-1	0	0	0	0	0
4143023	5182696	-1	825344	1274	0	0	1274
4151020	-1	-1	0	0	0	0	0
4160019	6996616	-1	1672192	1912	0	0	1912
4164025	-1	-1	0	0	0	0	0
4173025	5972736	-1	1490944	1997	0	0	1997
4182019	-1	-1	0	0	0	0	0
4191021	-1	-1	0	0	0	0	0
4200026	6120968	-1	1428480	1867	0	0	1867
4202019	-1	-1	0	0	0	0	0
4211020	-1	-1	0	0	0	0	0
4220022	6050856	-1	1380352	1825	0	0	1825
4229022	-1	-1	0	0	0	0	0
4238019	4191400	-1	697344	1331	0	0	1331
4247018	-1	-1	0	0	0	0	0
4256020	4671408	-1	2668544	4570	0	0	4570
4260021	-1	-1	0	0	0	0	0
4268022	6405648	-1	1924096	2403	0	0	2403
4274020	9547920	-1	346112	290	0	0	290
4282019	4354120	-1	656384	1206	0	0	1235
4291024	-1	-1	0	0	0	0	0
4300023	4033936	-1	665600	1320	0	0	1320
4304019	-1	-1	0	0	0	0	0
4313023	5370712	-1	1072128	1597	0	0	1597
4318019	-1	-1	0	0	0	0	0
4324019	3664560	-1	352256	769	0	0	769
4332019	-1	-1	0	0	0	0	0
4341019	4312376	-1	581632	1079	0	0	1508
4347019	-1	-1	0	0	0	0	529
4352020	2668040	-1	799744	2398	0	0	2398
4361020	-1	-1	0	0	0	0	0
4365024	3809248	-1	550912	1157	0	0	1253
4374019	-1	-1	0	0	0	0	0
4381020	5218440	-1	1180672	1810	0	0	1810
4388027	-1	-1	0	0	0	0	0
4393021	3542944	-1	974752	2201	0	0	2201
4402024	-1	-1	0	0	0	0	0
4410019	4771544	-1	1142784	1916	0	0	1916
4419017	-1	-1	0	0	0	0	0
4428019	5258960	-1	1995776	3036	0	0	3036
4435019	-1	-1	0	0	0	0	0
4444023	-1	-1	0	0	0	0	0
4453028	-1	-1	24576	336	0	0	398
4458024	6749584	-1	1509376	1789	0	0	1789
4465024	-1	-1	0	0	0	0	0
4473021	5301464	-1	1267712	1913	0	0	1913
4479025	-1	-1	0	0	0	0	0
4487019	3984544	-1	1171456	2352	0	0	2352
4497019	-1	-1	0	0	0	0	0
4505018	6433752	-1	1836032	2283	0	0	2283
4514024	-1	-1	0	0	0	0	0
4521020	-1	-1	0	0	0	0	0
4526027	-1	-1	0	0	0	0	0
4533028	6152288	-1	1899520	2470	0	0	2470
4541019	-1	-1	0	0	0	0	0
4551021	2649328	-1	155648	470	0	0	530
4559027	5488992	-1	474112	691	0	0	878
4564025	3688880	-1	1294336	2807	0	0	2807
4572020	-1	-1	0	0	0	0	0
4581025	3072624	-1	1263616	3290	0	0	3290
4590018	-1	-1	0	0	0	0	0
