41814	4138504	-1	3788800	7324	0	0	31565
49809	2937568	-1	489472	1333	0	0	1333
57809	7380184	-1	819200	888	0	0	888
65805	2178048	-1	493327	1812	0	0	1812
68826	-1	-1	66560	63	0	0	288
71799	-1	-1	0	0	0	0	0
79801	6354288	-1	1423360	1792	0	0	1792
87801	5964352	-1	254976	342	0	0	453
96820	5264600	-1	228352	347	0	0	451
103804	6534384	-1	278528	341	0	0	444
111801	5273008	-1	229376	348	0	0	454
119803	1494584	-1	217088	1162	0	0	1162
128790	6567728	-1	285696	348	0	0	445
135802	7208960	-1	247808	275	0	0	454
143801	5085736	-1	171008	269	0	0	427
152789	5306184	-1	175104	264	0	0	447
160819	5420168	-1	404480	597	0	0	597
168815	6568360	-1	364544	444	0	0	444
176819	7047720	-1	277504	315	0	0	449
183801	5887288	-1	264192	359	0	0	448
192795	6940064	-1	261120	301	0	0	479
199804	4324464	-1	271360	502	0	0	502
208792	5246320	-1	249856	381	0	0	464
216790	4325880	-1	211968	392	0	0	446
223801	5635264	-1	221184	314	0	0	480
231800	5649656	-1	266240	377	0	0	480
240797	1989912	-1	342016	1375	0	0	1375
248818	5903832	-1	346112	469	0	0	483
256812	3717656	-1	231424	498	0	0	498
264814	6524856	-1	232448	285	0	0	463
272812	3234304	-1	420864	1041	0	0	1041
280814	-1	-1	0	0	0	0	0
287801	5489056	-1	270336	394	0	0	446
295803	5181920	-1	278528	430	0	0	477
304817	7099736	-1	279552	315	0	0	428
312794	3580656	-1	480256	1073	0	0	1073
320795	-1	-1	0	0	0	0	0
328789	1534920	-1	273408	1425	0	0	1425
336826	965008	-1	280576	2326	0	0	2326
344818	3641872	-1	422912	929	0	0	929
351801	-1	-1	0	0	0	0	0
359801	5294480	-1	563200	851	0	0	851
368790	-1	-1	0	0	0	0	0
376794	6806288	-1	513024	603	0	0	609
384786	6749384	-1	536576	636	0	0	636
392812	5259640	-1	347136	528	0	0	607
400827	3373624	-1	456704	1083	0	0	1083
408790	-1	-1	0	0	0	0	0
415799	4292984	-1	716928	1336	0	0	1336
424798	-1	-1	0	0	0	0	0
432825	2118056	-1	263168	994	0	0	994
440791	2613608	-1	396288	1213	0	0	1213
448826	-1	-1	0	0	0	0	0
455804	4030224	-1	345088	685	0	0	685
464784	2227856	-1	196608	706	0	0	706
471800	2511320	-1	191488	610	0	0	610
480788	3490504	-1	301056	690	0	0	690
487804	2129768	-1	286720	1077	0	0	1077
495801	4329008	-1	361472	668	0	0	668
504799	4736552	-1	412672	697	0	0	697
512790	3569016	-1	807936	1811	0	0	1811
519802	-1	-1	0	0	0	0	0
528793	5205656	-1	521216	801	0	0	801
536799	5432080	-1	570368	840	0	0	840
544790	6912912	-1	724992	839	0	0	839
552818	4001208	-1	410624	821	0	0	821
559800	1701416	-1	165888	780	0	0	780
568796	3213504	-1	540672	1346	0	0	1346
575800	-1	-1	0	0	0	0	0
584800	5795256	-1	633856	875	0	0	875
592823	5231440	-1	636928	974	0	0	974
600786	7097096	-1	550912	621	0	0	621
608818	5085328	-1	563200	886	0	0	886
615804	4880344	-1	1003520	1645	0	0	1645
624792	-1	-1	0	0	0	0	0
632786	4886008	-1	582656	954	0	0	954
640819	-1	-1	0	0	0	0	0
648821	4271160	-1	324608	608	0	0	608
656786	4925840	-1	474112	770	0	0	770
664812	7076064	-1	571392	646	0	0	646
672786	3450648	-1	402432	933	0	0	933
680812	5932616	-1	438272	591	0	0	607
688787	5221168	-1	541696	830	0	0	830
695800	6144000	-1	574464	748	0	0	748
703802	1442288	-1	335872	1863	0	0	1863
711801	4499592	-1	804864	1431	0	0	1431
720841	5000848	-1	370688	593	0	0	603
727801	4923632	-1	478208	777	0	0	777
735802	6499536	-1	566272	697	0	0	697
744789	6714752	-1	563200	671	0	0	671
752797	5371992	-1	472064	703	0	0	703
760817	5482520	-1	706560	1031	0	0	1031
767801	5894360	-1	622592	845	0	0	845
775802	7903720	-1	673792	682	0	0	682
784793	5319704	-1	1272739	1914	0	0	1914
791799	-1	-1	0	0	0	0	0
800821	-1	-1	66560	238	0	0	707
808787	-1	-1	0	0	0	0	0
815800	4273608	-1	1601536	2998	0	0	2998
824820	4309256	-1	300032	557	0	0	575
832817	3810088	-1	627712	1318	0	0	1318
840826	-1	-1	0	0	0	0	0
848816	3940600	-1	363520	738	0	0	738
856787	3892088	-1	449536	924	0	0	924
864820	3403720	-1	664576	1562	0	0	1562
872787	3711144	-1	552960	1192	0	0	1192
880791	3321560	-1	577536	1391	0	0	1391
888815	7389768	-1	490496	531	0	0	648
896819	3769840	-1	508928	1080	0	0	1080
904824	5950408	-1	448512	603	0	0	603
912818	4917832	-1	382976	623	0	0	623
920828	4055312	-1	306176	604	0	0	604
927799	3584000	-1	408576	912	0	0	912
936820	5381712	-1	392192	583	0	0	612
943802	6200216	-1	395264	510	0	0	604
952819	3526416	-1	431104	978	0	0	978
959803	4083360	-1	330752	648	0	0	648
968820	3730184	-1	689152	1478	0	0	1478
976789	-1	-1	0	0	0	0	0
983801	4730112	-1	423936	717	0	0	717
991801	4528384	-1	997376	1762	0	0	1762
1000790	-1	-1	0	0	0	0	0
1007802	5541648	-1	376832	544	0	0	586
1016786	4400936	-1	546816	994	0	0	994
1024812	-1	-1	0	0	0	0	0
1032819	2302096	-1	271360	943	0	0	943
1040784	4139424	-1	292864	566	0	0	597
1048812	2300944	-1	288768	1004	0	0	1004
1055801	2846216	-1	319488	898	0	0	898
1064817	1680064	-1	256000	1219	0	0	1219
1072816	2868184	-1	448512	1251	0	0	1251
1080789	2082968	-1	564224	2167	0	0	2167
1087801	3994920	-1	424960	851	0	0	851
1095800	2717200	-1	275456	811	0	0	811
1104799	4102392	-1	657408	1282	0	0	1282
1111803	-1	-1	0	0	0	0	0
1119800	4138448	-1	399360	772	0	0	772
1128817	4885552	-1	776192	1271	0	0	1271
1135802	-1	-1	0	0	0	0	0
1144823	2661952	-1	304128	914	0	0	914
1152827	3162792	-1	352256	891	0	0	891
1160820	4973672	-1	371160	597	0	0	607
1168795	1663776	-1	362496	1743	0	0	1743
1176788	3861552	-1	286720	594	0	0	601
1183802	-1	-1	0	0	0	0	0
1191800	5210176	-1	998400	1533	0	0	1533
1200793	5262784	-1	769024	1169	0	0	1169
1207803	-1	-1	0	0	0	0	0
1216817	5773336	-1	789504	1094	0	0	1094
1224821	-1	-1	0	0	0	0	0
1232818	7755888	-1	928768	958	0	0	958
1239802	-1	-1	0	0	0	0	0
1248817	6187128	-1	1064960	1377	0	0	1377
1256818	-1	-1	0	0	0	0	0
1264813	9285912	-1	1156096	996	0	0	996
1271802	-1	-1	0	0	0	0	0
1279804	7506480	-1	1121280	1195	0	0	1195
1287801	-1	-1	0	0	0	0	0
1296814	7424248	-1	960512	1035	0	0	1035
1304799	-1	-1	0	0	0	0	0
1312818	8751648	-1	1104896	1010	0	0	1010
1320825	-1	-1	0	0	0	0	0
1327802	8864288	-1	1093632	987	0	0	987
1336796	-1	-1	0	0	0	0	0
1344787	7648280	-1	864256	904	0	0	904
1351800	-1	-1	0	0	0	0	0
1359800	6682728	-1	816128	977	0	0	977
1368827	-1	-1	0	0	0	0	0
1376813	7394624	-1	902144	976	0	0	976
1384817	-1	-1	0	0	0	0	0
1391802	5326560	-1	620544	932	0	0	932
1399803	-1	-1	0	0	0	0	0
1408790	4977304	-1	558080	897	0	0	897
1416790	-1	-1	0	0	0	0	0
1424790	5802320	-1	708608	977	0	0	977
1432817	-1	-1	0	0	0	0	0
1440812	6711688	-1	956416	1140	0	0	1140
1448814	-1	-1	0	0	0	0	0
1456821	10428288	-1	921600	707	0	0	710
1464812	-1	-1	0	0	0	0	0
1472812	6675320	-1	2122752	2544	0	0	2544
1480812	-1	-1	0	0	0	0	0
1488812	7815920	-1	978944	1002	0	0	1002
1496811	-1	-1	0	0	0	0	0
1504814	9380904	-1	1183167	1009	0	0	1009
1512821	-1	-1	0	0	0	0	0
1520789	3497792	-1	470016	1075	0	0	1075
1528812	-1	-1	0	0	0	0	0
1536787	5101952	-1	542720	851	0	0	851
1544788	-1	-1	0	0	0	0	0
1552814	5365368	-1	839680	1252	0	0	1252
1560820	-1	-1	0	0	0	0	0
1568814	4157848	-1	447488	861	0	0	861
1576787	3308768	-1	423936	1025	0	0	1025
1583799	5228272	-1	513024	785	0	0	785
1592787	6007464	-1	608256	810	0	0	810
1600812	4627464	-1	441344	763	0	0	763
1608792	3370920	-1	359424	853	0	0	853
1616812	3028008	-1	889856	2351	0	0	2351
1624784	-1	-1	0	0	0	0	0
1632788	4278496	-1	432128	808	0	0	808
1640785	-1	-1	0	0	0	0	0
1648786	-1	-1	66560	350	0	0	833
1656814	-1	-1	0	0	0	0	0
1664786	3221136	-1	1362944	3385	0	0	3385
1672812	3331912	-1	272384	654	0	0	654
1680786	4895896	-1	727040	1188	0	0	1188
1688819	-1	-1	0	0	0	0	0
1696813	3208240	-1	373760	932	0	0	932
1704785	3408520	-1	302080	709	0	0	709
1712785	5416072	-1	735232	1086	0	0	1086
1720785	-1	-1	0	0	0	0	0
1728819	5273936	-1	403456	612	0	0	644
1736819	4246960	-1	432128	814	0	0	814
1744814	-1	-1	0	0	0	0	0
1752812	4570896	-1	473088	828	0	0	828
1760795	-1	-1	0	0	0	0	0
1767803	4374784	-1	522240	955	0	0	955
1776784	-1	-1	0	0	0	0	0
1784817	3020800	-1	966656	2560	0	0	2560
1838787	-1	-1	0	0	0	0	0
1846786	2562672	-1	307200	959	0	0	959
1854785	-1	-1	0	0	0	0	0
1862785	2875600	-1	297984	829	0	0	829
1870784	-1	-1	0	0	0	0	0
1878789	4338496	-1	503808	929	0	0	929
1886789	-1	-1	0	0	0	0	0
1894790	2108904	-1	310272	1177	0	0	1177
1902794	3796096	-1	473088	997	0	0	997
1910789	-1	-1	0	0	0	0	0
1918789	4483136	-1	480256	857	0	0	857
1926789	-1	-1	0	0	0	0	0
1934788	4971744	-1	572372	921	0	0	921
1942788	-1	-1	0	0	0	0	0
1950790	-1	-1	66560	259	0	0	666
1958787	-1	-1	0	0	0	0	0
1966791	2519768	-1	705536	2240	0	0	2240
1974799	3258184	-1	215040	528	0	0	561
1982791	3275336	-1	457728	1118	0	0	1118
1996797	-1	-1	0	0	0	0	0
2004790	1969184	-1	390144	1585	0	0	1585
2012790	-1	-1	0	0	0	0	0
2020798	3689840	-1	274432	595	0	0	595
2028796	3308984	-1	484352	1171	0	0	1171
2036788	-1	-1	0	0	0	0	0
2044798	4218408	-1	458752	870	0	0	870
2052788	5308016	-1	437248	659	0	0	659
2060786	5101760	-1	823296	1291	0	0	1291
2068793	-1	-1	0	0	0	0	0
2076787	3753952	-1	449536	958	0	0	958
2084797	4244048	-1	616448	1162	0	0	1162
2092788	3927128	-1	607232	1237	0	0	1237
2100787	4268008	-1	406528	762	0	0	762
2108787	3537872	-1	593920	1343	0	0	1343
2116790	-1	-1	0	0	0	0	0
2124790	3402544	-1	376832	886	0	0	886
2132793	4161208	-1	359424	691	0	0	691
2140793	4990392	-1	842752	1351	0	0	1351
2148790	-1	-1	0	0	0	0	0
2156788	4187024	-1	282624	540	0	0	570
2164793	5015512	-1	430080	686	0	0	686
2172787	5883216	-1	433152	589	0	0	589
2180788	4684408	-1	419840	717	0	0	717
2188794	5684536	-1	817152	1150	0	0	1150
2196797	-1	-1	0	0	0	0	0
2204786	5580264	-1	400384	574	0	0	574
2212786	3616000	-1	231424	512	0	0	576
2225813	4164128	-1	500736	962	0	0	962
2233784	-1	-1	0	0	0	0	0
2241814	3793416	-1	526336	1110	0	0	1110
2249807	-1	-1	0	0	0	0	0
2257808	3878336	-1	301056	621	0	0	621
2265796	3908600	-1	299008	612	0	0	617
2273812	4117488	-1	490496	953	0	0	953
2281817	-1	-1	0	0	0	0	0
2289804	5120000	-1	599040	936	0	0	936
2408786	5562472	-1	563200	810	0	0	810
2416787	5141960	-1	1318912	2052	0	0	2052
2424790	-1	-1	0	0	0	0	0
2432788	4162840	-1	729017	1401	0	0	1401
2440796	4968152	-1	653312	1052	0	0	1052
2448793	6752992	-1	735232	871	0	0	871
2456788	5240256	-1	736256	1124	0	0	1124
2464797	-1	-1	0	0	0	0	0
2472784	9237008	-1	1294336	1121	0	0	1121
2480790	-1	-1	0	0	0	0	0
2488785	8648216	-1	1339392	1239	0	0	1239
2496785	-1	-1	0	0	0	0	0
2504797	8200576	-1	978944	955	0	0	955
2512793	-1	-1	0	0	0	0	0
2520787	8117752	-1	1007616	993	0	0	993
2528788	-1	-1	0	0	0	0	0
2536790	9605808	-1	1217536	1014	0	0	1014
2544792	-1	-1	0	0	0	0	0
2552796	10205720	-1	1447936	1135	0	0	1135
2560797	-1	-1	0	0	0	0	0
2568787	8592888	-1	1009664	940	0	0	940
2576787	-1	-1	0	0	0	0	0
2584791	5668568	-1	634880	896	0	0	896
2592797	-1	-1	0	0	0	0	0
2600788	10650400	-1	1361920	1023	0	0	1023
2608799	-1	-1	0	0	0	0	0
2616799	10031024	-1	860160	686	0	0	686
2624794	10718064	-1	1859584	1388	0	0	1388
2632794	-1	-1	0	0	0	0	0
2640792	10364880	-1	1274880	984	0	0	984
2648794	-1	-1	0	0	0	0	0
2656786	6826664	-1	552960	648	0	0	679
2664784	-1	-1	0	0	0	0	0
2672784	5921616	-1	1172480	1584	0	0	1584
2680798	-1	-1	0	0	0	0	0
2688797	5683728	-1	689152	970	0	0	970
2696788	-1	-1	0	0	0	0	0
2704796	5038664	-1	618496	982	0	0	982
2712799	-1	-1	0	0	0	0	0
2720796	6900312	-1	831488	964	0	0	964
2728789	-1	-1	0	0	0	0	0
2736786	11621536	-1	857088	590	0	0	590
2744795	9284712	-1	1435648	1237	0	0	1237
2752788	-1	-1	0	0	0	0	0
2760797	6626472	-1	1191936	1439	0	0	1439
2768795	-1	-1	0	0	0	0	0
2776798	8167640	-1	1030144	1009	0	0	1009
2784787	-1	-1	0	0	0	0	0
2792788	6195464	-1	797666	1030	0	0	1030
2800794	-1	-1	0	0	0	0	0
2808788	1409584	-1	369664	2098	0	0	2098
2816798	1795560	-1	500736	2231	0	0	2231
2824799	4733544	-1	555008	938	0	0	938
2832791	6585912	-1	709632	862	0	0	862
2840792	5348280	-1	419840	628	0	0	628
2848798	4845312	-1	738304	1219	0	0	1219
2856788	-1	-1	0	0	0	0	0
2864799	4061480	-1	361472	712	0	0	712
2872797	7617936	-1	502784	528	0	0	528
2880785	5160088	-1	362496	562	0	0	562
2888794	4173280	-1	580608	1113	0	0	1113
2896788	-1	-1	0	0	0	0	0
2904787	3817784	-1	252928	530	0	0	530
2912791	7111584	-1	532480	599	0	0	599
2920796	5219320	-1	390144	598	0	0	598
2928785	2611352	-1	328704	1007	0	0	1007
2936787	1676504	-1	315392	1505	0	0	1505
2944793	4184400	-1	581632	1112	0	0	1112
2952797	-1	-1	0	0	0	0	0
2960798	6171032	-1	759808	985	0	0	985
2968795	-1	-1	0	0	0	0	0
2976789	5128648	-1	531456	829	0	0	829
2984791	-1	-1	0	0	0	0	0
2992792	5384888	-1	601088	893	0	0	893
3000788	-1	-1	0	0	0	0	0
3008790	4414576	-1	595968	1080	0	0	1080
3016785	-1	-1	0	0	0	0	0
3024799	4421080	-1	487424	882	0	0	882
3032797	-1	-1	0	0	0	0	0
3040788	5495680	-1	655360	954	0	0	954
3048788	-1	-1	0	0	0	0	0
3056787	4789592	-1	710656	1187	0	0	1187
3064800	-1	-1	0	0	0	0	0
3072791	2785696	-1	276480	794	0	0	794
3080799	4802488	-1	602112	1003	0	0	1003
3088796	-1	-1	0	0	0	0	0
3096794	3410128	-1	272384	639	0	0	639
3104797	5255624	-1	540672	823	0	0	823
3112789	-1	-1	0	0	0	0	0
3120797	4695536	-1	477184	813	0	0	813
3128795	-1	-1	0	0	0	0	0
3136784	5949144	-1	765952	1030	0	0	1030
3144799	-1	-1	0	0	0	0	0
3152794	6491496	-1	449536	554	0	0	554
3160792	1696744	-1	291840	1376	0	0	1376
3168789	3592416	-1	497999	1109	0	0	1109
3176792	4398704	-1	476160	866	0	0	866
3184784	4372448	-1	882688	1615	0	0	1615
3192788	-1	-1	0	0	0	0	0
3200788	2396512	-1	470016	1569	0	0	1569
3208790	5957200	-1	898048	1206	0	0	1206
3216799	-1	-1	0	0	0	0	0
3224791	6242416	-1	340992	437	0	0	500
3232785	3714224	-1	293888	633	0	0	633
3240790	5294616	-1	628736	950	0	0	950
3248790	-1	-1	0	0	0	0	0
3256790	4795320	-1	270336	451	0	0	491
3264790	3393136	-1	286720	676	0	0	676
3272785	5731032	-1	348160	486	0	0	496
3280788	4825512	-1	782336	1297	0	0	1297
3288790	-1	-1	0	0	0	0	0
3296784	5786352	-1	741376	1025	0	0	1025
3304787	-1	-1	0	0	0	0	0
3312790	5648696	-1	1039360	1472	0	0	1472
3320784	-1	-1	0	0	0	0	0
3328786	5576864	-1	362496	520	0	0	520
3336786	3662704	-1	553984	1210	0	0	1210
3344784	6631616	-1	574464	693	0	0	693
3352784	4491736	-1	679936	1211	0	0	1211
3360788	5667928	-1	646144	912	0	0	912
3368785	5085128	-1	410624	646	0	0	646
3376787	3108344	-1	744448	1916	0	0	1916
3384789	8460384	-1	677888	641	0	0	641
3392785	7023104	-1	738304	841	0	0	841
3400788	5568784	-1	513024	737	0	0	737
3408788	3837168	-1	736256	1535	0	0	1535
3416786	-1	-1	0	0	0	0	0
3424785	4349400	-1	588800	1083	0	0	1083
3432788	7907288	-1	625664	633	0	0	633
3440784	5518824	-1	917504	1330	0	0	1330
3448785	-1	-1	0	0	0	0	0
3456787	6083264	-1	641024	843	0	0	843
3464787	5985176	-1	916480	1225	0	0	1225
3472787	-1	-1	0	0	0	0	0
3480784	7463632	-1	891904	956	0	0	956
3488787	6914168	-1	714752	827	0	0	827
3496786	6874224	-1	1356800	1579	0	0	1579
3504784	-1	-1	0	0	0	0	0
3512786	3172568	-1	710656	1792	0	0	1792
3520785	-1	-1	0	0	0	0	0
3528786	2960304	-1	444416	1201	0	0	1201
3536785	5911096	-1	509832	690	0	0	690
3544784	3821920	-1	514048	1076	0	0	1076
3552785	2339536	-1	330752	1131	0	0	1131
3560786	3484064	-1	361472	830	0	0	830
3568786	4348664	-1	625664	1151	0	0	1151
3576785	-1	-1	0	0	0	0	0
3584786	3094752	-1	313344	810	0	0	810
3592786	5366728	-1	425984	635	0	0	635
3600785	2216992	-1	396288	1430	0	0	1430
3608784	3449264	-1	532480	1235	0	0	1235
3616796	5015080	-1	483328	771	0	0	771
3624788	6176304	-1	489472	634	0	0	634
3632790	5703440	-1	490496	688	0	0	688
3640786	3894224	-1	395264	812	0	0	812
3648785	3395032	-1	411648	970	0	0	970
3656791	6592880	-1	481280	584	0	0	584
3664785	5250056	-1	449536	685	0	0	685
3672797	7141056	-1	542720	608	0	0	620
3680787	4389880	-1	489472	892	0	0	892
3688785	4519504	-1	732160	1296	0	0	1296
3696799	-1	-1	0	0	0	0	0
3704786	5284416	-1	468992	710	0	0	710
3712797	4029248	-1	339968	675	0	0	675
3720797	4355904	-1	677888	1245	0	0	1245
3728787	-1	-1	0	0	0	0	0
3736786	1308104	-1	245760	1503	0	0	1503
3744785	3542064	-1	232448	525	0	0	525
3752786	4772240	-1	697344	1169	0	0	1169
3760788	-1	-1	0	0	0	0	0
3768785	4548656	-1	632832	1113	0	0	1113
3776787	-1	-1	0	0	0	0	0
3784785	4804096	-1	628736	1047	0	0	1047
3792799	-1	-1	0	0	0	0	0
3800785	6803048	-1	983040	1156	0	0	1156
3808788	-1	-1	0	0	0	0	0
3816786	5844376	-1	848896	1162	0	0	1162
3824786	-1	-1	0	0	0	0	0
3832787	5367504	-1	566272	844	0	0	844
3840785	-1	-1	0	0	0	0	0
3848785	4912744	-1	409600	667	0	0	667
3856785	3342072	-1	524288	1255	0	0	1255
3864784	-1	-1	0	0	0	0	0
3872786	5808232	-1	845824	1165	0	0	1165
3880798	-1	-1	0	0	0	0	0
3888790	4539232	-1	739328	1303	0	0	1303
3894785	-1	-1	0	0	0	0	0
3898793	2307040	-1	194945	676	0	0	676
3903789	2073112	-1	232448	897	0	0	897
3911798	6103200	-1	765952	1004	0	0	1004
3919791	-1	-1	0	0	0	0	0
3927784	5563488	-1	483328	695	0	0	695
3935792	5952160	-1	587776	790	0	0	790
3943786	4847208	-1	452608	747	0	0	747
3951784	6988576	-1	493568	565	0	0	565
3959790	6701152	-1	446464	533	0	0	533
3967789	5926880	-1	517120	698	0	0	698
3975790	8011800	-1	591872	591	0	0	591
3983790	5826704	-1	517120	710	0	0	710
3991790	4209096	-1	438272	833	0	0	833
3999790	5125048	-1	650240	1015	0	0	1015
4007790	-1	-1	0	0	0	0	0
4015789	3956080	-1	738304	1493	0	0	1493
4023787	-1	-1	0	0	0	0	0
4031791	5581152	-1	906240	1299	0	0	1299
4039787	-1	-1	0	0	0	0	0
4047791	5619392	-1	1140736	1624	0	0	1624
4055784	-1	-1	0	0	0	0	0
4063785	4889024	-1	650240	1064	0	0	1064
4071785	7347464	-1	445440	485	0	0	507
4079790	6900184	-1	448512	520	0	0	520
4087784	4353584	-1	614400	1129	0	0	1129
4095789	-1	-1	0	0	0	0	0
4103789	7554440	-1	643072	681	0	0	681
4111784	7547448	-1	743424	788	0	0	788
4119784	6735296	-1	440320	523	0	0	523
4127789	4663136	-1	416768	715	0	0	715
4135788	4739080	-1	418816	707	0	0	707
4143785	1259176	-1	350208	2225	0	0	2225
4151787	6487624	-1	1208320	1490	0	0	1490
4159787	-1	-1	0	0	0	0	0
4167785	5919768	-1	608256	822	0	0	822
4175788	6303504	-1	505856	642	0	0	642
4183784	5132168	-1	755712	1178	0	0	1178
4191787	-1	-1	0	0	0	0	0
4199784	5387528	-1	448512	666	0	0	666
4207785	8493264	-1	750592	707	0	0	707
4215788	11441720	-1	1038336	726	0	0	726
4223787	7610704	-1	723968	761	0	0	761
4231787	7136232	-1	747520	838	0	0	838
4239785	10749792	-1	933888	695	0	0	695
4247787	7919632	-1	774144	782	0	0	782
4255788	8161736	-1	828416	812	0	0	812
4263787	7856976	-1	782751	797	0	0	797
4271787	4276600	-1	606208	1134	0	0	1134
4279785	7379264	-1	818176	887	0	0	887
4287787	9621560	-1	792576	659	0	0	659
4295785	6540984	-1	636928	779	0	0	779
4303787	8681488	-1	962560	887	0	0	887
4311786	7585184	-1	640000	675	0	0	675
4319792	6653504	-1	681984	820	0	0	820
4327786	7631048	-1	738304	774	0	0	774
4335786	5597864	-1	503808	720	0	0	720
4343787	5561272	-1	588800	847	0	0	847
4351785	6991256	-1	1275904	1460	0	0	1460
4359786	-1	-1	0	0	0	0	0
4367785	10023880	-1	997376	796	0	0	796
4375791	9601264	-1	969728	808	0	0	808
4383784	4057768	-1	815104	1607	0	0	1607
4391790	-1	-1	0	0	0	0	0
4399784	6240304	-1	497664	638	0	0	638
4407785	7348704	-1	812032	884	0	0	884
4415785	10522272	-1	897024	682	0	0	682
4423784	7927744	-1	706560	713	0	0	713
4431785	6814584	-1	481280	565	0	0	565
4439786	3873208	-1	231424	478	0	0	518
4447786	5722296	-1	726016	1015	0	0	1015
4455795	-1	-1	0	0	0	0	0
4463785	4550392	-1	722944	1271	0	0	1271
4471795	-1	-1	0	0	0	0	0
4479785	4495448	-1	679936	1210	0	0	1210
4487794	-1	-1	0	0	0	0	0
4495785	7967560	-1	727040	730	0	0	730
4503785	3915136	-1	565248	1155	0	0	1155
4511785	-1	-1	0	0	0	0	0
4519784	6267248	-1	950272	1213	0	0	1213
4527786	-1	-1	0	0	0	0	0
4535785	6094048	-1	624640	820	0	0	820
4543790	5956768	-1	529408	711	0	0	711
4551791	6231416	-1	1021952	1312	0	0	1312
4559784	-1	-1	0	0	0	0	0
4567789	7893120	-1	594944	603	0	0	603
4575795	3888496	-1	700416	1441	0	0	1441
4583792	-1	-1	0	0	0	0	0
4591789	6167008	-1	891904	1157	0	0	1157
4599785	-1	-1	0	0	0	0	0
4607784	5090056	-1	435200	684	0	0	684
4615787	4719304	-1	379904	644	0	0	644
4623785	4721152	-1	879904	1491	0	0	1491
4631792	-1	-1	0	0	0	0	0
4639788	4055448	-1	563200	1111	0	0	1111
4647792	4834784	-1	492544	815	0	0	815
4655788	5493176	-1	471040	686	0	0	686
4663787	4723312	-1	393216	666	0	0	666
4671791	5399144	-1	977920	1449	0	0	1449
4679788	-1	-1	0	0	0	0	0
4687788	5876872	-1	439296	598	0	0	598
4695788	4009176	-1	543744	1085	0	0	1085
4703788	-1	-1	0	0	0	0	0
4710796	4848808	-1	418816	691	0	0	691
4714801	-1	-1	0	0	0	0	0
4718796	3089088	-1	347136	899	0	0	899
4726795	-1	-1	0	0	0	0	0
4734808	5245328	-1	439296	670	0	0	670
4742799	-1	-1	0	0	0	0	0
4750803	6115056	-1	865280	1132	0	0	1132
4758796	-1	-1	0	0	0	0	0
4766796	8959560	-1	657408	587	0	0	587
4774796	7963440	-1	677888	681	0	0	696
4782795	6962592	-1	585728	673	0	0	673
4790801	4760856	-1	410624	690	0	0	690
4798799	-1	-1	0	0	0	0	0
4806800	4083280	-1	328704	644	0	0	644
4814800	-1	-1	0	0	0	0	0
4822796	4810888	-1	547840	911	0	0	911
4830789	-1	-1	0	0	0	0	0
