12496	6083024	-1	3039232	3997	0	0	3997
21485	-1	-1	0	0	0	0	0
30496	2951504	-1	812032	2201	0	0	2201
35491	-1	-1	0	0	0	0	0
44494	2468416	-1	257024	833	0	0	833
53495	526072	-1	212992	3239	0	0	3443
55486	2733504	-1	657408	1924	0	0	1924
64480	-1	-1	0	0	0	0	0
73481	6555936	104456	574464	701	925696	70893	747
80480	-1	1270520	0	0	1121280	7060	0
89481	2069992	-1	409600	1583	26624	142	1583
98480	-1	-1	0	0	0	0	0
106482	2433904	-1	389120	1279	0	0	1279
112483	-1	-1	0	0	0	0	0
120483	2316392	-1	448512	1549	0	0	1549
129480	-1	-1	0	0	0	0	0
138484	4726152	-1	414720	702	0	0	752
144484	-1	-1	0	0	0	0	0
152484	6359136	-1	582656	733	0	0	733
155484	-1	-1	0	0	0	0	0
164485	3921504	59424	437248	892	622592	83819	927
172484	-1	1599552	0	0	1610752	8056	0
178481	-1	1826584	0	0	1368064	5991	0
184487	-1	1933680	0	0	1299456	5376	0
193488	-1	-1	0	0	0	0	0
202488	-1	-1	0	0	0	0	0
211490	-1	-1	0	0	0	0	0
218482	-1	-1	0	0	0	0	0
224486	-1	-1	0	0	0	0	0
255144	4495400	-1	625984	1114	0	0	1114
256136	-1	-1	0	0	0	0	0
265143	-1	-1	0	0	0	0	0
271142	-1	-1	0	0	0	0	0
280139	-1	-1	0	0	0	0	0
290145	-1	-1	0	0	0	0	0
299145	-1	-1	0	0	0	0	0
306134	-1	-1	0	0	0	0	0
315138	-1	-1	0	0	0	0	0
322144	1090376	-1	433152	3178	63488	89747	3178
331146	-1	132344	0	0	136192	8232	0
341141	1396632	148832	243712	1396	185344	9962	1396
350135	-1	154344	0	0	189440	9819	0
359134	2880568	164440	242688	674	166912	8120	674
366135	-1	-1	15360	28	129024	7882	28
375134	-1	188016	0	0	197632	8409	0
377144	-1	-1	0	0	46080	1816	0
383136	-1	186608	90112	180	136192	5838	280
391135	5474184	184424	290816	425	189440	8217	425
400136	-1	176496	0	0	214016	9700	0
409134	-1	233160	0	0	247808	8502	0
418137	1598808	186784	430080	2152	222208	9517	2152
425136	-1	258032	0	0	194560	6032	0
433136	5975808	217512	618496	828	219136	8059	914
442134	-1	214048	0	0	265216	9912	0
451140	-1	246232	0	0	276480	8982	0
459140	-1	268488	0	0	241664	7200	0
467137	3416072	147008	637952	1494	143360	7801	1494
474142	-1	193656	0	0	193536	7995	0
480134	-1	193880	0	0	145408	5999	0
488141	-1	242480	0	0	242688	8006	0
497138	-1	278024	0	0	279552	8044	0
503138	-1	231880	0	0	188416	6500	0
512134	3527280	249496	596992	1354	294912	9456	1354
521145	-1	297424	0	0	304128	8180	0
530137	-1	255192	0	0	313344	9822	0
531139	-1	-1	0	0	40960	207	0
540138	-1	261584	0	0	319488	9770	0
549139	-1	332936	0	0	355328	8537	0
558140	-1	270768	0	0	316416	9348	0
567134	-1	384480	0	0	407552	8480	0
576135	-1	295056	0	0	355328	9634	0
584136	-1	293600	0	0	229376	6249	0
591149	2292352	347592	333824	1165	347136	7989	1165
598154	-1	297992	0	0	289792	7779	0
607141	-1	351776	0	0	381952	8686	0
616150	-1	325480	0	0	377856	9287	0
625155	-1	415576	0	0	423936	8160	0
630137	-1	357384	0	0	184320	4125	0
635135	-1	377608	0	0	281600	5965	0
642134	-1	328808	0	0	318464	7748	0
651161	-1	442448	0	0	454656	8220	0
659136	-1	302416	0	0	287744	7611	0
665140	-1	421872	0	0	303104	5747	0
671140	-1	397288	0	0	308224	6206	0
680140	-1	361312	0	0	434176	9613	0
686140	-1	429960	0	0	322560	6001	0
694142	-1	422728	0	0	419840	7945	0
698135	-1	437136	0	0	222208	4066	0
708135	-1	449192	0	0	561152	9993	0
712140	-1	461560	0	0	230400	3993	0
721135	-1	541280	0	0	567296	8384	0
726137	-1	362624	0	0	253952	5602	0
733143	-1	603616	0	0	466944	6188	0
737140	-1	467752	0	0	244736	4185	0
746168	-1	425544	0	0	513024	9644	0
754143	-1	597216	0	0	490496	6570	0
763145	-1	537072	0	0	646144	9624	0
772134	-1	443416	0	0	543744	9810	0
781142	-1	621000	0	0	644096	8297	0
790136	-1	449064	0	0	544768	9704	0
792133	-1	526656	0	0	132096	2006	0
801134	-1	634072	0	0	644096	8126	0
810134	-1	522976	0	0	528384	8082	0
819134	-1	522568	0	0	660480	10111	0
828136	-1	535328	0	0	528384	7896	0
831134	-1	508808	0	0	264192	4153	0
840135	-1	453528	0	0	544768	9609	0
849135	-1	627792	0	0	644096	8207	0
857136	-1	517728	0	0	528384	8164	0
866135	-1	453056	0	0	544768	9619	0
875139	-1	623992	0	0	644096	8257	0
882139	-1	425560	0	0	412672	7757	0
887140	-1	-1	0	0	44032	76	0
896139	-1	326384	0	0	544768	13352	0
905140	-1	629712	0	0	644096	8182	0
914136	-1	516960	0	0	528384	8176	0
923142	-1	533792	0	0	660480	9898	0
932141	-1	447248	0	0	544768	9744	0
941165	-1	609240	0	0	644096	8457	0
949144	-1	544440	0	0	528384	7764	0
959140	-1	521744	0	0	654336	10033	0
961145	-1	484536	0	0	132096	2180	0
969134	-1	540360	0	0	528384	7822	0
975139	-1	526912	0	0	396288	6016	0
980142	-1	520288	0	0	264192	4062	0
987148	-1	538888	0	0	528384	7844	0
995136	-1	530256	0	0	528384	7971	0
1003148	-1	522936	0	0	528384	8083	0
1011149	-1	522944	0	0	528384	8083	0
1019147	-1	525976	0	0	528384	8036	0
1027145	-1	527920	0	0	528384	8007	0
1035134	-1	538152	0	0	528384	7854	0
1041140	-1	523600	0	0	396288	6054	0
1051133	-1	528952	0	0	660480	9989	0
1056135	-1	517456	0	0	264192	4084	0
1065135	-1	529624	0	0	660480	9976	0
1068135	-1	561312	0	0	132096	1882	0
1076136	-1	522448	0	0	528384	8090	0
1084135	-1	449656	0	0	544768	9692	0
1088136	-1	720872	0	0	247808	2750	0
1097134	-1	548792	0	0	660480	9628	0
1105138	-1	540504	0	0	528384	7820	0
1112134	-1	515056	0	0	396288	6155	0
1121139	-1	452368	0	0	545792	9652	0
1127137	-1	373008	0	0	264192	5666	0
1133140	-1	508440	0	0	396288	6235	0
1142140	-1	552976	0	0	528384	7644	0
1149142	-1	527576	0	0	528384	8012	0
1156135	-1	521632	0	0	396288	6077	0
1165136	-1	517792	0	0	660480	10204	0
1170134	-1	568048	0	0	264192	3720	0
1175137	-1	517376	0	0	396288	6127	0
1184144	-1	534032	0	0	528384	7915	0
1193136	-1	480416	0	0	643072	10708	0
1202134	-1	606064	0	0	545792	7204	0
1206142	-1	520504	0	0	264192	4060	0
1215146	-1	511040	0	0	660480	10339	0
1217140	-1	568304	0	0	132096	1859	0
1226136	-1	522312	0	0	528384	8092	0
1230134	-1	391096	0	0	264192	5404	0
1239141	-1	637264	0	0	656384	8240	0
1243143	-1	499952	0	0	264192	4227	0
1252135	-1	454912	0	0	542720	9544	0
1261135	-1	606360	0	0	646144	8524	0
1270135	-1	504168	0	0	515072	8172	0
1279134	-1	553776	0	0	660480	9541	0
1282135	-1	478936	0	0	132096	2206	0
1291135	-1	527344	0	0	660480	10019	0
1300134	-1	496664	0	0	528384	8510	0
1309137	-1	568944	0	0	660480	9287	0
1312137	-1	512080	0	0	132096	2063	0
1321138	-1	509632	0	0	660480	10367	0
1328135	-1	572032	0	0	396288	5542	0
1332134	-1	370064	0	0	266240	5755	0
1341134	-1	636872	0	0	654336	8219	0
1350138	-1	435792	0	0	530432	9737	0
1355137	-1	743064	0	0	394240	4244	0
1363139	-1	507248	0	0	388096	6120	0
1365135	-1	283440	0	0	132096	3728	0
1374134	-1	540256	0	0	528384	7824	0
1383142	-1	721592	0	0	966656	10716	0
1390134	-1	1770048	0	0	1534976	6937	0
1397139	-1	2044320	0	0	1794048	7020	0
1406136	-1	1856760	0	0	2092032	9013	0
1410137	-1	1954376	0	0	975872	3994	0
1416143	-1	2198416	0	0	1413120	5142	-1
1424146	-1	-1	0	0	0	0	-1
1433147	-1	416216	0	0	660480	12694	-1
1442140	-1	543544	0	0	528384	7776	-1
1446147	-1	494464	0	0	264192	4274	-1
1455136	-1	542384	0	0	660480	9741	-1
1464142	-1	515056	0	0	528384	8206	-1
1473134	-1	480416	0	0	600064	9992	-1
1482145	-1	441456	0	0	527360	9556	-1
1488135	-1	517800	0	0	388096	5996	-1
1497134	-1	626560	0	0	646144	8249	-1
1499135	-1	530136	0	0	132096	1993	-1
1508134	-1	444072	0	0	541696	9758	-1
1515136	-1	661016	0	0	515072	6233	-1
1524136	-1	442816	0	0	540672	9767	-1
1528134	-1	519664	0	0	257024	3956	-1
1537136	-1	623616	0	0	655360	8407	-1
1546137	-1	533264	0	0	528384	7926	-1
1547137	-1	450064	0	0	132096	2348	-1
1556135	-1	532664	0	0	528384	7935	-1
1562135	-1	546568	0	0	396288	5800	-1
1571138	-1	513128	0	0	660480	10297	-1
1580136	-1	524352	0	0	519168	7920	-1
1589136	-1	531568	0	0	660480	9940	-1
1596136	-1	534984	0	0	396288	5925	-1
1601135	-1	545488	0	0	396288	5811	-1
1608136	-1	455328	0	0	393216	6908	-1
1613135	-1	563776	0	0	354304	5027	-1
1622140	-1	-1	0	0	0	0	-1
1630140	-1	-1	0	0	0	0	-1
1637143	-1	-1	0	0	0	0	-1
1642135	-1	-1	0	0	0	0	-1
1651144	-1	-1	0	0	0	0	-1
1660146	-1	-1	0	0	0	0	-1
1669145	-1	-1	0	0	0	0	-1
1678148	-1	-1	0	0	0	0	-1
1681139	-1	-1	0	0	0	0	-1
1690140	-1	-1	0	0	0	0	-1
1698141	-1	-1	0	0	0	0	-1
1702134	-1	-1	0	0	0	0	-1
1711143	-1	-1	0	0	0	0	-1
1715135	-1	-1	0	0	0	0	-1
1724149	-1	-1	0	0	0	0	-1
1729135	-1	30512	0	0	438272	114919	-1
1738136	-1	-1	0	0	0	0	-1
1744136	-1	-1	0	0	0	0	-1
1753137	-1	-1	0	0	0	0	-1
1763137	-1	-1	0	0	0	0	-1
1771137	-1	-1	0	0	0	0	-1
1781134	-1	-1	0	0	0	0	-1
1790139	-1	-1	0	0	0	0	-1
1797141	-1	-1	0	0	0	0	-1
1806137	-1	-1	0	0	0	0	-1
1815135	-1	-1	0	0	0	0	-1
1824135	-1	-1	0	0	0	0	-1
1833139	-1	-1	0	0	0	0	-1
1842141	-1	-1	0	0	0	0	-1
1845140	-1	-1	0	0	0	0	-1
1853139	-1	-1	0	0	0	0	-1
1855134	-1	-1	0	0	0	0	-1
1864144	-1	-1	0	0	0	0	-1
1868140	-1	-1	0	0	0	0	-1
1876140	-1	-1	0	0	0	0	-1
1885143	-1	-1	0	0	0	0	-1
1889145	-1	-1	0	0	0	0	-1
1898135	-1	-1	0	0	0	0	-1
1907144	-1	-1	0	0	0	0	-1
1912133	-1	-1	0	0	0	0	-1
1921135	-1	-1	0	0	0	0	-1
1930140	-1	-1	0	0	0	0	-1
1938138	-1	-1	0	0	0	0	-1
1946138	-1	-1	0	0	0	0	-1
1948149	-1	-1	0	0	0	0	-1
1957135	-1	-1	0	0	0	0	-1
1963135	-1	-1	0	0	0	0	-1
1972135	-1	-1	0	0	0	0	-1
1974136	-1	-1	0	0	0	0	-1
1983135	-1	-1	0	0	0	0	-1
1991134	-1	-1	0	0	0	0	-1
2000134	-1	-1	0	0	0	0	-1
2009137	-1	-1	0	0	0	0	-1
2018134	-1	-1	0	0	0	0	-1
2022138	-1	-1	0	0	0	0	-1
2031134	-1	-1	0	0	0	0	-1
2041137	-1	-1	0	0	0	0	-1
2048134	-1	-1	0	0	0	0	-1
2058138	-1	-1	0	0	0	0	-1
2064137	-1	-1	0	0	0	0	-1
2081021	5736048	-1	1425408	1988	0	0	1988
2090027	-1	-1	62464	43	0	0	43
2097023	-1	-1	0	0	0	0	0
2103028	-1	-1	0	0	0	0	0
2112028	-1	-1	0	0	0	0	0
2121029	-1	-1	0	0	0	0	0
2130022	-1	-1	0	0	0	0	0
2137027	-1	-1	0	0	0	0	0
2146035	-1	-1	0	0	0	0	0
2150026	-1	-1	0	0	0	0	0
2159032	-1	-1	0	0	0	0	0
2167028	-1	-1	0	0	0	0	0
2176028	-1	-1	0	0	0	0	0
2185032	-1	-1	0	0	0	0	0
2194031	-1	-1	0	0	0	0	0
2198032	-1	-1	0	0	0	0	0
2205029	-1	-1	0	0	0	0	0
2214024	-1	-1	0	0	0	0	0
2223022	-1	-1	0	0	0	0	0
2227023	-1	-1	0	0	118784	151795	0
2236022	-1	352928	0	0	388096	8797	0
2244023	-1	141512	0	0	145408	8220	0
2252023	-1	1157528	0	0	1157120	7997	0
2260022	-1	1201192	0	0	1200128	7992	0
2263023	-1	1272704	0	0	475136	2986	0
2272024	-1	1280520	0	0	1442816	9013	0
2281026	-1	1296168	0	0	1437696	8873	0
2290026	-1	1361936	0	0	771072	4529	0
2291026	-1	-1	0	0	0	0	0
2300027	-1	-1	0	0	0	0	0
2309027	-1	-1	0	0	0	0	0
2318021	-1	-1	0	0	0	0	0
2327029	-1	-1	0	0	0	0	0
2336023	-1	-1	0	0	0	0	0
2345030	-1	-1	0	0	0	0	0
2348030	-1	-1	0	0	0	0	0
2357030	-1	-1	0	0	0	0	0
2366027	-1	-1	0	0	0	0	0
2370030	-1	-1	0	0	0	0	0
2376029	-1	-1	0	0	0	0	0
2384029	-1	-1	0	0	0	0	0
2393030	-1	-1	0	0	0	0	0
2403033	-1	-1	0	0	0	0	0
2412024	-1	-1	0	0	0	0	0
2415022	-1	-1	0	0	0	0	0
2424031	-1	-1	0	0	0	0	0
2432024	-1	-1	0	0	0	0	0
2437027	-1	-1	0	0	0	0	0
2443021	-1	-1	0	0	0	0	0
2452022	-1	-1	0	0	0	0	0
2458022	-1	-1	0	0	0	0	0
2467023	-1	-1	0	0	0	0	0
2472023	-1	8256	0	0	192512	186581	0
2481021	-1	810248	0	0	912384	9008	0
2490021	-1	1458480	0	0	1632256	8953	0
2499023	-1	1578240	0	0	1342464	6804	0
2506023	-1	-1	0	0	0	0	0
2515024	-1	-1	0	0	0	0	0
2524024	-1	-1	0	0	0	0	0
2530022	-1	-1	0	0	0	0	0
2539025	-1	-1	0	0	0	0	0
2544026	-1	-1	0	0	0	0	0
2553023	-1	-1	0	0	0	0	0
2560023	-1	-1	0	0	0	0	0
2569028	1210120	-1	444416	2938	0	0	2938
2570029	-1	-1	0	0	0	0	0
2579029	2573152	-1	814080	2531	0	0	2531
2588026	-1	-1	0	0	0	0	0
2597031	3490392	-1	823296	1887	0	0	1887
2606031	-1	-1	0	0	0	0	0
2615028	-1	-1	0	0	0	0	0
2618032	-1	-1	0	0	0	0	0
2627023	2588432	-1	1270920	3928	0	0	3928
2637026	-1	-1	0	0	0	0	0
2646034	-1	-1	0	0	0	0	0
2655035	-1	-1	0	0	0	0	0
2661035	3779936	-1	1206272	2553	0	0	2553
2670034	-1	-1	0	0	0	0	0
2679034	1966864	-1	819200	3332	0	0	3332
2688022	-1	-1	0	0	0	0	0
2696022	3861704	-1	700416	1451	0	0	1451
2703022	-1	-1	0	0	0	0	0
2712022	-1	-1	0	0	0	0	0
2721022	3594392	-1	1240064	2760	0	0	2760
2722023	-1	-1	0	0	0	0	0
2731023	-1	-1	0	0	0	0	0
2740025	3385048	-1	1082368	2558	0	0	2558
2749025	-1	-1	0	0	0	0	0
2758025	-1	-1	0	0	0	0	0
2767025	-1	-1	0	0	0	0	0
2776027	8933872	-1	1455104	1303	0	0	1350
2785027	-1	-1	0	0	0	0	0
2794026	730304	-1	499712	5474	0	0	5477
2803029	6202512	-1	271360	350	0	0	350
2812030	3483344	-1	870400	1999	0	0	1999
2817028	-1	-1	0	0	0	0	0
2826025	1227776	-1	552960	3603	0	0	3603
2835029	-1	-1	0	0	0	0	0
2844023	-1	-1	0	0	0	0	0
2853030	5017248	-1	724992	1156	0	0	1156
2856027	-1	-1	0	0	0	0	0
2865030	-1	-1	0	0	0	0	0
2872034	3239544	-1	641024	1583	0	0	1583
2881029	3179960	-1	497664	1252	0	0	1252
2884032	-1	-1	0	0	0	0	0
2893023	-1	-1	0	0	0	0	0
2902027	1501488	-1	615424	3279	0	0	3279
2909031	-1	-1	0	0	0	0	0
2918021	-1	-1	0	0	0	0	0
2923023	-1	-1	0	0	0	0	0
2932021	3770040	-1	1664000	3531	0	0	3531
2939022	-1	-1	0	0	0	0	0
2949022	3020168	-1	1737728	4603	0	0	4603
2958023	-1	-1	0	0	0	0	0
2965023	3201296	-1	1068032	2669	0	0	2669
2974024	-1	-1	0	0	0	0	0
2983026	-1	-1	0	0	0	0	0
2990026	-1	-1	0	0	0	0	0
3017299	7819328	-1	1181696	1209	0	0	2568
3026295	-1	-1	0	0	0	0	0
3034297	-1	-1	0	0	0	0	0
3036295	-1	-1	0	0	0	0	0
3044296	-1	-1	0	0	0	0	0
3053297	-1	-1	0	0	0	0	0
3063295	1129408	-1	460800	3264	0	0	3264
3070297	-1	-1	0	0	0	0	0
3079300	2908400	-1	860160	2366	0	0	2366
3085301	-1	-1	0	0	0	0	0
3093299	8562592	-1	1348608	1260	0	0	1260
3102300	-1	-1	0	0	0	0	0
3104297	-1	-1	0	0	0	0	0
3113296	3998824	-1	842752	1686	0	0	1686
3117295	7914304	-1	350208	354	0	0	354
3126302	-1	-1	0	0	0	0	0
3132303	-1	-1	0	0	0	0	0
3138295	7861864	-1	1048576	1067	0	0	1067
3142304	7278792	-1	277504	305	0	0	305
3151304	2887512	-1	735232	2037	0	0	2037
3154296	-1	-1	0	0	0	0	0
3163306	-1	-1	0	0	0	0	0
3173296	3100056	-1	452608	1168	0	0	1168
3182306	-1	-1	0	0	0	0	0
3188296	4065464	-1	954368	1878	0	0	1878
3196299	-1	-1	0	0	0	0	0
3205308	-1	-1	0	0	0	0	0
3210302	-1	-1	0	0	0	0	0
3219295	5929224	-1	1293312	1745	0	0	1745
3227299	-1	-1	0	0	0	0	0
3237296	-1	-1	0	0	0	0	0
3240297	-1	-1	0	0	0	0	0
3249296	4393272	-1	855040	1557	0	0	1557
3253295	-1	-1	0	0	0	0	0
3262296	-1	-1	0	0	0	0	0
3264297	-1	-1	0	0	0	0	0
3273297	801424	-1	544768	5438	0	0	5502
3282298	3647392	-1	1148928	2520	0	0	2520
3285296	-1	-1	0	0	0	0	0
3294298	-1	-1	0	0	0	0	0
3303296	-1	-1	0	0	0	0	0
3312299	4556616	-1	942080	1654	0	0	1654
3315299	-1	-1	0	0	0	0	0
3324300	-1	-1	0	0	0	0	0
3333301	3218144	-1	842752	2095	0	0	2095
3343300	-1	-1	0	0	0	0	0
3352300	4400920	-1	716800	1303	0	0	1303
3361303	-1	-1	0	0	0	0	0
3368302	3808144	-1	826368	1736	0	0	1736
3377301	-1	-1	0	0	0	0	0
3386300	8030488	-1	680584	678	0	0	678
3394305	-1	117000	0	0	180224	12323	0
3402307	-1	786280	0	0	788480	8022	0
3407307	-1	1348584	0	0	842752	4999	0
3412306	-1	1596960	0	0	999424	5006	0
3419296	-1	1643352	0	0	1436672	6993	0
3427299	-1	1713440	0	0	1691648	7898	0
3431296	-1	1864960	0	0	950272	4076	0
3437306	-1	1614864	0	0	1170432	5798	0
3444297	-1	-1	0	0	0	0	0
3452296	-1	-1	0	0	0	0	0
3461296	-1	-1	0	0	0	0	0
3467297	-1	-1	0	0	0	0	0
3474295	-1	-1	0	0	0	0	0
3479296	-1	-1	0	0	0	0	0
3488296	-1	-1	0	0	0	0	0
3497296	-1	-1	0	0	0	0	0
3499297	-1	-1	0	0	0	0	0
3508297	-1	-1	0	0	0	0	0
3514297	-1	-1	0	0	0	0	0
3522298	-1	-1	0	0	0	0	0
3530298	-1	-1	0	0	0	0	0
3538296	-1	-1	0	0	0	0	0
3545296	-1	-1	0	0	0	0	0
3553302	-1	-1	0	0	0	0	0
3561302	-1	-1	0	0	0	0	0
3570301	-1	-1	0	0	0	0	0
3578303	-1	-1	0	0	0	0	0
3587304	3217280	-1	819200	2037	0	0	2037
3592304	-1	-1	0	0	0	0	0
3601305	-1	-1	0	0	0	0	0
3610304	6927000	-1	930816	1075	0	0	1075
3613305	-1	-1	0	0	0	0	0
3620297	-1	-1	0	0	0	0	0
3627301	3040280	-1	687104	1808	0	0	1808
3636297	5668952	-1	549888	776	0	0	776
3640306	-1	-1	0	0	0	0	0
3648308	-1	-1	0	0	0	0	0
3657309	6912000	-1	746496	864	0	0	864
3666295	-1	-1	0	0	0	0	0
3670301	-1	-1	0	0	0	0	0
3679295	-1	-1	0	0	0	0	0
3686295	7080656	-1	1089536	1231	0	0	1231
3696304	-1	14536	0	0	471040	259197	0
3703296	-1	1169104	0	0	1026048	7021	0
3707295	-1	1562448	0	0	781312	4000	0
3716295	-1	1021936	0	0	1132544	8865	0
3718295	-1	1567008	0	0	405504	2070	0
3727297	-1	1764632	0	0	1978368	8968	0
3736297	-1	1734384	0	0	1952768	9007	0
3745298	-1	1782472	0	0	2012160	9030	0
3753299	-1	1970024	0	0	1958912	7954	0
3763298	-1	1973328	0	0	2463744	9988	0
3772303	-1	2169600	0	0	2414592	8903	0
3779296	-1	507928	0	0	447488	7048	0
3783299	-1	2114480	0	0	1052672	3982	0
3792302	-1	2227368	0	0	1177600	4229	0
3793296	-1	-1	0	0	0	0	0
3802302	-1	-1	0	0	0	0	0
3810303	-1	-1	0	0	0	0	0
3818299	-1	-1	0	0	0	0	0
3826296	-1	-1	0	0	0	0	0
3829296	-1	-1	0	0	0	0	0
3834304	-1	-1	0	0	0	0	0
3843304	-1	-1	0	0	0	0	0
3852304	-1	-1	0	0	0	0	0
3858300	-1	-1	0	0	0	0	0
3862296	-1	-1	0	0	0	0	0
3871307	-1	-1	0	0	0	0	0
3879308	-1	-1	0	0	0	0	0
3885300	-1	-1	0	0	0	0	0
3893296	-1	-1	0	0	0	0	0
3903297	-1	-1	0	0	0	0	0
3906298	-1	-1	0	0	0	0	0
3915296	-1	-1	0	0	0	0	0
3918295	-1	-1	0	0	0	0	0
3927310	-1	-1	0	0	0	0	0
3936296	-1	-1	0	0	0	0	0
3941295	-1	-1	0	0	0	0	0
3950296	-1	-1	0	0	0	0	0
3959297	-1	-1	0	0	0	0	0
3965298	-1	-1	0	0	0	0	0
3974297	-1	-1	0	0	0	0	0
3982299	-1	-1	0	0	0	0	0
3987299	-1	-1	0	0	0	0	0
3996300	-1	-1	0	0	0	0	0
4000300	-1	-1	0	0	0	0	0
4006296	-1	-1	0	0	0	0	0
4015300	-1	-1	0	0	0	0	0
4018300	-1	-1	0	0	0	0	0
4027302	-1	-1	0	0	0	0	0
4035298	-1	-1	0	0	0	0	0
4038303	-1	-1	0	0	0	0	0
4047299	-1	-1	0	0	0	0	0
4053304	-1	-1	0	0	0	0	0
4062297	-1	-1	0	0	0	0	0
4072296	-1	-1	0	0	0	0	0
4081306	-1	-1	0	0	0	0	0
4090298	-1	-1	0	0	0	0	0
4098306	-1	-1	0	0	0	0	0
4104307	-1	-1	0	0	0	0	0
4113299	-1	-1	0	0	0	0	0
4120301	-1	-1	0	0	0	0	0
4129295	-1	-1	0	0	0	0	0
4137295	-1	-1	0	0	0	0	0
4146297	-1	-1	0	0	0	0	0
4151296	-1	-1	0	0	0	0	0
4160295	-1	-1	0	0	0	0	0
4170296	-1	-1	0	0	0	0	0
4177296	-1	-1	0	0	0	0	0
4186296	-1	-1	0	0	0	0	0
4193297	1992208	-1	502784	2019	0	0	2019
4196298	-1	-1	0	0	0	0	0
4204299	-1	-1	0	0	0	0	0
4211299	2472984	-1	674816	2183	0	0	2183
4219297	-1	-1	0	0	0	0	0
4221299	-1	-1	0	0	0	0	0
4230300	3712312	-1	946176	2039	0	0	2039
4233300	-1	-1	0	0	0	0	0
4242296	-1	-1	0	0	0	0	0
4249301	2282824	-1	393216	1378	0	0	1378
4258295	5234696	-1	812032	1241	0	0	1241
4262303	11247744	-1	177152	126	0	0	126
4271303	-1	-1	0	0	0	0	0
4280301	-1	-1	0	0	0	0	0
4289301	1752256	-1	242688	1108	0	0	1193
4293305	5356304	-1	678912	1014	0	0	1014
4302305	-1	-1	0	0	0	0	0
4311298	2195288	-1	683008	2489	0	0	2489
4313299	-1	-1	0	0	0	0	0
4322307	7033232	-1	714752	813	0	0	813
4330301	-1	-1	0	0	0	0	0
4340304	-1	-1	0	0	0	0	0
4348296	-1	-1	0	0	0	0	0
4354301	3123928	-1	1347584	3451	0	0	3451
4362303	-1	-1	0	0	0	0	0
4371296	1940600	-1	804864	3318	0	0	3318
4380296	-1	-1	0	0	0	0	0
4387296	3241656	-1	547840	1352	0	0	1352
4396296	-1	-1	0	0	0	0	0
4405297	2716808	-1	602112	1773	0	0	1773
4414296	-1	-1	0	0	0	0	0
4424298	2171672	-1	714752	2633	0	0	2633
4432295	-1	-1	0	0	16384	644692	0
4442295	4178600	440272	440320	843	553984	10066	843
4450297	-1	647320	0	0	646144	7985	0
4456299	-1	1119880	0	0	842752	6020	0
4465296	-1	1406624	0	0	1571840	8939	0
4474302	-1	-1	0	0	40960	164	0
4483296	-1	-1	0	0	0	0	0
4491303	-1	-1	0	0	0	0	0
4500303	-1	-1	0	0	0	0	0
4503304	-1	-1	0	0	0	0	0
4512304	-1	-1	0	0	0	0	0
4519298	-1	-1	0	0	0	0	0
4527301	-1	-1	0	0	0	0	0
4536297	5499624	-1	784384	1141	0	0	1165
4545305	-1	-1	0	0	0	0	0
4553306	2647296	-1	574464	1736	0	0	1736
4560300	-1	-1	0	0	0	0	0
4566296	-1	-1	0	0	0	0	0
4569301	-1	-1	0	0	0	0	0
4578300	7500144	-1	1531904	1634	0	0	1634
4588308	-1	-1	0	0	0	0	0
4593295	-1	-1	0	0	0	0	0
4598296	-1	9312	0	0	154624	132794	0
4607296	5247824	778568	478208	729	878592	9027	729
4612296	-1	1319816	0	0	824320	4996	0
4621296	-1	-1	0	0	13312	154	-1
4629296	-1	-1	0	0	0	0	-1
4636296	-1	-1	0	0	0	0	-1
4643297	-1	-1	0	0	0	0	-1
4652298	2662160	-1	1127424	3388	0	0	-1
4661299	-1	-1	0	0	0	0	-1
4668298	6069528	-1	834560	1100	0	0	-1
4676300	-1	-1	0	0	0	0	-1
4684299	7116280	-1	1056768	1188	0	0	-1
4690301	-1	-1	0	0	0	0	-1
4699301	2076408	-1	898048	3460	0	0	-1
4705296	-1	-1	0	0	0	0	-1
4714296	-1	-1	0	0	0	0	-1
4720706	7457808	-1	1581056	1696	0	0	6919
4724695	-1	-1	0	0	0	0	0
4733705	-1	-1	0	0	0	0	0
4742704	-1	-1	0	0	0	0	0
4749698	-1	-1	0	0	0	0	0
4758692	-1	-1	0	0	0	0	0
4767693	-1	-1	0	0	0	0	0
4772693	-1	-1	0	0	32768	154756	0
4781691	-1	128992	0	0	159744	9907	0
4788692	-1	-1	0	0	128000	6061	0
4798693	6231240	158632	768000	986	198656	10018	986
4806694	-1	159648	0	0	169984	8517	0
4814691	-1	185680	0	0	179200	7720	0
4819693	-1	-1	0	0	93184	4195	0
4827695	4062968	188616	377856	744	225280	9554	744
4836696	-1	221024	0	0	223232	8079	0
4842695	5691848	217872	328704	462	160768	5903	462
4851691	-1	191336	0	0	239616	10018	0
4860695	-1	274840	0	0	274432	7988	0
4863698	-1	-1	0	0	101376	3991	0
4872699	-1	266656	0	0	268288	8049	0
4881695	-1	224976	0	0	279552	9940	0
4888700	-1	315840	0	0	246784	6250	0
4897696	-1	279024	0	0	340992	9776	0
4906696	6715328	289240	391168	466	150528	4163	466
4914693	-1	-1	0	0	0	0	0
4922699	2706856	-1	343432	1015	0	0	1015
4930699	-1	-1	0	0	0	0	0
4938696	5143976	-1	741376	1153	0	0	1153
4944696	-1	-1	0	0	0	0	0
4949695	1984256	-1	733184	2956	0	0	2956
4957694	-1	-1	0	0	0	0	0
4966691	3293528	-1	645120	1567	0	0	1567
4975692	-1	-1	0	0	0	0	0
4984691	-1	-1	0	0	0	0	0
4988694	-1	-1	0	0	0	0	0
4994692	3598024	-1	935936	2081	0	0	2081
5000691	-1	-1	24576	906	0	0	1019
5004693	1928360	-1	697344	2893	0	0	2893
5013693	-1	-1	0	0	0	0	0
5022692	4132408	-1	464896	900	0	0	900
5031692	-1	-1	0	0	0	0	0
5038693	4216888	-1	607232	1152	0	0	1152
5047695	-1	-1	0	0	0	0	0
5056695	2057264	-1	681984	2652	0	0	2652
5061695	-1	-1	0	0	0	0	0
5070696	4036144	-1	483328	958	0	0	958
5079692	-1	-1	0	0	0	0	0
5087697	7062896	-1	602112	682	0	0	682
5089695	-1	-1	0	0	0	0	0
5098691	3077472	-1	575488	1496	0	0	1496
5107698	-1	-1	0	0	0	0	0
5116692	-1	-1	0	0	0	0	0
5125699	-1	-1	0	0	0	0	0
5132694	2707160	-1	904192	2672	0	0	2672
5138692	-1	-1	0	0	0	0	0
5147698	2223024	-1	630784	2270	0	0	2270
5155693	-1	-1	0	0	0	0	0
5164701	5033192	-1	838656	1333	0	0	1333
5173699	-1	-1	0	0	0	0	0
5182698	3634704	-1	802816	1767	0	0	1767
5190695	-1	-1	0	0	0	0	0
5198703	3260840	-1	1213440	2977	0	0	2977
5208704	-1	-1	0	0	0	0	0
5217692	-1	-1	0	0	0	0	0
5224692	-1	-1	0	0	0	0	0
5233692	3931936	-1	1435648	2921	0	0	2921
5242692	-1	-1	0	0	0	0	0
5251694	2974752	-1	732160	1969	0	0	1969
5260695	-1	-1	0	0	0	0	0
5266694	8439496	-1	1396736	1324	0	0	1324
5275694	-1	-1	0	0	0	0	0
5284695	-1	-1	0	0	0	0	0
5285695	-1	-1	0	0	0	0	0
5294695	5955944	-1	1582048	2125	0	0	2125
5303695	-1	-1	0	0	0	0	0
5309697	-1	-1	0	0	0	0	0
5316698	-1	-1	0	0	0	0	0
5321697	7936240	-1	1048576	1057	0	0	1057
5330697	2422080	-1	425984	1407	0	0	1431
5334699	6007464	-1	720896	960	0	0	960
5343699	-1	-1	0	0	0	0	0
5352694	-1	-1	0	0	0	0	0
5358692	-1	-1	0	0	0	0	0
5367701	3388816	-1	1474560	3481	0	0	3481
5376702	-1	-1	0	0	0	0	0
5384702	2926264	-1	781312	2136	0	0	2136
5391694	-1	-1	0	0	0	0	0
5399700	3084584	-1	690176	1790	0	0	1790
5408704	-1	-1	0	0	0	0	0
5417705	2840928	-1	897024	2526	0	0	2526
5426691	-1	-1	0	0	0	0	0
5435697	3123600	-1	1394688	3572	79872	144868	3572
5444692	-1	-1	0	0	108544	7943	0
5453692	8145824	107152	903168	887	134144	10015	887
5462692	-1	-1	0	0	106496	7953	0
5471692	7508528	107504	798720	851	134144	9982	851
5480692	-1	-1	0	0	104448	8098	0
5489693	8538144	108472	985088	923	134144	9893	923
5498693	-1	-1	0	0	106496	8059	0
5507695	-1	108704	0	0	135168	9947	0
5516694	6429848	-1	489472	609	107520	8103	696
5521695	5853144	-1	499712	683	79872	5905	715
