13006	4258600	-1	4773888	8968	0	0	9005
26000	7082384	-1	11509760	13001	0	0	13001
34002	3939368	-1	3940352	8002	0	0	8002
42000	4413888	-1	3092480	5605	0	0	7998
115653	6865992	-1	2115584	2465	0	0	18741
124649	7937840	-1	1790976	1805	0	0	1805
130649	-1	-1	0	0	0	0	0
139655	8961272	-1	1801216	1608	0	0	1608
148648	-1	-1	0	0	0	0	0
156648	8346360	-1	2325504	2229	0	0	2229
166653	-1	-1	0	0	0	0	0
176646	-1	-1	0	0	0	0	0
185653	-1	-1	0	0	0	0	0
194649	8380768	-1	2636800	2517	0	0	2517
202651	-1	-1	0	0	0	0	0
210651	-1	-1	0	0	0	0	0
212647	-1	-1	0	0	0	0	0
220648	9333432	-1	2034688	1744	0	0	1744
226650	-1	-1	0	0	0	0	0
235651	8700088	-1	1139712	1048	0	0	1048
244651	-1	-1	0	0	0	0	0
253661	-1	-1	0	0	0	0	0
256653	-1	-1	0	0	0	0	0
265649	8334152	-1	1620992	1556	0	0	1556
274649	-1	-1	0	0	0	0	0
283650	8748080	-1	1320960	1208	0	0	1208
292650	-1	-1	0	0	0	0	0
301648	8708848	-1	1035264	951	0	0	951
310653	-1	-1	0	0	0	0	0
318647	-1	-1	0	0	0	0	0
325649	-1	-1	0	0	0	0	0
331650	8082232	-1	1432576	1418	0	0	1418
340648	-1	-1	0	0	0	0	0
349648	6796464	-1	1152000	1356	0	0	1356
358659	-1	-1	0	0	0	0	0
367648	8279944	-1	1253376	1211	0	0	1211
376647	-1	-1	0	0	0	0	0
385650	10023040	-1	1076224	859	0	0	859
394649	-1	-1	0	0	0	0	0
403647	7010784	-1	1378496	1573	0	0	1573
412647	-1	-1	0	0	0	0	0
421647	8427664	-1	1684480	1599	0	0	1599
430648	-1	-1	0	0	0	0	0
439649	8420040	-1	983040	934	0	0	934
448650	-1	-1	0	0	0	0	0
456647	7488136	-1	1296384	1385	0	0	1385
465648	-1	-1	0	0	0	0	0
474647	8052232	-1	1061888	1055	0	0	1055
483648	-1	-1	0	0	0	0	0
492647	8310056	-1	1297408	1249	0	0	1249
497647	-1	-1	0	0	0	0	0
506648	-1	-1	0	0	0	0	0
511648	-1	-1	0	0	0	0	0
519649	5877928	-1	1232896	1678	0	0	1678
527653	7724752	-1	1303552	1350	0	0	1350
530647	-1	-1	0	0	0	0	0
539649	-1	-1	0	0	0	0	0
548647	6547232	-1	631808	772	0	0	772
555647	-1	-1	0	0	0	0	0
564648	8902792	-1	1782784	1602	0	0	1602
573647	-1	-1	0	0	0	0	0
581647	-1	-1	0	0	0	0	0
590647	-1	-1	0	0	0	0	0
596648	7910952	-1	2536448	2565	0	0	2565
604646	-1	-1	0	0	0	0	0
610653	-1	-1	0	0	0	0	0
617651	8408848	-1	1429504	1360	0	0	1360
621648	11520000	-1	645120	448	0	0	448
627651	8740056	-1	1241088	1136	0	0	1136
631646	11337832	-1	904192	638	0	0	638
640647	-1	-1	0	0	0	0	0
649647	7312832	-1	2572288	2814	0	0	2814
658661	-1	-1	0	0	0	0	0
667646	9447672	-1	1764352	1494	0	0	1494
675646	-1	-1	0	0	0	0	0
684647	8515624	-1	1805312	1696	0	0	1696
693661	-1	-1	0	0	0	0	0
702650	8223504	-1	1069056	1040	0	0	1040
711647	-1	-1	0	0	0	0	0
720646	6892872	-1	657408	763	0	0	763
729646	-1	-1	0	0	0	0	0
738648	8892712	-1	1429504	1286	0	0	1286
745647	-1	-1	0	0	0	0	0
750660	-1	-1	0	0	0	0	0
759646	-1	-1	0	0	0	0	0
765654	8979696	-1	1400832	1248	0	0	1248
774654	6815416	-1	1213996	1425	0	0	1425
776652	-1	-1	0	0	0	0	0
785650	-1	-1	0	0	0	0	0
793660	6355344	-1	1963008	2471	0	0	2471
799652	-1	-1	0	0	0	0	0
807659	-1	-1	0	0	0	0	0
816652	6145496	-1	2100224	2734	0	0	2747
818652	5083664	-1	698368	1099	0	0	1099
827660	-1	-1	0	0	0	0	0
836653	6084464	-1	1909760	2511	0	0	2511
843652	-1	-1	0	0	0	0	0
852659	-1	-1	0	0	0	0	0
855659	-1	-1	0	0	0	0	0
864658	5677600	-1	2518016	3548	0	0	3548
873659	-1	-1	0	0	0	0	0
882660	6021808	-1	946176	1257	0	0	1257
891647	-1	-1	0	0	0	0	0
900654	6169904	-1	2012160	2609	0	0	2609
909656	-1	-1	0	0	0	0	0
918647	7553544	-1	2507776	2656	0	0	2656
922661	-1	-1	0	0	0	0	0
930659	-1	-1	0	0	0	0	0
938660	-1	-1	0	0	0	0	0
947651	6324424	-1	2045952	2588	0	0	2588
952647	-1	-1	0	0	0	0	0
962659	7292360	-1	1411072	1548	0	0	1548
971659	-1	-1	0	0	0	0	0
980657	4700328	-1	931840	1586	0	0	1586
989658	-1	-1	0	0	0	0	0
998661	3087056	-1	629760	1632	0	0	1632
1003656	-1	-1	0	0	0	0	0
1012656	5747584	-1	1740800	2423	0	0	2423
1021659	-1	-1	0	0	0	0	0
1030659	-1	-1	0	0	0	0	0
1032659	-1	-1	0	0	0	0	0
1041660	4988608	-1	612352	982	0	0	982
1050651	6222296	-1	773120	994	0	0	994
1053646	-1	-1	0	0	0	0	0
1062652	-1	-1	0	0	0	0	0
1069662	8294328	-1	1494016	1441	0	0	1441
1079659	-1	-1	0	0	0	0	0
1088659	7420776	-1	1251328	1349	0	0	1349
1097659	-1	-1	0	0	0	0	0
1105660	7354952	-1	1772544	1928	0	0	1928
1114661	-1	-1	0	0	0	0	0
1122652	-1	-1	0	0	0	0	0
1129657	-1	-1	0	0	0	0	0
1137651	8739864	-1	2696248	2468	0	0	2468
1146658	-1	-1	0	0	0	0	0
1151647	-1	-1	0	0	0	0	0
1160650	-1	-1	0	0	0	0	0
1166656	8801928	-1	1714176	1558	0	0	1558
1175652	8423488	-1	670720	637	0	0	724
1180657	8816584	-1	997376	905	0	0	905
1189651	7942352	-1	1400832	1411	0	0	1411
1191650	-1	-1	0	0	0	0	0
1200647	-1	-1	0	0	0	0	0
1208647	8412432	-1	2383872	2267	0	0	2267
1217658	-1	-1	0	0	0	0	0
1226657	-1	-1	0	0	0	0	0
1231657	-1	-1	0	0	0	0	0
1240658	7518160	-1	1599488	1702	0	0	1702
1247650	-1	-1	0	0	0	0	0
1256656	-1	-1	0	0	0	0	0
1260656	-1	-1	0	0	0	0	0
1266646	8557064	-1	1800192	1683	0	0	1683
1275655	-1	-1	0	0	0	0	0
1284656	8843912	-1	1472512	1332	0	0	1332
1293656	-1	-1	0	0	0	0	0
1302656	7538440	-1	1547264	1642	0	0	1642
1311656	-1	-1	0	0	0	0	0
1319650	-1	-1	0	0	0	0	0
1321655	-1	-1	0	0	0	0	0
1330650	8643528	-1	1234944	1143	0	0	1143
1336655	-1	-1	0	0	0	0	0
1345656	7273208	-1	1061888	1168	0	0	1168
1348656	-1	-1	0	0	0	0	0
1357646	6994624	-1	1321984	1512	0	0	1512
1366651	-1	-1	0	0	0	0	0
1375655	-1	-1	0	0	0	0	0
1384651	7619512	-1	1717248	1803	0	0	1803
1388655	5469224	-1	236544	346	0	0	346
1397656	-1	-1	0	0	0	0	0
1405654	6777864	-1	971776	1147	0	0	1147
1414654	-1	-1	0	0	0	0	0
1423661	4413424	-1	1480704	2684	0	0	2684
1433652	-1	-1	0	0	0	0	0
1442655	4635856	-1	1033216	1783	0	0	1783
1451653	-1	-1	0	0	0	0	0
1460655	4587520	-1	1304576	2275	0	0	2275
1469650	-1	-1	0	0	0	0	0
1476654	-1	-1	0	0	0	0	0
1485650	4118712	-1	278528	541	0	0	546
1490654	4151976	-1	1291264	2488	0	0	2488
1499656	-1	-1	0	0	0	0	0
1508647	2576600	-1	643828	1999	0	0	1999
1517646	4477456	-1	366592	655	0	0	673
1522650	3735344	-1	742400	1590	0	0	1590
1531653	2517136	-1	1026048	3261	0	0	3261
1532655	-1	-1	0	0	0	0	0
1541654	-1	-1	0	0	0	0	0
1550661	5466168	-1	1158144	1695	0	0	1695
1560654	-1	-1	0	0	0	0	0
1569648	-1	-1	0	0	0	0	0
1575650	-1	-1	0	0	0	0	0
1581657	9186672	-1	2004992	1746	0	0	1746
1586652	-1	-1	0	0	0	0	0
1595653	8636208	-1	1712128	1586	0	0	1586
1605656	-1	-1	0	0	0	0	0
1614653	8671144	-1	1334272	1231	0	0	1231
1623650	-1	-1	0	0	0	0	0
1631650	8469440	-1	1719296	1624	0	0	1624
1639656	-1	-1	0	0	0	0	0
1646652	9920944	-1	2356224	1900	0	0	1900
1656652	-1	-1	0	0	0	0	0
1666652	8728272	-1	2416640	2215	0	0	2215
1675650	-1	-1	0	0	0	0	0
1684659	9442640	-1	1615872	1369	0	0	1369
1693649	-1	-1	0	0	0	0	0
1701650	8088792	-1	1284096	1270	0	0	1270
1709649	-1	-1	0	0	0	0	0
1717650	7818192	-1	1006592	1030	0	0	1030
1725650	-1	-1	0	0	0	0	0
1732650	-1	-1	0	0	0	0	0
1738650	-1	-1	0	0	0	0	0
1744652	6867056	-1	1799168	2096	0	0	2096
1753666	8147784	-1	1320960	1297	0	0	1386
1757650	7526944	-1	1240064	1318	0	0	1318
1766666	-1	-1	0	0	0	0	0
1772650	8045256	-1	2245632	2233	0	0	2233
1780647	-1	-1	0	0	0	0	0
1790665	-1	-1	0	0	0	0	0
1798649	-1	-1	0	0	0	0	0
1806650	7217696	-1	2639872	2926	0	0	2926
1814650	-1	-1	0	0	0	0	0
1822646	9137512	-1	1296384	1135	0	0	1135
1830659	-1	-1	0	0	0	0	0
1838662	8396056	-1	2022400	1927	0	0	1927
1847646	-1	-1	0	0	0	0	0
1857659	8212432	-1	823296	802	0	0	802
1866650	-1	-1	0	0	0	0	0
1875650	5084408	-1	1012432	1593	0	0	1593
1884653	-1	-1	0	0	0	0	0
1890651	7626832	-1	1340416	1406	0	0	1406
1899660	-1	-1	0	0	0	0	0
1908650	5180560	-1	963584	1488	0	0	1488
1914666	-1	-1	0	0	0	0	0
1922659	-1	-1	0	0	0	0	0
1932652	1393240	-1	212992	1223	0	0	1413
1936666	3137360	-1	608256	1551	0	0	1551
1942652	-1	-1	0	0	0	0	0
1948666	6225920	-1	972800	1250	0	0	1250
1957651	-1	-1	0	0	0	0	132
1962648	4360256	-1	1013760	1860	0	0	1860
1972647	-1	-1	0	0	0	0	0
1981649	3927480	-1	584704	1191	0	0	1191
1991650	-1	-1	0	0	0	0	0
1999659	-1	-1	0	0	0	0	0
2001653	-1	-1	0	0	0	0	0
2010662	3950320	-1	596992	1209	0	0	1209
2019647	4211056	-1	562176	1068	0	0	1068
2021667	-1	-1	0	0	0	0	0
2030649	-1	-1	0	0	0	0	0
2038649	4649248	-1	959488	1651	0	0	1651
2047649	-1	-1	0	0	0	0	0
2056665	5096632	-1	753664	1183	0	0	1183
2064650	-1	-1	0	0	0	0	0
2074655	4067448	-1	656384	1291	0	0	1291
2083647	-1	-1	0	0	0	0	0
2089649	3353728	-1	508928	1214	0	0	1214
2098657	-1	-1	0	0	0	0	0
2104649	4586288	-1	1068032	1863	0	0	1863
2111647	-1	-1	0	0	0	0	0
2120659	3015296	-1	694272	1842	0	0	1842
2129649	-1	-1	0	0	0	0	1133
2133649	4912952	-1	2238464	3645	0	0	3645
2142654	-1	-1	0	0	0	0	0
2149660	-1	-1	0	0	0	0	0
2155660	-1	-1	0	0	0	0	0
2162659	4879928	-1	2862080	4692	0	0	4692
2172646	-1	-1	0	0	0	0	0
2181659	-1	-1	0	0	0	0	0
2186647	-1	-1	131072	540	0	0	597
2191662	5322248	-1	1815552	2729	0	0	2729
2200665	-1	-1	0	0	0	0	0
2207647	2951760	-1	1234944	3347	0	0	3540
2216648	1709880	-1	818176	3828	0	0	3828
2225649	-1	-1	0	0	0	0	0
2229652	-1	-1	0	0	0	0	0
2238663	3917944	-1	2802312	5722	0	0	5722
2247646	-1	-1	98304	901	0	0	1198
2251656	5481168	-1	2923520	4267	0	0	4267
2259661	4240840	-1	749568	1414	0	0	1414
2268660	-1	-1	0	0	0	0	0
2277658	5899976	-1	2649088	3592	0	0	3592
2279646	-1	-1	95232	79	0	0	79
2288654	-1	-1	0	0	0	0	0
2295646	3805456	-1	2541568	5343	0	0	5343
2304650	-1	-1	22528	335	0	0	335
2310646	4033184	-1	1610752	3195	0	0	3195
2317653	-1	-1	0	0	0	0	0
2326650	5838400	-1	2621440	3592	0	0	3592
2336655	-1	-1	0	0	0	0	0
2345659	5686512	-1	2516992	3541	0	0	3541
2355661	-1	-1	0	0	0	0	0
2362659	5272864	-1	2463744	3738	0	0	3738
2372647	-1	-1	0	0	0	0	0
2379647	4562400	-1	2023424	3548	0	0	3548
2387647	-1	-1	0	0	0	0	0
2397661	-1	-1	0	0	0	0	0
2402658	-1	-1	0	0	0	0	0
2411659	3686016	-1	2444288	5305	0	0	5414
2420649	4340304	-1	1555456	2867	0	0	2867
2429660	3664216	-1	1733632	3785	0	0	3785
2438647	-1	-1	0	0	0	0	0
2445660	3362240	-1	1184768	2819	0	0	2819
2454648	-1	-1	0	0	0	0	0
2463658	3693160	-1	1286144	2786	0	0	2786
2466647	-1	-1	0	0	0	0	0
2475654	3368584	-1	1458176	3463	0	0	3463
2484647	-1	-1	0	0	0	0	0
2493665	3468688	-1	1155072	2664	0	0	2664
2501653	-1	-1	0	0	0	0	0
2510659	3354240	-1	789504	1883	0	0	1883
2516649	-1	-1	0	0	0	0	0
2524649	-1	-1	0	0	0	0	0
2528651	-1	-1	0	0	0	0	0
2537646	3378880	-1	1213440	2873	0	0	2873
2546648	-1	-1	0	0	0	0	0
2555659	6232048	-1	833536	1070	0	0	1070
2564659	-1	-1	0	0	0	0	0
2573660	5181968	-1	899072	1388	0	0	1388
2581650	-1	-1	0	0	0	0	0
2588666	-1	-1	0	0	0	0	0
2595659	-1	-1	0	0	0	0	0
2602650	2945712	-1	1982464	5384	0	0	5384
2606658	1048688	-1	380936	2906	0	0	2906
2615658	2264176	-1	1222656	4320	0	0	4320
2623658	-1	-1	0	0	0	0	0
2630648	2198168	-1	1232896	4487	0	0	4487
2634660	-1	-1	0	0	0	0	0
2643659	2627712	-1	1733632	5278	0	0	5278
2652656	3267088	-1	482304	1181	0	0	1181
2661647	754760	-1	483328	5123	0	0	5480
2669661	1198656	-1	506880	3383	0	0	3383
2678649	2434960	-1	1751040	5753	0	0	5753
2681657	-1	-1	25600	18	0	0	18
2690664	-1	-1	0	0	0	0	0
2695650	-1	-1	0	0	0	0	0
2704656	1924344	-1	1310720	5449	0	0	5600
2713656	1551752	-1	1753088	9038	0	0	9038
2719647	3069344	-1	2217984	5781	0	0	5781
2727655	-1	-1	0	0	0	0	0
2736657	-1	-1	0	0	0	0	0
2738655	-1	-1	0	0	0	0	0
2747654	3598856	-1	1938432	4309	0	0	4309
2749647	-1	-1	0	0	0	0	0
2758656	2904616	-1	1812480	4992	0	0	4992
2767655	-1	-1	0	0	0	0	0
2776652	2287056	-1	1481728	5183	0	0	5183
2786655	2975520	-1	1389568	3736	0	0	3736
2795655	-1	-1	0	0	0	0	0
2803655	-1	-1	0	0	0	0	0
2811653	3298656	-1	2287616	5548	0	0	5548
2820652	-1	-1	40960	42	0	0	42
2829647	3539112	-1	2290688	5178	0	0	5178
2836654	-1	-1	0	0	0	0	0
2845647	2985344	-1	1684480	4514	0	0	4514
2854647	-1	-1	0	0	0	0	0
2863652	1510584	-1	958464	5076	0	0	5094
2954028	3709984	-1	2504704	5401	0	0	13120
2963018	2182448	-1	1570816	5758	0	0	5758
2969021	3598576	-1	474112	1054	0	0	1054
2978022	2724856	-1	1921024	5640	0	0	5640
2986033	-1	-1	0	0	0	0	0
2995018	2021480	-1	1346560	5329	0	0	5329
3005018	1887424	-1	195584	829	0	0	829
3014019	2270576	-1	830464	2926	0	0	2926
3024027	-1	-1	0	0	0	0	0
3032027	2765384	-1	1332224	3854	0	0	3854
3041018	-1	-1	0	0	0	0	0
3049027	5442688	-1	1295360	1904	0	0	1904
3051017	-1	-1	0	0	0	0	0
3060021	-1	-1	0	0	0	0	0
3064026	-1	-1	0	0	0	0	0
3073018	6668000	-1	1671168	2005	0	0	2005
3082019	-1	-1	0	0	0	0	0
3091020	-1	-1	0	0	0	0	0
3095018	-1	-1	0	0	0	0	0
3104019	6483744	-1	1045504	1290	0	0	1290
3110027	-1	-1	0	0	0	0	0
3119019	6206680	-1	937984	1209	0	0	1209
3128032	-1	-1	0	0	0	0	0
3138019	-1	-1	0	0	0	0	0
3146019	6530296	-1	1549312	1898	0	0	1898
3149018	-1	-1	25600	28	0	0	28
3158026	-1	-1	0	0	0	0	0
3165018	4997048	-1	712704	1141	0	0	1141
3174017	-1	-1	0	0	0	0	0
3182018	7105704	-1	1299456	1463	0	0	1463
3191019	-1	-1	0	0	0	0	0
3200019	-1	-1	0	0	0	0	0
3203032	-1	-1	0	0	0	0	0
3211018	3894016	-1	1944576	3995	0	0	3995
3220018	-1	-1	0	0	0	0	0
3229018	5288728	-1	930816	1408	0	0	1408
3234027	-1	-1	0	0	0	0	0
3243018	3696520	-1	1379264	2985	0	0	2985
3250018	-1	-1	0	0	0	0	0
3258019	-1	-1	0	0	0	0	0
3265032	-1	-1	0	0	0	0	0
3273017	4027696	-1	1751040	3478	0	0	3478
3280033	-1	-1	0	0	0	0	0
3286018	-1	-1	0	0	0	0	0
3293032	-1	-1	0	0	0	0	0
3300020	4759360	-1	2082816	3501	0	0	3501
3307032	-1	-1	0	0	0	0	0
3316026	6799616	-1	1930240	2271	0	0	2271
3325019	-1	-1	0	0	0	0	0
3333024	8278232	-1	1671168	1615	0	0	1615
3342018	-1	-1	0	0	0	0	0
3351027	-1	-1	0	0	0	0	0
3354026	-1	-1	0	0	0	0	0
3363026	5833608	-1	2107392	2890	0	0	2890
3371026	-1	-1	0	0	0	0	0
3380018	6570816	-1	1406976	1713	0	0	1713
3389026	6910320	-1	1579008	1828	0	0	1828
3391031	-1	-1	0	0	0	0	0
3400018	-1	-1	0	0	0	0	0
3410026	-1	-1	0	0	0	0	0
3418021	6138600	-1	581632	758	0	0	758
3423032	6957008	-1	2013184	2315	0	0	2315
3432026	-1	-1	0	0	0	0	0
3440027	7382352	-1	1503232	1629	0	0	1629
3448031	-1	-1	0	0	0	0	0
3457026	4963296	-1	1585152	2555	0	0	2555
3464017	-1	-1	0	0	0	0	0
3473030	6791712	-1	1127424	1328	0	0	1328
3478030	-1	-1	0	0	0	0	0
3488027	5108768	-1	756736	1185	0	0	1185
3494031	-1	-1	0	0	0	0	0
3502020	5772824	-1	1923072	2665	0	0	2665
3509018	-1	-1	0	0	0	0	0
3517017	-1	-1	0	0	0	0	0
3520030	-1	-1	0	0	0	0	0
3529030	6253136	-1	2258944	2890	0	0	2890
3534017	-1	-1	0	0	0	0	0
3541032	7515400	-1	1057792	1126	0	0	1126
3550029	-1	-1	0	0	0	0	0
3557028	-1	-1	0	0	0	0	0
3561017	-1	-1	0	0	0	0	0
3570027	5663192	-1	1742848	2462	0	0	2462
3572017	-1	-1	0	0	0	0	0
3581029	7569464	-1	1095680	1158	0	0	1158
3589018	-1	-1	0	0	0	0	0
3597026	7145920	-1	1615872	1809	0	0	1809
3607029	-1	-1	0	0	0	0	0
3611032	-1	-1	0	0	0	0	0
3620032	3924064	-1	691616	1410	0	0	1514
3624027	5329008	-1	1360896	2043	0	0	2043
3633017	-1	-1	0	0	0	0	0
3642030	-1	-1	0	0	0	0	0
3644018	-1	-1	0	0	0	0	0
3653019	5188672	-1	1305600	2013	0	0	2013
3658027	-1	-1	0	0	0	0	0
3666017	4413760	-1	647168	1173	0	0	1173
3675031	-1	-1	0	0	0	0	0
3684028	4488440	-1	1352704	2411	0	0	2411
3693025	4354968	-1	1033216	1898	0	0	1898
3696027	3577832	-1	148480	332	0	0	332
3705025	-1	-1	0	0	0	0	0
3714020	-1	-1	0	0	0	0	0
3716029	-1	-1	0	0	0	0	0
3725027	3164512	-1	2158592	5457	0	0	5457
3734027	-1	-1	0	0	0	0	0
3742017	4807864	-1	1110016	1847	0	0	1847
3744026	-1	-1	0	0	0	0	0
3752018	3944888	-1	1015808	2060	0	0	2060
3762018	3532936	-1	163840	371	0	0	387
3767025	4269072	-1	1022976	1917	0	0	1917
3776026	-1	-1	0	0	0	0	0
3784026	7191912	-1	846848	942	0	0	942
3793019	-1	-1	0	0	0	0	0
3801025	-1	-1	0	0	0	0	0
3806026	-1	-1	0	0	0	0	0
3815026	5395208	-1	2840576	4212	0	0	4212
3824031	-1	-1	0	0	0	0	0
3833026	2510784	-1	1005568	3204	0	0	3204
3840024	-1	-1	0	0	0	0	0
3848032	5450568	-1	1555456	2283	0	0	2283
3857030	-1	-1	0	0	0	0	0
3866025	6851024	-1	1632256	1906	0	0	1906
3871018	-1	-1	0	0	0	0	0
3880025	5278288	-1	1318912	1999	0	0	1999
3886017	-1	-1	0	0	0	0	0
3895022	5552168	-1	1335296	1924	0	0	1924
3903025	-1	-1	0	0	0	0	0
3910025	3957608	-1	980992	1983	0	0	1983
3919025	-1	-1	0	0	0	0	0
3928018	5817736	-1	1136640	1563	0	0	1563
3938017	5641664	-1	448512	636	0	0	656
3943025	7052616	-1	500736	568	0	0	568
3951018	-1	-1	0	0	0	0	0
3959017	6108712	-1	1107968	1451	0	0	1451
3965024	-1	-1	0	0	0	0	0
3974017	-1	-1	0	0	0	0	0
3979017	-1	-1	0	0	0	0	0
3988030	4638304	-1	1379896	2380	0	0	2380
3994030	-1	-1	0	0	0	0	0
4001023	3514560	-1	832512	1895	0	0	1895
4010017	-1	-1	0	0	0	0	0
4019018	5689184	-1	1107968	1558	0	0	1558
4024025	-1	-1	0	0	0	0	0
4033030	5135496	-1	1484800	2313	0	0	2313
4042024	-1	-1	0	0	0	0	0
4046029	-1	-1	0	0	0	0	0
4055017	6380936	-1	696320	873	0	0	880
4060023	7241216	-1	1848320	2042	0	0	2042
4069024	-1	-1	0	0	0	0	0
4072018	-1	-1	0	0	0	0	0
4080030	7687240	-1	951296	990	0	0	1020
4084030	5201632	-1	2324480	3575	0	0	3575
4093024	-1	-1	0	0	0	0	0
4102017	6151440	-1	1481728	1927	0	0	1927
4111018	-1	-1	0	0	0	0	0
4118022	6242384	-1	1413120	1811	0	0	1811
4127030	-1	-1	0	0	0	0	0
4136018	7804392	-1	1072128	1099	0	0	1099
4145031	-1	-1	0	0	0	0	0
4151031	4999504	-1	1311744	2099	0	0	2099
4158026	-1	-1	0	0	0	0	0
4167031	6239016	-1	1092608	1401	0	0	1401
4176030	-1	-1	0	0	0	0	0
4182022	5952928	-1	1587200	2133	0	0	2133
4191018	-1	-1	0	0	0	0	0
4200018	7372800	-1	1631232	1770	0	0	1770
4209030	-1	-1	0	0	0	0	141
4214021	5908776	-1	1446912	1959	0	0	1959
4222031	-1	-1	0	0	0	0	0
4231017	-1	-1	0	0	0	0	0
4234017	-1	-1	0	0	0	0	0
4242022	6468856	-1	2813952	3480	0	0	3480
4251029	-1	-1	0	0	0	0	0
4261018	-1	-1	0	0	0	0	0
4269031	3861904	-1	1393664	2887	0	0	2887
4271029	4632856	-1	238592	412	0	0	412
4280026	-1	-1	0	0	0	0	0
4289029	5615176	-1	1644544	2343	0	0	2343
4298032	-1	-1	0	0	0	0	0
4307030	7236512	-1	1000448	1106	0	0	1106
4310031	-1	-1	0	0	0	0	0
4319027	6274560	-1	824320	1051	0	0	1051
4328018	-1	-1	0	0	0	0	0
4334018	5329840	-1	1087288	1632	0	0	1632
4339032	-1	-1	0	0	0	0	0
4348019	-1	-1	0	0	0	0	0
4349020	-1	-1	0	0	0	0	0
4358027	2961128	-1	1767424	4775	0	0	4775
4367017	-1	-1	0	0	0	0	0
4374017	-1	-1	0	0	0	0	0
4381030	-1	-1	0	0	0	0	0
4388020	7634808	-1	1838080	1926	0	0	1926
4396020	-1	-1	0	0	0	0	0
4405018	3980664	-1	618496	1243	0	0	1243
4414017	-1	-1	0	0	0	0	0
4423018	2016704	-1	1204224	4777	0	0	4777
4432018	-1	-1	0	0	0	0	0
4441028	2382280	-1	1094656	3676	0	0	3676
4450026	-1	-1	0	0	0	0	0
4459026	-1	-1	0	0	0	0	0
4468017	-1	-1	8192	106	0	0	107
4473023	2807488	-1	1709056	4870	0	0	4870
4482018	2338392	-1	156672	536	0	0	536
4489027	3520408	-1	2157568	4903	0	0	4903
4498019	-1	-1	0	0	0	0	0
4507024	7367824	-1	1061888	1153	0	0	1153
4516021	-1	-1	0	0	0	0	0
4525018	6321864	-1	1273856	1612	0	0	1612
4534026	-1	-1	0	0	0	0	0
4542019	5206904	-1	1096704	1685	0	0	1685
4548018	-1	-1	0	0	0	0	0
4557017	-1	-1	0	0	0	0	0
4562018	-1	-1	0	0	0	0	0
4570017	4374280	-1	2003968	3665	0	0	3665
4579017	-1	-1	0	0	0	0	0
4585018	-1	-1	0	0	0	0	0
4594026	3421776	-1	1590272	3718	0	0	3798
4596018	2885640	-1	184320	511	0	0	511
4604021	-1	-1	0	0	0	0	0
4611019	3194632	-1	1600512	4008	0	0	4008
4620021	-1	-1	0	0	0	0	0
4629026	-1	-1	0	0	0	0	0
4638019	3263096	-1	780288	1913	0	0	1999
4641018	2439024	-1	833536	2734	0	0	2734
4650018	-1	-1	0	0	0	0	0
4659019	2256376	-1	776192	2752	0	0	2752
4669018	1841464	-1	598016	2598	0	0	2601
4672020	1508912	-1	281600	1493	0	0	1493
4681018	-1	-1	0	0	0	0	0
4687022	1262528	-1	806912	5113	0	0	5113
4696030	764728	-1	441344	4617	0	0	4617
4703018	1857064	-1	983548	4237	0	0	4362
4712024	1211808	-1	1212416	8004	0	0	8004
4721019	-1	-1	0	0	0	0	0
4725031	-1	-1	0	0	0	0	0
4734029	2179888	-1	1409024	5171	0	0	5909
4743019	3526888	-1	2446336	5549	0	0	5549
4746032	8917488	-1	906240	813	0	0	813
4755027	-1	-1	0	0	0	0	0
4764029	-1	-1	0	0	0	0	0
4771018	6538568	-1	712704	872	0	0	878
4776030	7146624	-1	2268160	2539	0	0	2539
4785018	-1	-1	0	0	0	0	0
4790017	6404232	-1	2274304	2841	0	0	2841
4799027	-1	-1	0	0	0	0	0
4808020	7681520	-1	1941504	2022	0	0	2022
4817019	-1	-1	0	0	0	0	0
4826018	8526600	-1	1513472	1420	0	0	1420
4835017	-1	-1	0	0	0	0	0
4841023	1576752	-1	1042432	5289	0	0	5289
4850024	-1	-1	0	0	0	0	0
4859024	-1	-1	0	0	0	0	0
4867018	3873072	-1	738304	1525	0	0	1590
4871021	4125864	-1	1697792	3292	0	0	3292
4880017	-1	-1	0	0	0	0	0
4889017	6188256	-1	1574912	2036	0	0	2036
4897017	-1	-1	0	0	0	0	0
4907017	3862104	-1	1386496	2872	0	0	2872
4915021	-1	-1	0	0	0	0	0
4925019	7054368	-1	1358848	1541	0	0	1541
4930018	-1	-1	0	0	0	0	0
4939018	6112312	-1	1086464	1422	0	0	1422
4946029	-1	-1	0	0	0	0	0
4955018	3571544	-1	1945600	4358	0	0	4358
4963019	-1	-1	0	0	0	0	0
4972024	-1	-1	0	0	0	0	0
4979018	-1	-1	0	0	0	0	0
4985024	4068936	-1	2540544	4995	0	0	4995
4993032	-1	-1	0	0	0	0	0
5003019	-1	-1	0	0	0	0	0
5007019	-1	-1	0	0	0	0	0
5015032	6134704	-1	2195456	2863	0	0	2863
5024018	-1	-1	0	0	0	0	0
5031018	6950784	-1	745472	858	0	0	858
5040019	-1	-1	0	0	0	0	0
5048017	4712864	-1	586752	996	0	0	996
5057021	-1	-1	0	0	0	0	0
5065017	4158048	-1	1338892	2576	0	0	2576
5075019	-1	-1	0	0	0	0	0
5085018	-1	-1	0	0	0	0	0
5088018	-1	-1	0	0	0	0	0
5097017	6611088	-1	847872	1026	0	0	1026
5106018	-1	-1	0	0	0	0	0
5115018	-1	-1	0	0	0	0	0
5120021	-1	-1	0	0	0	0	0
5126024	5604424	-1	962560	1374	0	0	1374
5133018	-1	-1	0	0	0	0	0
5142018	2378176	-1	536576	1805	0	0	1805
5151033	-1	-1	0	0	0	0	0
5160019	497352	-1	319488	5139	0	0	5304
5168018	202984	-1	202752	7991	0	0	7991
5177018	329480	-1	217088	5271	0	0	5271
5186017	185576	-1	262144	11301	0	0	11301
5193019	199952	-1	200704	8030	0	0	8030
5199020	238192	-1	180224	6053	0	0	6053
5217031	-1	-1	90112	9286	0	0	9286
5226018	-1	-1	57344	1466	0	0	8986
5235018	442808	-1	204800	3700	0	0	8999
5242018	379144	-1	385024	8124	0	0	8124
5251023	888384	-1	1032192	9295	0	0	9295
5255024	2300064	-1	1121280	3900	0	0	4000
5264026	261560	-1	294912	9020	0	0	9020
5273023	251328	-1	275456	8768	0	0	8768
5280018	1086536	-1	983040	7238	0	0	7238
5286029	1792520	-1	1329152	5932	0	0	5932
