3017133	4165176	-1	1479680	2842	0	0	2842
3020138	-1	-1	0	0	0	0	0
3029135	-1	-1	0	0	0	0	0
3031133	-1	-1	0	0	0	0	0
3040133	4394360	-1	1221632	2224	0	0	2224
3045133	-1	-1	0	0	0	0	0
3052134	4273424	-1	1146880	2147	0	0	2147
3056132	-1	-1	0	0	0	0	0
3065133	4183576	-1	856064	1637	0	0	1637
3075133	-1	-1	0	0	0	0	0
3082133	4288640	-1	695296	1297	0	0	1297
3086133	-1	-1	0	0	0	0	0
3095133	4784344	-1	718848	1202	0	0	1202
3104133	3718736	-1	211968	456	0	0	456
3113133	4115104	-1	1102848	2144	0	0	2144
3122132	-1	-1	0	0	0	0	0
3131133	4213824	-1	1702912	3233	0	0	3233
3135134	-1	-1	0	0	0	0	0
3144133	4558144	-1	368640	647	0	0	688
3153133	3755952	-1	497664	1060	0	0	1060
3160133	4335240	-1	1076224	1986	0	0	1986
3169132	-1	-1	0	0	0	0	0
3178133	3618208	-1	1087724	2405	0	0	2405
3183133	-1	-1	0	0	0	0	0
3192133	4111440	-1	1226752	2387	0	0	2387
3200132	-1	-1	0	0	0	0	0
3207133	4137336	-1	1229824	2378	0	0	2378
3212149	-1	-1	0	0	0	0	0
3219145	-1	-1	0	0	0	0	0
3228133	4110040	-1	1199104	2334	0	0	2334
3231146	3677088	-1	404480	880	0	0	880
3237142	-1	-1	0	0	0	0	0
3245133	-1	-1	0	0	0	0	0
3254133	-1	-1	0	0	0	0	0
3260134	4162552	-1	1409024	2708	0	0	2708
3270132	-1	-1	0	0	0	0	0
3277133	4164816	-1	1301504	2500	0	0	2516
3287133	-1	-1	0	0	0	0	0
3296133	3102960	-1	679936	1753	0	0	1753
3305133	-1	-1	0	0	0	0	0
3311133	4466152	-1	1501184	2689	0	0	2689
3319142	-1	-1	0	0	0	0	0
3328133	6144000	-1	279552	364	0	0	364
3331133	-1	-1	0	0	0	0	0
3340133	4199648	-1	1597440	3043	0	0	3043
3346132	-1	-1	0	0	0	0	0
3354133	3004136	-1	254976	679	0	0	679
3358132	-1	-1	0	0	0	0	0
3367133	3988128	-1	1287168	2582	0	0	2582
3375135	-1	-1	0	0	0	0	0
3384133	-1	-1	0	0	0	0	0
3389132	-1	-1	0	0	0	0	0
3396158	3521464	-1	1214464	2759	0	0	2759
3405133	-1	-1	0	0	0	0	0
3411132	4215112	-1	1123328	2132	0	0	2132
3417133	-1	-1	0	0	0	0	0
3426133	4811656	-1	808960	1345	0	0	1345
3434141	-1	-1	0	0	0	0	0
3443160	4262768	-1	955392	1793	0	0	-1
3452133	-1	-1	0	0	0	0	-1
3457133	3355232	-1	1261568	3008	0	0	-1
3466132	-1	-1	0	0	0	0	-1
3475133	-1	-1	0	0	0	0	-1
3484133	4399144	-1	1597440	2905	0	0	-1
3487132	-1	-1	0	0	0	0	-1
3583750	3639656	-1	1343488	2953	0	0	11773
3591749	3768912	-1	1038336	2204	0	0	2204
3598750	-1	-1	0	0	0	0	0
3607749	-1	-1	0	0	0	0	0
3609749	-1	-1	0	0	0	0	0
3617751	-1	-1	0	0	0	0	0
3626750	4349672	-1	658432	1211	0	0	1211
3627749	-1	-1	0	0	0	0	0
3636751	4639976	-1	807936	1393	0	0	1393
3645749	7532872	-1	245760	261	0	0	271
3650755	3945824	-1	1076224	2182	0	0	2182
3659749	-1	-1	0	0	0	0	0
3667748	3816184	-1	733184	1537	0	0	1537
3677749	-1	-1	0	0	0	0	0
3685749	-1	-1	0	0	0	0	0
3689750	-1	-1	0	0	0	0	0
3695749	4154688	-1	1558528	3001	0	0	3001
3701749	-1	-1	0	0	0	0	0
3707749	4372664	-1	663552	1214	0	0	1214
3715749	-1	-1	0	0	0	0	0
3724748	5082000	-1	667648	1051	0	0	1051
3733749	4216568	-1	626688	1189	0	0	1189
3737750	-1	-1	0	0	0	0	0
3746749	-1	-1	0	0	0	0	0
3755749	4186864	-1	1226752	2344	0	0	2344
3764749	-1	-1	0	0	0	0	0
3773749	-1	-1	0	0	0	0	0
3778750	-1	-1	0	0	0	0	0
3785749	3944656	-1	2508800	5088	0	0	5088
3793751	-1	-1	0	0	0	0	0
3799749	4212672	-1	1368064	2598	0	0	2598
3808749	-1	-1	0	0	0	0	0
3815749	-1	-1	0	0	0	0	0
3822748	-1	-1	0	0	0	0	0
3831749	4073280	-1	1531044	3007	0	0	3007
3838749	-1	-1	0	0	0	0	0
3847749	3963120	-1	1389568	2805	0	0	2805
3856749	-1	-1	0	0	0	0	0
3865750	3578816	-1	1502208	3358	0	0	3358
3874749	-1	-1	0	0	0	0	0
3883751	-1	-1	0	0	0	0	0
3884753	-1	-1	0	0	0	0	0
3892749	3652128	-1	1664000	3645	0	0	3645
3898748	-1	-1	0	0	0	0	0
3904749	3977456	-1	1614848	3248	0	0	3248
3912748	-1	-1	0	0	0	0	0
3921748	-1	-1	0	0	0	0	0
3925749	-1	-1	0	0	0	0	0
3933749	3949280	-1	1984512	4020	0	0	4020
3937749	-1	-1	0	0	0	0	0
3946749	-1	-1	0	0	0	0	0
3949753	-1	-1	0	0	0	0	0
3958749	3888112	-1	2451456	5044	0	0	5044
3967749	-1	-1	0	0	0	0	0
3976749	4010128	-1	1577984	3148	0	0	3148
3985749	-1	-1	0	0	0	0	0
3994749	-1	-1	0	0	0	0	0
4000749	-1	-1	0	0	0	0	0
4009749	3962048	-1	1862656	3761	0	0	3761
4014749	-1	-1	0	0	0	0	0
4021749	4043288	-1	1217536	2409	0	0	2409
4031751	-1	-1	0	0	0	0	0
4038749	4470864	-1	665600	1191	0	0	1191
4043749	-1	-1	0	0	0	0	0
4052749	4037408	-1	1552384	3076	0	0	3076
4061749	-1	-1	0	0	0	0	0
4070749	4020272	-1	1196032	2380	0	0	2380
4077753	-1	-1	0	0	0	0	0
4086749	4173720	-1	1099776	2108	0	0	2108
4095749	-1	-1	0	0	0	0	0
4102749	-1	-1	0	0	0	0	0
4108749	-1	-1	0	0	0	0	0
4113750	4091560	-1	944128	1846	0	0	1846
4122748	4224496	-1	1228800	2327	0	0	2327
4124749	-1	-1	0	0	0	0	0
4133748	-1	-1	0	0	0	0	0
4142749	3967544	-1	1106944	2232	0	0	2232
4150749	-1	-1	0	0	0	0	0
4158749	4116176	-1	1357824	2639	0	0	2639
4168749	-1	-1	0	0	0	0	0
4176748	3926848	-1	799604	1629	0	0	1629
4184749	-1	-1	0	0	0	0	0
4193749	3859328	-1	1360896	2821	0	0	2821
4202749	-1	-1	0	0	0	0	0
4210750	4163656	-1	1922048	3693	0	0	3693
4219749	-1	-1	0	0	0	0	0
4229749	-1	-1	0	0	0	0	0
4230748	-1	-1	0	0	0	0	0
4239781	3657072	-1	1851392	4050	0	0	4050
4247749	3819344	-1	1088512	2280	0	0	2280
4250749	4144128	-1	793600	1532	0	0	1532
4257750	-1	-1	0	0	0	0	0
4266748	4117992	-1	1533952	2980	0	0	2980
4274749	-1	-1	0	0	0	0	0
4283750	4106104	-1	1456128	2837	0	0	2837
4292750	-1	-1	0	0	0	0	0
4301749	3953880	-1	2378752	4813	0	0	4813
4311749	-1	-1	0	0	0	0	0
4319749	-1	-1	0	0	0	0	0
4323750	-1	-1	0	0	0	0	0
4330748	3968720	-1	2027520	4087	0	0	4087
4339749	-1	-1	0	0	0	0	0
4346749	4207712	-1	1041408	1980	0	0	1980
4356749	-1	-1	0	0	0	0	0
4362749	-1	-1	0	0	0	0	0
4371751	4644280	-1	516096	889	0	0	895
4376749	3709584	-1	688128	1484	0	0	1484
4384749	-1	-1	0	0	0	0	0
4393749	4323984	-1	1145856	2120	0	0	2120
4402750	-1	-1	0	0	0	0	0
4411750	3783056	-1	977920	2068	0	0	2068
4420749	-1	-1	0	0	0	0	0
4429749	4154512	-1	1235968	2380	0	0	2380
4438750	-1	-1	0	0	0	0	0
4447749	-1	-1	0	0	0	0	0
4453749	-1	-1	0	0	0	0	0
4460751	3814616	-1	1533952	3217	0	0	3217
4465756	-1	-1	0	0	0	0	0
4473749	-1	-1	0	0	0	0	0
4476749	-1	-1	0	0	0	0	0
4485749	4078728	-1	1330176	2609	0	0	2609
4490749	4115784	-1	319488	621	0	0	624
4495749	4042072	-1	1534976	3038	0	0	3038
4504749	-1	-1	0	0	0	0	0
4512749	-1	-1	0	0	0	0	0
4521749	-1	-1	0	0	0	0	94
4526750	3962640	-1	1916928	3870	0	0	3870
4535749	-1	-1	0	0	0	0	0
4541749	-1	-1	0	0	0	0	0
4548749	4040968	-1	789504	1563	0	0	1642
4552749	4027224	-1	1039528	2065	0	0	2065
4561749	-1	-1	0	0	0	0	0
4570749	4346464	-1	1155072	2126	0	0	2126
4579749	-1	-1	0	0	0	0	0
4587748	4369304	-1	1244160	2278	0	0	2278
4596749	-1	-1	0	0	0	0	0
4603749	-1	-1	0	0	0	0	0
4608749	-1	-1	0	0	0	0	0
4614749	4318400	-1	1262592	2339	0	0	2339
4620749	-1	-1	0	0	0	0	0
4628749	4349928	-1	1008640	1855	0	0	1855
4633749	-1	-1	0	0	0	0	0
4642749	3760744	-1	792576	1686	0	0	1686
4647750	-1	-1	0	0	0	0	0
4656750	4608648	-1	911360	1582	0	0	1582
4664749	-1	-1	0	0	0	0	0
4673792	3627240	-1	907264	2001	0	0	2001
4682749	-1	-1	0	0	0	0	0
4688750	4126000	-1	1760256	3413	0	0	3413
4696749	-1	-1	0	0	0	0	0
4705751	-1	-1	0	0	0	0	0
4714769	4706760	-1	860160	1462	0	0	1545
4718749	3800864	-1	1411072	2970	0	0	2970
4727773	-1	-1	0	0	0	0	0
4732749	4003368	-1	907264	1813	0	0	1813
4738749	-1	-1	0	0	0	0	0
4748749	4245296	-1	1339392	2524	0	0	2524
4751749	-1	-1	0	0	0	0	0
4760749	4117608	-1	1366016	2654	0	0	2654
4769749	-1	-1	0	0	0	0	0
4778749	-1	-1	0	0	0	0	0
4781749	-1	-1	0	0	0	0	0
4789750	4195736	-1	1852416	3532	0	0	3532
4797749	-1	-1	0	0	0	0	0
4802768	-1	-1	0	0	0	0	0
4808757	-1	-1	0	0	0	0	0
4815750	4022176	-1	2538496	5049	0	0	5049
4825749	-1	-1	0	0	0	0	0
4835749	3336064	-1	1602560	3843	0	0	3843
4841749	-1	-1	0	0	0	0	0
4850749	-1	-1	0	0	0	0	0
4857780	-1	-1	0	0	0	0	0
4866750	4136952	-1	1810432	3501	0	0	3501
4874749	-1	-1	0	0	0	0	0
4880749	4274088	-1	1130496	2116	0	0	2116
4889749	-1	-1	0	0	0	0	0
4898750	-1	-1	0	0	0	0	0
4900749	-1	-1	0	0	0	0	0
4909749	4075560	-1	1643980	3227	0	0	3227
4918749	-1	-1	0	0	0	0	0
4927757	-1	-1	0	0	0	0	0
4928749	-1	-1	0	0	0	0	0
4937750	4292384	-1	1410048	2628	0	0	2628
4942748	-1	-1	0	0	0	0	0
4951749	4480896	-1	798720	1426	0	0	1426
4960749	3826760	-1	545792	1141	0	0	1141
4964748	2828968	-1	579584	1639	0	0	1639
4973749	-1	-1	0	0	0	0	0
4982749	3829096	-1	763904	1596	0	0	1596
4991749	-1	-1	0	0	0	0	23
4996749	3750104	-1	1226752	2617	0	0	2617
5004749	-1	-1	0	0	0	0	0
5013749	4352976	-1	997376	1833	0	0	1833
5022749	3439480	-1	303104	705	0	0	708
5027749	5337512	-1	279552	419	0	0	419
5036749	-1	-1	0	0	0	0	0
5045749	3505168	-1	811008	1851	0	0	1851
5052751	3281664	-1	414720	1011	0	0	1011
5056759	4155024	-1	180224	347	0	0	347
5065750	-1	-1	0	0	0	0	0
5075748	4132552	-1	1099776	2129	0	0	2129
5084749	-1	-1	0	0	0	0	0
5093749	-1	-1	0	0	0	0	0
5102749	3646856	-1	1043456	2289	0	0	2375
5105749	5817504	-1	451584	621	0	0	621
5114751	-1	-1	0	0	0	0	0
5123749	-1	-1	0	0	0	0	0
5127749	-1	-1	0	0	0	0	0
5135780	4417160	-1	971776	1760	0	0	1760
5139749	-1	-1	0	0	0	0	0
5148749	-1	-1	0	0	0	0	0
5157749	4043064	-1	1251328	2476	0	0	2500
5160749	3881232	-1	259072	534	0	0	534
5169749	-1	-1	0	0	0	0	0
5178749	3836952	-1	1569792	3273	0	0	3273
5188749	-1	-1	0	0	0	0	0
5196748	-1	-1	0	0	0	0	0
5203749	-1	-1	0	0	0	0	0
5210751	3707792	-1	1198080	2585	0	0	2585
5218749	-1	-1	0	0	0	0	0
5223749	-1	-1	0	0	0	0	0
5232750	3249672	-1	613376	1510	0	0	1575
5236748	5023136	-1	743424	1184	0	0	1184
5245749	-1	-1	0	0	0	0	0
5254748	4148440	-1	1174528	2265	0	0	2265
5263749	-1	-1	0	0	0	0	0
5272749	4391320	-1	960052	1749	0	0	1749
5279749	-1	-1	0	0	0	0	0
5286748	-1	-1	0	0	0	0	0
5289750	-1	-1	0	0	0	0	0
5298749	3778216	-1	1540096	3261	0	0	3261
5306749	-1	-1	0	0	0	0	0
5314750	4061680	-1	2060288	4058	0	0	4058
5319749	-1	-1	0	0	0	0	0
5328749	-1	-1	0	0	0	0	0
5334749	-1	-1	0	0	0	0	0
5343749	3889824	-1	2675712	5503	0	0	5503
5352749	3690904	-1	335872	728	0	0	728
5362749	-1	-1	0	0	0	0	0
5367749	-1	-1	0	0	0	0	0
5376748	3900872	-1	2487296	5101	0	0	5101
5385749	-1	-1	0	0	0	0	0
5394749	4168840	-1	1142784	2193	0	0	2193
5400748	-1	-1	0	0	0	0	0
5409749	4011368	-1	1941504	3872	0	0	3872
5418749	-1	-1	0	0	0	0	0
5427749	-1	-1	0	0	0	0	0
5436749	4074400	-1	1545216	3034	0	0	3034
5438749	3704112	-1	353280	763	0	0	763
5447749	-1	-1	0	0	0	0	0
5456749	4077696	-1	1824768	3580	0	0	3580
5462751	-1	-1	0	0	0	0	0
5471781	-1	-1	0	0	0	0	0
5476753	-1	-1	0	0	0	0	0
5484749	3899776	-1	2432000	4989	0	0	4989
5493749	4194528	-1	152576	291	0	0	291
5499749	3985352	-1	1917952	3850	0	0	3850
5508749	-1	-1	0	0	0	0	0
5517749	3534480	-1	1575936	3567	0	0	3567
5526749	-1	-1	0	0	0	0	0
5535750	-1	-1	0	0	0	0	0
5544749	3960104	-1	2118656	4280	0	0	4312
5545750	3793504	-1	475136	1002	0	0	1002
5554749	3843040	-1	404480	842	0	0	842
5563748	4005680	-1	1952768	3900	0	0	3900
5572749	-1	-1	0	0	0	0	0
5581749	4027048	-1	1764352	3505	0	0	3505
5590749	-1	-1	0	0	0	0	0
5598748	3963952	-1	1567744	3164	0	0	3164
5607749	-1	-1	0	0	0	0	0
5617749	4123376	-1	1002496	1945	0	0	1945
5624749	-1	-1	0	0	0	0	0
5632749	3886056	-1	1412096	2907	0	0	2907
5641749	4722448	-1	401408	680	0	0	705
5646749	3904024	-1	706140	1447	0	0	1447
5655750	3981456	-1	1405952	2825	0	0	2825
5657749	3904000	-1	374784	768	0	0	768
5666750	-1	-1	0	0	0	0	0
5676751	4427504	-1	1210368	2187	0	0	2187
5679749	-1	-1	0	0	0	0	0
5687748	3503472	-1	832512	1901	0	0	1901
5691772	-1	-1	0	0	0	0	0
5700750	4076576	-1	1289216	2530	0	0	2530
5705749	-1	-1	0	0	0	0	0
5713749	-1	-1	0	0	0	0	0
5719748	4790640	-1	204800	342	0	0	505
5724749	3908520	-1	1259520	2578	0	0	2578
5729749	-1	-1	0	0	0	0	0
5736749	4051656	-1	1637376	3233	0	0	3233
5744750	-1	-1	0	0	0	0	0
5750749	-1	-1	0	0	0	0	0
5755749	-1	-1	0	0	0	0	0
5763748	4007472	-1	1900544	3794	0	0	3794
5772749	-1	-1	0	0	0	0	0
5780749	3894168	-1	1679360	3450	0	0	3450
5789750	-1	-1	0	0	0	0	0
5798749	3798864	-1	1034240	2178	0	0	2178
5807750	-1	-1	0	0	0	0	0
5816749	4172968	-1	1027072	1969	0	0	1969
5823749	-1	-1	0	0	0	0	0
5832749	3584384	-1	1198080	2674	0	0	2674
5839749	-1	-1	0	0	0	0	0
5848749	-1	-1	0	0	0	0	0
5850749	-1	-1	0	0	0	0	0
5859754	4074392	-1	1447936	2843	0	0	2843
5860749	-1	-1	0	0	0	0	0
5869749	4245000	-1	773120	1457	0	0	1457
5877750	-1	-1	0	0	0	0	0
5883749	4078104	-1	1866752	3662	0	0	3662
5892749	-1	-1	0	0	0	0	0
5901749	3937328	-1	1778688	3614	0	0	3614
5910749	3932840	-1	950272	1933	0	0	1933
5913750	3927576	-1	596992	1216	0	0	-1
5922750	-1	-1	0	0	0	0	-1
5932749	-1	-1	0	0	0	0	-1
5941749	-1	-1	81920	1311	0	0	-1
5945749	1493144	-1	753664	4038	0	0	-1
5954750	3196664	-1	3022848	7565	0	0	-1
5963752	4069648	-1	1897472	3730	0	0	-1
5972749	-1	-1	0	0	0	0	-1
5981749	3986176	-1	2638848	5296	0	0	-1
5986750	-1	-1	98304	228	0	0	-1
6151581	4057584	-1	1730560	3412	0	0	17695
6158581	-1	-1	0	0	0	0	0
6167581	3996016	-1	1248256	2499	0	0	2499
6176581	-1	-1	0	0	0	0	0
6185581	4086064	-1	1263616	2474	0	0	2474
6192581	-1	-1	0	0	0	0	0
6200582	4794952	-1	653312	1090	0	0	1090
6209582	-1	-1	0	0	0	0	0
6217583	4656288	-1	931840	1601	0	0	1601
6222581	-1	-1	0	0	0	0	0
6231581	4123664	-1	1297408	2517	0	0	2517
6240582	-1	-1	0	0	0	0	0
6249581	4331832	-1	1072128	1980	0	0	1980
6258581	-1	-1	0	0	0	0	0
6267583	4166624	-1	1268736	2436	0	0	2436
6269583	-1	-1	0	0	0	0	0
6277581	-1	-1	0	0	0	0	0
6284582	-1	-1	0	0	0	0	0
6293588	4052912	-1	1589248	3137	0	0	3137
6295581	-1	-1	0	0	0	0	0
6304581	4157072	-1	975872	1878	0	0	1878
6310582	-1	-1	0	0	0	0	0
6319582	4109328	-1	1262592	2458	0	0	2458
6326581	-1	-1	0	0	0	0	0
6335581	-1	-1	0	0	0	0	0
6343581	4115600	-1	1397760	2717	0	0	2743
6346583	3772632	-1	573440	1216	0	0	1216
6355581	-1	-1	0	0	0	0	0
6364582	3786776	-1	1580032	3338	0	0	3338
6373581	-1	-1	0	0	0	0	0
6382583	4205408	-1	1144396	2177	0	0	2177
6389581	-1	-1	0	0	0	0	0
6398581	3975824	-1	1405952	2829	0	0	2829
6407583	3976648	-1	801792	1613	0	0	1613
6408582	-1	-1	0	0	0	0	0
6417581	-1	-1	0	0	0	0	0
6423581	4285112	-1	1020928	1906	0	0	1906
6432584	-1	-1	0	0	0	0	0
6441582	4025032	-1	813056	1616	0	0	1616
6450581	6479552	-1	286720	354	0	0	365
6455581	3943432	-1	1389568	2819	0	0	2819
6463582	-1	-1	0	0	0	0	0
6472581	-1	-1	0	0	0	0	0
6481581	-1	-1	0	0	0	0	0
6487581	3912664	-1	1759232	3597	0	0	3597
6495580	-1	-1	0	0	0	0	0
6504581	4505032	-1	812032	1442	0	0	1442
6514584	-1	-1	0	0	0	0	0
6521581	4019832	-1	1675264	3334	0	0	3334
6530581	-1	-1	0	0	0	0	0
6539581	4406976	-1	1015808	1844	0	0	1844
6548581	-1	-1	0	0	0	0	0
6556582	4443600	-1	1119232	2015	0	0	2015
6564581	-1	-1	0	0	0	0	0
6572581	3708120	-1	734208	1584	0	0	1584
6582581	-1	-1	0	0	0	0	0
6589581	3678504	-1	1335296	2904	0	0	2904
6598581	-1	-1	0	0	0	0	0
6604581	4643800	-1	855040	1473	0	0	1473
6611582	-1	-1	0	0	0	0	0
6620581	-1	-1	0	0	0	0	0
6621581	-1	-1	0	0	0	0	0
6630581	4046928	-1	1266688	2504	0	0	2504
6634581	-1	-1	0	0	0	0	0
6643581	4241304	-1	1031168	1945	0	0	1945
6648581	-1	-1	0	0	0	0	0
6657581	-1	-1	0	0	0	0	0
6659581	-1	-1	0	0	0	0	0
6668581	4031184	-1	987136	1959	0	0	1959
6671581	-1	-1	0	0	0	0	0
6680582	4331400	-1	1366016	2523	0	0	2523
6689581	-1	-1	0	0	0	0	0
6698581	4170656	-1	1287168	2469	0	0	2469
6707581	-1	-1	0	0	0	0	0
6716581	4223800	-1	1032192	1955	0	0	1955
6725586	-1	-1	0	0	0	0	0
6730583	-1	-1	0	0	0	0	0
6737581	3480848	-1	237568	546	0	0	562
6742582	4622528	-1	1038336	1797	0	0	1797
6752582	3457248	-1	777880	1800	0	0	1800
6754583	-1	-1	0	0	0	0	0
6763581	3425744	-1	188416	440	0	0	471
6768581	5183488	-1	815104	1258	0	0	1258
6777581	-1	-1	0	0	0	0	0
6786583	-1	-1	0	0	0	0	0
6795581	-1	-1	106496	277	0	0	299
6800581	4098840	-1	1476608	2882	0	0	2952
6809581	-1	-1	0	0	0	0	0
6816581	3955816	-1	1184768	2396	0	0	2396
6823581	-1	-1	0	0	0	0	0
6830581	3551920	-1	708608	1596	0	0	1596
6835581	-1	-1	0	0	0	0	0
6845581	-1	-1	0	0	0	0	0
6850582	-1	-1	0	0	0	0	0
6860581	3942784	-1	988160	2005	0	0	2005
6865581	-1	-1	0	0	0	0	0
6873581	-1	-1	0	0	0	0	0
6876582	-1	-1	0	0	0	0	0
6885582	4396496	-1	973824	1772	0	0	1772
6894583	-1	-1	0	0	0	0	0
6903581	5326872	-1	527360	792	0	0	792
6911581	-1	-1	0	0	0	0	0
6921581	5676152	-1	468992	661	0	0	661
6930582	-1	-1	0	0	0	0	0
6939582	4242128	-1	490496	925	0	0	925
6942581	-1	-1	0	0	0	0	0
6951581	3262232	-1	412672	1012	0	0	1012
6960580	-1	-1	0	0	0	0	0
6969581	3526744	-1	551936	1252	0	0	1252
6978581	-1	-1	0	0	0	0	0
6986581	4302152	-1	1057792	1967	0	0	1967
6995581	5157928	-1	417792	648	0	0	658
7000581	3671592	-1	1142784	2490	0	0	2490
7008581	-1	-1	0	0	0	0	0
7017581	-1	-1	0	0	0	0	0
7026581	4288808	-1	466944	871	0	0	890
7031581	3941680	-1	1830912	3716	0	0	3716
7040581	-1	-1	0	0	0	0	0
7048581	3590976	-1	1383424	3082	0	0	3082
7057582	-1	-1	0	0	0	0	0
7066583	3891760	-1	1590272	3269	0	0	3269
7076581	-1	-1	0	0	0	0	0
7085581	4260080	-1	1462272	2746	0	0	2746
7094581	-1	-1	0	0	0	0	0
7103582	3948952	-1	1801216	3649	0	0	3649
7110581	-1	-1	0	0	0	0	0
7117582	-1	-1	0	0	0	0	0
7122582	-1	-1	0	0	0	0	0
7128582	3882488	-1	1741296	3588	0	0	3588
7137581	-1	-1	0	0	0	0	0
7145581	4243320	-1	1651712	3114	0	0	3114
7154581	-1	-1	0	0	0	0	0
7163583	-1	-1	0	0	0	0	0
7164583	-1	-1	0	0	0	0	0
7173610	4147448	-1	2270208	4379	0	0	4379
7182581	-1	-1	0	0	0	0	0
7191581	-1	-1	0	0	0	0	0
7200581	4554440	-1	778240	1367	0	0	1374
7204581	3990976	-1	1537024	3081	0	0	3081
7210587	-1	-1	0	0	0	0	0
7219581	4435320	-1	1412096	2547	0	0	2547
7228582	-1	-1	0	0	0	0	0
7238581	4570272	-1	868352	1520	0	0	1520
7246581	-1	-1	0	0	0	0	0
7255582	4293152	-1	1594368	2971	0	0	2971
7264583	-1	-1	0	0	0	0	0
7271582	4085944	-1	2288640	4481	0	0	4481
7281581	-1	-1	0	0	0	0	0
7290581	4184592	-1	1765376	3375	0	0	3375
7300581	-1	-1	0	0	0	0	0
7309582	4436696	-1	1186816	2140	0	0	2140
7314581	-1	-1	0	0	0	0	0
7323581	-1	-1	0	0	0	0	0
7331581	3364016	-1	221184	526	0	0	555
7336581	4302024	-1	1796096	3340	0	0	3340
7345581	-1	-1	0	0	0	0	0
7352582	4130640	-1	2442240	4730	0	0	4730
7362581	-1	-1	0	0	0	0	0
7372581	-1	-1	0	0	0	0	0
7381581	-1	-1	0	0	0	0	0
7388582	4354504	-1	1448960	2662	0	0	2662
7392580	-1	-1	0	0	0	0	0
7401581	4407920	-1	1208320	2193	0	0	2193
7403581	-1	-1	0	0	0	0	0
7412581	4121776	-1	1965056	3814	0	0	3814
7420581	-1	-1	0	0	0	0	0
7430581	4326144	-1	1520640	2812	0	0	2812
7439581	7905120	-1	253952	257	0	0	286
7444581	4010144	-1	741376	1479	0	0	1479
7452582	-1	-1	0	0	0	0	0
7461582	4478520	-1	821248	1467	0	0	1467
7470581	-1	-1	0	0	0	0	0
7479581	4242504	-1	1313056	2476	0	0	2476
7488581	-1	-1	0	0	0	0	0
7494582	3770128	-1	1705984	3620	0	0	3620
7499581	-1	-1	0	0	0	0	0
7505581	4072136	-1	1659904	3261	0	0	3261
7514581	-1	-1	0	0	0	0	0
7523581	4148528	-1	1496064	2885	0	0	2885
7532581	-1	-1	0	0	0	0	0
7541581	3781776	-1	2095104	4432	0	0	4432
7550582	-1	-1	0	0	0	0	0
7554581	-1	-1	0	0	0	0	0
7563581	-1	-1	0	0	0	0	0
7571581	3582448	-1	2510848	5607	0	0	5666
7578582	3897808	-1	785408	1612	0	0	1612
7587581	3635648	-1	1815552	3995	0	0	3995
7597581	-1	-1	0	0	0	0	0
7604581	4076240	-1	1373184	2695	0	0	2695
7613581	-1	-1	0	0	0	0	0
7623581	-1	-1	0	0	0	0	0
7630581	-1	-1	0	0	0	0	0
7637581	4017168	-1	1852416	3689	0	0	3689
7646581	-1	-1	0	0	0	0	0
7652582	4082616	-1	1405952	2755	0	0	2755
7661581	-1	-1	0	0	0	0	0
7670580	4218816	-1	1002496	1901	0	0	1901
7679581	-1	-1	0	0	0	0	0
7688581	4149192	-1	1078272	2079	0	0	2079
7697581	-1	-1	0	0	0	0	0
7706582	3968000	-1	1555456	3136	0	0	3136
7713581	-1	-1	0	0	0	0	0
7721581	4019544	-1	1965056	3911	0	0	3911
7726581	-1	-1	0	0	0	0	0
7735581	3932744	-1	1110016	2258	0	0	2258
7740582	-1	-1	0	0	0	0	0
7749584	3953928	-1	2351104	4757	0	0	4757
7758581	-1	-1	0	0	0	0	0
7765582	3924192	-1	1976320	4029	0	0	4029
7775581	-1	-1	0	0	0	0	0
7781582	4234064	-1	894976	1691	0	0	1691
7790581	-1	-1	0	0	0	0	0
7799582	-1	-1	0	0	0	0	0
7806581	4300904	-1	1020928	1899	0	0	2014
7809581	3760264	-1	1175552	2501	0	0	2501
7818582	-1	-1	0	0	0	0	0
7827581	-1	-1	0	0	0	0	0
7836581	4038728	-1	1805312	3576	0	0	3576
7838581	-1	-1	89632	180	0	0	180
7847582	-1	-1	0	0	0	0	0
7856581	-1	-1	0	0	0	0	0
7863581	-1	-1	0	0	0	0	0
7871581	3859712	-1	1798144	3727	0	0	3727
7874581	-1	-1	0	0	0	0	0
7883582	-1	-1	0	0	0	0	0
7892580	7901504	-1	139264	141	0	0	159
7897580	3738824	-1	1832960	3922	0	0	3922
7904581	-1	-1	0	0	0	0	0
7914581	4020192	-1	950272	1891	0	0	1891
7922581	-1	-1	0	0	0	0	0
7930582	3429400	-1	874496	2040	0	0	2040
7939581	-1	-1	0	0	0	0	0
7948581	-1	-1	0	0	0	0	0
7952581	-1	-1	0	0	0	0	0
7958581	4049656	-1	1163264	2298	0	0	2298
7964581	-1	-1	0	0	0	0	0
7973581	4110408	-1	876544	1706	0	0	1706
7979581	-1	-1	0	0	0	0	0
7988581	4076904	-1	874496	1716	0	0	1716
7994582	-1	-1	0	0	0	0	0
8003580	-1	-1	0	0	0	0	0
8010582	4173704	-1	770048	1476	0	0	1540
8014581	3642392	-1	826368	1815	0	0	1815
8023582	-1	-1	0	0	0	0	0
8031581	-1	-1	0	0	0	0	0
8036581	-1	-1	0	0	0	0	0
8042581	4168792	-1	1202176	2307	0	0	2307
8049581	-1	-1	0	0	0	0	0
8058581	3642968	-1	798720	1754	0	0	1754
8067581	-1	-1	0	0	0	0	0
8074581	4185216	-1	1056768	2020	0	0	2020
8080581	-1	-1	0	0	0	0	0
8090581	4425416	-1	1045504	1890	0	0	1890
8098581	-1	-1	0	0	0	0	0
8105582	4144232	-1	1143808	2208	0	0	2208
8114581	-1	-1	0	0	0	0	0
8122581	4134592	-1	1755136	3396	0	0	3396
8131581	3686744	-1	548864	1191	0	0	1199
8135581	4025232	-1	990208	1968	0	0	1968
8142581	-1	-1	0	0	0	0	0
8152581	-1	-1	0	0	0	0	0
8157581	-1	-1	0	0	0	0	0
8166581	4209560	-1	1954816	3715	0	0	3715
8175581	-1	-1	0	0	0	0	0
8182581	3851368	-1	1257472	2612	0	0	2612
8189581	-1	-1	0	0	0	0	0
8197581	4187688	-1	1005568	1921	0	0	1921
8206582	4222728	-1	1157556	2193	0	0	2193
8209581	-1	-1	0	0	0	0	0
8218581	-1	-1	0	0	0	0	0
8225581	4100640	-1	1356800	2647	0	0	2647
8233581	-1	-1	0	0	0	0	0
8241583	4753256	-1	973824	1639	0	0	1639
8248581	-1	-1	0	0	0	0	0
8256581	3637880	-1	825344	1815	0	0	1815
8263581	-1	-1	0	0	0	0	0
8271582	4386536	-1	1182720	2157	0	0	2157
8280581	4276040	-1	486400	910	0	0	960
8284581	3808016	-1	1062912	2233	0	0	2233
8293582	-1	-1	0	0	0	0	0
8303581	3547200	-1	999424	2254	0	0	2254
8310581	-1	-1	0	0	0	0	0
8317582	4125952	-1	1622016	3145	0	0	3145
8323581	-1	-1	0	0	0	0	0
8328581	-1	-1	0	0	0	0	0
8337581	-1	-1	0	0	0	0	0
8346581	4078200	-1	1290240	2531	0	0	2531
8355581	3574224	-1	1427456	3195	0	0	3195
8357581	4221648	-1	258048	489	0	0	489
8366581	-1	-1	0	0	0	0	0
8375581	-1	-1	0	0	0	0	0
8378581	-1	-1	0	0	0	0	0
8387581	4142904	-1	1899520	3668	0	0	3668
8396581	3208736	-1	270336	674	0	0	699
8401581	4714968	-1	713728	1211	0	0	1211
8408581	-1	-1	0	0	0	0	0
8416581	3957824	-1	1275904	2579	0	0	2579
8420581	-1	-1	0	0	0	0	0
8428581	-1	-1	0	0	0	0	0
8437582	-1	-1	0	0	0	0	0
8443581	3962592	-1	2053120	4145	0	0	4145
8452581	-1	-1	0	0	0	0	0
8461581	4042312	-1	1195008	2365	0	0	2365
8466581	-1	-1	0	0	0	0	0
8475581	4075240	-1	2010112	3946	0	0	3946
8484581	-1	-1	0	0	0	0	0
8493582	-1	-1	0	0	0	0	0
8500581	-1	-1	0	0	0	0	0
8506581	4008176	-1	2850816	5690	0	0	5690
8514581	-1	-1	72704	140	0	0	140
8521581	4232248	-1	1765376	3337	0	0	3337
8525581	-1	-1	0	0	0	0	0
8534581	-1	-1	0	0	0	0	0
8538582	-1	-1	0	0	0	0	0
8547581	4089152	-1	2140160	4187	0	0	-1
8556581	-1	-1	0	0	0	0	-1
8565581	1322112	-1	318464	1927	0	0	-1
8574581	2932312	-1	1300480	3548	0	0	-1
8583581	2376672	-1	1377280	4636	0	0	-1
8592581	-1	-1	0	0	0	0	-1
8601581	-1	-1	0	0	0	0	-1
8610581	3496224	-1	838656	1919	0	0	-1
8612581	-1	-1	0	0	0	0	-1
8808489	1371232	-1	872448	5090	0	0	30521
8817486	4119472	-1	1078272	2094	0	0	2094
8820486	5051736	-1	189440	300	0	0	300
8829487	-1	-1	0	0	0	0	0
8838488	3346224	-1	987136	2360	0	0	2360
8848488	-1	-1	0	0	0	0	0
8855487	3557328	-1	1220608	2745	0	0	2745
8862487	-1	-1	0	0	0	0	0
8871486	-1	-1	0	0	0	0	0
8880486	4354952	-1	990208	1819	0	0	1890
8884486	3982400	-1	646144	1298	0	0	1298
8893487	-1	-1	0	0	0	0	0
8902487	4624280	-1	963584	1667	0	0	1667
8907486	-1	-1	0	0	0	0	0
8917487	-1	-1	0	0	0	0	0
8924487	4025968	-1	1030144	2047	0	0	2141
8927487	4223856	-1	913408	1730	0	0	1730
8936487	-1	-1	0	0	0	0	0
8945488	-1	-1	0	0	0	0	0
8950486	-1	-1	0	0	0	0	0
8959487	3924352	-1	1193984	2434	0	0	2434
8961486	-1	-1	0	0	0	0	0
8970488	4260552	-1	1471488	2763	0	0	2763
8977488	-1	-1	0	0	0	0	0
8983487	4257216	-1	1527808	2871	0	0	2871
8992487	-1	-1	0	0	0	0	0
9001487	-1	-1	0	0	0	0	0
9010486	3752680	-1	565248	1205	0	0	1223
9014487	4471240	-1	1012736	1812	0	0	1812
9023486	-1	-1	0	0	0	0	0
9026489	-1	-1	0	0	0	0	0
9035487	3449264	-1	335872	779	0	0	814
9040487	3806496	-1	1369864	2879	0	0	2879
9049486	-1	-1	0	0	0	0	0
9058487	4517448	-1	1190912	2109	0	0	2109
9067487	-1	-1	0	0	0	0	0
9076487	4498328	-1	950272	1690	0	0	1690
9082486	-1	-1	0	0	0	0	0
9092487	4156400	-1	1127424	2170	0	0	2170
9098486	-1	-1	0	0	0	0	0
9105487	3871416	-1	1112064	2298	0	0	2298
9114487	-1	-1	0	0	0	0	0
9123487	3911272	-1	1441792	2949	0	0	2949
9128486	-1	-1	0	0	0	0	0
9137489	3902872	-1	1489920	3054	0	0	3054
9145486	-1	-1	0	0	0	0	0
9153487	4255920	-1	1021952	1921	0	0	1921
9161486	-1	-1	0	0	0	0	0
9170488	-1	-1	0	0	0	0	0
9180486	-1	-1	57344	182	0	0	191
9185486	4221608	-1	2030592	3848	0	0	3848
9192486	-1	-1	0	0	0	0	0
9202488	3935416	-1	941056	1913	0	0	1913
9211486	-1	-1	0	0	0	0	0
9218488	3451928	-1	908288	2105	0	0	2105
9226486	-1	-1	0	0	0	0	0
9235487	3899152	-1	1054720	2164	0	0	2164
9243486	-1	-1	0	0	0	0	0
9249486	4058832	-1	1118208	2204	0	0	2204
9259488	-1	-1	0	0	0	0	0
9267487	3454192	-1	793600	1838	0	0	1838
9276486	-1	-1	0	0	0	0	0
9282486	-1	-1	0	0	0	0	0
9289486	-1	-1	0	0	0	0	0
9297486	4120864	-1	1272832	2471	0	0	2471
9302487	-1	-1	0	0	0	0	0
9311486	-1	-1	0	0	0	0	0
9314487	-1	-1	0	0	0	0	0
9323487	3791640	-1	1058816	2234	0	0	2314
9331494	-1	-1	0	0	0	0	0
9338486	4027568	-1	632832	1257	0	0	1257
9347487	4404304	-1	972800	1767	0	0	1767
9351487	3941208	-1	338944	688	0	0	688
9360486	-1	-1	0	0	0	0	0
9369486	3776616	-1	1035264	2193	0	0	2193
9377486	-1	-1	0	0	0	0	0
9386486	-1	-1	0	0	0	0	0
9395486	4264384	-1	1037312	1946	0	0	1982
9399490	3855424	-1	453012	940	0	0	940
9408486	-1	-1	0	0	0	0	0
9412487	-1	-1	0	0	0	0	0
9421487	3952672	-1	1539072	3115	0	0	3129
9423487	3784272	-1	534528	1130	0	0	1130
9432487	-1	-1	0	0	0	0	0
9441491	-1	-1	0	0	0	0	0
9450487	-1	-1	0	0	0	0	0
9456486	4076672	-1	2268160	4451	0	0	4451
9465487	-1	-1	0	0	0	0	0
9474486	4163648	-1	1544192	2967	0	0	2967
9483486	-1	-1	0	0	0	0	0
9490487	4458360	-1	995328	1786	0	0	1786
9498487	-1	-1	0	0	0	0	0
9508486	4197152	-1	1678336	3199	0	0	3199
9514487	4887160	-1	499712	818	0	0	867
9518486	4010120	-1	1099776	2194	0	0	2194
9527486	-1	-1	0	0	0	0	0
9536487	4097480	-1	1414144	2761	0	0	2761
9545486	-1	-1	0	0	0	0	0
9554486	-1	-1	0	0	0	0	0
9561486	-1	-1	90112	249	0	0	267
9566486	4068032	-1	1936384	3808	0	0	3808
9575486	-1	-1	0	0	0	0	0
9585486	4097376	-1	1527808	2983	0	0	2983
9594487	-1	-1	0	0	0	0	0
9603487	2110360	-1	1299456	4926	0	0	4926
9612487	4418680	-1	778240	1409	0	0	1409
9621486	-1	-1	0	0	0	0	0
9630489	-1	-1	0	0	0	0	0
9637486	4215736	-1	1550336	2942	0	0	2942
9643487	4910968	-1	237568	387	0	0	405
9648487	4239984	-1	874496	1650	0	0	1650
9654486	-1	-1	0	0	0	0	0
9663488	-1	-1	0	0	0	0	0
9672486	3413336	-1	204800	480	0	0	486
9677487	4197360	-1	1865728	3556	0	0	3556
9687486	-1	-1	0	0	0	0	0
9696488	-1	-1	0	0	0	0	0
9704488	-1	-1	0	0	0	0	0
9710486	4006632	-1	2593792	5179	0	0	5179
9719486	-1	-1	0	0	0	0	0
9728490	-1	-1	0	0	0	0	0
9735486	-1	-1	0	0	0	0	0
9743486	4053064	-1	1933312	3816	0	0	3816
9752487	-1	-1	0	0	0	0	0
9761486	4270184	-1	1217536	2281	0	0	2281
9769486	-1	-1	0	0	0	0	0
9776488	4108328	-1	1777880	3462	0	0	3462
9785487	-1	-1	0	0	0	0	0
9795489	4336536	-1	1283072	2367	0	0	2367
9802487	-1	-1	0	0	0	0	0
9812487	3897512	-1	774144	1589	0	0	1589
9819486	-1	-1	0	0	0	0	0
9828486	4125216	-1	1445888	2804	0	0	2804
9837486	-1	-1	0	0	0	0	0
9843487	-1	-1	0	0	0	0	0
9850486	-1	-1	0	0	0	0	0
9858486	4049808	-1	1615872	3192	0	0	3192
9866487	-1	-1	0	0	0	0	0
9875486	4147528	-1	1524736	2941	0	0	2941
9880487	-1	-1	0	0	0	0	0
9886486	-1	-1	0	0	0	0	0
9896487	-1	-1	0	0	0	0	0
9902487	3957208	-1	1883136	3807	0	0	3807
9910486	-1	-1	0	0	0	0	0
9920486	3950680	-1	1197056	2424	0	0	2424
9929486	-1	-1	0	0	0	0	0
9935486	4306800	-1	1506304	2798	0	0	2798
9944486	-1	-1	0	0	0	0	0
9952486	-1	-1	0	0	0	0	0
9955487	-1	-1	0	0	0	0	0
9964486	3989328	-1	1206272	2419	0	0	2419
9972486	-1	-1	0	0	0	0	0
9979487	3959464	-1	1069056	2160	0	0	2160
9988487	-1	-1	0	0	0	0	0
9995487	4128504	-1	1690624	3276	0	0	3276
10004486	-1	-1	0	0	0	0	0
10011487	-1	-1	0	0	0	0	0
10017486	-1	-1	0	0	0	0	0
10026486	4008032	-1	1819648	3632	0	0	3632
10031486	-1	-1	0	0	0	0	0
10040486	4293360	-1	1447936	2698	0	0	2698
10048515	-1	-1	0	0	0	0	0
10057486	-1	-1	0	0	0	0	0
10061486	-1	-1	0	0	0	0	0
10070486	3866624	-1	1329152	2750	0	0	2750
10077487	-1	-1	0	0	0	0	0
10083490	4144088	-1	1014784	1959	0	0	1959
10092487	-1	-1	0	0	0	0	0
10101486	-1	-1	0	0	0	0	0
10110486	-1	-1	0	0	0	0	0
10116486	3919960	-1	1618944	3304	0	0	3304
10123488	-1	-1	0	0	0	0	0
10130486	-1	-1	0	0	0	0	0
10138487	-1	-1	0	0	0	0	0
10147487	3816376	-1	1534660	3217	0	0	3217
10151486	-1	-1	0	0	0	0	0
10159486	4247152	-1	1165312	2195	0	0	2195
10166486	-1	-1	0	0	0	0	0
10172487	-1	-1	0	0	0	0	0
10180488	-1	-1	0	0	0	0	0
10189487	4008736	-1	2328576	4647	0	0	4647
10198486	5331304	-1	335872	504	0	0	532
10203486	3886472	-1	588800	1212	0	0	1212
10212486	-1	-1	0	0	0	0	0
10221487	4006480	-1	2062336	4118	0	0	4118
10230486	-1	-1	0	0	0	0	0
10240486	-1	-1	0	0	0	0	0
10249486	4148080	-1	937984	1809	0	0	1809
10253487	3765592	-1	367616	781	0	0	781
10262487	-1	-1	0	0	0	0	0
10268486	-1	-1	0	0	0	0	0
10275486	4873192	-1	237568	390	0	0	803
10280486	3508168	-1	1145856	2613	0	0	2613
10289487	-1	-1	0	0	0	0	0
10298486	4042392	-1	1042432	2063	0	0	2063
10306487	-1	-1	0	0	0	0	0
10315486	3767128	-1	1096704	2329	0	0	2329
10324487	-1	-1	0	0	0	0	0
10332487	4220376	-1	1042432	1976	0	0	1976
10340486	-1	-1	0	0	0	0	0
10349486	4045400	-1	1473536	2914	0	0	2914
10358486	-1	-1	0	0	0	0	0
10368488	4428768	-1	926720	1674	0	0	1674
10377486	-1	-1	0	0	0	0	0
10386487	-1	-1	0	0	0	0	0
10391486	-1	-1	0	0	0	0	0
10400487	3946320	-1	1997824	4050	0	0	4050
10408486	-1	-1	0	0	0	0	0
10418486	4122792	-1	1339392	2599	0	0	2599
10424486	-1	-1	0	0	0	0	0
10434486	4110624	-1	1295360	2521	0	0	2521
10443486	-1	-1	0	0	0	0	0
10452487	4122024	-1	1297408	2518	0	0	2518
10461486	-1	-1	0	0	0	0	0
10470486	4222216	-1	1061888	2012	0	0	2012
10478487	-1	-1	0	0	0	0	0
10487486	4105272	-1	1587200	3093	0	0	3093
10494486	-1	-1	0	0	0	0	0
10503486	3963936	-1	1929940	3895	0	0	3895
10508487	-1	-1	0	0	0	0	0
10517486	4406216	-1	1214464	2205	0	0	2205
10527486	-1	-1	0	0	0	0	0
10535486	3812864	-1	827392	1736	0	0	1736
10544487	-1	-1	0	0	0	0	0
10549487	4034208	-1	1871872	3712	0	0	3712
10558487	-1	-1	0	0	0	0	0
10565487	3752544	-1	1208320	2576	0	0	2576
10574487	-1	-1	0	0	0	0	0
10583487	-1	-1	0	0	0	0	0
10588486	-1	-1	0	0	0	0	0
10597486	3936448	-1	1692672	3440	0	0	3440
10602486	-1	-1	0	0	0	0	0
10609486	-1	-1	0	0	0	0	0
10612487	-1	-1	0	0	0	0	0
10621487	3895160	-1	2492416	5119	0	0	5119
10630486	3991704	-1	431104	864	0	0	864
10639489	3847616	-1	1245184	2589	0	0	2589
10648486	-1	-1	0	0	0	0	0
10657488	-1	-1	0	0	0	0	0
10666488	-1	-1	0	0	0	0	0
10672486	3863128	-1	1817600	3764	0	0	3764
10681487	-1	-1	0	0	0	0	0
10690487	-1	-1	0	0	0	0	0
10697486	-1	-1	0	0	0	0	0
10706487	3964480	-1	1512448	3052	0	0	3052
10714487	-1	-1	0	0	0	0	0
10723489	4216792	-1	786432	1492	0	0	1492
10732488	-1	-1	0	0	0	0	0
10740487	3865616	-1	970752	2009	0	0	2009
10750487	-1	-1	0	0	0	0	0
10759486	3361056	-1	1486848	3539	0	0	3539
10768487	-1	-1	0	0	0	0	0
10772488	-1	-1	0	0	0	0	0
10779487	-1	-1	0	0	0	0	0
10788487	3583488	-1	1335296	2981	0	0	2981
10794486	-1	-1	0	0	0	0	0
10803486	3975008	-1	1261568	2539	0	0	2539
10810486	-1	-1	0	0	0	0	0
10817487	4157792	-1	1068032	2055	0	0	2055
10827487	-1	-1	0	0	0	0	0
10831489	-1	-1	0	0	0	0	0
10840486	-1	-1	0	0	0	0	0
10846488	4056784	-1	1536000	3029	0	0	3029
10856486	-1	-1	0	0	0	0	0
10863487	4161344	-1	1087672	2091	0	0	2091
10872486	-1	-1	0	0	0	0	0
10880490	3743560	-1	891904	1906	0	0	1906
10890487	-1	-1	0	0	0	0	0
10897489	4297320	-1	1169408	2177	0	0	2177
10906486	-1	-1	0	0	0	0	0
10911486	-1	-1	0	0	0	0	0
10918486	-1	-1	0	0	0	0	0
10924488	3834720	-1	999424	2085	0	0	2085
10933486	3350024	-1	871424	2081	0	0	2081
10936486	3941896	-1	248832	505	0	0	505
10943487	-1	-1	0	0	0	0	0
10952487	3838624	-1	801792	1671	0	0	1671
10961486	-1	-1	0	0	0	0	0
10970487	3953912	-1	826368	1672	0	0	1672
10979488	-1	-1	0	0	0	0	0
10988487	3964488	-1	1265664	2554	0	0	2554
10997486	-1	-1	0	0	0	0	0
11005486	3793712	-1	771072	1626	0	0	1626
11014486	-1	-1	0	0	0	0	0
11022486	4068960	-1	1541120	3030	0	0	3030
11031486	-1	-1	0	0	0	0	0
11040486	-1	-1	0	0	0	0	0
11047486	-1	-1	0	0	0	0	0
11053487	3911592	-1	1542144	3154	0	0	3154
11062486	-1	-1	0	0	0	0	0
11068486	-1	-1	0	0	0	0	0
11073486	-1	-1	0	0	0	0	0
11082487	4046576	-1	2096128	4144	0	0	4144
11089486	-1	-1	0	0	0	0	0
11098488	3509104	-1	1463296	3336	0	0	3336
11107486	-1	-1	0	0	0	0	0
11114486	-1	-1	0	0	0	0	0
11118488	-1	-1	0	0	0	0	0
11124486	4138624	-1	1640448	3171	0	0	3171
11133486	-1	-1	0	0	0	0	0
11141487	4268784	-1	1075200	2015	0	0	-1
11150486	-1	-1	0	0	0	0	-1
11155486	3254960	-1	1587200	3901	0	0	-1
11161497	-1	-1	0	0	0	0	-1
11170486	-1	-1	0	0	0	0	-1
11171486	-1	-1	0	0	0	0	-1
11180486	4242288	-1	1455104	2744	0	0	-1
11189487	-1	-1	0	0	0	0	-1
11191486	-1	-1	0	0	0	0	-1
11200487	3939344	-1	1055744	2144	0	0	-1
11203486	-1	-1	45056	40	0	0	-1
11399466	1941640	-1	1135616	4679	0	0	22743
11404465	-1	-1	0	0	0	0	0
11413466	4137816	-1	1165312	2253	0	0	2253
11414465	-1	-1	0	0	0	0	0
11423466	4221424	-1	1102848	2090	0	0	2090
11432465	-1	-1	0	0	0	0	0
11441466	4134624	-1	1041408	2015	0	0	2015
11450466	-1	-1	0	0	0	0	0
11459467	4109208	-1	1433600	2791	0	0	2791
11468468	-1	-1	0	0	0	0	0
11477467	4712984	-1	887808	1507	0	0	1507
11486466	-1	-1	0	0	0	0	0
11495465	3479784	-1	1179648	2712	0	0	2712
11502467	-1	-1	0	0	0	0	0
11511466	-1	-1	0	0	0	0	0
11518467	3294032	-1	508928	1236	0	0	1351
11522466	3223080	-1	663552	1647	0	0	1647
11529465	4189568	-1	710656	1357	0	0	1357
11533468	4346648	-1	728064	1340	0	0	1340
11542466	-1	-1	0	0	0	0	0
11548465	3975032	-1	1800192	3623	0	0	3623
11557475	-1	-1	0	0	0	0	0
11565468	4056488	-1	1419264	2799	0	0	2799
11575466	-1	-1	0	0	0	0	0
11582466	-1	-1	0	0	0	0	0
11590466	4423488	-1	926720	1676	0	0	1726
11594465	-1	-1	102400	198	0	0	198
11603465	4172144	-1	1767424	3389	0	0	3389
11605465	-1	-1	0	0	0	0	0
11614470	-1	-1	0	0	0	0	0
11623467	4058952	-1	1074608	2118	0	0	2118
11632466	-1	-1	0	0	0	0	0
11641466	3747792	-1	953344	2035	0	0	2035
11645465	-1	-1	0	0	0	0	0
11654466	-1	-1	0	0	0	0	0
11662465	4425496	-1	797696	1442	0	0	1534
11666468	4054672	-1	904192	1784	0	0	1784
11675469	-1	-1	0	0	0	0	0
11684465	4207640	-1	1119232	2128	0	0	2128
11693465	-1	-1	0	0	0	0	0
11702465	3943392	-1	992256	2013	0	0	2013
11709465	-1	-1	0	0	0	0	0
11717466	-1	-1	0	0	0	0	0
11722465	-1	-1	0	0	0	0	0
11729466	4039616	-1	1247232	2470	0	0	2470
11735466	-1	-1	0	0	0	0	0
11739465	-1	-1	0	0	0	0	0
11747467	-1	-1	0	0	0	0	0
11753466	3950672	-1	2561024	5186	0	0	5186
11762465	3721112	-1	137216	295	0	0	295
11771465	-1	-1	0	0	0	0	0
11775468	-1	-1	0	0	0	0	0
11782465	3983016	-1	1353728	2719	0	0	2719
11788466	-1	-1	0	0	0	0	0
11797467	4132304	-1	1282048	2482	0	0	2482
11804465	-1	-1	0	0	0	0	0
11813465	4137072	-1	1547264	2992	0	0	2992
11821467	-1	-1	0	0	0	0	0
11830470	4113560	-1	1918976	3732	0	0	3732
11838466	-1	-1	0	0	0	0	0
11847465	4085584	-1	1807360	3539	0	0	3539
11856465	-1	-1	0	0	0	0	0
11865465	4297952	-1	1274880	2373	0	0	2373
11874466	-1	-1	0	0	0	0	0
11883465	4356144	-1	874496	1606	0	0	1606
11889465	-1	-1	0	0	0	0	0
11898465	4142256	-1	1008640	1948	0	0	1948
11907465	-1	-1	0	0	0	0	0
11917465	-1	-1	0	0	0	0	0
11921466	-1	-1	0	0	0	0	0
11930466	3666304	-1	2428928	5300	0	0	5300
11939465	-1	-1	0	0	0	0	0
11946465	4388232	-1	937984	1710	0	0	1710
11955469	-1	-1	0	0	0	0	0
11964465	-1	-1	0	0	0	0	0
11974466	-1	-1	0	0	0	0	0
11981465	4058744	-1	1232336	2429	0	0	2429
11988466	-1	-1	0	0	0	0	0
11997465	3474200	-1	901120	2075	0	0	2075
12005466	-1	-1	0	0	0	0	0
12014465	4114832	-1	894976	1740	0	0	1740
12023468	-1	-1	0	0	0	0	0
12032465	4102208	-1	1692672	3301	0	0	3301
12041466	-1	-1	0	0	0	0	0
12050465	4304344	-1	994304	1848	0	0	1848
12059466	-1	-1	0	0	0	0	0
12068465	-1	-1	0	0	0	0	0
12076468	-1	-1	0	0	0	0	0
12082465	4025976	-1	1618944	3217	0	0	3217
12090465	-1	-1	0	0	0	0	0
12099465	4231240	-1	1169408	2211	0	0	2211
12108466	-1	-1	0	0	0	0	0
12117465	3852416	-1	1230848	2556	0	0	2556
12126467	-1	-1	0	0	0	0	0
12135465	4227136	-1	841728	1593	0	0	1593
12144465	-1	-1	0	0	0	0	0
12154465	4206208	-1	937984	1784	0	0	1784
12159467	-1	-1	0	0	0	0	0
12168465	3372560	-1	656384	1557	0	0	1557
12175467	4773696	-1	573440	961	0	0	1005
12179465	3505032	-1	704512	1608	0	0	1608
12188465	-1	-1	0	0	0	0	0
12197466	4157960	-1	927744	1785	0	0	1785
12206468	-1	-1	0	0	0	0	0
12213465	4137376	-1	1075200	2079	0	0	2079
12219465	-1	-1	0	0	0	0	0
12228465	3885240	-1	1085440	2235	0	0	2235
12237465	-1	-1	0	0	0	0	0
12243465	3940264	-1	1075200	2183	0	0	2183
12252466	-1	-1	0	0	0	0	0
12261465	4383888	-1	787456	1437	0	0	1437
12270465	4001400	-1	1169408	2338	0	0	2399
12273465	3707792	-1	479232	1034	0	0	1034
12282465	-1	-1	0	0	0	0	0
12291467	-1	-1	0	0	0	0	0
12299467	-1	-1	0	0	0	0	0
12308465	3938296	-1	1917952	3896	0	0	3896
12314465	-1	-1	0	0	0	0	0
12321466	-1	-1	0	0	0	0	0
12324481	-1	-1	0	0	0	0	0
12332465	3993624	-1	2097152	4201	0	0	4201
12341465	-1	-1	0	0	0	0	0
12350465	3938168	-1	1236092	2511	0	0	2511
12359465	-1	-1	0	0	0	0	0
12368465	3890608	-1	843776	1735	0	0	1735
12377465	-1	-1	0	0	0	0	0
12386465	4350320	-1	1077248	1981	0	0	1981
12394466	-1	-1	0	0	0	0	0
12403465	3978192	-1	1192960	2399	0	0	2399
12408466	-1	-1	0	0	0	0	0
12417465	-1	-1	0	0	0	0	0
12423468	3992392	-1	887808	1779	0	0	1804
12427465	3846408	-1	1633280	3397	0	0	3397
12432465	-1	-1	0	0	0	0	0
12440469	-1	-1	0	0	0	0	0
12444467	-1	-1	0	0	0	0	0
12453467	4162368	-1	1348608	2592	0	0	2592
12462466	4119096	-1	1552384	3015	0	0	3015
12464466	-1	-1	0	0	0	0	0
12473472	-1	-1	0	0	0	0	0
12477465	-1	-1	0	0	0	0	0
12486470	3777048	-1	921600	1952	0	0	2049
12489471	4436464	-1	867328	1564	0	0	1564
12498466	-1	-1	0	0	0	0	0
12507465	4191168	-1	1104896	2109	0	0	2109
12516491	-1	-1	0	0	0	0	0
12524465	4259984	-1	1197056	2248	0	0	2248
12533466	3676696	-1	1144832	2491	0	0	2491
12535466	-1	-1	0	0	0	0	0
12544465	-1	-1	0	0	0	0	0
12553469	3540992	-1	721920	1631	0	0	1631
12562466	-1	-1	0	0	0	0	0
12571467	4109376	-1	1100800	2143	0	0	2143
12580465	3765992	-1	595968	1266	0	0	1421
12584465	4494864	-1	600064	1068	0	0	1068
12593465	-1	-1	0	0	0	0	0
12602466	4499176	-1	788480	1402	0	0	1402
12610465	-1	-1	0	0	0	0	0
12619467	4346064	-1	1147904	2113	0	0	2113
12628465	4930368	-1	532480	864	0	0	865
12632466	3852456	-1	534528	1110	0	0	1110
12641466	-1	-1	0	0	0	0	0
12649465	3589000	-1	1148928	2561	0	0	2561
12658466	-1	-1	0	0	0	0	0
