226989482	-1	-1	0	0	0	0	0
226996482	-1	-1	0	0	0	0	5568
227003482	-1	-1	0	0	0	0	6999
227036482	-1	-1	0	0	0	0	33000
227056577	7488696	-1	4644864	4962	0	0	20095
227064577	4141080	-1	4139008	7996	0	0	8000
227068578	3537928	-1	1739776	3934	0	0	3951
227077577	-1	-1	121856	109	0	0	109
227086578	2864120	-1	1047552	2926	0	0	2926
227093577	-1	-1	0	0	0	0	0
227102578	3016520	-1	1231872	3267	0	0	3267
227107577	-1	-1	0	0	0	0	0
227117579	5478320	-1	880640	1286	0	0	1286
227123578	-1	-1	0	0	0	0	0
227132577	6110632	-1	1500160	1964	0	0	1964
227140579	-1	-1	0	0	0	0	0
227149579	6951288	-1	866304	997	0	0	997
227157578	-1	-1	0	0	0	0	0
227166577	8080592	-1	1114112	1103	0	0	1103
227172578	-1	-1	0	0	0	0	0
227181577	-1	-1	0	0	0	0	0
227190577	3809392	-1	1612800	3387	0	0	3387
227198819	5850000	-1	4192256	5733	0	0	5733
227208820	-1	-1	0	0	0	0	0
227219881	5564664	-1	5326776	7658	0	0	7658
227227881	-1	-1	0	0	0	0	0
227237880	-1	-1	0	0	0	0	0
227245881	-1	-1	0	0	0	0	0
227252880	8622888	-1	1721344	1597	0	0	1597
227261880	-1	-1	0	0	0	0	0
227269880	5646336	-1	1562624	2214	0	0	2214
227278881	-1	-1	0	0	0	0	0
227286881	7157608	-1	1587200	1774	0	0	1774
227296880	-1	-1	0	0	0	0	0
227305881	7474240	-1	1599488	1712	0	0	1712
227314880	-1	-1	0	0	0	0	88
227319880	5007768	-1	1473536	2354	0	0	2354
227327880	6341496	-1	600064	757	0	0	865
227332881	9484592	-1	578560	488	0	0	488
227341880	-1	-1	0	0	0	0	0
227349881	8146864	-1	739328	726	0	0	726
227358880	-1	-1	0	0	0	0	0
227365881	8736224	-1	1249280	1144	0	0	1144
227374880	-1	-1	0	0	0	0	0
227381881	6203296	-1	696320	898	0	0	898
227387881	-1	-1	0	0	0	0	0
227396881	-1	-1	0	0	0	0	0
227405881	-1	-1	0	0	0	0	0
227412881	9194640	-1	1652736	1438	0	0	1438
227415880	-1	-1	0	0	0	0	0
227423881	-1	-1	0	0	0	0	0
227429881	-1	-1	0	0	0	0	0
227436880	2166896	-1	1534976	5667	0	0	5667
227445881	1155240	-1	348160	2411	0	0	2411
227454881	3367600	-1	1200128	2851	0	0	2851
227462881	-1	-1	0	0	0	0	0
227471880	2552704	-1	1410048	4419	0	0	4419
227479880	-1	-1	0	0	0	0	0
227488881	5152120	-1	841728	1307	0	0	1307
227496881	-1	-1	0	0	0	0	0
227505881	-1	-1	0	0	0	0	0
227514881	8549584	-1	807936	756	0	0	756
227518881	-1	-1	0	0	0	0	0
227526880	-1	-1	122880	386	0	0	404
227531881	4091416	-1	913408	1786	0	0	1786
227540881	-1	-1	0	0	0	0	0
227547880	-1	-1	0	0	0	0	0
227554881	-1	-1	0	0	0	0	0
227563901	3547760	-1	1898496	4281	0	0	4281
227573881	-1	-1	0	0	0	0	0
227582880	2422680	-1	1243136	4105	0	0	4105
227591881	-1	-1	0	0	0	0	0
227596880	5939792	-1	766976	1033	0	0	1033
227604881	-1	-1	0	0	0	0	0
227613880	-1	-1	0	0	0	0	0
227616881	-1	-1	0	0	0	0	0
227625880	4889800	-1	157696	258	0	0	-1
227634880	-1	-1	0	0	0	0	-1
227643882	1751536	-1	526336	2404	0	0	-1
227645881	4857728	-1	1090560	1796	0	0	-1
227654880	2893744	-1	284672	787	0	0	-1
227658880	-1	-1	0	0	0	0	-1
227667881	4759112	-1	955392	1606	0	0	-1
227690432	1205680	-1	598016	3968	0	0	26333
227698432	2504456	-1	1220608	3899	0	0	3899
227702432	-1	-1	0	0	0	0	0
227711432	-1	-1	0	0	0	0	0
227721432	-1	-1	0	0	0	0	0
227727432	-1	-1	0	0	0	0	0
227735432	-1	-1	0	0	0	0	0
227739432	-1	-1	0	0	0	0	0
227748431	-1	-1	0	0	0	0	0
227754432	-1	-1	0	0	0	0	0
227763432	5546712	-1	1286144	1855	0	0	1855
227767432	-1	-1	0	0	0	0	0
227776432	4386296	-1	1199104	2187	0	0	2187
227781432	-1	-1	0	0	0	0	0
227789433	-1	-1	0	0	0	0	0
227795432	6797352	-1	553984	652	0	0	802
227800432	8908664	-1	827392	743	0	0	743
227805432	-1	-1	0	0	0	0	0
227814432	-1	-1	0	0	0	0	0
227821432	-1	-1	0	0	0	0	0
227827432	2052240	-1	1239040	4830	0	0	5252
227836433	5001216	-1	738304	1181	0	0	1181
227846432	3824888	-1	801792	1677	0	0	1677
227855432	-1	-1	0	0	0	0	0
227863433	1734472	-1	617472	2848	0	0	2848
227872432	-1	-1	0	0	0	0	0
227881433	2724776	-1	949924	2789	0	0	2789
227886432	-1	-1	0	0	0	0	0
227895432	1148400	-1	759808	5293	0	0	5293
227902432	-1	-1	102400	275	0	0	275
227911432	3767968	-1	664576	1411	0	0	1411
227917432	-1	-1	0	0	0	0	0
227926432	2336304	-1	1282048	4390	0	0	4390
227934432	2682656	-1	457728	1365	0	0	1365
227940435	3100144	-1	1283072	3311	0	0	3311
227949432	-1	-1	0	0	0	0	0
227958433	1062552	-1	673792	5073	0	0	5131
227967431	698488	-1	433152	4961	0	0	4961
227973431	-1	-1	0	0	0	0	0
227978432	-1	-1	0	0	0	0	0
227985432	3695392	-1	1473536	3190	0	0	3190
227994431	4028368	-1	975872	1938	0	0	1938
227997432	-1	-1	0	0	0	0	0
228006432	-1	-1	0	0	0	0	0
228015431	-1	-1	0	0	0	0	0
228018432	-1	-1	0	0	0	0	0
228027432	5145000	-1	2370560	3686	0	0	3686
228035432	-1	-1	0	0	0	0	0
228045433	-1	-1	0	0	0	0	0
228053432	5163200	-1	1820672	2821	0	0	2821
228055431	9336136	-1	417792	358	0	0	358
228064432	-1	-1	0	0	0	0	0
228073432	7293824	-1	1446912	1587	0	0	1587
228082432	-1	-1	0	0	0	0	0
228091432	6569000	-1	1135616	1383	0	0	1383
228100432	-1	-1	0	0	0	0	0
228109432	2910496	-1	867328	2384	0	0	2384
228115431	-1	-1	0	0	0	0	0
228124432	6750208	-1	738304	875	0	0	875
228128432	-1	-1	0	0	0	0	0
228136431	4946048	-1	1477632	2390	0	0	2442
228145432	-1	-1	0	0	0	0	0
228153432	5400312	-1	845824	1253	0	0	1253
228160431	-1	-1	0	0	0	0	0
228169432	-1	-1	0	0	0	0	0
228175432	-1	-1	0	0	0	0	61
228180431	6033752	-1	924672	1226	0	0	1226
228186432	-1	-1	0	0	0	0	0
228192431	7025608	-1	1585152	1805	0	0	1805
228201431	-1	-1	0	0	0	0	0
228211433	-1	-1	0	0	0	0	0
228213432	-1	-1	0	0	0	0	0
228222432	1912576	-1	1240064	5187	0	0	5251
228231432	5286632	-1	475136	719	0	0	719
228240432	3822936	-1	551936	1155	0	0	1155
228249433	-1	-1	0	0	0	0	0
228258431	4538480	-1	1337716	2358	0	0	2358
228266432	-1	-1	0	0	0	0	0
228275433	3818304	-1	901120	1888	0	0	1888
228280433	-1	-1	0	0	0	0	0
228289432	-1	-1	0	0	0	0	5526
228295432	-1	-1	0	0	0	0	6000
228304431	740472	-1	940032	10156	0	0	10156
228311433	1087144	-1	883712	6503	0	0	6503
228317431	-1	-1	0	0	0	0	0
228325432	-1	-1	125952	867	0	0	997
228329432	4926784	-1	1654784	2687	0	0	2687
228336432	-1	-1	0	0	0	0	0
228345432	4086824	-1	912384	1786	0	0	1786
228354431	-1	-1	0	0	0	0	0
228355432	-1	-1	0	0	0	0	0
228364432	-1	-1	98304	309	0	0	405
228369432	3883656	-1	777216	1601	0	0	1601
228375432	-1	-1	0	0	0	0	0
228384432	4099192	-1	657408	1283	0	0	1283
228388431	-1	-1	0	0	0	0	0
228397431	7634512	-1	1514496	1587	0	0	1587
228405431	-1	-1	0	0	0	0	0
228414431	7589760	-1	1006592	1061	0	0	1061
228422431	-1	-1	0	0	0	0	0
228431432	-1	-1	0	0	0	0	0
228435432	-1	-1	0	0	0	0	0
228443432	7782744	-1	1148928	1181	0	0	1181
228447432	-1	-1	0	0	0	0	0
228456432	1963880	-1	657408	2678	0	0	2678
228466432	-1	-1	0	0	0	0	0
228475432	3330952	-1	831488	1997	0	0	1997
228484432	-1	-1	0	0	0	0	0
228493432	4259688	-1	1132544	2127	0	0	2127
228503432	5981984	-1	368640	493	0	0	535
228508433	7960528	-1	809984	814	0	0	814
228516432	-1	-1	0	0	0	0	0
228525432	1719200	-1	801792	3731	0	0	3731
228534433	-1	-1	0	0	0	0	0
228540431	4395144	-1	1173504	2136	0	0	2136
228547432	-1	-1	0	0	0	0	0
228554432	-1	-1	0	0	0	0	0
228562432	-1	-1	0	0	0	0	0
228571432	3083736	-1	1681408	4362	0	0	4362
228580432	-1	-1	0	0	0	0	0
228589432	-1	-1	0	0	0	0	0
228594432	-1	-1	0	0	0	0	0
228604432	4989672	-1	891904	1430	0	0	1430
228613431	-1	-1	0	0	0	0	0
228621432	3105664	-1	1321460	3404	0	0	3404
228628432	-1	-1	0	0	0	0	0
228638432	2869776	-1	1084416	3023	0	0	3023
228643432	-1	-1	0	0	0	0	0
228649432	-1	-1	0	0	0	0	0
228658432	-1	-1	0	0	0	0	264
228663432	2949632	-1	1885184	5113	0	0	5113
228672433	3367616	-1	182272	433	0	0	433
228678432	2271392	-1	806912	2842	0	0	2842
228684431	-1	-1	0	0	0	0	0
228691432	3767784	-1	858112	1822	0	0	1822
228699432	-1	-1	0	0	0	0	0
228708432	7586400	-1	1654784	1745	0	0	1745
228717432	6431912	-1	303104	377	0	0	385
228722432	9182688	-1	1623040	1414	0	0	1414
228730432	-1	-1	0	0	0	0	0
228737432	-1	-1	0	0	0	0	0
228745431	-1	-1	0	0	0	0	0
228753433	7833656	-1	1768448	1806	0	0	1806
228760432	-1	-1	0	0	0	0	0
228769432	-1	-1	0	0	0	0	0
228772432	-1	-1	0	0	0	0	0
228781432	6592792	-1	2136064	2592	0	0	2592
228790431	-1	-1	0	0	0	0	0
228796431	-1	-1	0	0	0	0	0
228803432	-1	-1	0	0	0	0	0
228813432	7495464	-1	1983488	2117	0	0	2117
228823431	4653440	-1	393216	676	0	0	810
228828432	8443512	-1	481280	456	0	0	456
228837431	-1	-1	0	0	0	0	0
228844432	10647256	-1	2322432	1745	0	0	1745
228854431	-1	-1	0	0	0	0	0
228863432	-1	-1	0	0	0	0	0
228868431	-1	-1	0	0	0	0	0
228878432	4042256	-1	2464768	4878	0	0	4878
228883431	3127280	-1	608256	1556	0	0	1556
228889432	-1	-1	0	0	0	0	0
228895431	-1	-1	0	0	0	0	0
228903432	5427640	-1	1099776	1621	0	0	1621
228912432	-1	-1	0	0	0	0	0
228921432	-1	-1	0	0	0	0	0
228930432	-1	-1	0	0	0	0	153
228935432	7298120	-1	1320960	1448	0	0	1448
228945432	-1	-1	0	0	0	0	0
228955432	-1	-1	0	0	0	0	0
228956432	-1	-1	0	0	0	0	0
228964432	8139744	-1	1435648	1411	0	0	1411
228971432	-1	-1	0	0	0	0	0
228980432	10589336	-1	1637376	1237	0	0	1237
228989431	4450848	-1	1343600	2415	0	0	2415
228992433	7451760	-1	309248	332	0	0	332
228999433	-1	-1	0	0	0	0	0
229008432	3023368	-1	1981440	5243	0	0	5243
229017432	-1	-1	94208	139	0	0	139
229024432	-1	-1	0	0	0	0	0
229031432	-1	-1	0	0	0	0	0
229039432	1715880	-1	1183744	5519	0	0	5626
229048433	3677376	-1	1043456	2270	0	0	2270
229053432	-1	-1	0	0	0	0	0
229060432	-1	-1	0	0	0	0	0
229067432	5437072	-1	2065408	3039	0	0	3039
229076432	-1	-1	0	0	0	0	0
229082432	6750816	-1	1002496	1188	0	0	1188
229089432	-1	-1	0	0	0	0	0
229098431	-1	-1	0	0	0	0	0
229103434	-1	-1	0	0	0	0	0
229112433	8359856	-1	2091008	2001	0	0	2001
229119431	-1	-1	0	0	0	0	0
229128432	5891192	-1	1061888	1442	0	0	1442
229135433	-1	-1	0	0	0	0	0
229143432	4563576	-1	1499136	2628	0	0	2628
229153432	-1	-1	0	0	0	0	0
229162432	-1	-1	0	0	0	0	0
229167432	-1	-1	0	0	0	0	0
229176432	5358240	-1	1312768	1960	0	0	1960
229184432	-1	-1	0	0	0	0	0
229193431	-1	-1	0	0	0	0	0
229195432	-1	-1	0	0	0	0	0
229204432	5826568	-1	1508352	2071	0	0	2071
229210431	-1	-1	0	0	0	0	0
229219431	5836800	-1	817152	1120	0	0	1120
229226432	-1	-1	0	0	0	0	0
229233433	4553400	-1	1131520	1988	0	0	1988
229242431	-1	-1	0	0	0	0	0
229251431	-1	-1	0	0	0	0	0
229257432	-1	-1	0	0	0	0	0
229266432	900016	-1	652288	5798	0	0	5873
229275432	1679344	-1	991232	4722	0	0	4722
229281432	-1	-1	0	0	0	0	0
229287432	-1	-1	0	0	0	0	0
229296432	5758464	-1	1984512	2757	0	0	2757
229305432	-1	-1	0	0	0	0	0
229308432	-1	-1	0	0	0	0	0
229317432	1621128	-1	499712	2466	0	0	2848
229320432	1975088	-1	790528	3202	0	0	3202
229329431	2567536	-1	370688	1155	0	0	1155
229334432	-1	-1	0	0	0	0	0
229340432	-1	-1	0	0	0	0	0
229348432	3241112	-1	2139136	5280	0	0	5280
229356432	3872320	-1	244440	505	0	0	505
229366432	2989640	-1	1607680	4302	0	0	4302
229376432	-1	-1	0	0	0	0	0
229385433	4192000	-1	1207296	2304	0	0	2304
229391432	-1	-1	0	0	0	0	0
229400431	-1	-1	0	0	0	0	0
229406432	-1	-1	0	0	0	0	0
229415431	4756080	-1	1671168	2811	0	0	2811
229422432	-1	-1	0	0	0	0	0
229428432	3972120	-1	1034240	2083	0	0	2083
229437432	-1	-1	0	0	0	0	0
229446431	3572496	-1	635904	1424	0	0	1424
229455432	-1	-1	0	0	0	0	0
229465432	-1	-1	0	0	0	0	0
229474432	7672168	-1	2508800	2616	0	0	2674
229476431	-1	-1	0	0	0	0	0
229485432	-1	-1	0	0	0	0	0
229494432	-1	-1	0	0	0	0	0
229496431	-1	-1	0	0	0	0	0
229505432	6031160	-1	1737728	2305	0	0	2305
229514432	-1	-1	0	0	0	0	0
229523432	-1	-1	0	0	0	0	0
229526432	-1	-1	0	0	0	0	0
229535432	5007336	-1	1536000	2454	0	0	2454
229543432	-1	-1	0	0	0	0	0
229552432	3488128	-1	561152	1287	0	0	1287
229560432	-1	-1	0	0	0	0	0
229569432	3494872	-1	991232	2269	0	0	2269
229578432	-1	-1	0	0	0	0	0
229586432	4014008	-1	1102848	2198	0	0	2198
229594433	-1	-1	0	0	0	0	0
229602432	4184688	-1	1183744	2263	0	0	2263
229610431	-1	-1	0	0	0	0	0
229616432	-1	-1	0	0	0	0	0
229623432	-1	-1	0	0	0	0	0
229629432	5004528	-1	1514496	2421	0	0	2421
229637432	-1	-1	0	0	0	0	0
229646432	5165216	-1	1155072	1789	0	0	1789
229655432	-1	-1	0	0	0	0	0
229663432	6411312	-1	1559552	1946	0	0	1946
229672432	-1	-1	0	0	0	0	0
229681432	4913928	-1	1581056	2574	0	0	2574
229691432	-1	-1	0	0	0	0	0
229701433	4221536	-1	1015808	1925	0	0	1925
229708432	-1	-1	0	0	0	0	0
229718432	4275288	-1	793600	1485	0	0	1485
229719432	-1	-1	0	0	0	0	0
229728432	1796016	-1	417124	1858	0	0	1858
229737432	-1	-1	0	0	0	0	0
229746431	8096320	-1	1819648	1798	0	0	1798
229756433	-1	-1	0	0	0	0	0
229765432	-1	-1	0	0	0	0	0
229770432	-1	-1	0	0	0	0	0
229778432	8778576	-1	1793024	1634	0	0	1634
229787432	-1	-1	0	0	0	0	0
229794432	-1	-1	0	0	0	0	0
229798433	-1	-1	0	0	0	0	0
229806432	4741392	-1	1715200	2894	0	0	3022
229815432	-1	-1	0	0	0	0	0
229823432	-1	-1	0	0	0	0	0
229830432	-1	-1	0	0	0	0	0
229838432	8751320	-1	1313792	1201	0	0	1242
229846432	9943448	-1	1278976	1029	0	0	1029
229849431	-1	-1	0	0	0	0	0
229856432	-1	-1	0	0	0	0	0
229865433	-1	-1	0	0	0	0	0
229871432	-1	-1	0	0	0	0	0
229879432	10591320	-1	3665920	2769	0	0	2769
229888432	-1	-1	0	0	0	0	0
229897432	-1	-1	0	0	0	0	0
229905432	-1	-1	0	0	0	0	0
229913431	10930640	-1	2807808	2055	0	0	2055
229922432	-1	-1	0	0	0	0	0
229931433	8112400	-1	1252352	1235	0	0	1235
229936432	-1	-1	0	0	0	0	0
229945432	-1	-1	0	0	0	0	0
229955432	8057056	-1	1467392	1457	0	0	1509
229956432	-1	-1	0	0	0	0	0
229965431	-1	-1	0	0	0	0	0
229974431	9276032	-1	692224	597	0	0	597
229982432	-1	-1	0	0	0	0	0
229990432	5199064	-1	1035264	1593	0	0	1593
229999431	-1	-1	0	0	0	0	0
230008432	-1	-1	0	0	0	0	0
230017432	-1	-1	0	0	0	0	0
230025432	5323832	-1	1691648	2542	0	0	2542
230034431	-1	-1	0	0	0	0	0
230043433	1635200	-1	837632	4098	0	0	4098
230051431	-1	-1	0	0	0	0	0
230060432	3442944	-1	1438720	3343	0	0	3343
230066432	-1	-1	0	0	0	0	0
230076432	2733344	-1	697344	2041	0	0	2041
230086432	-1	-1	0	0	0	0	0
230095432	4571208	-1	1423360	2491	0	0	2491
230102432	-1	-1	0	0	0	0	0
230109432	4295040	-1	629760	1173	0	0	-1
230116432	-1	-1	0	0	0	0	-1
230125431	5796104	-1	1808384	2496	0	0	-1
230134431	-1	-1	0	0	0	0	-1
230143432	-1	-1	0	0	0	0	-1
230147432	-1	-1	0	0	0	0	-1
230153432	6959000	-1	762880	877	0	0	-1
230160432	-1	-1	122880	408	0	0	-1
230165432	3610240	-1	924672	2049	0	0	-1
230174432	-1	-1	0	0	0	0	-1
230193640	4991544	-1	2437120	3906	0	0	-1
230196639	-1	-1	0	0	0	0	-1
230209918	1108488	-1	1744896	12593	0	0	12593
230213917	2120864	-1	834560	3148	0	0	3148
230220918	-1	-1	0	0	0	0	0
230226918	-1	-1	0	0	0	0	0
230231918	-1	-1	0	0	0	0	0
230240917	-1	-1	0	0	0	0	0
230249918	-1	-1	0	0	0	0	0
230254918	-1	-1	0	0	0	0	0
230263917	-1	-1	0	0	0	0	0
230271918	-1	-1	0	0	0	0	0
230280918	-1	-1	0	0	0	0	0
230287918	5770016	-1	1410048	1955	0	0	1955
230293918	-1	-1	0	0	0	0	0
230302918	4886728	-1	1300480	2129	0	0	2129
230309918	-1	-1	0	0	0	0	0
230317918	8023880	-1	1612800	1608	0	0	1608
230324917	-1	-1	0	0	0	0	0
230332918	6239208	-1	788480	1011	0	0	1011
230340918	-1	-1	0	0	0	0	0
230349918	4071880	-1	1037312	2038	0	0	2038
230356918	-1	-1	0	0	0	0	0
230365918	3552352	-1	1803264	4061	0	0	4061
230373918	-1	-1	0	0	0	0	0
230381917	5230328	-1	819200	1253	0	0	1253
230389918	-1	-1	0	0	0	0	0
230399918	2392232	-1	656668	2196	0	0	2196
230406918	-1	-1	0	0	0	0	0
230412919	6552104	-1	896000	1094	0	0	1094
230419918	-1	-1	0	0	0	0	0
230427918	3819616	-1	1415168	2964	0	0	2964
230436918	-1	-1	0	0	0	0	0
230446918	-1	-1	0	0	0	0	0
230453917	-1	-1	98304	376	0	0	804
230458918	638000	-1	403456	5059	0	0	5059
230465918	1587720	-1	1449984	7306	0	0	7306
230471944	4987608	-1	1890304	3032	0	0	3032
230478918	-1	-1	0	0	0	0	0
230488918	-1	-1	0	0	0	0	0
230493918	-1	-1	0	0	0	0	0
230501918	3413552	-1	1334272	3127	0	0	3127
230508918	-1	-1	0	0	0	0	0
230515918	3587032	-1	1212416	2704	0	0	2704
230522917	-1	-1	0	0	0	0	0
230531919	-1	-1	0	0	0	0	0
230537917	-1	-1	0	0	0	0	0
230544918	4041128	-1	1055744	2090	0	0	2090
230553918	2875256	-1	237568	661	0	0	996
230557918	6142520	-1	1064960	1387	0	0	1387
230566918	-1	-1	0	0	0	0	0
230575918	4826296	-1	1011712	1677	0	0	1677
230578918	-1	-1	0	0	0	0	0
230587918	5596912	-1	1000448	1430	0	0	1430
230597917	-1	-1	0	0	0	0	0
230606918	-1	-1	0	0	0	0	0
230610918	-1	-1	0	0	0	0	0
230618918	7007672	-1	1532928	1750	0	0	1750
230627918	-1	-1	0	0	0	0	0
230636918	3928656	-1	1286144	2619	0	0	2619
230645919	-1	-1	0	0	0	0	0
230653918	4268168	-1	2119680	3973	0	0	3973
230661918	-1	-1	0	0	0	0	0
230671918	6347672	-1	1723392	2172	0	0	2172
230680917	-1	-1	0	0	0	0	0
230688918	-1	-1	0	0	0	0	0
230697918	-1	-1	0	0	0	0	0
230706918	5584440	-1	1285120	1841	0	0	1841
230709941	-1	-1	0	0	0	0	0
230718918	6462920	-1	861184	1066	0	0	1066
230724917	-1	-1	0	0	0	0	0
230733918	6705736	-1	586752	700	0	0	700
230742918	-1	-1	0	0	0	0	505
230747918	1919560	-1	1189888	4959	0	0	4959
230756918	-1	-1	0	0	0	0	0
230762918	533504	-1	339308	5088	0	0	5088
230770918	1289072	-1	631808	3921	0	0	3921
230779918	2443832	-1	1017856	3332	0	0	3332
230786918	-1	-1	0	0	0	0	0
230795918	-1	-1	0	0	0	0	0
230801917	827104	-1	139264	1347	0	0	1350
230805918	1718032	-1	799744	3724	0	0	4000
230814918	1589328	-1	749568	3773	0	0	3773
230823919	1544992	-1	1022976	5297	0	0	5297
230832917	1390048	-1	768000	4420	0	0	4420
230841918	2797088	-1	761856	2179	0	0	2179
230846918	-1	-1	0	0	0	0	0
230855918	3753104	-1	1126400	2401	0	0	2401
230862918	-1	-1	0	0	0	0	0
230871918	4916488	-1	1561600	2541	0	0	2541
230880918	-1	-1	0	0	0	0	0
230887923	-1	-1	0	0	0	0	0
230893917	-1	-1	0	0	0	0	0
230902918	5727368	-1	2167808	3028	0	0	3028
230905919	-1	-1	0	0	0	0	0
230914918	4198992	-1	814080	1551	0	0	1551
230922918	-1	-1	0	0	0	0	0
230931918	-1	-1	0	0	0	0	0
230938918	-1	-1	0	0	0	0	0
230944918	2441472	-1	1720320	5637	0	0	5709
230953918	6075432	-1	1043456	1374	0	0	1374
230961918	6304944	-1	1895424	2405	0	0	2405
230971918	-1	-1	0	0	0	0	0
230981919	-1	-1	0	0	0	0	0
230985917	-1	-1	0	0	0	0	0
230994918	5534976	-1	1949696	2818	0	0	2818
230998918	-1	-1	0	0	0	0	0
231007918	5842296	-1	1591296	2179	0	0	2179
231014918	-1	-1	0	0	0	0	0
231023918	-1	-1	0	0	0	0	0
231031918	3289216	-1	434176	1056	0	0	1062
231035919	12145832	-1	2318336	1527	0	0	1527
231044918	-1	-1	0	0	0	0	0
231053918	6337304	-1	1284096	1621	0	0	1621
231061918	-1	-1	0	0	0	0	0
231069918	-1	-1	0	0	0	0	0
231071917	-1	-1	0	0	0	0	0
231080918	7563104	-1	1896448	2006	0	0	2006
231088918	-1	-1	0	0	0	0	0
231097918	5173616	-1	1000448	1547	0	0	1547
231104918	-1	-1	0	0	0	0	0
231112918	6422984	-1	1832960	2283	0	0	2283
231116918	-1	-1	0	0	0	0	0
231124918	4036096	-1	1327876	2632	0	0	2632
231130918	-1	-1	0	0	0	0	0
231139918	6817360	-1	1000448	1174	0	0	1174
231148918	-1	-1	0	0	0	0	0
231157919	4526672	-1	758784	1341	0	0	1341
231166918	-1	-1	0	0	0	0	0
231173918	7379504	-1	902144	978	0	0	978
231182918	7773592	-1	1084416	1116	0	0	1116
231186917	-1	-1	0	0	0	0	0
231194918	-1	-1	0	0	0	0	0
231203918	6377208	-1	1155072	1449	0	0	1449
231211918	-1	-1	0	0	0	0	0
231219918	2540456	-1	1422336	4479	0	0	4479
231225918	-1	-1	0	0	0	0	0
231233917	-1	-1	0	0	0	0	0
231241918	-1	-1	0	0	0	0	0
231249919	5576936	-1	2041856	2929	0	0	2929
231256918	-1	-1	0	0	0	0	0
231265918	-1	-1	0	0	0	0	0
231272918	-1	-1	0	0	0	0	0
231281918	7042360	-1	2145280	2437	0	0	2437
231290917	-1	-1	0	0	0	0	0
231299918	4970712	-1	605184	974	0	0	974
231307917	-1	-1	0	0	0	0	0
231314918	3586688	-1	512000	1142	0	0	1142
231324918	-1	-1	0	0	0	0	0
231332918	5087568	-1	562176	884	0	0	884
231342918	7704504	-1	744448	773	0	0	773
231345918	-1	-1	0	0	0	0	0
231354919	-1	-1	0	0	0	0	0
231361918	8315344	-1	2001920	1926	0	0	1926
231370918	-1	-1	0	0	0	0	0
231379917	4793192	-1	732160	1222	0	0	1222
231385918	-1	-1	0	0	0	0	0
231394917	6560472	-1	1173504	1431	0	0	1431
231401918	-1	-1	0	0	0	0	0
231410918	8411008	-1	1455104	1384	0	0	1384
231419918	7850664	-1	871424	888	0	0	888
231422918	-1	-1	0	0	0	0	0
231431920	-1	-1	0	0	0	0	0
231440935	6913912	-1	1041408	1205	0	0	1205
231449918	3352224	-1	163840	391	0	0	674
231454917	4328912	-1	551936	1020	0	0	1020
231461918	-1	-1	0	0	0	0	0
231470918	2008888	-1	1078272	4294	0	0	4294
231479918	-1	-1	0	0	0	0	0
231488918	9779152	-1	1135604	929	0	0	929
231497917	-1	-1	0	0	0	0	0
231503917	3066064	-1	661504	1726	0	0	1726
231512917	-1	-1	0	0	0	0	0
231519918	2616824	-1	1208320	3694	0	0	3694
231527919	-1	-1	0	0	0	0	0
231534918	4497568	-1	544768	969	0	0	969
231544918	-1	-1	0	0	0	0	0
231550926	11793656	-1	684032	464	0	0	464
231554918	-1	-1	0	0	0	0	0
231563917	4389608	-1	773120	1409	0	0	1409
231570918	-1	-1	0	0	0	0	0
231579918	4320816	-1	1436672	2660	0	0	2660
231588918	-1	-1	0	0	0	0	0
231596918	-1	-1	0	0	0	0	0
231603917	-1	-1	0	0	0	0	0
231611918	4538240	-1	2527232	4455	0	0	4455
231613919	-1	-1	0	0	0	0	0
231622918	-1	-1	0	0	0	0	0
231630918	-1	-1	0	0	0	0	0
231639918	6493720	-1	1288192	1587	0	0	1587
231648918	-1	-1	0	0	0	0	0
231655918	3473000	-1	764928	1762	0	0	1762
231661917	-1	-1	0	0	0	0	0
231669918	-1	-1	0	0	0	0	0
231678917	8806600	-1	1115136	1013	0	0	1068
231682917	13646032	-1	637952	374	0	0	374
231690917	-1	-1	0	0	0	0	0
231699917	5860160	-1	2061312	2814	0	0	2814
231708918	-1	-1	0	0	0	0	0
231715918	11163320	-1	2327552	1668	0	0	1668
231724917	-1	-1	0	0	0	0	0
231734919	-1	-1	0	0	0	0	0
231741918	-1	-1	0	0	0	0	0
231748919	7798240	-1	1865728	1914	0	0	1918
231754921	-1	-1	0	0	0	0	0
231761918	4257560	-1	1146880	2155	0	0	2155
231765918	-1	-1	0	0	0	0	0
231774919	-1	-1	0	0	0	0	0
231777918	-1	-1	0	0	0	0	0
231786918	4597496	-1	868352	1511	0	0	1511
231789918	-1	-1	0	0	0	0	0
231798917	8086864	-1	945152	935	0	0	935
231807919	-1	-1	0	0	0	0	0
231814968	7139064	-1	978944	1097	0	0	1097
231823918	-1	-1	0	0	0	0	0
231830918	7103888	-1	1049600	1182	0	0	1182
231839918	-1	-1	0	0	0	0	0
231843919	-1	-1	0	0	0	0	0
231852918	-1	-1	131072	369	0	0	618
231857918	5658856	-1	949980	1343	0	0	1343
231866918	-1	-1	0	0	0	0	0
231875918	5282568	-1	1684480	2551	0	0	2551
231884917	-1	-1	0	0	0	0	0
231892918	5248048	-1	1704960	2599	0	0	2599
231901918	-1	-1	0	0	0	0	0
231910918	8739792	-1	1437696	1316	0	0	1316
231919918	-1	-1	0	0	0	0	0
231928918	-1	-1	0	0	0	0	0
231930918	-1	-1	0	0	0	0	0
231937918	7658664	-1	1102848	1152	0	0	1152
231940918	-1	-1	0	0	0	0	0
231949917	-1	-1	0	0	0	0	0
231955918	-1	-1	0	0	0	0	0
231964918	10623736	-1	2608128	1964	0	0	1964
231973918	-1	-1	0	0	0	0	0
231982918	-1	-1	0	0	0	0	0
231989918	-1	-1	0	0	0	0	0
231997918	5420112	-1	1615872	2385	0	0	2385
232005918	-1	-1	0	0	0	0	0
232014918	5167008	-1	647168	1002	0	0	1002
232024917	3830152	-1	796672	1664	0	0	1664
232028918	7692992	-1	189440	197	0	0	197
232036918	-1	-1	0	0	0	0	0
232042918	-1	-1	0	0	0	0	0
232051918	4234312	-1	1583104	2991	0	0	2991
232053918	3134328	-1	135168	345	0	0	345
232062918	-1	-1	0	0	0	0	271
232067918	1877048	-1	837632	3570	0	0	3570
232074918	-1	-1	0	0	0	0	0
232084919	3022288	-1	661504	1751	0	0	1751
232090918	-1	-1	0	0	0	0	0
232098917	4513568	-1	724992	1285	0	0	1285
232107918	-1	-1	0	0	0	0	0
232116918	6985176	-1	894976	1025	0	0	1025
232124917	-1	-1	0	0	0	0	0
232131918	4011424	-1	1359872	2712	0	0	2712
232139917	-1	-1	0	0	0	0	0
232147918	-1	-1	0	0	0	0	0
232154918	-1	-1	0	0	0	0	0
232163918	4815344	-1	1501184	2494	0	0	2494
232170918	-1	-1	0	0	0	0	0
232180919	3925136	-1	1282048	2613	0	0	2613
232182917	-1	-1	0	0	0	0	0
232191918	-1	-1	0	0	0	0	0
232200918	4347856	-1	335872	618	0	0	962
232205918	8182768	-1	907264	887	0	0	887
232214918	-1	-1	0	0	0	0	0
232223918	3612216	-1	1237636	2741	0	0	2741
232232918	-1	-1	0	0	0	0	0
232240918	8181568	-1	802816	785	0	0	785
232249918	-1	-1	0	0	0	0	0
232259917	6265272	-1	939008	1199	0	0	1199
232264921	-1	-1	0	0	0	0	0
232274917	4046648	-1	797696	1577	0	0	1577
232284919	5023928	-1	548864	874	0	0	874
232288917	6106424	-1	332800	436	0	0	436
232295918	-1	-1	0	0	0	0	0
232304918	5424688	-1	1768448	2608	0	0	2608
232313918	-1	-1	8192	149	0	0	151
232318918	11076032	-1	1010688	730	0	0	730
232327918	-1	-1	0	0	0	0	0
232336918	-1	-1	0	0	0	0	0
232342918	-1	-1	0	0	0	0	0
232349918	10267016	-1	1459200	1137	0	0	1137
232354918	-1	-1	0	0	0	0	0
232363918	7076856	-1	1013760	1146	0	0	1146
232372918	-1	-1	0	0	0	0	0
232381918	3077776	-1	1159168	3013	0	0	3013
232391918	-1	-1	0	0	0	0	0
232400918	3852568	-1	1118208	2322	0	0	2322
232407918	-1	-1	0	0	0	0	0
232415918	7933424	-1	1476608	1489	0	0	1489
232425918	-1	-1	0	0	0	0	0
232435917	8628752	-1	748544	694	0	0	694
232444918	-1	-1	0	0	0	0	0
232453918	11028952	-1	1381376	1002	0	0	1002
232460951	-1	-1	0	0	0	0	0
232469918	-1	-1	0	0	0	0	0
232476918	12070128	-1	1701888	1128	0	0	1128
232480917	-1	-1	0	0	0	0	0
232489918	8909008	-1	1106944	994	0	0	994
232492918	-1	-1	0	0	0	0	0
232499918	-1	-1	0	0	0	0	0
232508918	9251808	-1	661504	572	0	0	572
232513918	-1	-1	0	0	0	0	0
232522918	10647456	-1	1016832	764	0	0	764
232531918	-1	-1	0	0	0	0	0
232540918	-1	-1	0	0	0	0	0
232545918	-1	-1	0	0	0	0	0
232554918	13022656	-1	3249152	1996	0	0	1996
232562942	-1	-1	0	0	0	0	0
232571918	-1	-1	0	0	0	0	0
232577918	-1	-1	0	0	0	0	0
232583918	1861448	-1	1162240	4995	0	0	4995
232588918	2447064	-1	309248	1011	0	0	1011
232596917	4740008	-1	1496064	2525	0	0	2525
232605918	-1	-1	0	0	0	0	0
232614917	-1	-1	0	0	0	0	0
232622917	-1	-1	0	0	0	0	0
232628917	4237032	-1	707584	1336	0	0	-1
232636918	-1	-1	0	0	0	0	-1
232645918	4309840	-1	1599488	2969	0	0	-1
232650918	-1	-1	0	0	0	0	-1
232656918	2355224	-1	1363968	4633	0	0	-1
232664919	-1	-1	0	0	0	0	-1
232672918	3314992	-1	1084416	2617	0	0	-1
232682918	-1	-1	0	0	0	0	-1
232707985	7440960	-1	2962432	3185	0	0	-1
232714118	2633832	-1	974848	2961	0	0	25032
232723124	5189696	-1	867328	1337	0	0	1337
232730117	-1	-1	0	0	0	0	0
232739118	-1	-1	0	0	0	0	0
232745118	-1	-1	0	0	0	0	0
232754117	-1	-1	0	0	0	0	0
232761117	-1	-1	0	0	0	0	0
232771118	-1	-1	0	0	0	0	0
232780117	-1	-1	0	0	0	0	0
232782121	-1	-1	0	0	0	0	0
232791117	-1	-1	0	0	0	0	0
232800117	-1	-1	0	0	0	0	0
232809117	-1	-1	0	0	0	0	0
232819117	-1	-1	0	0	0	0	0
232827118	5415992	-1	1100800	1626	0	0	1626
232835118	-1	-1	0	0	0	0	0
232844117	1791256	-1	928768	4148	0	0	4148
232853117	-1	-1	24576	164	0	0	186
232858117	3955280	-1	532480	1077	0	0	1077
232866118	5595784	-1	1008640	1442	0	0	1442
232870117	-1	-1	0	0	0	0	0
232878117	-1	-1	0	0	0	0	0
232883117	-1	-1	0	0	0	0	0
232888117	-1	-1	0	0	0	0	0
232896118	6805760	-1	2166784	2547	0	0	2547
232904117	-1	-1	0	0	0	0	0
232912118	-1	-1	0	0	0	0	0
232919117	-1	-1	0	0	0	0	0
232928117	3052880	-1	1239088	3247	0	0	3247
232932117	-1	-1	0	0	0	0	0
232941117	5646152	-1	740352	1049	0	0	1049
232947117	-1	-1	0	0	0	0	0
232953117	5809176	-1	1065984	1468	0	0	1468
232962118	-1	-1	0	0	0	0	0
232970117	4167000	-1	961536	1846	0	0	1846
232979117	-1	-1	0	0	0	0	0
232988118	-1	-1	0	0	0	0	0
232989117	-1	-1	0	0	0	0	0
232998118	2286176	-1	1358848	4755	0	0	4755
233003117	-1	-1	0	0	0	0	0
233009117	3517360	-1	1107968	2520	0	0	2520
233016117	-1	-1	0	0	0	0	0
233022117	3277784	-1	1363968	3329	0	0	3329
233032117	-1	-1	0	0	0	0	0
233041117	-1	-1	0	0	0	0	0
233050117	-1	-1	32768	335	0	0	345
233055118	5189488	-1	1453056	2240	0	0	2240
233064117	5284528	-1	275456	417	0	0	606
233068117	2764928	-1	275456	797	0	0	797
233077117	-1	-1	0	0	0	0	0
233086117	-1	-1	0	0	0	0	0
233090117	-1	-1	0	0	0	0	0
233099117	6155440	-1	1101824	1432	0	0	1432
233105117	-1	-1	0	0	0	0	0
233114117	-1	-1	0	0	0	0	0
233123117	2008936	-1	368640	1468	0	0	2061
233126117	3212472	-1	869376	2165	0	0	2165
233135117	-1	-1	0	0	0	0	0
233144117	2228328	-1	885760	3180	0	0	3180
233153117	1509408	-1	690176	3658	0	0	3658
233154117	5429584	-1	466944	688	0	0	688
233163117	-1	-1	0	0	0	0	0
233172117	-1	-1	0	0	0	0	0
233181117	-1	-1	0	0	0	0	90
233186118	4748408	-1	1941504	3271	0	0	3271
233195117	-1	-1	0	0	0	0	0
233204117	-1	-1	0	0	0	0	0
233213117	-1	-1	0	0	0	0	0
233219117	7188328	-1	1855488	2065	0	0	2065
233228117	-1	-1	0	0	0	0	0
233237117	5674088	-1	1820672	2567	0	0	2567
233247127	-1	-1	0	0	0	0	0
233253117	1689832	-1	1130496	5352	0	0	5352
233261117	2688496	-1	174080	518	0	0	518
233270117	-1	-1	0	0	0	0	0
233271117	-1	-1	0	0	0	0	0
233280117	1782280	-1	1068032	4794	0	0	4794
233283117	1939368	-1	621568	2564	0	0	2564
233292117	1129032	-1	666692	4724	0	0	4724
233301117	-1	-1	0	0	0	0	0
233309117	5527080	-1	1348608	1952	0	0	1952
233317117	-1	-1	0	0	0	0	0
233325118	-1	-1	0	0	0	0	0
233334117	-1	-1	0	0	0	0	0
233342117	4681424	-1	2436096	4163	0	0	4163
233348117	-1	-1	0	0	0	0	0
233354117	-1	-1	0	0	0	0	0
233359117	-1	-1	0	0	0	0	0
233368117	6576520	-1	2467840	3002	0	0	3002
233377117	-1	-1	0	0	0	0	0
233384117	5011296	-1	1516544	2421	0	0	2421
233392117	-1	-1	0	0	0	0	0
233402117	1515504	-1	861184	4546	0	0	5669
233411117	1692528	-1	781312	3693	0	0	3693
233420117	-1	-1	0	0	0	0	0
233426117	-1	-1	0	0	0	0	0
233436117	3064376	-1	1902592	4967	0	0	4967
233446117	4255344	-1	232448	437	0	0	437
233453117	2636936	-1	1017856	3088	0	0	3088
233460117	-1	-1	0	0	0	0	0
233469117	3227152	-1	998400	2475	0	0	2475
233478117	-1	-1	0	0	0	0	0
233487117	3264880	-1	1458176	3573	0	0	3573
233492117	-1	-1	0	0	0	0	0
233501117	1943816	-1	711680	2929	0	0	2929
233508117	-1	-1	0	0	0	0	0
233515117	5372104	-1	1191936	1775	0	0	1775
233525117	-1	-1	0	0	0	0	0
233534117	-1	-1	0	0	0	0	0
233538117	-1	-1	0	0	0	0	0
233545117	3384800	-1	1245184	2943	0	0	2943
233554117	-1	-1	0	0	0	0	0
233563117	3685976	-1	883712	1918	0	0	1918
233570117	-1	-1	0	0	0	0	0
233576117	-1	-1	0	0	0	0	0
233584117	-1	-1	0	0	0	0	0
233591117	4781632	-1	1239040	2073	0	0	2073
233599117	-1	-1	0	0	0	0	0
233608117	1963440	-1	701440	2858	0	0	2858
233617117	-1	-1	0	0	0	0	0
233624118	3300904	-1	869376	2107	0	0	2107
233634117	-1	-1	0	0	0	0	0
233642117	3743544	-1	1435648	3068	0	0	3068
233649117	-1	-1	0	0	0	0	0
233659117	3701800	-1	1480256	3199	0	0	3199
233669117	-1	-1	0	0	0	0	0
233678117	1536504	-1	978944	5097	0	0	5097
233684117	1794032	-1	564224	2516	0	0	2516
233693117	-1	-1	0	0	0	0	0
233702117	2809296	-1	402432	1146	0	0	1654
233706117	1052080	-1	196608	1495	0	0	1495
233714117	-1	-1	16384	3472	0	0	3472
233723117	-1	-1	0	0	0	0	0
233726117	-1	-1	0	0	0	0	0
233730117	-1	-1	56320	2561	0	0	2561
233739117	320432	-1	327680	8181	0	0	8999
233748117	-1	-1	65536	10513	0	0	10513
233766117	-1	-1	0	0	0	0	9000
233774117	-1	-1	0	0	0	0	7999
233782117	-1	-1	0	0	0	0	8000
233827119	167512	-1	614400	29342	0	0	45001
233838117	279608	-1	385024	11016	0	0	11016
233849117	277424	-1	356352	10276	0	0	10999
233860117	328704	-1	475136	11564	0	0	11564
233868117	293784	-1	221184	6023	0	0	8000
233878117	329200	-1	487424	11845	0	0	11845
233887117	747392	-1	835584	8944	0	0	8999
233894117	-1	-1	24576	2616	0	0	6999
233900117	758232	-1	548864	5791	0	0	6000
233906117	-1	-1	56320	10393	0	0	10393
233915118	386896	-1	442368	9147	0	0	9147
233923116	476024	-1	450560	7572	0	0	7998
233932117	998480	-1	1056768	8467	0	0	9000
233940118	1463712	-1	1434624	7841	0	0	8000
233949116	1029328	-1	1309696	10179	0	0	10179
233958117	757240	-1	135168	1428	0	0	1428
233965117	-1	-1	0	0	0	0	0
233970117	-1	-1	0	0	0	0	0
233979117	966880	-1	598016	4948	0	0	5581
233986117	1303608	-1	547840	3362	0	0	3362
233995117	2498416	-1	727040	2328	0	0	2328
234004117	-1	-1	0	0	0	0	0
234013117	-1	-1	0	0	0	0	0
234018117	-1	-1	0	0	0	0	122
234023119	1334064	-1	851968	5109	0	0	5109
234031117	1326872	-1	894976	5396	0	0	5396
234040118	1137200	-1	1282048	9019	0	0	9019
234049117	4712776	-1	152576	259	0	0	259
234058118	-1	-1	0	0	0	0	0
234061117	-1	-1	0	0	0	0	0
234070117	270064	-1	172032	5096	0	0	5107
234074120	-1	-1	90112	3841	0	0	4002
234080117	535384	-1	285696	4269	0	0	5997
234089118	-1	-1	90112	3295	0	0	9000
234098118	-1	-1	0	0	0	0	9000
234107117	-1	-1	9508	2861	0	0	8999
234116117	197416	-1	286720	11619	0	0	11619
234126117	283608	-1	212992	6008	0	0	10000
234134117	-1	-1	131072	11137	0	0	11137
234137117	-1	-1	32768	2637	0	0	3000
234143117	-1	-1	81920	6429	0	0	6429
234177117	137392	-1	589824	34345	0	0	34345
234189117	126816	-1	196608	12403	0	0	12403
234206117	189112	-1	395264	16721	0	0	16999
234237117	263712	-1	368640	11183	0	0	30999
234269117	183344	-1	737280	32170	0	0	32170
234304117	682256	-1	2982912	34977	0	0	35000
234313117	2477544	-1	2772992	8954	0	0	8999
234315117	1771696	-1	430080	1942	0	0	1942
234324118	1324160	-1	137216	829	0	0	829
234332117	1016848	-1	582656	4584	0	0	4584
234340117	874072	-1	228352	2090	0	0	2090
234349118	1044304	-1	704512	5397	0	0	5397
234358117	-1	-1	0	0	0	0	0
234366117	2808840	-1	527360	1502	0	0	1502
234373117	-1	-1	0	0	0	0	0
234379117	3377968	-1	594944	1409	0	0	1409
234389117	3871720	-1	503808	1041	0	0	1041
234393162	-1	-1	0	0	0	0	0
234402180	-1	-1	0	0	0	0	0
234411118	3820920	-1	1422336	2978	0	0	2978
234420117	-1	-1	0	0	0	0	0
234428117	-1	-1	106496	5263	0	0	5390
234433117	-1	-1	0	0	0	0	5000
234442117	369512	-1	156672	3392	0	0	9000
234451117	850320	-1	607232	5713	0	0	5713
234457118	1428840	-1	491520	2752	0	0	2752
234463117	-1	-1	0	0	0	0	0
234472117	-1	-1	0	0	0	0	0
234474117	-1	-1	0	0	0	0	0
234483117	1188448	-1	660480	4446	0	0	4446
234487172	-1	-1	0	0	0	0	0
234494117	-1	-1	0	0	0	0	0
234497117	-1	-1	0	0	0	0	0
234505117	2912544	-1	776192	2132	0	0	2132
234514117	3659888	-1	438272	958	0	0	958
234517117	-1	-1	0	0	0	0	0
234526117	-1	-1	0	0	0	0	0
234534117	5064144	-1	487424	770	0	0	770
234544118	2067864	-1	366012	1416	0	0	1416
234546163	-1	-1	0	0	0	0	0
234555201	-1	-1	0	0	0	0	0
234562117	1378584	-1	515072	2989	0	0	2989
234571121	-1	-1	0	0	0	0	0
234580180	3326024	-1	539648	1298	0	0	1298
234585118	-1	-1	0	0	0	0	0
234594117	1430768	-1	335872	1878	0	0	1878
234602117	-1	-1	0	0	0	0	0
234611117	4530224	-1	518144	915	0	0	915
234615117	-1	-1	0	0	0	0	0
234624117	3185952	-1	1048576	2633	0	0	2633
234633117	-1	-1	0	0	0	0	0
234642117	2924232	-1	866304	2370	0	0	2370
234652117	-1	-1	0	0	0	0	0
234658117	-1	-1	0	0	0	0	0
234663117	-1	-1	0	0	0	0	0
234670117	6098488	-1	960512	1260	0	0	1260
234675117	-1	-1	0	0	0	0	0
234684117	503664	-1	313344	4977	0	0	4977
234694117	1105160	-1	163840	1186	0	0	1186
234703117	1205216	-1	706560	4690	0	0	4793
234713117	1893360	-1	874496	3695	0	0	3695
234722117	1563928	-1	989184	5060	0	0	5060
234731117	-1	-1	108544	1120	0	0	1120
234739117	-1	-1	0	0	0	0	0
234748117	-1	-1	0	0	0	0	0
234754118	1233656	-1	805888	5226	0	0	5824
234763117	524792	-1	614400	9366	0	0	9366
234770117	460248	-1	407552	7084	0	0	7084
234779117	1194624	-1	1220608	8174	0	0	8174
234788117	-1	-1	0	0	0	0	0
234796117	-1	-1	0	0	0	0	0
234805117	3743736	-1	2045952	4372	0	0	4372
234814117	-1	-1	0	0	0	0	0
234820117	5128264	-1	714752	1115	0	0	1115
234829116	4234064	-1	188416	356	0	0	381
234834117	6575448	-1	616448	750	0	0	750
234840117	-1	-1	0	0	0	0	0
234845117	-1	-1	0	0	0	0	0
234855117	1109032	-1	505856	3649	0	0	3921
234857117	1097344	-1	294912	2150	0	0	2150
234866117	1415720	-1	196608	1111	0	0	1111
234874117	-1	-1	0	0	0	0	0
234884117	2491000	-1	901120	2894	0	0	2894
234886117	1543112	-1	222208	1152	0	0	1152
234895178	-1	-1	0	0	0	0	0
234903175	2165168	-1	677428	2503	0	0	2503
234911117	-1	-1	0	0	0	0	0
234919117	-1	-1	0	0	0	0	0
234928118	3431856	-1	1391616	3244	0	0	3266
234930118	-1	-1	20480	25	0	0	25
234939117	-1	-1	0	0	0	0	0
234945132	2487528	-1	544768	1752	0	0	1752
234952117	-1	-1	0	0	0	0	0
234961118	2230080	-1	354304	1271	0	0	1272
234968117	2804784	-1	736256	2100	0	0	2100
234971118	3988112	-1	548864	1101	0	0	1101
234980170	-1	-1	0	0	0	0	0
234985117	-1	-1	0	0	0	0	0
234990117	-1	-1	0	0	0	0	0
234997230	4585272	-1	1084416	1892	0	0	1892
235005117	-1	-1	0	0	0	0	0
235011117	4859784	-1	700416	1153	0	0	1153
235020117	-1	-1	0	0	0	0	0
235028117	-1	-1	0	0	0	0	0
235031177	-1	-1	0	0	0	0	0
235040117	6285632	-1	715776	911	0	0	911
235050117	-1	-1	0	0	0	0	0
235056137	6610872	-1	1631232	1974	0	0	1974
235065187	-1	-1	0	0	0	0	0
235073156	7250880	-1	694272	766	0	0	766
235083117	-1	-1	0	0	0	0	0
235093118	2771456	-1	858112	2477	0	0	2477
235099211	-1	-1	0	0	0	0	0
235108117	4931448	-1	870400	1412	0	0	1412
235117117	-1	-1	0	0	0	0	0
235126117	4813856	-1	1751040	2910	0	0	2910
235129117	-1	-1	0	0	0	0	0
235138117	5804840	-1	455680	628	0	0	628
235147117	-1	-1	0	0	0	0	0
235157116	4659544	-1	694272	1192	0	0	1192
235161117	-1	-1	0	0	0	0	0
235170117	6090344	-1	697344	916	0	0	916
235179117	-1	-1	0	0	0	0	0
235186117	4818824	-1	552960	918	0	0	918
235195117	-1	-1	0	0	0	0	0
235204117	4999160	-1	1329152	2127	0	0	2127
235209117	-1	-1	0	0	0	0	0
235217118	4216472	-1	1218560	2312	0	0	2312
235222117	-1	-1	0	0	0	0	0
235231118	3732280	-1	1045504	2241	0	0	2241
235235142	-1	-1	0	0	0	0	0
235243180	-1	-1	0	0	0	0	0
235248117	-1	-1	0	0	0	0	0
235257117	4158008	-1	1167360	2246	0	0	2246
235265117	-1	-1	0	0	0	0	68
235270117	1559888	-1	769024	3944	0	0	3944
235279117	2578024	-1	155648	483	0	0	493
235284117	4432304	-1	526336	950	0	0	950
235290117	-1	-1	0	0	0	0	0
235299117	2072568	-1	993280	3834	0	0	-1
235308117	-1	-1	0	0	0	0	-1
235317117	3335928	-1	1224704	2937	0	0	-1
235326117	-1	-1	0	0	0	0	-1
235329117	-1	-1	0	0	0	0	-1
235338117	8657416	-1	538924	498	0	0	-1
235340117	-1	-1	0	0	0	0	-1
235349117	-1	-1	0	0	0	0	-1
235355117	-1	-1	0	0	0	0	-1
235364117	-1	-1	0	0	0	0	-1
235373117	-1	-1	0	0	0	0	-1
235375117	-1	-1	0	0	0	0	-1
