22286	4768600	-1	4758468	7983	0	0	17407
31298	3606048	-1	659456	1463	0	0	1463
39287	-1	-1	0	0	0	0	0
48310	2706080	-1	976896	2888	0	0	2888
57289	-1	-1	0	0	0	0	0
66290	-1	-1	0	0	0	0	0
75302	-1	-1	0	0	0	0	93
80304	3422000	-1	1819648	4254	0	0	4254
87285	-1	-1	0	0	0	0	0
95303	3226216	-1	1815552	4502	0	0	4502
104294	-1	-1	0	0	0	0	0
112293	-1	-1	0	0	0	0	0
121318	7064712	-1	1225728	1388	0	0	1388
123315	-1	-1	0	0	0	0	0
132293	5897352	-1	1089536	1478	0	0	1478
133328	-1	-1	0	0	0	0	0
142308	-1	-1	0	0	0	0	0
150324	5729544	-1	845824	1181	0	0	1181
158312	3001464	-1	768000	2047	0	0	2047
161290	-1	-1	61440	82	0	0	82
170286	-1	-1	0	0	0	0	0
180294	7250936	-1	1096704	1210	0	0	1210
188303	-1	-1	0	0	0	0	0
197300	10037448	-1	913408	728	0	0	728
201299	-1	-1	0	0	0	0	0
210312	11522816	-1	917504	637	0	0	637
217293	-1	-1	0	0	0	0	0
225293	-1	-1	0	0	0	0	0
229318	-1	-1	0	0	0	0	0
235313	8519160	-1	1333248	1252	0	0	1252
243308	-1	-1	0	0	0	0	0
251305	-1	-1	0	0	0	0	0
260294	10818280	-1	1556480	1151	0	0	1151
262317	-1	-1	0	0	0	0	0
271307	-1	-1	0	0	0	0	0
280299	9178304	-1	1153024	1005	0	0	1005
286290	-1	-1	0	0	0	0	0
295305	10263816	-1	882688	688	0	0	688
299304	-1	-1	0	0	0	0	0
308301	10804104	-1	995328	737	0	0	737
317318	-1	-1	0	0	0	0	0
325318	10204808	-1	1239884	972	0	0	972
334311	-1	-1	0	0	0	0	0
342297	6502040	-1	1162240	1430	0	0	1430
351301	-1	-1	0	0	0	0	0
358324	-1	-1	0	0	0	0	0
365318	-1	-1	0	0	0	0	0
372295	10939048	-1	2051072	1500	0	0	1500
381318	-1	-1	0	0	0	0	0
390288	12574760	-1	1504256	957	0	0	957
399301	-1	-1	0	0	0	0	0
408304	9544632	-1	1026048	860	0	0	860
418310	-1	-1	0	0	0	0	0
425295	11153040	-1	1801216	1292	0	0	1292
433318	-1	-1	0	0	0	0	0
441294	-1	-1	0	0	0	0	0
448294	-1	-1	0	0	0	0	0
455309	9412472	-1	2661376	2262	0	0	2262
464309	-1	-1	0	0	0	0	0
472309	-1	-1	0	0	0	0	0
480295	-1	-1	0	0	0	0	0
489288	10155504	-1	1292288	1018	0	0	1098
496302	-1	-1	0	0	0	0	0
505317	7048248	-1	738304	838	0	0	838
512300	-1	-1	0	0	0	0	0
522315	8525800	-1	1255424	1178	0	0	1178
531311	-1	-1	0	0	0	0	0
539307	-1	-1	0	0	0	0	0
548294	7274800	-1	1185792	1304	0	0	1400
551301	-1	-1	0	0	0	0	0
560306	-1	-1	0	0	0	0	0
567306	5862168	-1	958464	1308	0	0	1308
575309	-1	-1	0	0	0	0	0
583307	9924776	-1	1313792	1059	0	0	1059
593287	-1	-1	0	0	0	0	0
599305	6793368	-1	1253376	1476	0	0	1476
607302	-1	-1	0	0	0	0	0
615303	-1	-1	0	0	0	0	0
623302	11415792	-1	1896448	1329	0	0	1329
626315	-1	-1	0	0	0	0	0
635301	-1	-1	0	0	0	0	0
644296	-1	-1	0	0	0	0	0
647302	-1	-1	0	0	0	0	0
656295	14681976	-1	1890304	1030	0	0	1115
665293	-1	-1	0	0	0	0	0
670296	9712736	-1	896000	738	0	0	738
679306	-1	-1	0	0	0	0	0
687288	-1	-1	0	0	0	0	0
693297	-1	-1	0	0	0	0	0
700299	6371080	-1	1755232	2204	0	0	2204
709317	-1	-1	0	0	0	0	0
719306	7650424	-1	1605632	1679	0	0	1679
729318	-1	-1	0	0	0	0	0
737297	-1	-1	0	0	0	0	0
743304	-1	-1	0	0	0	0	0
750311	9548640	-1	1873920	1570	0	0	1570
759301	-1	-1	0	0	0	0	0
768295	-1	-1	0	0	0	0	0
773324	-1	-1	0	0	0	0	0
779309	6813872	-1	1908736	2241	0	0	2241
785322	-1	-1	0	0	0	0	0
794321	6111592	-1	965632	1264	0	0	1264
803301	-1	-1	0	0	0	0	0
813319	7107832	-1	1557504	1753	0	0	1753
821319	-1	-1	0	0	0	0	0
831301	-1	-1	0	0	0	0	0
841286	5130384	-1	1264640	1972	0	0	1972
844297	1812544	-1	313344	1383	0	0	1383
853294	-1	-1	0	0	0	0	0
860308	3474704	-1	1096704	2525	0	0	2525
865290	-1	-1	0	0	0	0	0
874328	-1	-1	0	0	0	0	0
883306	3524848	-1	221184	502	0	0	511
888306	2469208	-1	1524736	4940	0	0	4940
895304	-1	-1	0	0	0	0	0
904311	-1	-1	0	0	0	0	0
908302	-1	-1	0	0	0	0	0
916296	3617512	-1	2148352	4751	0	0	4751
924298	-1	-1	0	0	0	0	0
933326	3821320	-1	1453056	3042	0	0	3042
939304	-1	-1	0	0	0	0	0
948296	1695936	-1	1092608	5154	0	0	5154
957317	1429440	-1	1019904	5708	0	0	5708
966310	-1	-1	0	0	0	0	0
975286	3420624	-1	1441792	3372	0	0	3391
977285	3175848	-1	728064	1834	0	0	1999
986315	2763632	-1	1631232	4722	0	0	4722
993289	3361544	-1	852992	2030	0	0	2030
1002317	-1	-1	0	0	0	0	0
1011304	4720816	-1	870400	1475	0	0	1475
1020299	-1	-1	0	0	0	0	0
1029331	4538264	-1	924672	1630	0	0	1630
1032294	-1	-1	0	0	0	0	0
1041298	2171624	-1	746496	2750	0	0	2750
1050310	-1	-1	0	0	0	0	0
1059312	-1	-1	0	0	0	0	0
1066325	-1	-1	0	0	0	0	0
1074309	4051744	-1	1254016	2476	0	0	2476
1081286	-1	-1	0	0	0	0	0
1090309	1993560	-1	1031168	4138	0	0	4138
1099307	-1	-1	0	0	0	0	0
1108312	3378048	-1	1086464	2573	0	0	2573
1117317	-1	-1	0	0	0	0	0
1125291	-1	-1	0	0	0	0	0
1135302	-1	-1	0	0	0	0	0
1142310	3019488	-1	1413120	3744	0	0	3744
1149289	-1	-1	0	0	0	0	0
1158309	3674808	-1	665600	1449	0	0	1449
1165294	-1	-1	0	0	0	0	0
1171311	4674144	-1	488448	836	0	0	836
1179310	2077480	-1	468992	1806	0	0	1806
1182310	3359856	-1	364544	868	0	0	868
1192298	-1	-1	0	0	0	0	0
1197320	3271448	-1	1377280	3368	0	0	3368
1204302	-1	-1	0	0	0	0	0
1210309	3586048	-1	1346560	3004	0	0	3004
1219303	-1	-1	0	0	0	0	0
1225331	-1	-1	0	0	0	0	0
1231303	-1	-1	49152	342	0	0	348
1236301	1497288	-1	925696	4946	0	0	4997
1242293	1274608	-1	393216	2468	0	0	5992
1247301	-1	-1	0	0	0	0	5007
1253286	-1	-1	0	0	0	0	5985
1258311	-1	-1	122880	4072	0	0	5024
1266293	440504	-1	327680	5951	0	0	7982
1273293	842448	-1	868352	8246	0	0	8246
1278311	1461144	-1	999424	5472	0	0	5472
1287305	972552	-1	1093632	8996	0	0	8996
1294309	882824	-1	637952	5781	0	0	5781
1302286	-1	-1	0	0	0	0	0
1311304	-1	-1	73728	461	0	0	473
1316303	2909808	-1	1003520	2759	0	0	2759
1324300	-1	-1	0	0	0	0	0
1330310	2416848	-1	528384	1749	0	0	1749
1340297	-1	-1	0	0	0	0	0
1346311	2969000	-1	948224	2555	0	0	2555
1355318	-1	-1	0	0	0	0	0
1360293	2740312	-1	1067008	3115	0	0	3115
1369292	-1	-1	0	0	0	0	0
1378309	3644224	-1	1243136	2729	0	0	2729
1388307	-1	-1	0	0	0	0	0
1394321	-1	-1	0	0	0	0	0
1399304	-1	-1	0	0	0	0	0
1406319	2322360	-1	1100800	3792	0	0	3792
1415304	3473160	-1	916480	2111	0	0	2111
1417317	-1	-1	0	0	0	0	0
1426315	-1	-1	0	0	0	0	0
1434310	1634720	-1	574808	2813	0	0	2813
1443301	-1	-1	0	0	0	0	0
1451301	2130904	-1	1236992	4644	0	0	4644
1460295	-1	-1	0	0	0	0	0
1468294	2287184	-1	940032	3288	0	0	3288
1474310	-1	-1	0	0	0	0	0
1482289	1845976	-1	954368	4136	0	0	4136
1491306	-1	-1	0	0	0	0	0
1499306	2144672	-1	863232	3220	0	0	3220
1506287	-1	-1	0	0	0	0	0
1509319	-1	-1	0	0	0	0	0
1513318	-1	-1	0	0	0	0	0
1520294	1662480	-1	890880	4287	0	0	4287
1529333	-1	-1	0	0	0	0	0
1537324	3721056	-1	670720	1442	0	0	1442
1545286	3072000	-1	270336	704	0	0	726
1549317	5408000	-1	519168	768	0	0	768
1559304	-1	-1	0	0	0	0	0
1569295	4809824	-1	579584	964	0	0	964
1576306	-1	-1	0	0	0	0	0
1584308	-1	-1	0	0	0	0	0
1588299	-1	-1	0	0	0	0	0
1596299	5376736	-1	1410048	2098	0	0	2098
1606329	-1	-1	0	0	0	0	0
1614287	-1	-1	0	0	0	0	0
1622312	5429888	-1	1060864	1563	0	0	1614
1626316	7340880	-1	353280	385	0	0	385
1634298	-1	-1	0	0	0	0	0
1643314	-1	-1	0	0	0	0	0
1648297	-1	-1	0	0	0	0	0
1655322	2718520	-1	611328	1799	0	0	1799
1659311	-1	-1	0	0	0	0	0
1668294	4416000	-1	706560	1280	0	0	1280
1677285	-1	-1	0	0	0	0	0
1683316	2530584	-1	919552	2907	0	0	2907
1692307	-1	-1	0	0	0	0	0
1699306	-1	-1	0	0	0	0	0
1707303	4387720	-1	754688	1376	0	0	1376
1711301	-1	-1	0	0	0	0	0
1719302	-1	-1	0	0	0	0	0
1723302	-1	-1	0	0	0	0	0
1731302	3918120	-1	857088	1750	0	0	1790
1734315	-1	-1	97280	121	0	0	121
1742314	-1	-1	0	0	0	0	0
1749292	-1	-1	0	0	0	0	0
1756296	-1	-1	0	0	0	0	0
1763302	3952688	-1	875520	1772	0	0	1772
1769317	-1	-1	0	0	0	0	0
1778289	4196424	-1	599040	1142	0	0	1205
1787306	-1	-1	0	0	0	0	0
1796294	3937792	-1	641368	1303	0	0	1303
1805318	-1	-1	0	0	0	0	0
1814310	2070968	-1	1315840	5083	0	0	5083
1821316	-1	-1	0	0	0	0	0
1830313	3972648	-1	1121280	2258	0	0	2258
1838317	-1	-1	0	0	0	0	0
1846297	3469664	-1	1108992	2557	0	0	2557
1855304	5477312	-1	1287168	1880	0	0	1880
1857328	-1	-1	0	0	0	0	0
1866285	-1	-1	0	0	0	0	0
1872308	-1	-1	0	0	0	0	0
1875311	-1	-1	0	0	0	0	0
1884294	8933440	-1	1517568	1359	0	0	1434
1893320	-1	-1	0	0	0	0	0
1899302	5014008	-1	1465344	2338	0	0	2338
1906310	-1	-1	0	0	0	0	0
1913319	-1	-1	0	0	0	0	0
1919290	-1	-1	0	0	0	0	0
1928293	2811112	-1	1490944	4243	0	0	4243
1934310	-1	-1	0	0	0	0	0
1941317	-1	-1	0	0	0	0	0
1947315	-1	-1	0	0	0	0	0
1955304	4531824	-1	1229824	2171	0	0	2171
1960296	-1	-1	0	0	0	0	0
1969318	4994216	-1	686080	1099	0	0	1099
1978325	-1	-1	0	0	0	0	0
1986291	4920072	-1	620544	1009	0	0	1009
1996307	-1	-1	0	0	0	0	0
2006310	1119856	-1	565248	4038	0	0	4038
2014319	-1	-1	0	0	0	0	0
2023302	4611328	-1	1062912	1844	0	0	1844
2033317	-1	-1	0	0	0	0	0
2041295	1696056	-1	620544	2927	0	0	2927
2050315	-1	-1	0	0	0	0	0
2058311	5680640	-1	724992	1021	0	0	1021
2067311	-1	-1	0	0	0	0	0
2075311	4408456	-1	397312	721	0	0	721
2084310	-1	-1	0	0	0	0	0
2093323	6635392	-1	515072	621	0	0	621
2099308	-1	-1	0	0	0	0	0
2108298	8102256	-1	647168	639	0	0	639
2114320	-1	-1	0	0	0	0	0
2123314	7265232	-1	899072	990	0	0	990
2132295	-1	-1	0	0	0	0	0
2140295	-1	-1	0	0	0	0	0
2148298	6762520	-1	881664	1043	0	0	1111
2152296	-1	-1	116736	281	0	0	281
2159306	-1	-1	0	0	0	0	0
2168295	8334232	-1	1328268	1275	0	0	1275
2175309	-1	-1	0	0	0	0	0
2184308	2983000	-1	1561600	4188	0	0	4188
2193289	-1	-1	0	0	0	0	0
2202314	8824888	-1	1270784	1152	0	0	1152
2210298	-1	-1	0	0	0	0	0
2219288	-1	-1	0	0	0	0	0
2225318	-1	-1	0	0	0	0	0
2230317	8962312	-1	1239040	1106	0	0	1106
2237331	-1	-1	0	0	0	0	0
2244296	7277424	-1	1140736	1254	0	0	1254
2252298	-1	-1	0	0	0	0	0
2261318	8407296	-1	799744	761	0	0	761
2265327	-1	-1	0	0	0	0	0
2274325	-1	-1	0	0	0	0	0
2281320	-1	-1	65536	181	0	0	188
2286290	8508848	-1	1512448	1422	0	0	1422
2296308	-1	-1	0	0	0	0	0
2304306	1251472	-1	814080	5204	0	0	5204
2314314	2349320	-1	864256	2943	0	0	2943
2322318	5846456	-1	1031168	1411	0	0	1411
2331316	-1	-1	0	0	0	0	0
2339301	6339488	-1	697344	880	0	0	880
2347315	-1	-1	0	0	0	0	0
2356295	7587072	-1	1374208	1449	0	0	1449
2365287	-1	-1	0	0	0	0	0
2373286	-1	-1	0	0	0	0	0
2378309	-1	-1	0	0	0	0	0
2386310	1809216	-1	1099776	4863	0	0	4974
2395308	3963304	-1	688128	1389	0	0	1389
2403313	-1	-1	0	0	0	0	0
2410319	6450840	-1	925696	1148	0	0	1148
2414288	-1	-1	0	0	0	0	0
2421287	-1	-1	0	0	0	0	0
2430286	4575200	-1	410624	718	0	0	718
2437290	-1	-1	0	0	0	0	0
2445287	6219056	-1	593920	764	0	0	764
2452294	-1	-1	0	0	0	0	0
2460303	6886032	-1	415744	483	0	0	483
2469327	-1	-1	0	0	0	0	0
2474292	10117728	-1	677888	536	0	0	-1
2484293	-1	-1	0	0	0	0	-1
2494290	4481232	-1	1879876	3356	0	0	-1
2498310	-1	-1	0	0	0	0	-1
2504305	4723496	-1	978944	1658	0	0	-1
2513320	-1	-1	0	0	0	0	-1
2521319	-1	-1	0	0	0	0	-1
2527301	-1	-1	0	0	0	0	-1
2532300	-1	-1	0	0	0	0	-1
2543374	2068144	-1	1813504	7015	0	0	32084
2551347	6134200	-1	1282048	1672	0	0	1672
2560363	-1	-1	0	0	0	0	0
2569359	-1	-1	0	0	0	0	0
2577359	-1	-1	0	0	0	0	0
2586357	9240944	-1	1659904	1437	0	0	1437
2595338	-1	-1	0	0	0	0	0
2604371	2383688	-1	1585152	5320	0	0	5320
2612359	-1	-1	24576	199	0	0	199
2621352	4569968	-1	799744	1400	0	0	1400
2626351	-1	-1	0	0	0	0	0
2636367	5443192	-1	819200	1204	0	0	1204
2644363	-1	-1	0	0	0	0	0
2651379	-1	-1	0	0	0	0	0
2654342	-1	-1	0	0	0	0	0
2663375	3165176	-1	1713152	4330	0	0	4330
2668358	-1	-1	0	0	0	0	0
2677359	2866584	-1	712704	1989	0	0	1989
2685358	-1	-1	0	0	0	0	0
2694356	-1	-1	0	0	0	0	0
2701356	-1	-1	0	0	0	0	0
2707379	7455936	-1	1441792	1547	0	0	1547
2717357	-1	-1	0	0	0	0	0
2724369	-1	-1	0	0	0	0	0
2733350	8586736	-1	1804288	1681	0	0	1681
2734349	-1	-1	0	0	0	0	0
2743365	-1	-1	0	0	0	0	0
2752339	10253280	-1	988160	771	0	0	771
2761363	-1	-1	0	0	0	0	0
2770342	4458776	-1	736256	1321	0	0	1321
2780357	-1	-1	0	0	0	0	0
2789358	8170184	-1	766976	751	0	0	751
2798348	8488888	-1	790528	745	0	0	745
2801356	-1	-1	0	0	0	0	0
2810354	-1	-1	0	0	0	0	0
2819334	5603680	-1	658432	940	0	0	940
2828368	-1	-1	0	0	0	0	0
2837334	-1	-1	0	0	0	0	0
2846349	10563648	-1	1680940	1273	0	0	1403
2849349	-1	-1	0	0	0	0	0
2858342	-1	-1	0	0	0	0	0
2866345	7568224	-1	1776640	1878	0	0	1878
2875365	-1	-1	0	0	0	0	0
2884359	-1	-1	0	0	0	0	0
2892358	-1	-1	0	0	0	0	0
2901356	4812736	-1	1952768	3246	0	0	3246
2909354	-1	-1	0	0	0	0	0
2918354	-1	-1	0	0	0	0	0
2921350	-1	-1	0	0	0	0	0
2930342	5409592	-1	963584	1425	0	0	1425
2934351	-1	-1	0	0	0	0	0
2943366	7577424	-1	1111040	1173	0	0	1173
2953352	-1	-1	0	0	0	0	0
3004261	1985384	-1	3188036	12846	0	0	49284
3008265	7071040	-1	1614848	1827	0	0	1827
3016269	-1	-1	0	0	0	0	0
3022289	-1	-1	0	0	0	0	0
3029256	3151200	-1	1716224	4357	0	0	4357
3039285	-1	-1	0	0	0	0	0
3047278	7342208	-1	663552	723	0	0	723
3055280	-1	-1	0	0	0	0	0
3064263	4940424	-1	922624	1494	0	0	1494
3072262	-1	-1	0	0	0	0	0
3081260	6274248	-1	579584	739	0	0	739
3088278	-1	-1	0	0	0	0	0
3096274	-1	-1	0	0	0	0	0
3102290	-1	-1	0	0	0	0	0
3111250	6964360	-1	923648	1061	0	0	1061
3115253	-1	-1	0	0	0	0	0
3122249	3639744	-1	1082368	2379	0	0	2379
3130286	-1	-1	0	0	0	0	0
3150629	-1	-1	0	0	0	0	17058
3160619	-1	-1	0	0	0	0	9990
3233161	2929680	-1	2919424	7972	0	0	72541
3241164	5078376	-1	1118512	1762	0	0	1762
3248140	-1	-1	0	0	0	0	0
3255148	-1	-1	0	0	0	0	0
3262154	6669320	-1	1121280	1345	0	0	1345
3270160	-1	-1	0	0	0	0	0
3277160	6090760	-1	439296	577	0	0	577
3283144	-1	-1	0	0	0	0	0
3291143	3125824	-1	572416	1465	0	0	1465
3300141	-1	-1	0	0	0	0	0
3306158	7811712	-1	1009664	1034	0	0	1034
3314166	-1	-1	0	0	0	0	0
3318151	-1	-1	0	0	0	0	0
3327154	-1	-1	0	0	0	0	0
3334152	7530272	-1	920576	978	0	0	978
3340166	-1	-1	0	0	0	0	0
3346160	-1	-1	0	0	0	0	0
3352165	-1	-1	24576	110	0	0	114
3357160	11885816	-1	1558528	1049	0	0	1049
3367154	-1	-1	0	0	0	0	0
3376165	11177480	-1	1107968	793	0	0	793
3385158	-1	-1	0	0	0	0	0
3394155	5879344	-1	1108992	1509	0	0	1509
3404171	-1	-1	0	0	0	0	0
3411149	8937680	-1	871424	780	0	0	780
3420170	-1	-1	0	0	0	0	0
3429169	9572504	-1	1292288	1080	0	0	1080
3435141	-1	-1	0	0	0	0	0
3465127	751024	-1	655360	6981	0	0	16979
3473125	4353304	-1	1923072	3534	0	0	3534
3482127	5971224	-1	663552	889	0	0	889
3491143	-1	-1	0	0	0	0	0
3498118	-1	-1	0	0	0	0	0
3502124	-1	-1	0	0	0	0	0
3510121	5942896	-1	1242808	1673	0	0	1673
3528079	2754296	-1	1114112	3236	0	0	3236
3537064	4822936	-1	706560	1172	0	0	1172
3546065	-1	-1	0	0	0	0	0
3555051	6656000	-1	652288	784	0	0	784
3561093	-1	-1	0	0	0	0	0
3562278	5071240	-1	638976	1008	0	0	1036
3568263	5444240	-1	760832	1118	0	0	1118
3575271	6097568	-1	605184	794	0	0	794
3589674	-1	-1	0	0	0	0	11521
3598676	2432504	-1	2988032	9827	0	0	9827
3617095	-1	-1	0	0	0	0	16013
3626086	2578760	-1	3175424	9851	0	0	9851
3634087	3344144	-1	742400	1776	0	0	1776
3638086	-1	-1	0	0	0	0	0
3645075	-1	-1	0	0	0	0	0
3655084	-1	-1	0	0	0	0	0
3659084	-1	-1	0	0	0	0	0
3668101	7500368	-1	1499136	1599	0	0	1599
3677095	-1	-1	0	0	0	0	0
3686086	-1	-1	0	0	0	0	0
3694093	-1	-1	0	0	0	0	0
3703079	9944024	-1	2563072	2062	0	0	2062
3709096	-1	-1	0	0	0	0	0
3718085	-1	-1	0	0	0	0	0
3722087	-1	-1	0	0	0	0	0
3735173	5543760	-1	3290220	4748	0	0	4748
3744206	-1	-1	0	0	0	0	0
3745168	-1	-1	0	0	0	0	0
3754189	8569608	-1	836608	781	0	0	919
3767979	5175952	-1	1219584	1885	0	0	1885
3777097	6034656	-1	1257472	1667	0	0	2280
3790038	5795136	-1	1280000	1767	0	0	1767
3797037	5583728	-1	451584	647	0	0	647
3813421	3590816	-1	2325504	5181	0	0	5242
3825898	5585688	-1	1103872	1581	0	0	-1
3834887	9438528	-1	1669440	1415	0	0	-1
3843909	-1	-1	0	0	0	0	-1
3852886	-1	-1	0	0	0	0	-1
3858902	-1	-1	0	0	0	0	-1
3870247	9180096	-1	1757988	1532	0	0	-1
3878248	-1	-1	0	0	0	0	-1
3887271	-1	-1	0	0	0	0	-1
3901496	11699184	-1	2797568	1913	0	0	-1
3910510	8175808	-1	517120	506	0	0	-1
3918516	-1	-1	0	0	0	0	-1
3926757	5704856	-1	1087488	1525	0	0	78555
3935765	-1	-1	0	0	0	0	0
3944753	-1	-1	0	0	0	0	0
3953769	-1	-1	0	0	0	0	0
3961766	9288960	-1	945152	814	0	0	839
3971754	-1	-1	0	0	0	0	0
3980755	-1	-1	0	0	0	0	0
3987754	-1	-1	0	0	0	0	0
3993760	8252592	-1	697344	676	0	0	749
3998758	-1	-1	0	0	0	0	0
4007762	11790480	-1	885760	601	0	0	601
4013757	-1	-1	0	0	0	0	0
4021754	8318272	-1	539648	519	0	0	519
4030768	-1	-1	0	0	0	0	0
4038754	-1	-1	0	0	0	0	0
4047755	-1	-1	0	0	0	0	0
4054767	9744464	-1	719872	591	0	0	625
4058753	-1	-1	0	0	0	0	0
4065762	8319432	-1	467968	450	0	0	450
4071764	-1	-1	0	0	0	0	0
4080762	9710744	-1	864256	712	0	0	712
4087754	-1	-1	0	0	0	0	0
