110339	4729416	-1	4400128	7443	0	0	7443
118345	-1	-1	0	0	0	0	0
124328	4990800	-1	1068032	1712	0	0	1712
134314	-1	-1	0	0	0	0	0
143312	4562752	-1	490496	860	0	0	1077
151335	5310304	-1	300032	452	0	0	452
159331	-1	-1	0	0	0	0	0
162312	-1	-1	0	0	0	0	0
171339	5068232	-1	739328	1167	0	0	1167
176331	-1	-1	0	0	0	0	0
182314	4958312	-1	706560	1140	0	0	1140
191339	-1	-1	0	0	0	0	0
200330	4145352	-1	387072	747	0	0	747
209329	-1	-1	0	0	0	0	0
218344	4398104	-1	320512	583	0	0	711
227332	-1	-1	0	0	0	0	0
236329	4666080	-1	724992	1243	0	0	1243
245316	-1	-1	0	0	0	0	0
254313	5138712	-1	527360	821	0	0	821
259343	-1	-1	0	0	0	0	0
268332	-1	-1	0	0	0	0	0
276329	3782384	-1	203776	431	0	0	431
282346	4917408	-1	456704	743	0	0	743
291344	4870848	-1	1058800	1739	0	0	1739
293316	-1	-1	0	0	0	0	0
302339	-1	-1	0	0	0	0	0
311341	5981064	-1	742400	993	0	0	993
317330	-1	-1	0	0	0	0	0
326346	5978736	-1	1250304	1673	0	0	1673
331342	-1	-1	0	0	0	0	0
340329	5663480	-1	564224	797	0	0	797
349327	-1	-1	0	0	0	0	0
358316	-1	-1	0	0	0	0	0
360328	-1	-1	0	0	0	0	0
369329	5908168	-1	609280	825	0	0	825
378338	5707544	-1	870400	1220	0	0	1220
382346	-1	-1	0	0	0	0	0
391332	-1	-1	0	0	0	0	0
397315	4571224	-1	413696	724	0	0	733
406315	5513848	-1	680960	988	0	0	988
415312	-1	-1	0	0	0	0	0
422339	5100008	-1	587776	922	0	0	922
430311	-1	-1	0	0	0	0	0
439331	5500008	-1	242688	353	0	0	501
448327	5087272	-1	278528	438	0	0	603
452328	-1	-1	0	0	0	0	0
459313	4917576	-1	848896	1381	0	0	1381
468328	-1	-1	0	0	0	0	0
474341	6275968	-1	986112	1257	0	0	1257
483330	-1	-1	0	0	0	0	0
492328	5807112	-1	613376	845	0	0	845
500322	-1	-1	0	0	0	0	0
509332	5348080	-1	435200	651	0	0	651
511311	-1	-1	0	0	0	0	0
520329	-1	-1	0	0	0	0	0
522324	-1	-1	0	0	0	0	0
531332	5922480	-1	1060864	1433	0	0	1433
533316	-1	-1	0	0	0	0	0
542346	6332368	-1	404480	511	0	0	511
544330	-1	-1	0	0	0	0	0
553326	5671384	-1	497664	702	0	0	702
560328	-1	-1	0	0	0	0	0
569314	5543456	-1	184320	266	0	0	266
578323	5914056	-1	704512	953	0	0	953
580331	-1	-1	0	0	0	0	0
589315	4731808	-1	560128	947	0	0	947
598327	-1	-1	0	0	0	0	0
607354	5816008	-1	576512	793	0	0	793
611340	-1	-1	0	0	0	0	0
619330	5522856	-1	398336	577	0	0	757
624326	6732256	-1	316416	376	0	0	376
633314	-1	-1	0	0	0	0	0
640324	5970568	-1	828416	1110	0	0	1110
649328	-1	-1	0	0	0	0	0
655314	5778240	-1	608160	842	0	0	976
664329	-1	-1	0	0	0	0	0
672328	4930536	-1	856064	1389	0	0	1389
680325	-1	-1	0	0	0	0	0
686343	5890880	-1	524288	712	0	0	712
695343	-1	-1	0	0	0	0	0
703325	5891712	-1	813056	1104	0	0	1104
706314	-1	-1	0	0	0	0	0
715315	6916984	-1	666624	771	0	0	771
717315	-1	-1	0	0	0	0	0
726318	5044152	-1	680960	1080	0	0	1080
729327	-1	-1	0	0	0	0	0
738311	5102712	-1	679936	1066	0	0	1066
741330	-1	-1	0	0	0	0	0
750347	-1	-1	0	0	0	0	0
752328	-1	-1	0	0	0	0	0
761328	4913600	-1	627712	1022	0	0	1022
768326	5472752	-1	818176	1196	0	0	1196
772330	-1	-1	0	0	0	0	0
781328	5633944	-1	557056	791	0	0	791
783331	-1	-1	0	0	0	0	0
792322	-1	-1	0	0	0	0	0
800336	5628520	-1	517120	735	0	0	735
807351	-1	-1	0	0	0	0	0
814341	5134304	-1	643072	1002	0	0	1002
819331	-1	-1	0	0	0	0	0
828326	5663536	-1	1022976	1445	0	0	1445
837330	-1	-1	0	0	0	0	0
843331	-1	-1	106496	174	0	0	184
852332	7372800	-1	460800	500	0	0	548
858338	6702544	-1	663552	792	0	0	792
862315	-1	-1	0	0	0	0	0
869329	-1	-1	0	0	0	0	0
875330	-1	-1	0	0	0	0	0
882311	7204248	-1	814080	904	0	0	1110
891334	-1	-1	0	0	0	0	0
900325	4792000	-1	1226752	2048	0	0	2048
903322	-1	-1	0	0	0	0	0
910338	6037736	-1	640000	848	0	0	848
919353	-1	-1	0	0	0	0	0
927314	6416584	-1	680960	849	0	0	849
934321	-1	-1	0	0	0	0	0
943312	4496408	-1	776192	1381	0	0	1381
946347	-1	-1	0	0	0	0	0
954312	4440096	-1	891904	1607	0	0	1607
959331	-1	-1	0	0	0	0	0
967330	-1	-1	0	0	0	0	0
975346	4603624	-1	269312	468	0	0	468
982342	4197984	-1	1412096	2691	0	0	2691
989314	-1	-1	0	0	0	0	0
998314	4605896	-1	420864	731	0	0	864
1006339	-1	-1	0	0	0	0	0
1011346	5004560	-1	541744	866	0	0	866
1017330	-1	-1	0	0	0	0	0
1027313	2963576	-1	629760	1700	0	0	1724
1036331	-1	-1	0	0	0	0	0
1045315	3762832	-1	688128	1463	0	0	1463
1053327	-1	-1	0	0	0	0	0
1062314	6241080	-1	691200	886	0	0	886
1064329	-1	-1	0	0	0	0	0
1073329	3880424	-1	608256	1254	0	0	1254
1079347	-1	-1	0	0	0	0	0
1088326	5842520	-1	863232	1182	0	0	1182
1093330	-1	-1	0	0	0	0	0
1102310	-1	-1	0	0	0	0	0
1111330	4789608	-1	859136	1435	0	0	1435
1120325	7112096	-1	667648	751	0	0	751
1128331	-1	-1	0	0	0	0	0
1137314	5751000	-1	603136	839	0	0	839
1146342	-1	-1	0	0	0	0	0
1154314	4934032	-1	536576	870	0	0	870
1163311	-1	-1	0	0	0	0	0
1172328	3605992	-1	1951744	4330	0	0	4330
1175346	-1	-1	0	0	0	0	0
1184326	-1	-1	0	0	0	0	0
1192329	7273928	-1	843776	928	0	0	928
1199345	7066264	-1	951296	1077	0	0	1077
1208329	7101296	-1	1240064	1397	0	0	1397
1211345	-1	-1	0	0	0	0	0
1219314	-1	-1	0	0	0	0	0
1227314	7115544	-1	798720	898	0	0	898
1234346	-1	-1	0	0	0	0	0
1243331	7189736	-1	1439744	1602	0	0	1602
1250312	-1	-1	0	0	0	0	0
1259331	6476952	-1	1384448	1710	0	0	1710
1268335	-1	-1	0	0	0	0	0
1277322	6652560	-1	2230272	2682	0	0	2682
1284329	-1	-1	0	0	0	0	0
1293328	6667240	-1	1898496	2278	0	0	2278
1302314	-1	-1	0	0	0	0	0
1311330	7101248	-1	1280000	1442	0	0	1442
1317327	-1	-1	0	0	0	0	0
1326312	-1	-1	0	0	0	0	0
1333315	6198568	-1	1308672	1689	0	0	1689
1343341	6434064	-1	562176	699	0	0	879
1346312	-1	-1	0	0	0	0	0
1355325	6050608	-1	928768	1228	0	0	1228
1360331	-1	-1	0	0	0	0	0
1369315	6938336	-1	2057216	2372	0	0	2372
1377316	-1	-1	0	0	0	0	0
1386315	-1	-1	0	0	0	0	0
1395331	6024216	-1	1246260	1655	0	0	1655
1399314	7560264	-1	1127424	1193	0	0	1193
1407330	-1	-1	0	0	0	0	0
1412322	6621624	-1	936960	1132	0	0	1132
1419341	-1	-1	0	0	0	0	0
1428323	6922456	-1	1948672	2252	0	0	2252
1438310	-1	-1	0	0	0	0	0
1444322	-1	-1	0	0	0	0	0
1449322	-1	-1	0	0	0	0	0
1459338	6309768	-1	604160	766	0	0	766
1468325	5456072	-1	1061888	1557	0	0	1557
1471345	-1	-1	0	0	0	0	0
1480327	-1	-1	0	0	0	0	0
1489330	4186576	-1	1064960	2035	0	0	2035
1498338	-1	-1	0	0	0	0	0
1507341	3954760	-1	516096	1044	0	0	1044
1512330	-1	-1	0	0	0	0	0
1521322	6128976	-1	313344	409	0	0	409
1530326	6647384	-1	987136	1188	0	0	1188
1532326	-1	-1	0	0	0	0	0
1541323	5633744	-1	412672	586	0	0	586
1545314	-1	-1	0	0	0	0	0
1554346	6775096	-1	851968	1006	0	0	1006
1556322	-1	-1	0	0	0	0	0
1565327	-1	-1	0	0	0	0	0
1574314	5948632	-1	1566720	2107	0	0	2107
1580325	-1	-1	0	0	0	0	0
1589337	5964440	-1	586752	787	0	0	787
1598323	-1	-1	0	0	0	0	0
1607321	4680176	-1	709632	1213	0	0	1213
1608325	-1	-1	0	0	0	0	0
1617315	5767688	-1	816128	1132	0	0	1132
1625325	-1	-1	0	0	0	0	0
1634344	6507792	-1	494592	608	0	0	608
1643330	-1	-1	0	0	0	0	0
1650340	5485264	-1	782336	1141	0	0	1141
1655333	-1	-1	0	0	0	0	0
1662341	6770248	-1	204800	242	0	0	258
1668336	6852128	-1	596992	697	0	0	697
1674313	6653168	-1	150528	181	0	0	181
1684329	-1	-1	0	0	0	0	0
1692331	5772064	-1	1255424	1740	0	0	1740
1695331	-1	-1	0	0	0	0	0
1703342	-1	-1	0	0	0	0	0
1709324	-1	-1	0	0	0	0	0
1718343	4208512	-1	1225728	2330	0	0	2330
1725315	-1	-1	0	0	0	0	0
1734324	-1	-1	0	0	0	0	0
1737326	-1	-1	0	0	0	0	0
1746339	6659760	-1	1246208	1497	0	0	1497
1750310	-1	-1	0	0	0	0	0
1757315	2853352	-1	720472	2020	0	0	2020
1766310	-1	-1	0	0	0	0	0
1775343	6590560	-1	547840	665	0	0	665
1783310	-1	-1	0	0	0	0	0
1792327	6666808	-1	868352	1042	0	0	1042
1794345	-1	-1	0	0	0	0	0
1803342	7002104	-1	626688	716	0	0	732
1810344	-1	-1	0	0	0	0	0
1817322	-1	-1	0	0	0	0	0
1826350	6736784	-1	805888	957	0	0	957
1831355	-1	-1	0	0	0	0	0
1839311	-1	-1	0	0	0	0	0
1845325	6446160	-1	983040	1220	0	0	1239
1849314	-1	-1	0	0	0	0	0
1858341	6893944	-1	891904	1035	0	0	1035
1866312	-1	-1	0	0	0	0	0
1872323	6517816	-1	522240	641	0	0	641
1881331	-1	-1	0	0	0	0	0
1891330	567048	-1	385024	5432	0	0	5542
1898324	568528	-1	490496	6902	0	0	6902
1908322	665736	-1	775168	9315	0	0	9315
1910324	-1	-1	0	0	0	0	0
1919312	5546136	-1	669696	966	0	0	966
1929326	-1	-1	0	0	0	0	0
1933316	-1	-1	0	0	0	0	0
1940334	6382992	-1	444416	557	0	0	645
1950321	-1	-1	0	0	0	0	0
1958346	5585456	-1	291840	418	0	0	507
1967330	6432240	-1	651264	810	0	0	810
1976328	-1	-1	0	0	0	0	0
1985328	6359376	-1	415744	523	0	0	631
1994338	-1	-1	0	0	0	0	0
2002343	6389232	-1	246784	309	0	0	309
2011341	-1	-1	0	0	0	0	0
2017314	5778216	-1	1512448	2094	0	0	2094
2022339	-1	-1	0	0	0	0	0
2031342	6464512	-1	609280	754	0	0	754
2041314	-1	-1	0	0	0	0	0
2050310	6685320	-1	758784	908	0	0	908
2054339	-1	-1	0	0	0	0	0
2063337	7017072	-1	1547264	1764	0	0	1764
2072328	-1	-1	0	0	0	0	0
2081929	6767472	-1	1833984	2168	0	0	2168
2091945	-1	-1	0	0	0	0	0
2100941	-1	-1	0	0	0	0	0
2105923	-1	-1	0	0	0	0	0
2114946	-1	-1	0	0	0	0	0
2122957	-1	-1	0	0	0	0	0
2131956	-1	-1	0	0	0	0	0
2135941	-1	-1	0	0	0	0	0
2144939	-1	-1	0	0	0	0	0
2153936	-1	-1	0	0	0	0	0
2158928	-1	-1	0	0	0	0	0
2166929	6628760	-1	696848	841	0	0	841
2176941	-1	-1	0	0	0	0	0
2185922	3756488	-1	1053696	2244	0	0	2244
2193929	-1	-1	0	0	0	0	0
2196945	-1	-1	0	0	0	0	0
2203946	3630776	-1	367616	810	0	0	810
2212944	3893144	-1	461824	949	0	0	949
2219916	-1	-1	0	0	0	0	0
2227947	-1	-1	0	0	0	0	0
2236931	5822888	-1	417792	574	0	0	594
2241928	5648520	-1	1225728	1736	0	0	1736
2247943	-1	-1	0	0	0	0	0
2256916	5758608	-1	462848	643	0	0	643
2259939	-1	-1	0	0	0	0	0
2267942	2702240	-1	1232896	3650	0	0	3650
2276928	-1	-1	0	0	0	0	0
2286914	5431656	-1	624640	920	0	0	920
2296943	-1	-1	0	0	0	0	0
2303938	5836616	-1	403456	553	0	0	553
2312933	5787824	-1	532480	736	0	0	747
2317926	5598672	-1	236544	338	0	0	382
2327940	5434136	-1	681984	1004	0	0	1004
2331940	-1	-1	0	0	0	0	0
2337922	-1	-1	0	0	0	0	0
2346947	4084888	-1	1882112	3686	0	0	3686
2354915	-1	-1	0	0	0	0	0
2362957	-1	-1	0	0	0	0	0
2370915	6200576	-1	1262592	1629	0	0	1629
2377931	-1	-1	0	0	0	0	0
2384948	5902880	-1	990208	1342	0	0	1342
2393928	5493744	-1	694272	1011	0	0	1011
2402957	-1	-1	0	0	0	0	0
2411951	5749296	-1	790528	1100	0	0	1100
2420937	-1	-1	0	0	0	0	0
2429930	5977832	-1	1473536	1972	0	0	1972
2437940	-1	-1	0	0	0	0	0
2443928	-1	-1	0	0	0	0	0
2450960	-1	-1	106496	238	0	0	239
2455940	5751528	-1	412672	574	0	0	574
2461925	-1	-1	0	0	0	0	0
2470928	5000448	-1	492544	788	0	0	788
2476945	-1	-1	0	0	0	0	0
2485924	3098568	-1	776192	2004	0	0	2004
2494925	-1	-1	0	0	0	0	0
2503924	6003400	-1	907264	1209	0	0	1209
2512931	-1	-1	0	0	0	0	0
2521925	-1	-1	0	0	0	0	0
2530915	5831144	-1	1345536	1846	0	0	1846
2533929	-1	-1	0	0	0	0	0
2542915	-1	-1	0	0	0	0	0
2551945	2720504	-1	913408	2686	0	0	2686
2560940	-1	-1	0	0	0	0	0
2569926	5954744	-1	902144	1212	0	0	1212
2578959	-1	-1	0	0	0	0	0
2587941	5861520	-1	849920	1160	0	0	1160
2596930	-1	-1	0	0	0	0	0
2605929	5729376	-1	817152	1141	0	0	1141
2614922	-1	-1	0	0	0	0	0
2623917	5648664	-1	802816	1137	0	0	1137
2632928	-1	-1	0	0	0	0	0
2641922	5971432	-1	939008	1258	0	0	1258
2650916	-1	-1	0	0	0	0	0
2659922	2323680	-1	1046528	3603	0	0	3603
2668914	-1	-1	0	0	0	0	0
2677915	5586176	-1	717824	1028	0	0	1028
2686923	-1	-1	0	0	0	0	0
2819034	6598696	-1	1798144	2180	0	0	7247
2829027	6688408	-1	1453056	1738	0	0	1738
2839029	-1	-1	0	0	0	0	0
