174078631	-1	17336	0	0	3582976	1653806	0
174084646	-1	-1	0	0	0	0	0
174093647	-1	-1	0	0	0	0	0
174099655	-1	-1	0	0	0	0	5760
174107624	-1	-1	0	0	0	0	7969
174198676	5045488	-1	7653376	12135	0	0	90221
174206673	18169912	-1	4011008	1766	0	0	1766
174215670	-1	-1	0	0	0	0	0
174221667	15935120	-1	1744896	876	0	0	876
174230667	-1	-1	0	0	0	0	0
174239676	-1	-1	0	0	0	0	0
174247676	7777464	-1	1613824	1660	0	0	1663
174251673	6419896	-1	2900992	3615	0	0	3615
174256672	-1	-1	90112	171	0	0	233
174261668	5095592	-1	3152896	4950	0	0	4950
174270683	6364552	-1	1447936	1820	0	0	1820
174279680	8381296	-1	3944448	3765	0	0	3765
174288677	-1	-1	0	0	0	0	0
174298675	5824000	-1	2050048	2816	0	0	2816
174308672	-1	-1	0	0	0	0	0
174315668	6011696	-1	1942528	2585	0	0	2585
174324680	-1	-1	0	0	0	0	0
174333680	3086528	-1	1631232	4228	0	0	4228
174342670	-1	-1	0	0	0	0	0
174351673	-1	-1	0	0	0	0	0
174356673	4181336	-1	401408	768	0	0	815
174361673	4163392	-1	2593792	4984	0	0	4984
174370668	5187408	-1	206848	319	0	0	319
174379672	3968640	-1	2393088	4824	0	0	4824
174388676	-1	-1	19456	33	0	0	33
174398667	4581688	-1	2621872	4578	0	0	4578
174404667	-1	-1	0	0	0	0	0
174412667	-1	-1	0	0	0	0	0
174421669	3826920	-1	327680	685	0	0	686
174426669	2596264	-1	1622016	4998	0	0	4999
174435672	3862880	-1	3928064	8135	0	0	8135
174441675	7173016	-1	4209664	4695	0	0	4695
174449671	-1	-1	0	0	0	0	0
174459669	3843128	-1	1610752	3353	0	0	3353
174467668	-1	-1	0	0	0	0	0
174476680	6918312	-1	1507328	1743	0	0	1743
174481668	-1	-1	0	0	0	0	0
174487677	-1	-1	0	0	0	0	0
174491668	-1	-1	0	0	0	0	0
174500675	12544864	-1	3700736	2360	0	0	2360
174507672	-1	-1	0	0	0	0	0
174515671	7598832	-1	2216960	2334	0	0	2334
174524681	-1	-1	0	0	0	0	0
174532679	-1	-1	0	0	0	0	0
174536674	-1	-1	0	0	0	0	0
174545674	10061280	-1	3891200	3094	0	0	3094
174554673	-1	-1	0	0	0	0	0
174564682	9804352	-1	2235392	1824	0	0	1824
174573667	-1	-1	0	0	0	0	0
174579679	7928592	-1	1849344	1866	0	0	1866
174589667	-1	-1	0	0	0	0	0
174598667	7579264	-1	1747968	1845	0	0	1845
174606671	-1	-1	0	0	0	0	0
174615669	6241040	-1	1267712	1625	0	0	1625
174621667	9422920	-1	909312	772	0	0	784
174626679	8733296	-1	1602560	1468	0	0	1468
174635674	-1	-1	0	0	0	0	0
174641676	-1	-1	0	0	0	0	0
174649676	-1	-1	0	0	0	0	0
174655672	6482880	-1	1689600	2085	0	0	2085
174659669	-1	-1	0	0	0	0	0
174668668	4868976	-1	1315840	2162	0	0	2162
174675682	-1	-1	0	0	0	0	0
174683679	3910392	-1	1434624	2935	0	0	2935
174689671	-1	-1	0	0	0	0	0
174698666	2538496	-1	1397760	4405	0	0	4405
174708669	-1	-1	0	0	0	0	0
174718680	3589136	-1	1207296	2691	0	0	2691
174725678	-1	-1	0	0	0	0	0
174730675	5668856	-1	1939456	2737	0	0	2737
174739676	-1	-1	0	0	0	0	0
174746675	8212360	-1	2065408	2012	0	0	2012
174755672	-1	-1	0	0	0	0	0
174762685	6968640	-1	1507840	1731	0	0	1731
174772669	-1	-1	0	0	0	0	0
174780675	7137784	-1	2509824	2813	0	0	2813
174789667	-1	-1	0	0	0	0	0
174796671	-1	-1	0	0	0	0	0
174805667	9096208	-1	1720320	1513	0	0	1513
174809667	7298688	-1	1522688	1669	0	0	1669
174818668	-1	-1	0	0	0	0	0
174825668	-1	-1	0	0	0	0	0
174834668	6248528	-1	1652736	2116	0	0	2219
174837668	5816808	-1	614400	845	0	0	845
174846667	-1	-1	0	0	0	0	0
174854671	8813192	-1	2556928	2321	0	0	2321
174863667	6597608	-1	1627136	1973	0	0	1973
174866681	-1	-1	68608	72	0	0	72
174875679	-1	-1	0	0	0	0	0
174884668	9576912	-1	2754560	2301	0	0	2301
174892668	-1	-1	0	0	0	0	0
174897673	-1	-1	0	0	0	0	0
174903673	-1	-1	0	0	0	0	0
174910679	10531792	-1	1977344	1502	0	0	1502
174916680	-1	-1	0	0	0	0	0
174925678	9331160	-1	1534976	1316	0	0	1316
174933667	11141384	-1	3477504	2497	0	0	2497
174936675	13834448	-1	338944	196	0	0	196
174945670	-1	-1	0	0	0	0	0
174954670	11343520	-1	2392064	1687	0	0	1687
174963683	-1	-1	0	0	0	0	0
174968683	-1	-1	0	0	0	0	0
174977667	13579528	-1	1318912	777	0	0	785
174982678	10266104	-1	2214912	1726	0	0	1726
174988676	-1	-1	0	0	0	0	0
174997673	10997096	-1	806912	587	0	0	587
175005669	-1	-1	0	0	0	0	0
175012682	12178704	-1	1198080	787	0	0	787
175016668	-1	-1	0	0	0	0	0
175025678	-1	-1	0	0	0	0	0
175034676	14095664	-1	2447360	1389	0	0	1389
175036677	-1	-1	0	0	0	0	0
175045672	-1	-1	0	0	0	0	0
175052671	5313608	-1	2357248	3549	0	0	3549
175059668	-1	-1	0	0	0	0	0
175068682	-1	-1	0	0	0	0	0
175071667	-1	-1	0	0	0	0	0
175079679	3719096	-1	1525760	3282	0	0	3282
175081668	-1	-1	0	0	0	0	0
175089667	3735112	-1	2241536	4801	0	0	4801
175097672	4841608	-1	256000	423	0	0	423
175106669	5615544	-1	1615872	2302	0	0	2302
175112667	-1	-1	0	0	0	0	0
175121679	-1	-1	0	0	0	0	0
175125676	-1	-1	0	0	0	0	0
175134675	6382872	-1	1873372	2348	0	0	2352
175141667	-1	-1	0	0	0	0	0
175149671	4324568	-1	1453056	2688	0	0	2688
175151670	-1	-1	0	0	0	0	0
175160668	4822104	-1	2482176	4118	0	0	4118
175169669	-1	-1	0	0	0	0	0
175179668	5061112	-1	2266112	3582	0	0	3582
175187667	-1	-1	0	0	0	0	0
175197672	-1	-1	0	0	0	0	0
175205670	7181872	-1	2650112	2952	0	0	2952
175207669	-1	-1	0	0	0	0	0
175212680	-1	-1	0	0	0	0	0
175222679	4684928	-1	1449984	2476	0	0	2476
175226679	-1	-1	0	0	0	0	0
175235676	6372040	-1	1495040	1877	0	0	1877
175243673	-1	-1	0	0	0	0	0
175249667	-1	-1	0	0	0	0	0
175259668	3500696	-1	1360896	3110	0	0	3110
175261675	-1	-1	0	0	0	0	0
175270681	-1	-1	0	0	0	0	0
175280668	3862008	-1	1673216	3466	0	0	3466
175283676	-1	-1	0	0	0	0	0
175290674	3556784	-1	1246208	2803	0	0	2803
175299670	-1	-1	0	0	0	0	0
175309667	4687480	-1	2272256	3878	0	0	3878
175317681	-1	-1	0	0	0	0	0
175322667	-1	-1	0	0	0	0	0
175331669	3648784	-1	630784	1383	0	0	1390
175335672	4280576	-1	1733632	3240	0	0	3240
175344671	3390224	-1	1389568	3279	0	0	3279
175346671	-1	-1	0	0	0	0	0
175355670	-1	-1	0	0	0	0	0
175363681	2651984	-1	1127424	3401	0	0	3401
175369681	-1	-1	0	0	0	0	0
175378671	1732920	-1	1081344	4992	0	0	5008
175387674	1847424	-1	973824	4217	0	0	4217
175394667	2478208	-1	1551360	5008	0	0	5008
175403669	2475168	-1	317440	1026	0	0	1026
175410667	-1	-1	0	0	0	0	0
175418668	-1	-1	0	0	0	0	0
175425668	2612208	-1	1610752	4933	0	0	5021
175431672	3435536	-1	1267712	2952	0	0	2952
175440674	4138304	-1	2854912	5519	0	0	5519
175449671	-1	-1	0	0	0	0	0
175459682	3277456	-1	2052096	5009	0	0	5009
175468680	-1	-1	0	0	0	0	0
175477677	3526152	-1	1720320	3903	0	0	3903
175482673	-1	-1	0	0	0	0	0
175490671	-1	-1	0	0	0	0	0
175492670	-1	-1	0	0	0	0	0
175500668	4632848	-1	3185664	5501	0	0	5693
175506670	4787400	-1	1878456	3139	0	0	3139
175515668	4457128	-1	2104320	3777	0	0	3777
175520677	-1	-1	0	0	0	0	0
175528676	4340264	-1	2283520	4209	0	0	4209
175538672	-1	-1	0	0	0	0	0
175547668	-1	-1	0	0	0	0	0
175552668	-1	-1	24576	197	0	0	231
175557668	5587592	-1	2432000	3482	0	0	3482
175565683	-1	-1	0	0	0	0	0
175571680	6221280	-1	1648640	2120	0	0	2120
175577677	-1	-1	0	0	0	0	0
175586674	5446704	-1	1651712	2426	0	0	2426
175594672	-1	-1	0	0	0	0	0
175603667	3907952	-1	2723840	5576	0	0	5576
175612681	-1	-1	0	0	0	0	0
175618679	-1	-1	0	0	0	0	0
175627678	-1	-1	0	0	0	0	0
175633674	2152288	-1	1257472	4674	0	0	4899
175642671	3317912	-1	1768448	4264	0	0	4264
175650668	3201184	-1	1985536	4962	0	0	4962
175658681	-1	-1	0	0	0	0	0
175666679	3682112	-1	1361920	2959	0	0	2959
175676675	-1	-1	0	0	0	0	0
175685673	5284952	-1	3354624	5078	0	0	5078
175694681	-1	-1	0	0	0	0	0
175701668	6513592	-1	1367040	1679	0	0	1679
175710681	-1	-1	0	0	0	0	0
175720668	4412976	-1	1461248	2649	0	0	2649
175728672	-1	-1	0	0	0	0	0
175736674	5329896	-1	1231872	1849	0	0	1849
175744670	5968648	-1	1795072	2406	0	0	2406
175747670	6146008	-1	784384	1021	0	0	1021
175756673	-1	-1	0	0	0	0	0
175765668	-1	-1	0	0	0	0	0
175775676	-1	-1	8192	253	0	0	314
175780670	5701480	-1	2820096	3957	0	0	3957
175786673	-1	-1	0	0	0	0	0
175793670	6068848	-1	1323008	1744	0	0	1744
175802675	3919096	-1	147456	301	0	0	322
175807680	6465072	-1	1974272	2443	0	0	2443
175817677	-1	-1	0	0	0	0	0
175823676	5877744	-1	3136512	4269	0	0	4269
175832667	-1	-1	0	0	0	0	0
175839672	3908904	-1	695296	1423	0	0	1423
175848667	-1	-1	0	0	0	0	0
175856668	4155696	-1	2209792	4254	0	0	4254
175863680	-1	-1	0	0	0	0	0
175870676	-1	-1	0	0	0	0	0
175875676	-1	-1	0	0	0	0	0
175883672	3914888	-1	2468336	5044	0	0	5044
175889672	6663104	-1	660480	793	0	0	793
175898669	-1	-1	0	0	0	0	0
175904686	6156568	-1	501760	652	0	0	738
175909668	4117880	-1	1059840	2059	0	0	2059
175914677	-1	-1	0	0	0	0	81
175919668	2167736	-1	1330176	4909	0	0	4909
175928667	4005080	-1	879616	1757	0	0	1757
175936671	-1	-1	0	0	0	0	0
175944668	4309536	-1	1136640	2110	0	0	2195
175947668	4202504	-1	747520	1423	0	0	1423
175956668	-1	-1	0	0	0	0	0
175964667	3367784	-1	1091584	2593	0	0	2593
175969667	-1	-1	0	0	0	0	0
175976674	-1	-1	0	0	0	0	0
175980674	-1	-1	0	0	0	0	0
175989669	2907208	-1	1826816	5027	0	0	5027
175993668	-1	-1	0	0	0	0	0
176002674	-1	-1	0	0	0	0	0
176011667	4166528	-1	393216	755	0	0	768
176016667	3638728	-1	2110464	4640	0	0	4640
176025673	-1	-1	0	0	0	0	0
176034672	2744896	-1	1316864	3838	0	0	3838
176040669	-1	-1	0	0	0	0	0
176048670	-1	-1	0	0	0	0	0
176054668	-1	-1	73728	291	0	0	333
176059669	2892160	-1	1809408	5005	0	0	5005
176067679	3703920	-1	454656	982	0	0	982
176073677	-1	-1	0	0	0	0	0
176081673	-1	-1	0	0	0	0	0
176087671	3649768	-1	2244608	4920	0	0	4920
176096668	2070224	-1	166912	645	0	0	645
176105671	3823496	-1	2327552	4870	0	0	-1
176114675	3094104	-1	860160	2224	0	0	-1
176123669	3180448	-1	1764352	4438	0	0	-1
176132671	5051248	293120	714752	1132	458752	12520	-1
176139667	3048880	365584	2093056	5492	301056	6588	-1
176147668	2288272	509048	256000	895	533504	8384	-1
176157668	4233640	100760	1952768	3690	515072	40896	-1
176161680	-1	-1	0	0	60416	3778	-1
176170677	-1	127864	0	0	133120	8328	-1
176180635	1531440	-1	516096	2696	1024	1531	14695
176189637	1770840	229816	1344512	6074	305152	10622	6074
176198626	2879240	391168	1726464	4797	442368	9047	4797
176207632	3259960	48080	555008	1362	369664	61503	1362
176216625	1849920	-1	1056768	4570	0	0	4812
176225641	2624096	-1	1336320	4074	0	0	4074
176234625	2566032	-1	1388544	4329	0	0	4329
176243634	-1	-1	0	0	1024	33843	0
176252633	1810624	-1	1070080	4728	0	0	4728
176261629	1731496	-1	502784	2323	115712	56647	2323
176270623	1631536	-1	973824	4775	94208	8123	4795
176279625	1219680	-1	986112	6468	0	0	6468
176288634	2432736	-1	1432576	4711	0	0	4711
176297634	2013488	-1	433152	1721	0	0	1721
176306631	1269600	-1	753664	4749	0	0	4829
176315626	1387552	-1	1097728	6329	0	0	6329
176324640	2497816	-1	1475584	4726	0	0	4726
176333639	840864	-1	234496	2231	0	0	2231
176342633	2477904	-1	1462272	4721	0	0	4721
176351633	2503744	-1	1122304	3586	0	0	3586
176360629	2183840	-1	1292288	4734	0	0	4734
176369625	1454792	-1	1504616	8274	0	0	8274
176378624	1659480	-1	999424	4818	0	0	4868
176387624	990680	-1	790192	6381	0	0	6381
176396624	3003224	-1	1805312	4809	0	0	4885
176405631	3525784	-1	1174528	2665	0	0	2665
176414626	1456960	-1	876544	4813	0	0	4829
176423642	2555880	-1	1547264	4843	0	0	4843
176432636	4261304	-1	2270208	4262	0	0	4262
176441632	-1	-1	0	0	0	0	0
176450629	-1	-1	0	0	0	0	0
176451631	-1	-1	0	0	0	0	0
176459624	2995016	-1	1782784	4762	0	0	4875
176468626	1575576	-1	1623040	8241	0	0	8241
176477627	2288488	-1	1369088	4786	0	0	4786
176486634	4030928	-1	1141760	2266	0	0	2266
176495631	2477872	-1	1452032	4688	0	0	4688
176504626	-1	-1	101376	263	0	0	263
176513628	3244608	-1	1857536	4580	0	0	4580
176522625	-1	-1	0	0	0	0	0
176531639	1343464	-1	786432	4683	0	0	4902
176540623	3066352	-1	1668096	4352	0	0	4352
176549625	3750744	-1	2241536	4781	0	0	4781
176558627	1963464	-1	737280	3004	0	0	3004
176567625	5717728	-1	1545216	2162	0	0	2162
176576636	-1	-1	0	0	0	0	0
176585630	3055368	-1	1833984	4802	0	0	4802
176594624	2926096	-1	562176	1537	0	0	1537
176603630	3235088	-1	1922048	4753	0	0	4753
176612625	-1	-1	87040	196	0	0	196
176621624	2175864	-1	1267712	4661	0	0	4854
176630624	2019944	-1	958464	3796	0	0	3796
176639624	2621920	-1	1563648	4771	0	0	4771
176648626	3123144	-1	382976	981	0	0	981
176657624	4117128	-1	1995776	3878	0	0	3878
176666624	-1	-1	0	0	0	0	0
176675623	4525080	-1	1879040	3322	0	0	3322
176684636	-1	-1	0	0	0	0	0
176693626	5511984	-1	1745920	2534	0	0	2534
176702631	-1	-1	0	0	0	0	0
176711625	5497152	-1	3300352	4803	0	0	4803
176720623	4481304	-1	934912	1669	0	0	1669
176729637	3832592	-1	2301952	4805	0	0	4833
176738635	4890864	-1	2128748	3482	0	0	3482
176747632	4709280	-1	2271052	3858	0	0	3858
176756628	-1	-1	0	0	0	0	0
176765625	3683784	-1	2237440	4859	0	0	4927
176774637	3831328	-1	2460672	5138	0	0	5138
176783624	8363432	-1	2098176	2007	0	0	2007
176792631	-1	-1	0	0	0	0	0
176801624	6507400	-1	1874944	2305	0	0	2305
176810623	-1	-1	0	0	0	0	0
176819639	-1	-1	0	0	0	0	0
176821625	-1	-1	0	0	0	0	0
176828624	5153616	-1	3081216	4783	0	0	4934
176837624	6468304	-1	1118208	1383	0	0	1383
176846624	7781424	-1	2445312	2514	0	0	2514
176855626	-1	-1	0	0	0	0	0
176864627	5517864	-1	2432000	3526	0	0	3526
176873636	-1	-1	0	0	0	0	0
176882628	3485136	-1	2041856	4687	0	0	4687
176891632	5549416	-1	258048	372	106496	144657	372
176900625	1355544	170808	827392	4883	183296	8584	4894
176909625	2539376	111904	2537472	7994	132096	9443	7994
176918638	3293304	276656	1961984	4766	305152	8824	4766
176927638	3845224	346424	329728	686	399360	9222	686
176936625	1982104	308456	1155072	4662	146432	3797	4719
176945632	7879696	-1	1007616	1023	1024	9064	1023
176954625	7646064	-1	2681856	2806	0	0	2806
176963624	-1	-1	0	0	0	0	0
176972624	10569288	-1	2358272	1785	0	0	1785
176981624	-1	-1	0	0	0	0	0
176990624	7074576	-1	1957888	2214	0	0	2214
176999630	-1	50704	0	0	374784	59133	0
177008627	6726712	366368	2124800	2527	412672	9010	2527
177017624	-1	335488	0	0	377856	9010	0
177026635	6171648	370472	2571264	3333	416768	8999	3333
177035631	-1	406568	0	0	455680	8966	0
177044631	4458520	266368	1939456	3480	299008	8980	3480
177053628	-1	441920	0	0	498688	9027	0
177062626	7199248	384008	2034688	2261	431104	8981	2261
177071639	-1	389944	0	0	439296	9012	0
177080628	6678056	340336	2945024	3528	379904	8930	3528
177089633	-1	372072	0	0	421888	9071	0
177098630	4494256	242448	1744896	3106	229376	7568	3106
177107627	-1	-1	0	0	0	0	0
177116629	6544120	-1	1703108	2082	0	0	2082
177125634	-1	-1	0	0	0	0	0
177134631	4282848	-1	2241536	4187	0	0	4187
177143626	-1	-1	0	0	0	0	0
177152625	7127304	-1	2488320	2793	0	0	2793
177161626	-1	-1	0	0	0	0	0
177170637	6748800	-1	2322432	2753	0	0	2753
177179624	-1	-1	0	0	0	0	0
177188628	-1	-1	0	0	0	0	0
177191631	-1	-1	0	0	0	0	0
177197628	8044160	-1	3120128	3103	0	0	3103
177206624	-1	-1	0	0	0	0	0
177215634	6325184	-1	1707008	2159	0	0	2159
177224625	-1	-1	0	0	0	0	0
177233634	6815504	-1	2291712	2690	0	0	2690
177242627	-1	-1	0	0	0	0	0
177251626	5531296	-1	1915904	2771	0	0	2771
177260642	-1	-1	0	0	0	0	0
177269624	6633640	-1	1917952	2313	0	0	2313
177278634	-1	-1	0	0	1024	139603	0
177287629	6550096	-1	1531904	1871	1024	12080	1871
177296625	-1	-1	0	0	0	0	0
177305626	7587616	-1	2134016	2250	0	0	2250
177314624	-1	49272	0	0	185344	30091	0
177323637	5973416	230944	1532928	2053	190464	6597	2053
177332634	-1	-1	0	0	0	0	0
177341630	6938536	-1	2635776	3039	0	0	3039
177350625	-1	105488	0	0	387072	29354	0
177359637	5558856	360496	1945600	2800	404480	8976	2800
177368634	-1	317448	0	0	358400	9032	0
177377636	6766560	319096	2017280	2385	358400	8985	2385
177386624	-1	414096	0	0	466944	9020	0
177395624	6272784	388072	2044928	2608	438272	9034	2608
177404624	-1	324272	0	0	363520	8968	0
177413625	7479048	350968	1643520	1758	394240	8986	1758
177422637	-1	321296	0	0	361472	9000	0
177431624	6285136	256656	3260416	4150	289792	9032	4150
177440627	-1	328728	0	0	367616	8946	0
177449624	3787720	221760	2239488	4730	198656	7166	4730
177458626	5645840	-1	365568	518	0	0	518
177467638	5180200	-1	2301952	3555	0	0	3555
177476624	-1	55952	0	0	201728	28843	0
177485633	5789440	206992	1231704	1702	167936	6490	1702
177494629	-1	118776	0	0	178176	12000	0
177503625	6573392	204672	2856960	3477	177152	6924	3477
177512636	-1	-1	0	0	0	0	0
177521624	7102696	-1	2617344	2948	0	0	2948
177530632	-1	48048	0	0	174080	28986	0
177539628	6287496	222656	2434048	3097	212992	7652	3097
177548625	-1	-1	0	0	0	0	0
177557624	-1	-1	0	0	0	0	0
177561625	-1	-1	0	0	0	0	0
177566625	6326056	-1	2926592	3701	0	0	3701
177575624	-1	43936	0	0	204800	37287	0
177584633	4502472	363464	1990656	3537	409600	9015	3537
177593629	-1	373184	0	0	419840	9000	0
177602625	4240688	339328	2521088	4756	379904	8956	4756
177611626	2563792	361880	173056	540	413696	9145	540
177620637	-1	368808	122880	410	274432	5952	4896
177629624	4024648	-1	1703936	3387	0	0	7777
177638624	5068560	-1	2308096	3643	0	0	3643
177647627	-1	53944	0	0	200704	29766	0
177656639	3553368	187136	2041856	4597	189440	8098	4597
177665636	-1	-1	0	0	0	0	0
177674623	6100424	-1	2437120	3196	0	0	3196
177683632	-1	67152	0	0	236544	28179	0
177692626	4999120	246304	2122752	3397	239616	7782	3397
177701642	-1	-1	0	0	0	0	0
177710635	5163848	-1	2050048	3176	0	0	3176
177719637	-1	79560	0	0	280576	28213	0
177728631	6621656	186912	2171904	2624	208896	8941	2624
177737627	-1	230128	0	0	253952	8828	0
177746625	5362112	288576	1383424	2064	256000	7096	2064
177755634	-1	-1	0	0	0	0	0
177764637	4123848	-1	2350080	4559	0	0	4559
177773635	-1	95656	0	0	343040	28689	0
177782630	4437624	342248	1290240	2326	400384	9359	2326
177791625	-1	481240	0	0	546816	9090	0
177800624	6668408	481152	2236416	2683	534528	8887	2683
177809624	-1	371208	0	0	423936	9136	0
177818627	4113232	330488	1344512	2615	367616	8898	2615
177827633	-1	322448	0	0	363520	9019	0
177836629	6696848	312792	1588828	1898	353280	9035	1898
177845627	-1	331312	0	0	373760	9024	0
177854624	5529576	240880	2127504	3078	270336	8978	3078
177863624	-1	323608	0	0	364544	9012	0
177872632	4433464	274000	2542592	4588	308224	8999	4588
177881629	-1	373440	0	0	417792	8950	0
177890627	4012968	61728	2251776	4489	301056	39015	4489
177899624	-1	391232	0	0	439296	8982	0
177908639	4879528	406600	2101248	3445	456704	8985	3445
177917633	-1	337720	0	0	379904	8999	0
177926627	-1	339736	0	0	381952	8993	0
177931627	4763632	382536	540672	908	238592	4989	927
177935624	6215696	-1	2041856	2628	115712	3964	2628
177944626	-1	317520	0	0	355328	8952	0
177953629	5031960	269792	1924096	3059	302080	8957	3059
177962637	-1	320216	0	0	363520	9081	0
177971635	3960648	298176	1258496	2542	334848	8984	2542
177980625	-1	359056	0	0	397312	8852	0
177989631	4016032	283248	1388544	2766	325632	9197	2766
177998626	-1	351808	0	0	391168	8895	0
178007636	4566440	291760	1694720	2969	285696	7833	2969
178016637	-1	-1	0	0	0	0	0
178025633	4374976	-1	1364992	2496	0	0	2496
178034627	-1	-1	0	0	0	0	0
178043629	5188032	-1	1522688	2348	0	0	2348
178052627	-1	-1	0	0	0	0	0
178061627	4547488	-1	1856512	3266	0	0	3266
178070624	-1	-1	0	0	0	0	0
178079625	3617744	-1	2134016	4719	0	0	4719
178088626	6950784	-1	286720	330	1024	78190	330
178097625	6669096	-1	2672640	3206	0	0	3206
178106640	-1	-1	0	0	0	0	0
178115636	9001992	-1	2002944	1780	0	0	1780
178124633	-1	-1	0	0	122880	40124	0
178133625	7125152	227976	2085888	2342	178176	6252	2342
178142625	-1	-1	0	0	0	0	0
178151640	8164824	-1	2153472	2110	0	0	2110
178160629	-1	111480	0	0	414720	29761	0
178169634	2280440	210416	1353728	4749	230400	8759	4749
178178626	2279192	261016	249856	877	301056	9227	877
178187624	6228992	344648	1744896	2241	388096	9008	2241
178196627	-1	336064	0	0	376832	8970	0
178205636	5551192	332448	2854008	4113	374784	9018	4113
178214636	-1	324184	0	0	363520	8970	0
178223635	6221760	298216	1159580	1491	335872	9010	1491
178232628	-1	126104	0	0	299008	18969	0
178241624	4889496	-1	1675264	2741	120832	6125	2741
178250635	-1	-1	0	0	126976	12867	0
178259637	2553584	158768	1299456	4071	138240	6965	4071
178268634	-1	-1	0	0	2048	25723	0
178277624	2790624	-1	1668096	4782	0	0	4782
178286624	2970560	94440	397312	1070	343040	29058	1070
178295625	-1	437240	0	0	489472	8955	0
178301628	5051096	397128	1210368	1917	296960	5982	1960
178304635	6270184	-1	2315264	2954	91136	2968	2954
178313633	5367896	321616	784384	1169	366592	9118	1169
178322629	6544920	280192	2469888	3019	313344	8946	3019
178331624	-1	315232	0	0	355328	9017	0
178340625	5905184	371584	1880064	2547	415744	8950	2547
178349624	-1	356880	0	0	404480	9067	0
178358624	2912752	232064	1741824	4784	256000	8825	4784
178367624	-1	307000	104448	331	351232	9152	331
178376624	4761040	172984	2004992	3369	161792	7482	3369
178385625	-1	17584	0	0	266240	121150	0
178394625	5330592	358584	2922496	4386	403456	9001	4386
178403634	-1	393496	0	0	439296	8931	0
178412637	4363704	272720	2386944	4376	308224	9041	4376
178421628	-1	322776	0	0	361472	8959	0
178430626	5347160	40912	2717696	4066	292864	57263	4066
178439627	-1	429840	0	0	482304	8976	0
178448636	4663256	341328	2554880	4383	384000	9000	4383
178457624	-1	362824	0	0	409600	9031	0
178466633	3751928	37496	2222080	4738	233472	49817	4738
178475627	6275072	131336	392192	500	198656	12100	500
178484628	4826280	321288	2145280	3556	348160	8669	3556
178493636	-1	330856	0	0	386048	9334	0
178502639	4340352	38944	1991680	3671	175104	35970	3671
178511624	-1	82136	0	0	163840	15958	0
178520624	5892808	390120	1999872	2715	440320	9029	2715
178529628	-1	389792	0	0	430080	8826	0
178538642	5924160	27976	1703936	2301	134144	38355	2301
178547626	-1	-1	0	0	103424	8648	0
178556637	5985712	-1	1878016	2510	98304	32292	2510
178565634	-1	-1	0	0	0	0	0
178574625	5104152	-1	2813024	4409	0	0	4409
178583628	-1	-1	0	0	102400	29917	0
178592627	5178584	-1	2108332	3257	81920	5960	3257
178601640	-1	-1	0	0	0	0	0
178610636	3961864	-1	1497088	3023	0	0	3023
178619630	-1	-1	0	0	0	0	0
178628624	5083248	-1	2992128	4709	7168	15488	-1
178637624	4571304	-1	334848	586	0	0	-1
178646625	6099640	-1	1865728	2447	0	0	-1
178655638	-1	96952	0	0	139264	11491	-1
178664624	-1	130320	0	0	157696	9680	-1
178671632	5575968	171144	1942528	2787	149504	6988	-1
178673627	5840936	-1	162816	223	41984	1748	-1
178682625	-1	150376	0	0	172032	9152	-1
178691624	-1	203912	0	0	225280	8838	-1
178700624	-1	228808	0	0	264192	9237	-1
178712719	5186504	193048	2106368	3249	192512	7977	6761
178719715	6269624	213152	1392640	1777	216064	8109	1777
178728721	-1	207968	0	0	227328	8744	0
178738724	6733608	236000	827392	983	295936	10031	983
178747715	-1	261144	0	0	297984	9128	0
178757720	8545936	268392	1359872	1273	334848	9981	1273
178765717	-1	244392	0	0	247808	8111	0
178772715	5513728	269616	898048	1303	232448	6897	1303
178781726	-1	312544	0	0	349184	8937	0
178787715	6154560	197440	1790976	2328	151552	6140	2328
178796723	-1	272648	0	0	308224	9043	0
178803718	-1	308832	0	0	268288	6949	0
178808729	-1	254144	44032	107	159744	5028	210
178813717	5995144	229504	1794048	2394	143360	4997	2394
178822716	-1	308016	0	0	346112	8989	0
178831714	-1	328136	0	0	365568	8912	0
178838714	-1	311360	0	0	275456	7077	0
178844714	5242880	258440	2195456	3350	194560	6022	3350
178853721	-1	363384	0	0	407552	8972	0
178860714	4174224	249304	601088	1152	159744	5126	1152
178870715	-1	-1	0	0	0	0	0
178878715	6670776	-1	2658304	3188	0	0	3188
178885714	-1	-1	0	0	0	0	0
178895721	6258136	-1	2737152	3499	0	0	3499
178904721	-1	-1	0	0	0	0	0
178910715	4069960	-1	1338000	2630	0	0	2630
178919716	-1	-1	0	0	0	0	0
178926719	4077968	-1	1620992	3180	0	0	3180
178934722	3260320	-1	1134592	2784	0	0	2784
178936715	-1	-1	0	0	0	0	0
178945721	-1	281064	0	0	1389568	39551	0
178955714	2519384	1897384	1615872	5131	2384896	10055	5131
178959715	-1	3770512	0	0	1883136	3995	0
178967715	-1	4149352	0	0	4149248	7999	0
178975728	3938952	3972640	1425408	2895	3912704	7879	2922
178978724	4779848	2329656	1728512	2893	905216	3108	2893
178986714	-1	4002488	0	0	3990528	7976	0
178996715	5203448	3971392	2210816	3399	4978688	10029	3399
179003714	-1	4015160	0	0	3514368	7002	0
179010714	-1	3785304	0	0	3291136	6955	0
179016717	-1	4037984	0	0	3028992	6000	333
179021719	4794496	1710624	3075072	5131	1079296	5047	5131
179030727	3760592	3710688	189440	403	4161536	8971	403
179035714	-1	3961496	0	0	2453504	4954	0
179044714	-1	4118688	0	0	4665344	9061	0
179052715	3041888	2602296	1978368	5203	2594816	7977	5203
179060715	3643896	3733200	689152	1513	3725312	7983	1513
179070716	4167576	3507280	2116608	4063	4386816	10006	4063
179079721	-1	2949096	0	0	3298304	8947	0
179088719	-1	853416	0	0	965632	9051	0
179094723	-1	1494072	0	0	1048576	5614	0
179103715	-1	1378664	0	0	1572864	9126	0
179112730	-1	1583032	0	0	1835008	9273	0
179121715	-1	1677568	0	0	1835008	8750	0
179130722	-1	1550888	0	0	1787904	9222	0
179139719	-1	1785936	0	0	1882112	8430	0
179146719	-1	-1	0	0	0	0	0
179155719	-1	-1	0	0	0	0	0
179165716	-1	-1	0	0	0	0	0
179167716	-1	-1	0	0	0	0	0
179176725	-1	-1	0	0	0	0	0
179186726	-1	-1	0	0	0	0	0
179194726	-1	-1	0	0	0	0	0
179204714	-1	-1	0	0	0	0	0
179207714	-1	-1	0	0	0	0	0
179216728	5057544	-1	2197504	3476	0	0	3476
179222726	-1	-1	0	0	0	0	0
179231724	-1	-1	0	0	0	0	0
179238725	-1	-1	0	0	0	0	133
179243720	5434768	-1	2583552	3803	0	0	3803
179253715	-1	-1	0	0	0	0	0
179260714	6165952	-1	1869824	2426	0	0	2426
179268715	-1	-1	0	0	0	0	0
179277715	3869384	-1	1271576	2629	0	0	2629
179286718	-1	-1	0	0	0	0	0
179295718	6722024	-1	1381376	1644	0	0	1644
179300716	-1	-1	0	0	0	0	0
179309717	5804552	-1	1050624	1448	0	0	1448
179314716	-1	-1	0	0	0	0	0
179321725	4070464	-1	2530304	4973	0	0	4973
179330725	-1	-1	0	0	0	0	0
179340722	4042616	-1	1705984	3376	0	0	3376
179348717	-1	-1	0	0	0	0	0
179354716	-1	-1	0	0	0	0	0
179360719	-1	-1	0	0	0	0	0
179368730	4181248	-1	2536448	4853	0	0	4853
179375714	3916128	-1	780288	1594	0	0	1594
179379725	-1	-1	71680	98	0	0	98
179388723	-1	-1	0	0	0	0	0
179395719	4173768	-1	1676288	3213	0	0	3213
179402719	-1	-1	0	0	0	0	0
179410716	-1	-1	0	0	0	0	0
179419714	-1	-1	73728	211	0	0	232
179424725	4543160	-1	1690624	2977	0	0	2977
179433715	4168640	-1	1527808	2932	0	0	2932
179435714	-1	-1	0	0	0	0	0
179444716	5007808	-1	1439744	2300	0	0	2300
179447715	-1	-1	0	0	0	0	0
179456717	-1	-1	0	0	0	0	0
179462716	-1	-1	0	0	0	0	0
179466724	-1	9712	0	0	231424	190611	0
179475723	4802840	-1	1610752	2683	0	0	2683
179480726	-1	-1	0	0	0	0	0
179487714	4349032	-1	1971200	3626	0	0	3626
179496717	-1	-1	0	0	0	0	0
179504717	3319368	-1	1660928	4003	0	0	4003
179511717	-1	-1	0	0	0	0	0
179518715	5438032	-1	1991680	2930	0	0	2930
179527714	-1	-1	0	0	0	0	0
179531720	-1	-1	0	0	0	0	0
179537715	-1	-1	0	0	0	0	0
179546717	3867664	-1	2402304	4969	0	0	5193
179553714	2729128	-1	2424832	7108	0	0	7108
179562729	4200184	-1	3653632	6959	0	0	6959
179565730	6156568	-1	250880	326	0	0	326
179574715	4240568	-1	1802240	3400	0	0	3400
179581725	-1	-1	0	0	0	0	0
179591720	4720904	-1	920576	1560	0	0	1560
179599715	-1	-1	0	0	0	0	0
179605716	4091048	-1	2539520	4966	0	0	4966
179613715	3716200	-1	651264	1402	0	0	1402
179621723	5563416	-1	1562624	2247	0	0	2247
179630723	-1	-1	0	0	0	0	0
179639717	6823008	-1	1106180	1297	0	0	1297
179647716	-1	-1	0	0	0	0	0
179653716	-1	-1	0	0	0	0	0
179662728	5476080	-1	1901568	2778	0	0	2778
179664730	7992736	-1	369664	370	0	0	370
179674714	9751528	-1	1114112	914	0	0	922
179678725	9063488	-1	1544192	1363	0	0	1363
179686722	-1	-1	0	0	0	0	0
179692717	8420056	-1	1928192	1832	0	0	1832
179701714	-1	-1	0	0	0	0	0
179708716	8399392	-1	1575936	1501	0	0	1501
179718723	-1	-1	0	0	0	0	0
179725723	-1	-1	0	0	0	0	0
179730715	-1	-1	0	0	0	0	0
179738720	10702768	-1	3339264	2496	0	0	2496
179747716	-1	-1	0	0	0	0	0
179754717	9097528	-1	1985536	1746	0	0	1746
179764725	-1	-1	0	0	0	0	0
179773726	9705328	-1	1589248	1310	0	0	1310
179783714	-1	-1	0	0	0	0	0
179791720	9734752	-1	1292288	1062	0	0	1062
179800717	-1	-1	0	0	0	0	0
179809715	7325080	-1	943104	1030	0	0	1030
179816730	-1	-1	0	0	0	0	0
179825714	7205736	-1	1466368	1628	0	0	1628
179832723	-1	-1	0	0	0	0	0
179836716	-1	-1	0	0	0	0	0
179845714	7300920	-1	1258496	1379	16384	209606	1462
179849719	6902624	-1	1907712	2211	65536	4128	2211
179858721	-1	135032	0	0	132096	7825	0
179867727	7882800	144368	2271232	2305	179200	9930	2305
179874724	-1	-1	0	0	114688	6008	0
179883715	8526768	161096	1773568	1664	201728	10017	1664
179885722	-1	-1	0	0	41984	2027	0
179895719	6907456	172352	2042880	2366	220160	10218	2366
179902715	-1	185416	0	0	139264	6008	0
179910714	5385392	195184	1137664	1690	192512	7890	1690
179919720	-1	201280	0	0	254976	10134	0
179928715	5921144	215936	1217536	1645	215040	7966	1645
179935715	-1	229400	0	0	225280	7856	0
179943716	-1	234912	0	0	233472	7951	0
179952715	6522160	150600	1571840	1928	179200	9519	1928
179956727	5629432	-1	983040	1397	106496	3781	1397
179965723	-1	247600	0	0	274432	8867	0
179974723	-1	210448	0	0	233472	8875	0
179977715	-1	-1	0	0	119808	3151	0
179985722	6083072	200776	1329152	1748	207872	8282	1748
179991721	-1	189080	0	0	141312	5978	0
180000716	5134928	260520	880640	1372	260096	7987	1372
180009715	-1	262904	0	0	330752	10064	0
180012729	-1	-1	0	0	67584	1835	0
180021726	-1	279808	0	0	348160	9954	0
180027715	4595264	-1	2185624	3805	71680	2877	3805
180036720	-1	260512	0	0	413696	12703	0
180042715	5394240	-1	1097728	1628	122880	5771	1628
180050716	-1	423424	0	0	458752	8667	0
180059714	3659224	401000	772096	1688	371712	7415	1688
180067725	-1	171992	0	0	171008	7954	0
180075722	4740096	176464	870400	1469	180224	8170	1469
180078714	-1	-1	0	0	93184	3906	0
180087721	-1	194256	0	0	194560	8012	0
180088715	-1	-1	0	0	50176	1966	0
180097721	3469168	205344	2507776	5783	205824	8018	5849
180104716	6127480	215920	1139712	1488	215040	7967	1488
180114724	-1	224256	0	0	281600	10045	0
180120721	-1	216656	0	0	176128	6503	0
180125724	4937944	-1	1867776	3026	119808	3599	3026
180133717	-1	248960	0	0	247808	7963	0
180138719	-1	243832	0	0	191488	6282	0
180147728	-1	278024	0	0	264192	7601	0
180154726	3620552	260944	931840	2059	273408	8382	2059
180163725	-1	286648	0	0	282624	7887	0
180171719	3225712	299096	905216	2245	290816	7778	2245
180179716	-1	301152	0	0	300032	7970	0
180189718	4700544	308472	1453056	2473	389120	10091	2473
180197718	-1	319488	0	0	320512	8025	0
180207726	-1	328256	0	0	413696	10082	0
180214725	-1	349264	0	0	342016	7833	0
180223719	5135768	348552	1459200	2273	351232	8061	2273
180232717	-1	361720	0	0	451584	9987	0
180241720	5265976	374496	1242112	1887	371712	7940	1887
180250717	-1	378720	0	0	477184	10079	0
180257726	-1	358864	0	0	293888	6551	0
180262725	-1	433280	0	0	299008	5520	0
180272725	5827576	396688	2894848	3974	509952	10284	3974
180278718	-1	425744	0	0	312320	5868	0
180287715	5697856	428376	2187264	3071	423936	7917	3071
180291732	-1	434592	0	0	215040	3958	0
180300727	5452488	446144	1683456	2470	547840	9823	2470
180309726	-1	438920	0	0	448512	8174	0
180318726	-1	454600	0	0	574464	10109	0
180322724	-1	489344	0	0	233472	3816	0
180332722	2987256	473480	1132544	3033	594944	10052	3033
180339722	-1	472896	0	0	363520	6149	0
180348719	2799568	462320	1913856	5469	602112	10418	5469
180357729	3115632	560504	621568	1596	520192	7424	1596
180365726	3129656	469256	1424384	3641	513024	8746	3641
180374721	-1	558744	0	0	654336	9368	0
180383721	-1	521800	0	0	508928	7802	0
180393716	-1	226304	0	0	280576	9918	0
180400714	3139896	491424	1888256	4811	528384	8601	4811
180409727	-1	576816	0	0	528384	7328	0
180418721	-1	523464	75776	483	660480	10094	483
180426722	-1	536888	0	0	528384	7873	0
180435716	4313816	506816	1977344	3667	528384	8340	3667
180443717	-1	552696	0	0	528384	7648	0
180451731	-1	527968	0	0	528384	8006	0
180458716	-1	520200	0	0	528384	8125	0
180464727	4846512	529000	2456576	4055	396288	5993	4055
180473716	-1	530856	0	0	528384	7962	0
180482721	4663080	511744	2643968	4536	660480	10325	4536
180491719	-1	541256	0	0	528384	7809	0
180500731	-1	535320	0	0	660480	9870	0
180509719	-1	531952	0	0	528384	7946	0
180518720	5845904	520344	2941952	4026	660480	10154	4026
180527716	-1	537728	0	0	528384	7861	0
180534716	-1	531224	0	0	528384	7957	0
180543716	-1	529216	0	0	528384	7987	0
180552726	-1	505320	0	0	660480	10456	0
180558716	-1	555736	0	0	396288	5704	0
180565717	5000680	525088	2515968	4025	396288	6037	4025
180572722	-1	532816	0	0	528384	7933	0
180581716	4739616	535576	818176	1381	528384	7892	1381
180590716	-1	529664	0	0	660480	9975	0
180599714	5203208	516816	784384	1206	528384	8179	1206
180603714	-1	516680	0	0	264192	4090	0
180612727	-1	536672	0	0	660480	9845	0
180615724	-1	562920	0	0	132096	1877	0
180623720	-1	523728	0	0	528384	8071	0
180630715	-1	515136	0	0	528384	8205	0
180634717	-1	523552	0	0	264192	4036	0
180643730	-1	519816	0	0	528384	8131	0
180652726	5956520	548192	1708032	2294	660480	9638	2294
180661720	-1	523576	0	0	528384	8073	0
180671720	-1	533960	0	0	660480	9895	0
180678720	-1	531256	0	0	528384	7956	0
180686718	-1	524488	0	0	528384	8059	0
180689718	-1	556488	0	0	132096	1899	0
180698729	-1	528856	0	0	660480	9991	0
180704727	-1	517224	0	0	396288	6129	0
180712723	5705840	532264	900096	1262	528384	7941	1262
180720723	-1	530000	0	0	528384	7975	0
180729720	-1	530656	0	0	528384	7965	0
180738717	-1	523584	0	0	660480	10091	0
180746725	5374656	484608	2561024	3812	478208	7894	3812
180755728	-1	265960	0	0	264192	7946	0
180764722	3916008	529344	824320	1684	660480	9981	1684
180773722	-1	525152	0	0	528384	8049	0
180782727	-1	527424	0	0	660480	10018	0
180790717	-1	533256	0	0	528384	7926	0
180798730	-1	519664	0	0	528384	8134	0
180804726	-1	532416	0	0	396288	5954	0
180809721	-1	538264	0	0	264192	3926	0
180818716	-1	519672	0	0	660480	10167	0
180826723	3311952	516616	984064	2377	528384	8182	2377
180828716	-1	491112	0	0	132096	2151	0
180836716	-1	552384	0	0	528384	7652	0
180846729	-1	513056	0	0	660480	10298	0
180851729	-1	571672	0	0	264192	3697	0
180856721	-1	521840	0	0	396288	6075	0
180863725	5356128	524432	2311168	3452	396288	6045	3452
180873723	-1	543664	0	0	660480	9718	0
180879715	5542696	523568	953344	1376	396288	6055	1376
180884718	-1	531368	0	0	396288	5966	0
180892718	-1	527536	50176	357	528384	8012	357
180902727	-1	529392	0	0	660480	9980	0
180910726	-1	521912	0	0	528384	8099	0
180914724	-1	546968	0	0	264192	3864	0
180923721	5904792	518808	2104320	2851	528384	8147	2851
180933718	-1	532504	0	0	660480	9922	0
180940726	-1	531696	31744	337	528384	7950	337
180949726	-1	529832	0	0	528384	7978	0
180958716	6836216	518992	1832960	2145	660480	10180	2145
180968720	-1	534464	0	0	660480	9886	0
180977730	-1	521744	0	0	528384	8101	0
180984714	-1	529736	0	0	528384	7979	0
180994726	3266992	530176	750592	1838	660480	9966	1838
181003720	-1	530160	0	0	528384	7973	0
181012721	-1	529912	0	0	660480	9971	0
181018717	-1	519424	0	0	396288	6103	0
181027718	3616728	496344	1209344	2675	528384	8516	2675
181030719	-1	592904	0	0	264192	3564	0
181039716	4284520	537560	1280000	2390	528384	7863	2390
181046719	-1	527632	0	0	528384	8011	0
181056725	-1	526672	0	0	660480	10032	0
181064724	-1	524576	0	0	528384	8058	0
181071722	4096000	533264	1666048	3254	396288	5945	3254
181077719	-1	532880	0	0	396288	5949	0
181087716	5515320	524344	2580480	3743	660480	10077	-1
181096722	-1	532944	0	0	660480	9914	-1
181105720	3606352	440080	1104896	2451	264192	4802	-1
181111722	-1	563040	0	0	396288	5630	-1
181118716	3414152	506664	1776640	4163	528384	8342	-1
181128719	-1	554832	0	0	660480	9523	-1
181136717	6938024	523680	1467392	1692	528384	8071	-1
181145730	-1	530072	0	0	528384	7974	-1
181154721	-1	517936	0	0	660480	10201	-1
181164723	-1	537704	0	0	660480	9826	-1
181175212	619568	119696	770048	9943	148480	9923	9943
181184211	2154072	-1	2433024	9036	74752	10033	9036
181186211	3371008	-1	842752	2000	86016	1912	2000
181195223	4539528	584832	2363392	4165	606208	8292	4165
181204220	-1	414272	0	0	507904	9808	0
181213219	6806288	418296	1026048	1206	416768	7970	1206
181219216	-1	422768	0	0	318464	6026	0
181228216	-1	435928	0	0	541696	9940	0
181233214	-1	437448	0	0	221184	4044	0
181242216	9035016	451440	2952192	2614	562176	9962	2614
181251216	-1	462176	0	0	460800	7976	0
181260216	-1	467152	0	0	587776	10065	0
181267214	-1	483744	0	0	360448	5960	0
181276218	11241448	488664	1275904	908	612352	10024	908
181285216	-1	500992	0	0	499712	7979	0
181294220	-1	290016	0	0	368640	10168	0
181304224	-1	621976	0	0	770048	9904	0
181313215	-1	517360	0	0	515072	7964	0
181318215	-1	520168	0	0	392192	6031	0
181327215	1721048	203440	1164288	5412	227328	8939	5412
181337212	4978880	592120	176128	283	677888	9158	347
181342216	5035312	510888	669696	1064	382976	5997	1064
181351225	-1	433520	0	0	419840	7747	0
181360215	-1	313688	0	0	396288	10106	0
181369213	4317840	530104	1375232	2548	528384	7974	2548
181372216	-1	540864	53248	63	264192	3907	63
181381214	-1	525184	0	0	528384	8048	0
181388215	-1	527360	0	0	528384	8015	0
181396216	8430256	509872	1702912	1616	519168	8145	1616
181400224	8233032	558360	1232896	1198	273408	3917	1198
181407216	-1	528040	0	0	396288	6003	0
181414216	-1	538368	0	0	528384	7851	0
181421216	-1	529432	0	0	396288	5988	0
181426215	-1	530256	0	0	396288	5978	0
181432212	-1	526896	0	0	396288	6016	0
181441226	8611208	527496	1009664	938	528384	8013	938
181450215	-1	517568	0	0	660480	10208	0
181459215	-1	539392	0	0	528384	7836	0
181469212	-1	526576	0	0	660480	10034	0
181474219	-1	535320	0	0	396288	5922	0
181484213	-1	529784	0	0	660480	9973	0
181490224	9357752	526856	1208320	1033	396288	6017	1033
181498214	-1	529496	0	0	528384	7983	0
181508215	-1	528712	0	0	660480	9993	0
181514219	-1	526648	0	0	396288	6019	0
181521216	-1	532080	0	0	396288	5958	0
181528212	-1	523480	0	0	528384	8075	0
181536213	10966840	500736	1355776	989	512000	8179	989
181544220	12556664	553608	1363968	869	544768	7872	869
181548221	-1	532968	0	0	264192	3965	0
181557221	-1	526912	0	0	528384	8022	0
181566216	-1	531240	0	0	660480	9946	0
181574226	-1	525512	0	0	528384	8043	0
181583216	8333920	521904	1082368	1039	528384	8099	1039
181592216	-1	529816	0	0	660480	9973	0
181597221	-1	541000	0	0	264192	3906	0
181606222	-1	530088	0	0	660480	9967	0
181613215	-1	528352	0	0	396288	6000	0
181623226	-1	527176	0	0	660480	10022	0
181631213	8296880	528216	1458176	1406	528384	8002	1406
181641221	-1	527752	0	0	660480	10011	0
181647220	5914824	530680	832512	1126	396288	5974	1126
181655219	-1	518408	0	0	528384	8153	0
181663219	4619776	527440	1707008	2956	528384	8014	2956
181672226	-1	529760	0	0	660480	9973	0
181681226	-1	535488	0	0	528384	7893	0
181689225	-1	518624	0	0	528384	8150	0
181697224	3819144	527096	550912	1154	528384	8019	1154
181705216	5180120	497488	672768	1039	528384	8496	1039
181708212	-1	621504	0	0	264192	3400	0
181717213	-1	435896	0	0	431104	7912	0
181722219	-1	-1	0	0	0	0	0
181727226	-1	-1	0	0	120832	10920	0
181737213	5499216	652432	644096	937	739328	9065	937
181745221	6380840	522360	234496	294	515072	7888	394
181750223	4427776	422592	731136	1321	323584	6125	1321
181757217	-1	461960	0	0	404480	7004	0
181764213	3573104	619824	1175552	2632	538624	6952	2632
181771215	-1	529288	0	0	411648	6221	0
181780215	6528736	546312	1559552	1911	660480	9671	1911
181787213	-1	529144	0	0	396288	5991	0
181796226	-1	424264	0	0	538624	10156	0
181803215	-1	693240	0	0	518144	5979	0
181808221	-1	533200	0	0	396288	5945	0
181813213	-1	542784	0	0	264192	3893	0
181819216	7734776	525248	2286592	2365	396288	6035	2365
181829218	-1	529520	0	0	660480	9978	0
181835215	9231632	524200	1209344	1048	396288	6047	1048
181845226	-1	531824	0	0	660480	9935	0
181854216	3955032	446712	1019904	2063	561152	10049	2063
181862220	-1	562416	0	0	561152	7982	0
181871216	3765080	468624	2283520	4852	512000	8740	4852
181876216	-1	533000	0	0	347136	5210	0
181884213	8488608	2782968	1230848	1160	2833408	8145	1160
181893221	-1	3938328	0	0	4449280	9037	0
181902212	-1	3299072	0	0	3713024	9003	0
181908220	-1	3322560	0	0	2492416	6001	0
181917212	-1	3695648	0	0	4148224	8979	0
181926217	-1	3727472	0	0	4203520	9021	0
181933222	-1	1493888	0	0	1079296	5779	0
181942216	-1	515408	0	0	643072	9981	0
181952215	-1	518296	0	0	656384	10131	0
181961221	-1	530184	0	0	528384	7972	0
181969214	-1	1416328	0	0	1608704	9086	0
181974214	-1	-1	0	0	63488	4748	0
181983215	-1	2601680	0	0	2962432	9109	0
181991215	-1	3796960	0	0	3793920	7993	0
181996218	-1	4089296	0	0	2560000	5008	0
182003214	-1	3596880	0	0	3107840	6912	0
182012212	-1	3457968	0	0	3927040	9085	0
182021217	-1	1918392	0	0	1414144	5897	0
182029225	-1	604448	0	0	756736	10015	0
182038215	-1	512368	0	0	633856	9896	0
182044225	-1	516928	0	0	387072	5990	0
182054214	-1	517032	0	0	656384	10156	0
182060211	-1	530016	0	0	396288	5981	0
182068215	-1	528400	0	0	528384	7999	0
182077214	-1	536512	0	0	528384	7878	0
182084216	-1	526376	0	0	528384	8030	0
182091224	-1	534552	0	0	396288	5930	0
182096225	-1	527760	0	0	396288	6007	0
182104213	-1	523680	0	0	528384	8071	0
182114216	-1	1668296	0	0	2106368	10100	0
182123212	-1	3498544	0	0	3943424	9017	0
182131216	-1	3681072	0	0	3683328	8004	0
182138226	-1	3933488	0	0	3442688	7001	0
182148216	-1	3802264	0	0	4736000	9964	0
182157216	-1	2657456	0	0	2608128	7851	0
182166213	-1	2077752	0	0	2640896	10168	0
182175220	-1	3808808	0	0	4273152	8975	0
182181225	-1	2961480	0	0	566272	1529	0
182189225	-1	-1	0	0	0	0	0
182198216	-1	-1	0	0	0	0	0
182205220	-1	-1	0	0	0	0	0
182215211	-1	-1	0	0	0	0	0
182223215	-1	-1	0	0	0	0	0
182232212	-1	-1	0	0	0	0	0
182241220	-1	-1	0	0	0	0	0
182249220	-1	-1	0	0	0	0	0
182259216	-1	-1	0	0	0	0	0
182268217	-1	-1	0	0	0	0	0
182277214	-1	-1	0	0	0	0	0
182282214	-1	-1	0	0	0	0	0
182291221	-1	-1	0	0	0	0	0
182299222	-1	-1	0	0	0	0	0
182308220	-1	-1	0	0	0	0	0
182316220	-1	-1	0	0	0	0	0
182325218	-1	-1	0	0	0	0	0
182333224	-1	-1	0	0	0	0	0
182342222	-1	-1	0	0	0	0	0
182345215	-1	-1	0	0	0	0	0
182353216	-1	-1	0	0	0	0	0
182363213	-1	-1	0	0	0	0	0
182370213	-1	-1	0	0	0	0	0
182375212	-1	-1	0	0	0	0	0
182383223	-1	-1	0	0	0	0	0
182393216	-1	-1	0	0	0	0	0
182401221	-1	-1	0	0	0	0	0
182408214	-1	-1	0	0	0	0	0
182418217	-1	-1	0	0	0	0	0
182427211	-1	-1	0	0	0	0	0
182435212	-1	-1	0	0	0	0	0
182441216	-1	-1	0	0	0	0	0
182449220	-1	-1	0	0	0	0	0
182457216	-1	-1	0	0	0	0	0
182467226	-1	-1	0	0	0	0	0
182472222	-1	-1	0	0	0	0	0
182480212	2660128	-1	1647616	4955	0	0	4955
182489221	-1	-1	71680	62	0	0	62
182495216	6529024	-1	1632256	2000	0	0	2000
182504214	-1	-1	0	0	0	0	0
182511219	-1	-1	0	0	0	0	0
182518215	-1	-1	0	0	0	0	0
182526222	7256864	-1	3115008	3434	0	0	3434
182533221	-1	-1	0	0	0	0	0
182536222	-1	-1	0	0	0	0	0
182542221	-1	-1	0	0	0	0	0
182548216	8784112	-1	3964928	3611	0	0	3611
182557218	-1	-1	0	0	0	0	0
182566216	8739592	-1	1634304	1496	0	0	1496
182571216	-1	-1	0	0	0	0	0
182577213	-1	-1	0	0	0	0	0
182584222	-1	-1	0	0	0	0	0
182593214	8333488	-1	1809408	1737	0	0	1737
182599220	-1	-1	0	0	0	0	0
182606211	8653520	-1	1459200	1349	0	0	1349
182613226	-1	-1	0	0	0	0	0
182620217	7731144	-1	1838080	1902	0	0	1902
182627224	-1	-1	0	0	0	0	0
182636216	5955880	-1	2001920	2689	0	0	2689
182643215	-1	-1	0	0	0	0	0
182652214	-1	-1	0	0	0	0	0
182657219	-1	-1	0	0	0	0	0
182666216	8164408	-1	3030016	2969	0	0	2969
182672226	-1	-1	0	0	0	0	0
182681216	4802784	-1	1767424	2944	0	0	2944
182690216	-1	-1	0	0	0	0	0
182700214	5961216	-1	1795072	2409	0	0	2409
182708214	-1	-1	0	0	0	0	0
182716214	-1	-1	0	0	0	0	0
182722213	-1	-1	0	0	0	0	214
182727213	8414216	-1	3450880	3281	0	0	3281
182735216	-1	-1	0	0	0	0	0
182745214	7457624	-1	3286016	3525	0	0	3525
182753216	-1	-1	0	0	0	0	0
182763224	6360264	-1	2115584	2661	0	0	2661
182772225	-1	-1	0	0	0	0	0
182781227	5604024	-1	1756160	2507	0	0	2507
182787216	-1	-1	0	0	0	0	0
182796214	7767152	-1	1591296	1639	0	0	1639
182805219	-1	-1	0	0	0	0	0
182813216	4835784	-1	2095104	3466	0	0	3466
182820213	-1	-1	0	0	0	0	0
182827211	9785232	-1	3089688	2526	0	0	2526
182836216	-1	-1	0	0	0	0	0
182845216	9683272	-1	3962880	3274	0	0	3274
182854219	-1	-1	0	0	0	0	0
182862211	-1	-1	0	0	0	0	0
182868224	-1	-1	0	0	0	0	0
182874212	12740640	-1	2349056	1475	0	0	1475
182880226	-1	-1	0	0	0	0	0
182886220	10555216	-1	1500160	1137	0	0	1137
182893216	-1	-1	0	0	0	0	0
182900212	8935512	-1	1366016	1223	0	0	1223
182906219	-1	-1	0	0	0	0	0
182915214	5993720	-1	1398784	1867	0	0	1867
182921222	-1	-1	0	0	0	0	0
182930220	8480360	-1	1987584	1875	0	0	1875
182939217	-1	-1	0	0	0	0	0
182948221	8273832	-1	3002368	2903	0	0	2903
182955226	-1	-1	0	0	0	0	0
182964215	7621888	-1	2039808	2141	0	0	2141
182970212	-1	-1	0	0	0	0	0
182978221	-1	-1	0	0	0	0	0
182987212	6987480	-1	1134592	1299	0	0	1403
182991222	9470584	-1	1714176	1448	0	0	1448
183000219	-1	-1	0	0	0	0	0
183008217	10991216	-1	3940352	2868	0	0	2868
183018229	-1	-1	0	0	0	0	0
183027222	5766024	-1	1530880	2124	0	0	2124
183036220	-1	-1	0	0	0	0	0
183045214	9647992	-1	4213760	3494	0	0	3494
183054226	-1	-1	0	0	0	0	0
183062215	8982416	-1	4026368	3586	0	0	3586
183070214	-1	-1	0	0	0	0	0
183079221	-1	-1	0	0	0	0	0
183085215	-1	-1	0	0	0	0	0
183093220	6148496	-1	3851264	5011	0	0	5011
183102218	6302568	-1	1933312	2454	0	0	2454
183109214	11466104	-1	4357120	3040	0	0	3040
183117213	-1	-1	0	0	0	0	0
183127225	11794544	-1	1750016	1187	0	0	1187
183136220	-1	-1	0	0	0	0	0
183145221	10728112	-1	1581056	1179	0	0	1179
183150218	-1	-1	0	0	0	0	0
183159214	8232040	-1	1052672	1023	0	0	1023
183169213	-1	-1	0	0	0	0	0
183175212	9693864	-1	1744896	1440	0	0	1440
183181221	-1	-1	0	0	0	0	0
183190220	10812392	-1	1271808	941	0	0	941
183199213	-1	-1	0	0	0	0	0
183209215	4315840	-1	1079500	2001	0	0	2001
183216227	-1	-1	0	0	0	0	0
183225216	5051192	-1	1277952	2024	0	0	2024
183232215	-1	-1	0	0	0	0	0
183239212	5694272	-1	1685504	2368	0	0	2368
183249212	-1	-1	0	0	0	0	0
183258215	7286000	-1	1177600	1293	0	0	1293
183266220	-1	-1	0	0	0	0	0
183272225	-1	-1	0	0	0	0	0
183276216	10840960	-1	3985408	2941	0	0	2941
183278216	-1	-1	0	0	0	0	0
183287214	-1	-1	0	0	0	0	0
183296216	8262384	-1	2764800	2677	0	0	2677
183302214	-1	-1	0	0	0	0	0
183311226	-1	-1	0	0	0	0	0
183318216	-1	-1	0	0	0	0	0
183324216	8542912	-1	5135360	4809	0	0	4809
183331214	-1	-1	0	0	0	0	0
183337216	5548024	-1	1048576	1512	0	0	1512
183345216	-1	-1	0	0	0	0	0
183354217	7874000	-1	1698816	1726	0	0	-1
183361215	-1	-1	0	0	0	0	-1
183370221	7308904	-1	2483200	2718	0	0	-1
183379216	7813768	-1	867328	888	0	0	-1
183385221	10273112	-1	3892224	3031	0	0	-1
183395212	-1	-1	0	0	0	0	-1
183402223	-1	-1	0	0	0	0	-1
183410214	-1	-1	0	0	0	0	-1
