5462257	6771832	-1	1665024	1967	0	0	1967
5471257	6430456	-1	1614848	2009	0	0	2009
5474256	8534224	-1	408576	383	0	0	383
5483257	-1	-1	0	0	0	0	0
5492256	5305696	-1	1024000	1544	0	0	1544
5501257	6244032	-1	607232	778	0	0	778
5506256	6508712	-1	296960	365	0	0	365
5515256	-1	-1	0	0	0	0	0
5524255	-1	-1	0	0	0	0	0
5527255	-1	-1	0	0	0	0	0
5536258	5803088	-1	2353152	3244	0	0	3244
5545256	-1	-1	0	0	0	0	0
5554268	5961896	-1	1089536	1462	0	0	1462
5562257	-1	-1	0	0	0	0	0
5571258	6398704	-1	1260544	1576	0	0	1576
5580257	-1	-1	0	0	0	0	0
5589267	6156328	-1	894976	1163	0	0	1163
5596256	7043864	-1	1488896	1691	0	0	1691
5599256	-1	-1	0	0	0	0	0
5608255	-1	-1	0	0	0	0	0
5617255	5424928	-1	915456	1350	0	0	1350
5624258	-1	-1	0	0	0	0	0
5631256	4765472	-1	677888	1138	0	0	1138
5640256	-1	-1	0	0	0	0	0
5649256	-1	-1	0	0	0	0	0
5650256	-1	-1	0	0	0	0	0
5659255	6424032	-1	2172928	2706	0	0	2706
5668257	-1	-1	0	0	0	0	0
5677257	6262184	-1	1153024	1473	0	0	1473
5686271	-1	-1	0	0	0	0	0
5695259	3757088	-1	1136520	2420	0	0	2420
5704257	-1	-1	0	0	0	0	0
5710257	5398344	-1	1082368	1604	0	0	1604
5720256	-1	-1	0	0	0	0	0
5729257	-1	-1	0	0	0	0	0
5732256	-1	-1	0	0	0	0	0
5741264	3585184	-1	1354752	3023	0	0	3023
5747255	-1	-1	0	0	0	0	0
5757256	4730872	-1	1224704	2071	0	0	2071
5766256	-1	-1	0	0	0	0	0
5775256	4887048	-1	1635328	2677	0	0	2677
5784255	-1	-1	0	0	0	0	0
5793257	4230696	-1	980992	1855	0	0	1855
5802256	-1	-1	0	0	0	0	0
5810260	4290840	-1	1014784	1892	0	0	1892
5819256	-1	-1	0	0	0	0	0
5827261	5964080	-1	1951744	2618	0	0	2618
5836257	5074288	-1	1136640	1792	0	0	1792
5839257	-1	-1	0	0	0	0	0
5848256	-1	-1	0	0	0	0	0
5856262	5481160	-1	1793024	2617	0	0	2617
5865256	-1	-1	0	0	0	0	0
5874256	-1	-1	0	0	0	0	0
5876255	-1	-1	0	0	0	0	0
5885256	5468416	-1	2635776	3856	0	0	3856
5887255	-1	-1	0	0	0	0	0
5896256	5753864	-1	1785856	2483	0	0	2483
5906256	5242880	-1	229376	350	0	0	375
5911258	5148848	-1	1096704	1704	0	0	1704
5920257	-1	-1	0	0	0	0	0
5930255	-1	-1	0	0	0	0	0
5937267	-1	-1	0	0	0	0	0
5944259	5626344	-1	2292736	3260	0	0	3260
5953258	-1	-1	0	0	0	0	0
5959257	4911888	-1	1214464	1978	0	0	1978
5968257	6540808	-1	1780736	2178	0	0	2178
5969256	-1	-1	0	0	0	0	0
5978256	-1	-1	0	0	0	0	0
5988256	5614584	-1	1650688	2352	0	0	2352
5995256	-1	-1	0	0	0	0	0
6004256	5346520	-1	1398784	2093	0	0	2093
6010255	-1	-1	0	0	0	0	0
6019256	-1	-1	0	0	0	0	0
6028256	6959840	-1	954368	1097	0	0	1344
6032256	6382440	-1	1534976	1924	0	0	1924
6041258	-1	-1	0	0	0	0	0
6050256	3553288	-1	1183244	2664	0	0	2664
6059256	-1	-1	0	0	0	0	0
6068257	4566096	-1	1283072	2248	0	0	2248
6077258	-1	-1	0	0	0	0	0
6086269	-1	-1	0	0	0	0	0
6089257	-1	-1	0	0	0	0	0
6098256	5126528	-1	2111488	3295	0	0	3295
6107255	-1	-1	0	0	0	0	0
6116256	5345712	-1	1688576	2527	0	0	2527
6125256	-1	-1	0	0	0	0	0
6134256	-1	-1	0	0	0	0	0
6143256	-1	-1	0	0	0	0	0
6151255	5864776	-1	2699264	3682	0	0	3682
6160255	-1	-1	0	0	0	0	0
6169258	5292432	-1	2042880	3088	0	0	3088
6175260	-1	-1	0	0	0	0	0
6183256	5057712	-1	1112064	1759	0	0	1759
6193256	-1	-1	0	0	0	0	0
6202258	-1	-1	0	0	0	0	0
6210260	3997384	-1	933888	1869	0	0	1882
6214257	8362928	-1	1352704	1294	0	0	1294
6223257	-1	-1	0	0	0	0	27
6228266	6031208	-1	2600960	3450	0	0	3450
6237256	-1	-1	0	0	0	0	28
6242264	6404096	-1	2149376	2685	0	0	2685
6251256	-1	-1	0	0	0	0	0
6259256	-1	-1	0	0	0	0	0
6265256	-1	-1	0	0	0	0	0
6274257	6799864	-1	2770944	3260	0	0	3260
6283256	-1	-1	0	0	0	0	0
6290255	5239440	-1	1684480	2572	0	0	2572
6299256	-1	-1	0	0	0	0	0
6308255	5451472	-1	1698816	2493	0	0	2493
6317260	-1	-1	0	0	0	0	0
6326258	4252392	-1	1169408	2200	0	0	2200
6333261	-1	-1	0	0	0	0	0
6343257	4299088	-1	834560	1553	0	0	1553
6352264	-1	-1	0	0	0	0	0
6361258	4272136	-1	1266688	2372	0	0	2372
6370256	-1	-1	0	0	0	0	0
6374263	-1	-1	0	0	0	0	0
6382256	-1	-1	0	0	0	0	0
6391256	5510640	-1	1793024	2603	0	0	2603
6400257	-1	-1	0	0	0	0	0
6408271	5455904	-1	1372160	2012	0	0	2012
6414257	-1	-1	0	0	0	0	0
6423257	-1	-1	0	0	0	0	0
6432256	3720648	-1	1317108	2832	0	0	2832
6433257	-1	-1	0	0	0	0	0
6442259	-1	-1	0	0	0	0	0
6451260	7640680	-1	1206272	1263	0	0	1263
6460257	-1	-1	0	0	0	0	0
6469259	6302104	-1	877568	1114	0	0	1114
6478257	-1	-1	0	0	0	0	0
6487255	4110816	-1	568320	1106	0	0	1106
6496257	-1	-1	49152	226	0	0	233
6501304	6831736	-1	1609728	1885	0	0	1885
6510256	-1	-1	0	0	0	0	0
6519257	-1	-1	0	0	0	0	0
6522256	-1	-1	0	0	0	0	0
6531261	5330624	-1	890880	1337	0	0	1337
6533256	-1	-1	0	0	0	0	0
6542259	6782872	-1	1823744	2151	0	0	2151
6549257	-1	-1	0	0	0	0	0
6554258	-1	-1	0	0	0	0	0
6563258	7080832	-1	1892352	2138	0	0	2282
6566260	7214616	-1	574464	637	0	0	637
6575259	-1	-1	0	0	0	0	0
6584258	-1	-1	0	0	0	0	0
6593259	-1	-1	0	0	0	0	0
6602256	6463616	-1	1485824	1839	0	0	-1
6611256	-1	-1	0	0	0	0	-1
6620260	3495800	-1	1392640	3187	0	0	-1
6621256	-1	-1	0	0	0	0	-1
6630261	3616504	-1	1096704	2426	0	0	-1
6634257	-1	-1	0	0	0	0	-1
6644256	-1	-1	0	0	0	0	-1
6653257	-1	-1	0	0	0	0	-1
6660260	6009680	-1	1111040	1479	0	0	-1
6815915	2473544	-1	1382400	4471	0	0	27905
6817723	-1	-1	0	0	0	0	0
6826721	5787208	-1	1885184	2606	0	0	2606
6830709	-1	-1	0	0	0	0	0
6839719	5820904	-1	1143808	1572	0	0	1572
6848717	-1	-1	0	0	0	0	0
6853708	-1	-1	0	0	0	0	0
6862705	6135496	-1	1661952	2167	0	0	2245
6865719	6360120	-1	316416	398	0	0	398
6873719	-1	-1	0	0	0	0	0
6883709	4096000	-1	1537024	3002	0	0	3002
6891717	5467792	-1	867328	1269	0	0	1269
6893708	-1	-1	0	0	0	0	0
6902715	-1	-1	0	0	0	0	0
6910714	4537800	-1	620544	1094	0	0	1094
6916708	-1	-1	0	0	0	0	0
6925708	6923792	-1	2761728	3191	0	0	3191
6933708	-1	-1	0	0	0	0	0
6939713	-1	-1	0	0	0	0	0
6943714	-1	-1	0	0	0	0	0
6952708	5373536	-1	2653184	3950	0	0	3950
6960714	-1	-1	0	0	0	0	0
6963710	-1	-1	0	0	0	0	0
6972709	5506584	-1	2021604	2937	0	0	2937
6974721	-1	-1	0	0	0	0	0
6983718	6272280	-1	1789952	2283	0	0	2283
6986711	-1	-1	0	0	0	0	0
6995706	-1	-1	0	0	0	0	0
7004716	4239176	-1	697344	1316	0	0	1316
7008717	-1	-1	0	0	0	0	0
7017716	6068152	-1	1372160	1809	0	0	1809
7026715	-1	-1	0	0	0	0	0
7035706	-1	-1	0	0	0	0	0
7036719	-1	-1	0	0	0	0	0
7045718	5030240	-1	1477632	2350	0	0	2350
7051707	-1	-1	0	0	0	0	0
7056713	5590624	-1	1106944	1584	0	0	1584
7065717	-1	-1	0	0	0	0	0
7074717	5863224	-1	1090560	1488	0	0	1488
7081708	-1	-1	0	0	0	0	0
7090707	-1	-1	0	0	0	0	0
7093707	-1	-1	0	0	0	0	0
7102708	6120184	-1	1579008	2064	0	0	2064
7106718	-1	-1	0	0	0	0	0
7115714	-1	-1	0	0	0	0	0
7123711	-1	-1	0	0	0	0	0
7132719	5435160	-1	1275904	1878	0	0	1878
7138714	-1	-1	0	0	0	0	0
7147715	5986120	-1	689152	921	0	0	921
7155706	-1	-1	0	0	0	0	0
7165714	5348584	-1	1036288	1550	0	0	1550
7174708	-1	-1	0	0	0	0	0
7183717	6971760	-1	1000448	1148	0	0	1148
7192709	-1	-1	0	0	0	0	0
7200711	-1	-1	0	0	0	0	0
7202708	-1	-1	0	0	0	0	0
7211716	6279960	-1	2613248	3329	0	0	3329
7218713	-1	-1	0	0	0	0	0
7224706	6254136	-1	2151424	2752	0	0	2752
7233713	-1	-1	0	0	0	0	0
7242719	5825088	-1	2361344	3243	0	0	3243
7245717	-1	-1	0	0	0	0	0
7254712	-1	-1	0	0	0	0	0
7263704	6403352	-1	1283072	1603	0	0	1698
7267715	6653616	-1	1961984	2359	0	0	2359
7276715	-1	-1	0	0	0	0	0
7285705	6272888	-1	2155520	2749	0	0	2749
7294712	-1	-1	0	0	0	0	0
7303709	5992072	-1	2019328	2696	0	0	2696
7312711	-1	-1	0	0	0	0	0
7321709	5475176	-1	869868	1271	0	0	1271
7328710	-1	-1	0	0	0	0	0
7337712	5163384	-1	1721344	2667	0	0	2667
7345712	-1	-1	0	0	0	0	0
7354714	6176592	-1	2425856	3142	0	0	3142
7363716	-1	-1	0	0	0	0	0
7373704	7306016	-1	2229248	2441	0	0	2441
7378706	-1	-1	0	0	0	0	0
7387715	-1	-1	0	0	0	0	0
7396705	6803192	-1	3215360	3781	0	0	3865
7398716	7860176	-1	388096	395	0	0	395
7407717	-1	-1	0	0	0	0	0
7416717	7172680	-1	2745344	3062	0	0	3062
7423705	-1	-1	0	0	0	0	0
7427717	-1	-1	0	0	0	0	0
7433714	-1	-1	0	0	0	0	0
7443713	7128136	-1	3204096	3596	0	0	3596
7451709	-1	-1	0	0	0	0	0
7457717	7201392	-1	3781632	4201	0	0	4201
7466716	-1	-1	0	0	0	0	0
7471706	-1	-1	0	0	0	0	0
7476708	-1	-1	0	0	0	0	0
7484715	6694112	-1	3844096	4594	0	0	4594
7493709	6656488	-1	1748992	2102	0	0	2102
7495719	-1	-1	0	0	0	0	0
7504718	-1	-1	0	0	0	0	0
7513709	5986680	-1	1081344	1445	0	0	1445
7518717	-1	-1	0	0	0	0	0
7527711	-1	-1	0	0	0	0	0
7530714	-1	-1	0	0	0	0	0
7539714	4504160	-1	1604608	2850	0	0	2850
7545707	-1	-1	0	0	0	0	0
7554704	5250472	-1	509952	777	0	0	777
7563710	-1	-1	0	0	0	0	0
7572707	-1	-1	0	0	0	0	0
7574707	-1	-1	0	0	0	0	0
7583707	5668040	-1	1469440	2074	0	0	2074
7592710	-1	-1	0	0	0	0	0
7601706	5752248	-1	890880	1239	0	0	1239
7609704	-1	-1	0	0	0	0	0
7619709	7220320	-1	989184	1096	0	0	1096
7628716	-1	-1	0	0	0	0	0
7634710	2561048	-1	937984	2930	0	0	2930
7642718	-1	-1	0	0	0	0	0
7651711	7434232	-1	2069504	2227	0	0	2227
7660712	-1	-1	0	0	0	0	0
7669709	4325744	-1	954368	1765	0	0	1765
7678719	-1	-1	0	0	0	0	0
7687714	5608936	-1	1323008	1887	0	0	1887
7695705	3237944	-1	204800	506	0	0	544
7700714	3515760	-1	1369388	3116	0	0	3116
7709713	-1	-1	0	0	0	0	0
7713707	-1	-1	0	0	0	0	0
7722711	5363808	-1	1914880	2856	0	0	2864
7725710	7332152	-1	480256	524	0	0	524
7734707	-1	-1	0	0	0	0	0
7738707	-1	-1	0	0	0	0	0
7744705	-1	-1	0	0	0	0	0
7752719	4404496	-1	1476608	2682	0	0	2682
7761718	-1	-1	0	0	0	0	0
7767717	4902336	-1	1092608	1783	0	0	1783
7776707	-1	-1	0	0	0	0	0
7784717	-1	-1	0	0	0	0	0
7793708	4619832	-1	1399808	2424	0	0	2424
7794717	-1	-1	0	0	0	0	0
7803708	4291416	-1	1135616	2117	0	0	2117
7804708	-1	-1	0	0	0	0	0
7813714	-1	-1	0	0	0	0	0
7822715	2446648	-1	411648	1346	0	0	1346
7831717	-1	-1	0	0	0	0	0
7838713	4299440	-1	973824	1812	0	0	1812
7848720	-1	-1	0	0	0	0	0
7853708	4596912	-1	902144	1570	0	0	1570
7861706	-1	-1	0	0	0	0	0
7870704	-1	-1	0	0	0	0	0
7879708	5173216	-1	821248	1270	0	0	1386
7883719	6288520	-1	1370112	1743	0	0	1743
7892707	-1	-1	0	0	0	0	0
7900707	4458000	-1	1361920	2444	0	0	2444
7909719	-1	-1	0	0	0	0	0
7918713	4647912	-1	1207296	2078	0	0	2078
7925710	-1	-1	0	0	0	0	0
7934709	4483920	-1	1154048	2059	0	0	2059
7943705	-1	-1	0	0	0	0	0
7952708	4291048	-1	1205248	2247	0	0	2247
7961715	-1	-1	0	0	0	0	0
7970716	3388336	-1	902144	2130	0	0	2130
7979706	-1	-1	0	0	0	0	0
7988713	4456712	-1	1530880	2748	0	0	2748
7997705	-1	-1	0	0	0	0	0
8006714	5369032	-1	1628160	2426	0	0	2426
8015705	-1	-1	0	0	0	0	0
8024704	-1	-1	0	0	0	0	0
8033715	-1	-1	0	0	0	0	0
8039714	3887808	-1	1759232	3620	0	0	3620
8048719	-1	-1	0	0	0	0	0
8050716	-1	-1	0	0	0	0	0
8059712	3479280	-1	1648308	3790	0	0	3790
8061711	8113232	-1	527360	520	0	0	520
8070708	-1	-1	0	0	0	0	0
8079709	5949880	-1	1953792	2627	0	0	2627
8082708	-1	-1	0	0	0	0	0
8091707	7253280	-1	1360896	1501	0	0	1501
8097707	-1	-1	0	0	0	0	0
8106713	5980624	-1	1977344	2645	0	0	2645
8115714	-1	-1	0	0	0	0	0
8124716	-1	-1	0	0	0	0	0
8130706	-1	-1	0	0	0	0	0
8139718	6121944	-1	3197952	4179	0	0	4179
8148717	-1	-1	0	0	0	0	0
8155715	-1	-1	0	0	0	0	0
8159714	-1	-1	0	0	0	0	0
8167706	6558000	-1	2137088	2607	0	0	2607
8176705	-1	-1	0	0	0	0	0
8182718	5197872	-1	1144832	1762	0	0	1762
8191717	-1	-1	0	0	0	0	0
8200714	5480216	-1	1585152	2314	0	0	2314
8204716	-1	-1	0	0	0	0	0
8213716	6038392	-1	1492992	1978	0	0	1978
8222716	-1	-1	0	0	0	0	0
8230714	5729920	-1	917504	1281	0	0	1281
8239705	-1	-1	0	0	0	0	0
8248719	4138592	-1	1691648	3270	0	0	3270
8252723	-1	-1	0	0	0	0	0
8261718	5270088	-1	912384	1385	0	0	1385
8268715	-1	-1	0	0	0	0	0
8278715	6577200	-1	1084416	1319	0	0	1319
8284715	-1	-1	0	0	0	0	0
8293705	5353264	-1	693248	1036	0	0	1036
8298718	-1	-1	0	0	0	0	0
8305708	-1	-1	0	0	0	0	0
8312718	-1	-1	0	0	0	0	0
8318719	5409536	-1	1140736	1687	0	0	1687
8325709	-1	-1	0	0	0	0	0
8334708	-1	-1	0	0	0	0	0
8338720	-1	-1	0	0	0	0	0
8344719	5591072	-1	926720	1326	0	0	1326
8352718	-1	-1	0	0	0	0	0
8361710	4417784	-1	674816	1222	0	0	1222
8369706	7050488	-1	1612800	1830	0	0	1830
8372713	-1	-1	0	0	0	0	0
8381714	-1	-1	0	0	0	0	0
8390704	5646464	-1	1374208	1947	0	0	1947
8399721	-1	-1	0	0	0	0	0
8404715	7131488	-1	1149952	1290	0	0	1290
8413706	-1	-1	0	0	0	0	0
8421713	4042808	-1	1209304	2393	0	0	2393
8429714	-1	-1	0	0	0	0	642
8434707	3800704	-1	1225728	2580	0	0	2580
8442719	-1	-1	0	0	0	0	0
8450717	7017920	-1	1622016	1849	0	0	1849
8460711	-1	-1	0	0	0	0	0
8468711	5438152	-1	1201152	1767	0	0	1767
8473706	-1	-1	0	0	0	0	0
8482706	5632984	-1	1825792	2593	0	0	2593
8488704	-1	-1	0	0	0	0	0
8497718	6030840	-1	1391616	1846	0	0	1846
8503705	-1	-1	0	0	0	0	0
8512710	6215912	-1	1526784	1965	0	0	1965
8521717	-1	-1	0	0	0	0	0
8529719	4554544	-1	905216	1590	0	0	1590
8535717	-1	-1	0	0	0	0	0
8544709	5604040	-1	2385920	3406	0	0	3406
8553717	-1	-1	0	0	0	0	0
8562715	-1	-1	0	0	0	0	0
8571706	4498976	-1	1286144	2287	0	0	2290
8574719	5746744	-1	1477632	2057	0	0	2179
8583708	4201024	-1	286720	546	0	0	685
8588709	4380368	-1	1719296	3140	0	0	3140
8593715	-1	-1	0	0	0	0	7
8598713	6076640	-1	1547264	2037	0	0	2037
8607714	-1	-1	0	0	0	0	0
8616709	-1	-1	0	0	0	0	0
8625709	6360944	-1	2386944	3002	0	0	3002
8626705	-1	-1	0	0	0	0	0
8635718	-1	-1	0	0	0	0	0
8644705	-1	-1	0	0	0	0	0
8647711	-1	-1	0	0	0	0	0
8656736	4707488	-1	2770944	4709	0	0	4709
8665716	-1	-1	0	0	0	0	0
8675716	6200936	-1	1840128	2374	0	0	2374
8684704	-1	-1	0	0	0	0	0
8691717	6318200	-1	1374208	1740	0	0	1740
8700708	-1	-1	0	0	0	0	0
8709707	6236024	-1	1769472	2270	0	0	2270
8718716	-1	-1	0	0	0	0	0
8727717	4305360	-1	1789952	3326	0	0	3326
8736718	-1	-1	0	0	0	0	0
8745720	4504720	-1	1049600	1864	0	0	1864
8754704	-1	-1	0	0	0	0	0
8763704	5504832	-1	950272	1381	0	0	1381
8772715	-1	-1	0	0	0	0	0
8781716	-1	-1	0	0	0	0	0
8790706	3640688	-1	1369808	3010	0	0	3010
8792704	-1	-1	36864	41	0	0	41
8801705	-1	-1	0	0	0	0	0
8810712	2893208	-1	820224	2268	0	0	2268
8819715	-1	-1	0	0	0	0	0
8828712	5376720	-1	1431552	2130	0	0	2130
8837705	-1	-1	0	0	0	0	0
8846707	4951912	-1	1353728	2187	0	0	2187
8855712	-1	-1	0	0	0	0	0
8864711	5493888	-1	1382400	2013	0	0	2013
8873719	-1	-1	0	0	0	0	0
8882711	2409712	-1	1442816	4790	0	0	4790
8888717	-1	-1	0	0	0	0	0
8897706	5698784	-1	1458176	2047	0	0	2047
8906719	-1	-1	0	0	0	0	0
8915705	6044480	-1	1694720	2243	0	0	2243
8924717	-1	-1	0	0	0	0	0
8933712	5855848	-1	1550336	2118	0	0	2118
8942710	-1	-1	0	0	0	0	0
8951712	5667152	-1	1372160	1937	0	0	1937
8960712	-1	-1	0	0	0	0	0
8969708	-1	-1	0	0	0	0	0
8976714	-1	-1	0	0	0	0	0
8985708	6262112	-1	2714624	3468	0	0	3468
8995705	6415232	-1	417792	521	0	0	533
9000716	7119176	-1	1325056	1489	0	0	1489
9009710	-1	-1	0	0	0	0	0
9018718	5302168	-1	1307648	1973	0	0	1973
9027709	-1	-1	0	0	0	0	0
9036706	-1	-1	0	0	0	0	0
9046714	3714304	-1	851968	1835	0	0	1897
9049714	6696584	-1	1985536	2372	0	0	2372
9058707	-1	-1	0	0	0	0	0
9067711	5810544	-1	2141184	2948	0	0	2948
9076710	-1	-1	0	0	0	0	0
9085705	5656456	-1	1939456	2743	0	0	2743
9094715	-1	-1	0	0	0	0	0
9103707	5924520	-1	1126400	1521	0	0	1521
9112705	-1	-1	0	0	0	0	0
9121718	4840728	-1	1437696	2376	0	0	2376
9130707	-1	-1	0	0	0	0	0
9139716	-1	-1	0	0	0	0	0
9148710	5189944	-1	1481728	2284	0	0	2379
9151718	6146768	-1	568576	740	0	0	740
9160716	-1	-1	0	0	0	0	0
9168714	4023160	-1	735232	1462	0	0	1462
9177713	-1	-1	0	0	0	0	0
9186711	6699128	-1	1093632	1306	0	0	1306
9195714	-1	-1	0	0	0	0	0
9204706	7427952	-1	1503232	1619	0	0	1619
9212717	-1	-1	0	0	0	0	0
9221716	7556912	-1	1206272	1277	0	0	1277
9230718	-1	-1	0	0	0	0	0
9237708	-1	-1	0	0	0	0	0
9246712	7011136	-1	1842176	2102	0	0	2126
9248715	-1	-1	0	0	0	0	0
9257719	-1	-1	0	0	0	0	0
9264711	6234584	-1	1444864	1854	0	0	1854
9269716	-1	-1	0	0	0	0	0
9276720	6805240	-1	1517568	1784	0	0	1784
9285716	-1	-1	0	0	0	0	0
9294717	7017720	-1	1028096	1172	0	0	-1
9303709	-1	-1	0	0	0	0	-1
9310714	-1	-1	0	0	0	0	-1
9319705	2272568	-1	606208	2134	0	0	-1
9322719	7081224	-1	2350080	2655	0	0	-1
9330709	-1	-1	0	0	0	0	-1
9339717	6989392	-1	1202176	1376	0	0	-1
9346716	-1	-1	0	0	0	0	-1
9356706	6383912	-1	1117184	1400	0	0	-1
9365705	-1	-1	0	0	0	0	-1
9516458	3712200	-1	2718720	5859	0	0	12801
9518137	5566768	-1	901120	1295	0	0	1295
9527138	-1	-1	0	0	0	0	0
9532142	-1	-1	0	0	0	0	0
9540146	-1	-1	0	0	0	0	0
9546146	6359256	-1	2412544	3035	0	0	3035
9553138	-1	-1	0	0	0	0	0
9559133	5667656	-1	2156544	3044	0	0	3044
9564146	-1	-1	0	0	0	0	0
9573144	-1	-1	0	0	0	0	0
9580144	-1	-1	0	0	0	0	0
9589133	5820840	-1	1503232	2066	0	0	2104
9598139	6523256	-1	1276928	1566	0	0	1566
9600145	-1	-1	0	0	0	0	0
9609132	4487152	-1	311296	555	0	0	572
9614146	6283440	-1	1476608	1880	0	0	1880
9623134	-1	-1	0	0	0	0	0
9632136	5492400	-1	1750016	2549	0	0	2549
9641137	-1	-1	0	0	0	0	0
9650137	-1	-1	0	0	0	0	0
9659133	5624792	-1	1797120	2556	0	0	2694
9662134	6518392	-1	1302864	1599	0	0	1599
9671131	-1	-1	0	0	0	0	0
9681131	4162184	-1	869376	1671	0	0	1671
9687143	-1	-1	0	0	0	0	0
9696146	5832624	-1	1179648	1618	0	0	1618
9705131	-1	-1	0	0	0	0	0
9714131	6208272	-1	1656832	2135	0	0	2135
9723138	-1	-1	0	0	0	0	0
9732131	-1	-1	0	0	0	0	0
9737142	-1	-1	0	0	0	0	0
9743144	5735480	-1	1628160	2271	0	0	2271
9748133	-1	-1	0	0	0	0	0
9756132	6246360	-1	1890304	2421	0	0	2421
9765132	-1	-1	0	0	0	0	0
9774136	5958912	-1	1013760	1361	0	0	1361
9784132	5121056	-1	621568	971	0	0	971
9788146	6414160	-1	1130496	1410	0	0	1410
9797131	-1	-1	0	0	0	0	0
9801132	-1	-1	0	0	0	0	0
9810143	-1	-1	0	0	0	0	0
9817132	6523552	-1	3423232	4198	0	0	4198
9822145	-1	-1	0	0	0	0	0
9829144	-1	-1	0	0	0	0	0
9837131	6181984	-1	2166784	2804	0	0	2838
9839132	6193472	-1	320512	414	0	0	414
9848151	-1	-1	0	0	0	0	0
9858131	5261768	-1	1448960	2203	0	0	2203
9867132	-1	-1	0	0	0	0	0
9876131	-1	-1	0	0	0	0	0
9881147	-1	-1	0	0	0	0	13
9886131	6386120	-1	1546240	1937	0	0	1937
9894131	-1	-1	0	0	0	0	0
9900134	6068152	-1	1454080	1917	0	0	1917
9909136	-1	-1	0	0	0	0	0
9917144	5775392	-1	966656	1339	0	0	1339
9924131	-1	-1	0	0	0	0	0
9934131	6478512	-1	2067456	2553	0	0	2553
9942133	5691160	-1	1496064	2103	0	0	2103
9945132	-1	-1	26624	48	0	0	48
9954133	-1	-1	0	0	0	0	0
9963132	5890144	-1	1580032	2146	0	0	2146
9969132	-1	-1	0	0	0	0	0
9978138	5286584	-1	1104896	1672	0	0	1672
9984136	-1	-1	0	0	0	0	0
9993135	5764744	-1	1147904	1593	0	0	1593
9998166	-1	-1	0	0	0	0	0
10007132	6073712	-1	2278400	3001	0	0	3001
10015132	-1	-1	0	0	0	0	0
10024131	-1	-1	0	0	0	0	0
10027132	-1	-1	0	0	0	0	0
10036134	5636312	-1	1948756	2766	0	0	2766
10042131	-1	-1	0	0	0	0	0
10049132	3235088	-1	1429504	3535	0	0	3535
10055145	-1	-1	0	0	0	0	0
10064139	-1	-1	0	0	0	0	0
10068146	-1	-1	0	0	0	0	0
10076142	4888928	-1	1600512	2619	0	0	2619
10079146	-1	-1	0	0	0	0	0
10088141	4163144	-1	793600	1525	0	0	1525
10097137	-1	-1	0	0	0	0	0
10103139	4337840	-1	2332672	4302	0	0	4302
10112131	-1	-1	0	0	0	0	0
10121131	4535568	-1	1991680	3513	0	0	3513
10130132	-1	-1	0	0	0	0	0
10139133	-1	-1	0	0	0	0	0
10148131	4751360	-1	2286592	3850	0	0	3850
10149136	-1	-1	0	0	0	0	0
10158146	-1	-1	0	0	0	0	0
10164133	3575600	-1	1389568	3109	0	0	3109
10168144	-1	-1	0	0	0	0	0
10177132	4980960	-1	1458176	2342	0	0	2342
10187139	-1	-1	0	0	0	0	0
10196131	4102080	-1	1382400	2696	0	0	2696
10202142	-1	-1	0	0	0	0	0
10210145	3940224	-1	880640	1788	0	0	1788
10219132	-1	-1	0	0	0	0	0
10227142	4824896	-1	1148928	1905	0	0	1905
10236132	3118200	-1	475136	1219	0	0	1226
10240131	7146904	-1	1127424	1262	0	0	1262
10249131	-1	-1	0	0	0	0	0
10258133	4381576	-1	1076224	1965	0	0	1965
10267132	-1	-1	0	0	0	0	0
10276135	-1	-1	0	0	0	0	0
10285134	2933720	-1	803840	2192	0	0	2207
10288133	5944872	-1	1154048	1553	0	0	1553
10296132	-1	-1	0	0	0	0	0
10304136	-1	-1	0	0	0	0	0
10311132	3359440	-1	574464	1368	0	0	1479
10315144	6718816	-1	999424	1190	0	0	1190
10324132	-1	-1	0	0	0	0	0
10332144	3283072	-1	858112	2091	0	0	2091
10339140	-1	-1	0	0	0	0	0
10348131	3090344	-1	1035264	2680	0	0	2680
10350132	-1	-1	0	0	0	0	0
10359131	4458064	-1	1128448	2025	0	0	2025
10369138	-1	-1	0	0	0	0	0
10378140	-1	-1	0	0	0	0	0
10387142	-1	-1	0	0	0	0	0
10393147	3771640	-1	1952768	4142	0	0	4142
10400138	-1	-1	0	0	0	0	0
10409146	4515808	-1	2570624	4554	0	0	4554
10417139	-1	-1	0	0	0	0	0
10427143	4539864	-1	1010688	1781	0	0	1781
10437145	-1	-1	0	0	0	0	0
10446131	4002504	-1	811008	1621	0	0	1621
10453131	-1	-1	0	0	0	0	0
10463130	4180592	-1	1568768	3002	0	0	3002
10471134	-1	-1	0	0	0	0	0
10480132	-1	-1	0	0	0	0	0
10483136	-1	-1	0	0	0	0	0
10492131	4548520	-1	1996800	3512	0	0	3512
10498134	-1	-1	0	0	0	0	0
10507139	4873304	-1	1524736	2503	0	0	2503
10516132	-1	-1	0	0	0	0	0
10525132	-1	-1	0	0	0	0	0
10529133	-1	-1	0	0	0	0	0
10538131	5484096	-1	2138112	3119	0	0	3119
10543138	-1	-1	0	0	0	0	0
10552139	-1	-1	0	0	0	0	0
10558142	-1	-1	0	0	0	0	0
10566134	5207384	-1	1784832	2742	0	0	2742
10573131	-1	-1	0	0	0	0	0
10582132	-1	-1	0	0	0	0	0
10591132	4732224	-1	2304000	3895	0	0	3895
10592143	5420272	-1	270336	399	0	0	399
10601144	-1	-1	0	0	0	0	0
10609131	4758960	-1	2102272	3534	0	0	3534
10618144	-1	-1	0	0	0	0	0
10627141	-1	-1	0	0	0	0	0
10630133	-1	-1	0	0	0	0	0
10639141	5216600	-1	2626560	4028	0	0	4028
10643131	-1	-1	0	0	0	0	0
10651132	5282456	-1	2580480	3908	0	0	3908
10660131	6684312	-1	921600	1103	0	0	1103
10664131	5361776	-1	772096	1152	0	0	1152
10673132	4905896	-1	1187840	1937	0	0	1937
10676136	5653160	-1	171008	242	0	0	242
10684131	-1	-1	0	0	0	0	0
10690135	4949216	-1	1847296	2986	0	0	2986
10696146	-1	-1	0	0	0	0	0
10705145	4899016	-1	1674240	2734	0	0	2734
10708132	-1	-1	0	0	0	0	0
10717131	5439104	-1	2338816	3440	0	0	3440
10726132	-1	-1	0	0	0	0	0
10729132	-1	-1	0	0	0	0	0
10738132	4716608	-1	1108992	1881	0	0	1890
10741131	5881568	-1	1199104	1631	0	0	1631
10750134	-1	-1	0	0	0	0	0
10759132	-1	-1	0	0	0	0	0
10764133	2833496	-1	253952	717	0	0	723
10769138	5454184	-1	1264008	1854	0	0	1854
10778132	-1	-1	0	0	0	0	0
10786132	3459856	-1	932864	2157	0	0	2157
10795139	-1	-1	0	0	0	0	0
10804143	5658056	-1	2307072	3262	0	0	3262
10813130	-1	-1	0	0	0	0	0
10822131	5430072	-1	1185792	1747	0	0	1747
10831143	-1	-1	0	0	0	0	0
10840132	2140816	-1	808960	3023	0	0	3023
10847131	-1	-1	0	0	0	0	0
10856141	3842232	-1	1155072	2405	0	0	2405
10865142	-1	-1	0	0	0	0	0
10874139	3804536	-1	1129472	2375	0	0	2375
10879131	-1	-1	0	0	0	0	0
10888141	-1	-1	0	0	0	0	0
10898140	-1	-1	0	0	0	0	0
10904131	4885624	-1	1894400	3102	0	0	3102
10911143	-1	-1	0	0	0	0	0
10918146	4824824	-1	2809856	4659	0	0	4659
10927134	-1	-1	0	0	0	0	0
10937131	5747464	-1	1576960	2195	0	0	2195
10946139	-1	-1	0	0	0	0	0
10955137	4635112	-1	2253824	3890	0	0	3890
10965137	-1	-1	0	0	0	0	0
10973140	5372152	-1	1295360	1929	0	0	1929
10981131	-1	-1	0	0	0	0	0
10990137	4699240	-1	1595392	2716	0	0	2716
10996146	-1	-1	0	0	0	0	0
11005133	-1	-1	0	0	0	0	0
11014134	4263480	-1	1199104	2250	0	0	2392
11017131	4201848	-1	1605632	3057	0	0	3057
11026131	3757712	-1	790528	1683	0	0	1683
11031139	-1	-1	0	0	0	0	0
11039134	-1	-1	0	0	0	0	0
11046133	3234992	-1	2202624	5447	0	0	5561
11054136	4200032	-1	888832	1693	0	0	1693
11062136	4815024	-1	1830912	3042	0	0	3042
11069131	-1	-1	0	0	0	0	0
11079132	3952160	-1	1448960	2933	0	0	2933
11088134	-1	-1	0	0	0	0	0
11097143	-1	-1	0	0	0	0	0
11104131	5174888	-1	1122304	1735	0	0	1747
11108131	5608480	-1	793600	1132	0	0	1132
11117133	-1	-1	0	0	0	0	0
11122145	-1	-1	0	0	0	0	0
11130138	5214176	-1	1785856	2740	0	0	2785
11133131	5661424	-1	1346004	1902	0	0	1902
11142142	-1	-1	0	0	0	0	0
11150131	3312088	-1	1172480	2832	0	0	2832
11158144	5536928	-1	1625088	2348	0	0	2348
11161132	-1	-1	0	0	0	0	0
11168141	-1	-1	0	0	0	0	0
11177131	-1	-1	0	0	0	0	0
11183142	-1	-1	0	0	0	0	0
11192131	3692784	-1	2339840	5069	0	0	5069
11201131	-1	-1	0	0	0	0	0
11210142	3323344	-1	1096704	2640	0	0	2640
11219132	-1	-1	0	0	0	0	0
11226137	5361384	-1	1373184	2049	0	0	2049
11235131	-1	-1	0	0	0	0	0
11244147	6028664	-1	1378304	1829	0	0	1829
11247139	-1	-1	0	0	0	0	0
11255131	5530800	-1	1413120	2044	0	0	2044
11263143	-1	-1	0	0	0	0	0
11272144	5117224	-1	944128	1476	0	0	1476
11281131	-1	-1	0	0	0	0	0
11290142	5301832	-1	1418240	2140	0	0	2140
11296134	-1	-1	0	0	0	0	0
11305132	-1	-1	0	0	0	0	0
11314139	-1	-1	0	0	0	0	0
11322143	5050464	-1	3402752	5390	0	0	5390
11331143	-1	-1	0	0	0	0	0
11340142	-1	-1	0	0	0	0	0
11349146	4520816	-1	730112	1292	0	0	1712
11353134	3598536	-1	1537024	3417	0	0	3417
11362145	-1	-1	0	0	0	0	0
11364131	-1	-1	0	0	0	0	0
11373132	-1	-1	0	0	0	0	0
11381131	1185360	-1	828416	5591	0	0	5638
11387135	890824	-1	663552	5959	0	0	5959
11396132	3777240	-1	1049600	2223	0	0	2223
11405142	-1	-1	0	0	0	0	0
11414132	3890512	-1	581632	1196	0	0	1196
11423131	-1	-1	0	0	0	0	0
11432147	3686760	-1	521216	1131	0	0	1131
11441131	4806120	-1	1344512	2238	0	0	2238
11444132	6810976	-1	444416	522	0	0	522
11453137	-1	-1	0	0	0	0	0
11462136	5169328	-1	1770496	2740	0	0	2740
11471144	-1	-1	0	0	0	0	0
11480134	5589616	-1	1561600	2235	0	0	2235
11484134	-1	-1	0	0	0	0	0
11493143	-1	-1	0	0	0	0	0
11496131	-1	-1	0	0	0	0	0
11505131	3356992	-1	2347796	5595	0	0	5837
11513146	5107952	-1	1139712	1785	0	0	1785
11522140	-1	-1	0	0	0	0	0
11531132	-1	-1	0	0	0	0	0
11540131	3898096	-1	2591744	5319	0	0	5319
11549138	-1	-1	0	0	0	0	0
11558132	-1	-1	0	0	0	0	0
11560135	-1	-1	0	0	0	0	0
11569132	4084112	-1	1583104	3101	0	0	3101
11572145	-1	-1	0	0	0	0	0
11581132	4050504	-1	1230848	2431	0	0	2431
11590145	-1	-1	0	0	0	0	0
11600137	4178168	-1	1223680	2343	0	0	2343
11609132	-1	-1	0	0	0	0	0
11613144	-1	-1	0	0	0	0	0
11623133	-1	-1	0	0	0	0	0
11630131	3920664	-1	1522688	3107	0	0	3107
11639146	-1	-1	0	0	0	0	0
11647133	4350256	-1	1278976	2352	0	0	2352
11655135	-1	-1	0	0	0	0	0
11663138	3407968	-1	1138688	2673	0	0	2673
11672131	-1	-1	0	0	0	0	0
11681139	2917152	-1	971776	2665	0	0	2665
11690132	-1	-1	0	0	0	0	0
11699131	3094816	-1	1128448	2917	0	0	2917
11708146	-1	-1	0	0	0	0	0
11717142	4592848	-1	2153472	3751	0	0	3751
11726140	-1	-1	0	0	0	0	0
11735143	2936688	-1	900096	2452	0	0	2452
11744140	-1	-1	0	0	0	0	0
11753131	4229912	-1	1568768	2967	0	0	2967
11762146	-1	-1	0	0	0	0	0
11771146	3683392	-1	1380352	2998	0	0	2998
11780132	3203576	-1	645120	1611	0	0	1611
11783132	-1	-1	0	0	0	0	0
11792135	-1	-1	0	0	0	0	0
11801131	3685272	-1	1341440	2912	0	0	2912
11810132	-1	-1	0	0	0	0	0
11816143	3450376	-1	1168384	2709	0	0	2709
11824132	-1	-1	0	0	0	0	0
11833131	3627256	-1	1089536	2403	0	0	2403
11842132	-1	-1	0	0	0	0	0
11851135	-1	-1	0	0	0	0	0
11859139	2469728	-1	458752	1486	0	0	1493
11863139	4094952	-1	1997824	3903	0	0	3903
11872132	5418320	-1	251952	372	0	0	372
11879133	3937824	-1	1223680	2486	0	0	2486
11888131	-1	-1	0	0	0	0	0
11894132	4165088	-1	864256	1660	0	0	1660
11902132	-1	-1	0	0	0	0	0
11908139	-1	-1	0	0	0	0	0
11914134	-1	-1	0	0	0	0	0
11923132	4491984	-1	2584576	4603	0	0	4603
11932132	-1	-1	0	0	0	0	0
11941132	-1	-1	0	0	0	0	0
11950131	-1	-1	106496	423	0	0	439
11955132	4736648	-1	2683904	4533	0	0	4533
11964144	-1	-1	0	0	0	0	0
11973131	-1	-1	0	0	0	0	0
11982140	-1	-1	0	0	0	0	0
11991142	4063768	-1	1936384	3812	0	0	3812
12000142	-1	-1	0	0	0	0	0
12009131	2859416	-1	470016	1315	0	0	1315
12014139	-1	-1	0	0	0	0	0
12024136	3602432	-1	1225728	2722	0	0	-1
12033132	-1	-1	0	0	0	0	-1
12042144	2050496	-1	630784	2461	0	0	-1
12048134	-1	-1	0	0	0	0	-1
12057131	4578872	-1	694272	1213	0	0	-1
12066144	-1	-1	0	0	0	0	-1
12073131	-1	-1	0	0	0	0	-1
12079131	-1	-1	0	0	0	0	-1
12084131	5565984	-1	3340288	4801	0	0	-1
12093132	6129544	-1	325632	425	0	0	-1
12273500	2847648	-1	581632	1634	0	0	9689
12281256	4661744	-1	1054720	1810	0	0	1810
12290267	-1	-1	0	0	0	0	0
12295256	-1	-1	0	0	0	0	0
12301256	5109600	-1	2390016	3742	0	0	3742
12310264	4902464	-1	946176	1544	0	0	1544
12313255	-1	-1	0	0	0	0	0
12322263	-1	-1	0	0	0	0	0
12331261	-1	-1	0	0	0	0	0
12338254	2924896	-1	262144	717	0	0	741
12343262	5478608	-1	1840128	2687	0	0	2687
12352259	-1	-1	0	0	0	0	0
12361255	-1	-1	0	0	0	0	0
12370259	-1	-1	16384	177	0	0	209
12375271	3955352	-1	1411072	2854	0	0	2854
12384255	-1	-1	0	0	0	0	0
12393263	4525464	-1	2087936	3691	0	0	3691
12401256	-1	-1	0	0	0	0	0
12410256	4651536	-1	827392	1423	0	0	1423
12419258	-1	-1	0	0	0	0	0
12428255	-1	-1	0	0	0	0	0
12434255	-1	-1	0	0	0	0	0
12440256	3613960	-1	2441228	5404	0	0	5404
12446255	-1	-1	81920	236	0	0	240
12451255	4370224	-1	2064384	3779	0	0	3779
12460255	-1	-1	0	0	0	0	0
12469254	-1	-1	0	0	0	0	0
12476258	-1	-1	0	0	0	0	0
12483260	3319784	-1	2340864	5641	0	0	5641
12492260	-1	-1	33792	20	0	0	20
12500257	-1	-1	0	0	0	0	0
12509255	-1	-1	8192	168	0	0	216
12514254	4549496	-1	1926144	3387	0	0	3387
12521257	3285016	-1	327680	798	0	0	800
12526290	4975848	-1	2134016	3431	0	0	3431
12535254	-1	-1	0	0	0	0	0
12544254	-1	-1	0	0	0	0	0
12548264	-1	-1	0	0	0	0	0
12557258	4266336	-1	2180096	4088	0	0	4088
12565254	-1	-1	0	0	0	0	0
12571261	3998008	-1	1462272	2926	0	0	2926
12579254	-1	-1	0	0	0	0	0
12587254	-1	-1	0	0	0	0	0
12589255	-1	-1	0	0	0	0	0
12598257	4169384	-1	2210816	4242	0	0	4242
12607255	-1	-1	0	0	0	0	0
12615254	-1	-1	0	0	0	0	0
12624255	2184536	-1	245760	900	0	0	911
12629258	4719696	-1	2417664	4098	0	0	4098
12636263	-1	-1	0	0	0	0	0
12644260	3791384	-1	1370112	2891	0	0	2891
12654254	-1	-1	0	0	0	0	0
12661254	4158152	-1	1438720	2768	0	0	2768
12671255	-1	-1	0	0	0	0	0
12681262	4649168	-1	1850368	3184	0	0	3184
12687254	-1	-1	0	0	0	0	0
12694255	-1	-1	0	0	0	0	0
12702254	-1	-1	0	0	0	0	0
12710254	3996880	-1	2560000	5124	0	0	5124
12719255	5400256	-1	513024	760	0	0	760
12726257	-1	-1	0	0	0	0	0
12735256	-1	-1	0	0	0	0	0
12743256	4143912	-1	2524160	4873	0	0	4873
12752254	-1	-1	0	0	0	0	0
12761254	3641208	-1	1291264	2837	0	0	2837
12770254	-1	-1	0	0	0	0	0
12775255	4173504	-1	1102848	2114	0	0	2114
12784255	-1	-1	0	0	0	0	0
12793255	2846448	-1	901968	2535	0	0	2535
12802254	-1	-1	0	0	0	0	0
12811264	3833664	-1	2072576	4325	0	0	4325
12820254	-1	-1	0	0	0	0	0
12825255	-1	-1	0	0	0	0	0
12831260	-1	-1	0	0	0	0	0
12840254	4910016	-1	2520064	4106	0	0	4106
12849258	-1	-1	0	0	0	0	0
12858255	6147136	-1	1505280	1959	0	0	1959
12863256	-1	-1	0	0	0	0	0
12869255	-1	-1	0	0	0	0	0
12879254	4286320	-1	530432	990	0	0	1008
12883255	6255128	-1	201728	258	0	0	291
12892254	-1	-1	0	0	0	0	0
12898255	3325464	-1	1049600	2525	0	0	2525
12906266	4546624	-1	692224	1218	0	0	1218
12910269	-1	-1	0	0	0	0	0
12919268	-1	-1	0	0	0	0	0
12928262	3825600	-1	977920	2045	0	0	2045
12937266	-1	-1	0	0	0	0	0
12946255	-1	-1	0	0	0	0	0
12955263	5236624	-1	1988608	3038	0	0	3081
12957263	5822672	-1	770048	1058	0	0	1058
12966254	-1	-1	0	0	0	0	0
12976254	-1	-1	0	0	0	0	0
12985257	-1	-1	32768	138	0	0	160
12990257	5090448	-1	3152896	4955	0	0	4955
12999255	5837976	-1	761856	1044	0	0	1044
13008256	-1	-1	0	0	0	0	0
13017257	-1	-1	73728	281	0	0	304
13022268	5416264	-1	2707456	3999	0	0	3999
13031256	4920392	-1	1940480	3155	0	0	3155
13033254	-1	-1	28672	15	0	0	15
13042254	-1	-1	0	0	0	0	0
13051254	5275384	-1	1781760	2702	0	0	2702
13059254	-1	-1	0	0	0	0	0
13066256	-1	-1	0	0	0	0	0
13074256	-1	-1	65536	245	0	0	405
13079254	5030312	-1	2577408	4099	0	0	4099
13088265	-1	-1	0	0	0	0	0
13097261	5270224	-1	1760256	2672	0	0	2672
13106258	-1	-1	0	0	0	0	0
13115259	5044840	-1	1761280	2793	0	0	2793
13124255	-1	-1	0	0	0	0	0
13133271	4746376	-1	1404928	2368	0	0	2368
13142257	-1	-1	0	0	0	0	0
13151257	4831496	-1	1217536	2016	0	0	2016
13160254	-1	-1	0	0	0	0	0
13169254	4991704	-1	1685324	2701	0	0	2701
13178255	-1	-1	0	0	0	0	0
13187255	4727080	-1	1008640	1707	0	0	1707
13196254	-1	-1	0	0	0	0	0
13205264	-1	-1	0	0	0	0	0
13214254	4518856	-1	733184	1298	0	0	1298
13218254	4819512	-1	422912	702	0	0	702
13227254	4801792	-1	1222656	2037	0	0	2037
13229257	-1	-1	0	0	0	0	0
13238256	-1	-1	57344	155	0	0	161
13243255	5084448	-1	750592	1181	0	0	1181
13252256	-1	-1	0	0	0	0	0
13261257	5267344	-1	2539520	3857	0	0	3857
13270258	-1	-1	0	0	0	0	0
13279256	5114864	-1	2166784	3389	0	0	3389
13288254	-1	-1	0	0	0	0	0
13297254	4921952	-1	1641472	2668	0	0	2668
13306255	-1	-1	0	0	0	0	0
13315254	5245632	-1	1875968	2861	0	0	2861
13321254	-1	-1	0	0	0	0	0
13330261	6325560	-1	1783808	2256	0	0	2256
13339256	-1	-1	0	0	0	0	0
13348254	2547384	-1	1446912	4544	0	0	4544
13357257	-1	-1	0	0	0	0	0
13366258	5106176	-1	1938432	3037	0	0	3037
13375256	-1	-1	0	0	0	0	0
13384257	4967384	-1	2124800	3422	0	0	3422
13393257	-1	-1	0	0	0	0	0
13402256	5201536	-1	1927168	2964	0	0	2964
13411260	-1	-1	0	0	0	0	0
13420254	5846744	-1	1278976	1750	0	0	1750
13429254	-1	-1	0	0	0	0	0
13438255	4921712	-1	1702912	2768	0	0	2768
13447254	-1	-1	0	0	0	0	0
13456263	5180488	-1	1567744	2421	0	0	2421
13465258	-1	-1	0	0	0	0	0
13474268	5525776	-1	1404928	2034	0	0	2034
13483261	-1	-1	0	0	0	0	0
13492255	5208952	-1	1641472	2521	0	0	2521
13501255	-1	-1	0	0	0	0	0
13510258	5617464	-1	1854464	2641	0	0	2641
13519256	-1	-1	0	0	0	0	0
13528256	4166576	-1	772900	1484	0	0	1484
13537256	-1	-1	0	0	0	0	0
13546254	4529400	-1	1471488	2599	0	0	2599
13555254	-1	-1	0	0	0	0	0
13564256	4043568	-1	987136	1953	0	0	1953
13573255	-1	-1	0	0	0	0	0
13581254	5175896	-1	2228224	3444	0	0	3444
13585264	-1	-1	0	0	0	0	0
13594257	-1	-1	0	0	0	0	0
13603283	5279392	-1	1148928	1741	0	0	1834
13607263	5554384	-1	998400	1438	0	0	1438
13611263	-1	-1	0	0	0	0	0
13620255	5220880	-1	1185792	1817	0	0	1817
13629256	-1	-1	0	0	0	0	0
13638255	-1	-1	0	0	0	0	0
13642262	-1	-1	0	0	0	0	0
13651256	5491992	-1	1895424	2761	0	0	2761
13659255	-1	-1	0	0	0	0	0
13665255	5003096	-1	1911808	3057	0	0	3057
13674261	-1	-1	0	0	0	0	0
13682255	5130112	-1	1818624	2836	0	0	2836
13690255	-1	-1	0	0	0	0	0
13697255	5271728	-1	1205248	1829	0	0	1829
13703255	-1	-1	0	0	0	0	0
13713263	4579072	-1	1043456	1823	0	0	1823
13717255	-1	-1	0	0	0	0	0
13726262	5110608	-1	1531904	2398	0	0	2398
13735260	-1	-1	0	0	0	0	0
13744255	5312784	-1	1403904	2114	0	0	2114
13753256	-1	-1	0	0	0	0	0
13762258	5024424	-1	1695744	2700	0	0	2700
13767256	-1	-1	0	0	0	0	0
13775259	-1	-1	0	0	0	0	0
13781255	-1	-1	0	0	0	0	0
13788255	4862096	-1	1800192	2962	0	0	2962
13797265	-1	-1	0	0	0	0	0
13806255	5776256	-1	1922048	2662	0	0	2662
13815255	-1	-1	0	0	0	0	0
13822254	5326664	-1	1903616	2859	0	0	2859
13831265	-1	-1	0	0	0	0	0
13840262	6378408	-1	2013184	2525	0	0	2525
13848262	-1	-1	0	0	0	0	0
13857260	-1	-1	0	0	0	0	0
13864260	-1	-1	0	0	0	0	0
13870255	5537928	-1	1702912	2460	0	0	2460
13879255	-1	-1	0	0	0	0	0
13888257	5197152	-1	1542256	2374	0	0	2374
13897263	-1	-1	0	0	0	0	0
13905256	4218112	-1	1043456	1979	0	0	1979
13914266	-1	-1	0	0	0	0	0
13921254	-1	-1	0	0	0	0	0
13930254	4992192	-1	1659904	2660	0	0	2660
13933289	5292672	-1	674816	1020	0	0	1020
13942254	-1	-1	0	0	0	0	0
13951254	-1	-1	0	0	0	0	0
13960255	4435800	-1	1978368	3568	0	0	3568
13961265	-1	-1	0	0	0	0	0
13970254	-1	-1	0	0	0	0	0
13979254	3873776	-1	847872	1751	0	0	1751
13985257	-1	-1	0	0	0	0	0
13992258	-1	-1	0	0	0	0	0
14001258	4754552	-1	2103296	3539	0	0	3539
14003256	5946064	-1	376832	507	0	0	507
14011257	-1	-1	0	0	0	0	0
14018256	-1	-1	0	0	0	0	0
14021255	-1	-1	0	0	0	0	0
14030256	5747240	-1	2291712	3190	0	0	3190
14039255	-1	-1	0	0	0	0	0
14048255	6211816	-1	1172480	1510	0	0	1510
14057254	-1	-1	0	0	0	0	0
14066255	5272688	-1	3615744	5486	0	0	5486
14075254	-1	-1	17408	33	0	0	33
14084255	5331968	-1	1294336	1942	0	0	1942
14093254	-1	-1	0	0	0	0	0
14102254	5929952	-1	1822720	2459	0	0	2459
14111256	-1	-1	57344	147	0	0	199
14116257	5267472	-1	1623040	2465	0	0	2465
14124255	-1	-1	0	0	0	0	0
14133255	-1	-1	0	0	0	0	0
14142254	4729360	-1	1162240	1966	0	0	1966
14143257	-1	-1	0	0	0	0	0
14152254	-1	-1	0	0	0	0	0
14160255	-1	-1	0	0	0	0	0
14162254	-1	-1	0	0	0	0	0
14171257	5644224	-1	3929088	5569	0	0	5569
14179259	-1	-1	107520	140	0	0	140
14188255	-1	-1	0	0	0	0	0
14191255	-1	-1	0	0	0	0	0
14200254	5338648	-1	1618944	2426	0	0	2426
14209255	-1	-1	0	0	0	0	0
14218255	5628696	-1	1308672	1860	0	0	1860
14222254	-1	-1	0	0	0	0	0
14232254	-1	-1	0	0	0	0	0
14241256	-1	-1	16384	124	0	0	175
14246255	5902440	-1	2014208	2730	0	0	2730
14255256	-1	-1	0	0	0	0	0
14264254	3548776	-1	647208	1459	0	0	1459
14273254	-1	-1	0	0	0	0	0
14279255	4125504	-1	1861632	3610	0	0	3610
14288255	-1	-1	0	0	0	0	0
14297271	4646848	-1	1110016	1911	0	0	1911
14302255	-1	-1	0	0	0	0	0
14311254	6065264	-1	1676288	2211	0	0	2211
14321255	-1	-1	0	0	0	0	0
14328263	-1	-1	0	0	0	0	0
14336254	5546416	-1	1401856	2022	0	0	2022
14338255	-1	-1	0	0	0	0	0
14343254	-1	-1	0	0	0	0	0
14351255	5475952	-1	1789952	2615	0	0	2615
14359257	-1	-1	0	0	0	0	0
14368256	5047808	-1	1754112	2780	0	0	2780
14377258	-1	-1	0	0	0	0	0
14386257	4964160	-1	1557504	2510	0	0	2510
14393263	-1	-1	0	0	0	0	0
14403255	-1	-1	0	0	0	0	0
14412257	3888304	-1	1169408	2406	0	0	2406
14415255	6295128	-1	618496	786	0	0	786
14422262	-1	-1	0	0	0	0	0
14431254	5049680	-1	1176576	1864	0	0	1864
14440255	-1	-1	0	0	0	0	0
14449254	4917936	-1	1473536	2397	0	0	2397
14458254	-1	-1	0	0	0	0	0
14467263	4516896	-1	1862656	3299	0	0	3299
14476255	-1	-1	0	0	0	0	0
14485256	5705424	-1	2257920	3166	0	0	3166
14494256	-1	-1	0	0	0	0	0
14503257	-1	-1	0	0	0	0	0
14509255	2739120	-1	221184	646	0	0	652
14514256	5275152	-1	1044480	1584	0	0	1584
14521256	-1	-1	0	0	0	0	0
14527257	4781000	-1	875520	1465	0	0	1465
14533257	-1	-1	0	0	0	0	0
14542255	4829864	-1	1159168	1920	0	0	1920
14550255	-1	-1	0	0	0	0	0
14559261	5448608	-1	1022976	1502	0	0	1502
14568254	-1	-1	0	0	0	0	0
14577263	-1	-1	0	0	0	0	0
14580255	-1	-1	0	0	0	0	0
14589263	6047984	-1	2547712	3370	0	0	3370
14599254	-1	-1	0	0	0	0	0
14607261	6528000	-1	2350080	2880	0	0	2880
14615258	-1	-1	0	0	0	0	0
14624255	5790560	-1	1876864	2593	0	0	2593
14633266	-1	-1	0	0	0	0	0
14642256	3530704	-1	1327104	3007	0	0	3007
14651258	-1	-1	0	0	0	0	0
14660256	5114584	-1	1449984	2268	0	0	2268
14668257	-1	-1	0	0	0	0	0
14677254	4516616	-1	923648	1636	0	0	1636
14686255	-1	-1	0	0	0	0	0
14695254	5146480	-1	1790976	2784	0	0	2784
14703254	-1	-1	0	0	0	0	0
14712254	-1	-1	0	0	0	0	0
14718256	-1	-1	57344	266	0	0	269
14723263	5615464	-1	2760704	3933	0	0	3933
14733257	-1	-1	0	0	0	0	0
14743257	-1	-1	0	0	0	0	0
14751255	-1	-1	0	0	0	0	0
14758273	4543872	-1	571392	1006	0	0	-1
14767261	-1	-1	0	0	0	0	-1
14776262	4093976	-1	1035264	2023	0	0	-1
14785254	4268048	-1	2044928	3833	0	0	-1
14794270	5088760	-1	1146880	1803	0	0	-1
14802254	-1	-1	0	0	0	0	-1
14811255	-1	-1	0	0	0	0	-1
15021842	4289896	-1	1449984	2704	0	0	29861
15023163	5518264	-1	860160	1247	0	0	1247
15032827	6064424	-1	2653184	3500	0	0	3500
15036826	-1	-1	0	0	0	0	0
15045836	-1	-1	0	0	0	0	0
15051827	-1	-1	0	0	0	0	0
15061826	-1	-1	0	0	0	0	0
15069826	5441736	-1	3507200	5156	0	0	5156
15077829	-1	-1	0	0	0	0	0
15086835	-1	-1	0	0	0	0	0
15092833	-1	-1	98304	367	0	0	408
15097829	7222744	-1	4120576	4564	0	0	4564
15106830	-1	-1	0	0	0	0	0
15115829	-1	-1	0	0	0	0	0
15124827	5336992	-1	761856	1142	0	0	1194
15128827	6780056	-1	2556928	3017	0	0	3017
15134828	-1	-1	0	0	0	0	0
15142826	-1	-1	0	0	0	0	0
15150831	7414488	-1	2968576	3203	0	0	3203
15152831	7274624	-1	1388544	1527	0	0	1527
15161828	-1	-1	0	0	0	0	0
15170830	-1	-1	0	0	0	0	0
15173826	-1	-1	0	0	0	0	0
15182826	5896528	-1	3954360	5365	0	0	5365
15191826	6820808	-1	397312	466	0	0	466
15200825	-1	-1	0	0	0	0	0
15204825	-1	-1	0	0	0	0	0
15213829	5948216	-1	1672192	2249	0	0	2249
15222828	6591144	-1	1294336	1571	0	0	1571
15225834	-1	-1	0	0	0	0	0
15234831	-1	-1	0	0	0	0	0
15242828	-1	-1	0	0	0	0	0
15251826	5427128	-1	974848	1437	0	0	1437
15255826	-1	-1	0	0	0	0	0
15264825	4770816	-1	155648	261	0	0	284
15269834	7595336	-1	482304	508	0	0	508
15278825	-1	-1	0	0	0	0	0
15287825	5876680	-1	680960	927	0	0	927
15296828	6008136	-1	611328	814	0	0	814
15300826	-1	-1	0	0	0	0	0
15309826	-1	-1	0	0	0	0	0
15317825	-1	-1	0	0	0	0	0
15324832	3165576	-1	303104	766	0	0	789
15329825	8116152	-1	1095680	1080	0	0	1080
15338834	-1	-1	0	0	0	0	0
15347829	6420608	-1	1176576	1466	0	0	1466
15356827	-1	-1	0	0	0	0	0
15365828	6495112	-1	1614848	1989	0	0	1989
15374828	-1	-1	0	0	0	0	0
15383826	6543256	-1	1036288	1267	0	0	1267
15392846	-1	-1	0	0	0	0	0
15401837	5355904	-1	1040384	1554	0	0	1554
15410842	5904320	-1	914432	1239	0	0	1239
15414826	-1	-1	0	0	0	0	0
15423888	4081256	-1	708608	1389	0	0	1389
15427825	-1	-1	0	0	0	0	0
15436825	3597400	-1	1082368	2407	0	0	2407
15438825	-1	-1	0	0	0	0	0
15447826	-1	-1	0	0	0	0	0
15456825	5859248	-1	1095680	1496	0	0	1496
15462839	-1	-1	0	0	0	0	0
15467830	-1	-1	0	0	0	0	0
15476829	6760712	-1	1644544	1946	0	0	1946
15478827	-1	-1	0	0	0	0	0
15487827	-1	-1	0	0	0	0	0
15497831	5453352	-1	699392	1026	0	0	1026
15503830	-1	-1	0	0	0	0	0
15509826	5405968	-1	733184	1085	0	0	1085
15516830	-1	-1	0	0	0	0	0
15525828	5535584	-1	1695272	2450	0	0	2450
15535836	-1	-1	0	0	0	0	0
15541826	3979296	-1	1448960	2913	0	0	2913
15549830	-1	-1	0	0	0	0	0
15558829	4993424	-1	1176576	1885	0	0	1885
15566825	-1	-1	0	0	0	0	0
15574825	-1	-1	0	0	0	0	0
15583825	5830304	-1	1494016	2050	0	0	2072
15586825	7371656	-1	1315840	1428	0	0	1428
15595826	-1	-1	0	0	0	0	0
15604829	6050912	-1	1930240	2552	0	0	2552
15613832	-1	-1	0	0	0	0	0
15622831	5307152	-1	892928	1346	0	0	1346
15630829	-1	-1	0	0	0	0	0
15639832	5648272	-1	1443840	2045	0	0	2045
15648826	-1	-1	0	0	0	0	0
15657830	4845736	-1	900096	1486	0	0	1486
15666826	-1	-1	0	0	0	0	0
15675836	4706896	-1	721920	1227	0	0	1227
15684826	-1	-1	0	0	0	0	0
15693826	6325560	-1	1783808	2256	0	0	2256
15700827	-1	-1	0	0	0	0	0
15709825	-1	-1	0	0	0	0	0
15714825	-1	-1	0	0	0	0	0
15723829	5205592	-1	2327552	3577	0	0	3577
15732828	-1	-1	0	0	0	0	0
15739827	-1	-1	0	0	0	0	0
15744828	-1	-1	0	0	0	0	0
15751827	3145632	-1	2121728	5396	0	0	5396
15760826	3527328	-1	689152	1563	0	0	1563
15766833	3384984	-1	1243136	2938	0	0	2938
15775828	-1	-1	0	0	0	0	0
15784827	5001584	-1	1411072	2257	0	0	2257
15793826	-1	-1	0	0	0	0	0
15802826	2695056	-1	1265664	3757	0	0	3757
15811826	5323728	-1	1267712	1905	0	0	1905
15814825	-1	-1	92160	172	0	0	172
15823825	-1	-1	0	0	0	0	0
15832826	7873064	-1	2729984	2774	0	0	2774
15841829	-1	-1	0	0	0	0	0
15849832	6436344	-1	2045952	2543	0	0	2543
15855828	-1	-1	0	0	0	0	0
15862827	-1	-1	0	0	0	0	0
15871853	5542544	-1	1118208	1614	0	0	1760
15875826	6951072	-1	1525760	1756	0	0	1756
15884830	-1	-1	0	0	0	0	0
15893825	6555536	-1	1397968	1706	0	0	1706
15902829	-1	-1	0	0	0	0	0
15911839	3676208	-1	1847296	4020	0	0	4020
15920837	-1	-1	0	0	0	0	0
15929834	5724280	-1	1679360	2347	0	0	2347
15938826	-1	-1	0	0	0	0	0
15947829	6396816	-1	1671168	2090	0	0	2090
15954826	-1	-1	0	0	0	0	0
15963825	6295952	-1	1421312	1806	0	0	1806
15970830	-1	-1	0	0	0	0	0
15979828	-1	-1	0	0	0	0	0
15981826	-1	-1	0	0	0	0	0
15990828	6868624	-1	1955840	2278	0	0	2278
15999831	-1	-1	0	0	0	0	0
16008826	7463104	-1	2851840	3057	0	0	3057
16017826	-1	-1	0	0	0	0	0
16026825	5664768	-1	1482752	2094	0	0	2094
16035826	-1	-1	0	0	0	0	0
16044871	6596352	-1	1358848	1648	0	0	1648
