10808	2798744	-1	3269632	9346	0	0	9346
15801	-1	-1	0	0	0	0	-1
24806	4302648	-1	1790976	3330	0	0	-1
30807	-1	-1	0	0	0	0	-1
37819	7244512	-1	884736	977	0	0	-1
44802	-1	-1	0	0	0	0	-1
52803	-1	-1	0	0	0	0	-1
59802	3028672	-1	339968	898	0	0	-1
67802	-1	-1	0	0	0	0	-1
72989	6247248	-1	1703936	2182	0	0	6186
81987	-1	-1	0	0	0	0	0
89975	-1	-1	0	0	0	0	0
94970	-1	-1	0	0	0	0	0
104005	8803344	-1	1400832	1273	0	0	1273
112988	-1	-1	0	0	0	0	0
121976	5276872	-1	1093632	1658	0	0	1658
128989	-1	-1	0	0	0	0	0
137976	-1	-1	0	0	0	0	0
145984	-1	-1	0	0	0	0	0
151994	4869048	-1	864256	1420	0	0	1593
158975	6562360	-1	766976	935	0	0	935
161978	-1	-1	0	0	0	0	0
171963	-1	-1	0	0	0	0	0
178979	7865952	-1	790528	804	0	0	804
187966	-1	-1	0	0	0	0	0
196986	6021544	-1	730112	970	0	0	970
205978	-1	-1	0	0	0	0	0
211995	-1	-1	0	0	0	0	0
216986	-1	-1	0	0	0	0	0
225980	6724704	-1	1440768	1714	0	0	1822
234969	-1	-1	0	0	0	0	0
244983	6061672	-1	1206272	1592	0	0	1592
251992	-1	-1	0	0	0	0	0
261975	7881472	-1	1637376	1662	0	0	1662
269975	-1	-1	0	0	0	0	0
290520	-1	-1	0	0	0	0	4405
300505	-1	-1	0	0	0	0	0
315995	4428328	-1	2831360	5115	0	0	11732
321023	-1	-1	0	0	0	0	0
330999	-1	-1	0	0	0	0	0
339998	-1	-1	0	0	0	0	0
349021	-1	-1	0	0	0	0	0
357033	-1	-1	0	0	0	0	0
366012	-1	-1	0	0	0	0	0
374016	5705008	-1	1590272	2230	0	0	2230
383000	-1	-1	0	0	0	0	0
390999	2526664	-1	1522316	4820	0	0	4820
401015	-1	-1	0	0	0	0	0
411000	2970640	-1	1136640	3061	0	0	3061
418999	-1	-1	0	0	0	0	0
427994	4701648	-1	838656	1427	0	0	1427
435993	-1	-1	0	0	0	0	0
445015	-1	-1	0	0	0	0	0
452997	5811120	-1	1349632	1858	0	0	1858
454999	-1	-1	0	0	0	0	0
463991	-1	-1	0	0	0	0	0
473015	4422872	-1	1122304	2030	0	0	2030
482022	-1	-1	0	0	0	0	0
491021	5101024	-1	1444864	2266	0	0	2266
501010	-1	-1	0	0	0	0	0
510007	-1	-1	0	0	0	0	0
518009	-1	-1	0	0	0	0	0
527000	2895256	-1	1585152	4380	0	0	4380
535991	-1	-1	0	0	0	0	0
543992	4768200	-1	1049600	1761	0	0	1761
554020	-1	-1	0	0	0	0	0
559990	5317872	-1	746496	1123	0	0	1123
569018	-1	-1	0	0	0	0	0
578008	3813384	-1	1036288	2174	0	0	2174
579995	-1	-1	0	0	0	0	0
589014	5444048	-1	645120	948	0	0	948
598998	-1	-1	0	0	0	0	0
608000	3092680	-1	1186816	3070	0	0	3070
615992	-1	-1	0	0	0	0	0
622998	4940368	-1	1246208	2018	0	0	2018
630017	-1	-1	0	0	0	0	0
638008	3710544	-1	897024	1934	0	0	1934
647007	-1	-1	0	0	0	0	0
657000	-1	-1	0	0	0	0	0
659994	-1	-1	0	0	0	0	0
667004	5145136	-1	1388544	2159	0	0	2159
675994	-1	-1	0	0	0	0	0
683994	5167800	-1	1370112	2121	0	0	2121
694006	-1	-1	0	0	0	0	0
703996	-1	-1	0	0	0	0	0
711992	-1	-1	0	0	0	0	0
719000	4720488	-1	1246208	2112	0	0	2112
727000	-1	-1	0	0	0	0	0
735996	2449592	-1	1002496	3274	0	0	3274
745018	-1	-1	0	0	0	0	0
754006	4001192	-1	1313892	2627	0	0	2627
762006	-1	-1	0	0	0	0	0
783519	-1	-1	0	0	0	0	2586
793527	-1	-1	0	0	0	0	0
803510	-1	-1	0	0	0	0	0
810523	-1	-1	0	0	0	0	0
818523	-1	-1	0	0	0	0	0
826520	5014464	-1	1696768	2707	0	0	2707
836538	-1	-1	0	0	0	0	0
843515	-1	-1	0	0	0	0	0
845529	-1	-1	0	0	0	0	0
854528	3848008	-1	1414144	2940	0	0	2940
864535	-1	-1	0	0	0	0	0
871511	4857592	-1	898048	1479	0	0	1479
880550	-1	-1	0	0	0	0	0
889536	2639672	-1	960512	2911	0	0	2911
898519	-1	-1	0	0	0	0	0
906519	2748456	-1	949248	2763	0	0	2763
915520	-1	-1	0	0	0	0	0
923516	2558632	-1	959488	3000	0	0	3000
933527	-1	-1	0	0	0	0	0
939515	6410520	-1	935936	1168	0	0	1168
949529	-1	-1	0	0	0	0	0
958518	8696848	-1	1323008	1217	0	0	1217
966519	-1	-1	0	0	0	0	0
976534	4518736	-1	1127424	1996	0	0	1996
986519	-1	-1	0	0	0	0	0
996541	5503344	-1	1073152	1560	0	0	1560
1005527	-1	-1	0	0	0	0	0
1013529	2470160	-1	724992	2348	0	0	2348
1021535	-1	-1	0	0	0	0	0
1031513	-1	-1	0	0	0	0	0
1035513	-1	-1	0	0	0	0	0
1044539	3019432	-1	1713152	4539	0	0	4539
1053526	-1	-1	0	0	0	0	0
1061526	3785168	-1	1053696	2227	0	0	2227
1069527	-1	-1	0	0	0	0	0
1078521	-1	-1	0	0	0	0	0
1086520	-1	-1	0	0	0	0	0
1095993	-1	-1	0	0	0	0	1736
1104019	1438456	-1	614400	3417	0	0	3417
1111992	1123920	-1	819200	5831	0	0	5831
1119996	930688	-1	683008	5871	0	0	5871
1127975	-1	-1	0	0	0	0	0
1136985	-1	-1	0	0	0	0	0
1144983	3403640	-1	1527808	3591	0	0	3591
1155000	-1	-1	0	0	0	0	0
1161979	6249040	-1	1875492	2401	0	0	2401
1171997	-1	-1	0	0	0	0	0
1181987	6392504	-1	763904	956	0	0	956
1190974	-1	-1	0	0	0	0	0
1200983	-1	-1	0	0	0	0	0
1208991	-1	-1	0	0	0	0	221
1213982	3825920	-1	1486848	3109	0	0	3109
1220998	-1	-1	0	0	0	0	0
1230969	6125448	-1	1098752	1435	0	0	1435
1239001	-1	-1	0	0	0	0	0
1248993	1909632	-1	604160	2531	0	0	2531
1256996	-1	-1	0	0	0	0	0
1265976	4658984	-1	830464	1426	0	0	1426
1275014	-1	-1	0	0	0	0	0
1281977	3843080	-1	1236992	2575	0	0	2575
1290972	-1	-1	0	0	0	0	0
1300031	4756648	-1	1087488	1829	0	0	1829
1305978	-1	-1	0	0	0	0	0
1314981	-1	-1	0	0	0	0	0
1323993	-1	-1	0	0	0	0	0
1329978	3875872	-1	1469440	3033	0	0	3033
1339969	-1	-1	0	0	0	0	0
1347000	3142136	-1	1060864	2701	0	0	2701
1356986	-1	-1	0	0	0	0	0
1364984	4103808	-1	1076224	2098	0	0	2098
1375022	-1	-1	0	0	0	0	0
1384984	3241512	-1	1015808	2507	0	0	2507
1392983	-1	-1	0	0	0	0	0
1402007	2470024	-1	834560	2703	0	0	2703
1408983	-1	-1	0	0	0	0	0
1416986	-1	-1	0	0	0	0	0
1424985	-1	-1	0	0	0	0	0
1432990	4286512	-1	1105920	2064	0	0	2064
1440007	-1	-1	0	0	0	0	0
1448000	4861520	-1	816128	1343	0	0	1343
1456985	-1	-1	0	0	0	0	0
1465983	3714616	-1	1112064	2395	0	0	2395
1475002	-1	-1	0	0	0	0	0
1483976	4437840	-1	744448	1342	0	0	1342
1491991	-1	-1	0	0	0	0	0
1501991	4559584	-1	795648	1396	0	0	1396
1508984	-1	-1	0	0	0	0	0
1517975	6864048	-1	1407988	1641	0	0	1641
1524992	-1	-1	0	0	0	0	0
1532994	6039216	-1	1623040	2150	0	0	2150
1537978	-1	-1	0	0	0	0	0
1546972	-1	-1	0	0	0	0	0
1555006	-1	-1	0	0	0	0	0
1561246	5814960	-1	2099200	2888	0	0	2888
1569975	-1	-1	0	0	0	0	0
1578979	-1	-1	0	0	0	0	0
1582974	-1	-1	0	0	0	0	0
1590999	5707976	-1	1105920	1550	0	0	1609
1594998	-1	-1	0	0	0	0	0
1601977	5634024	-1	890880	1265	0	0	1265
1611995	2689576	-1	245760	731	0	0	799
1615993	5768776	-1	1031168	1430	0	0	1430
1625979	-1	-1	0	0	0	0	0
1632995	2276352	-1	979968	3444	0	0	3444
1641984	-1	-1	0	0	0	0	0
1649991	-1	-1	0	0	0	0	0
1657979	3456920	-1	778240	1801	0	0	1811
1661977	3028920	-1	935936	2472	0	0	2472
1667990	-1	-1	0	0	0	0	0
1676983	-1	-1	0	0	0	0	0
1680984	-1	-1	0	0	0	0	0
1688983	8044192	-1	1448960	1441	0	0	1441
1694969	-1	-1	0	0	0	0	0
1704008	4466440	-1	864256	1548	0	0	1548
1711991	-1	-1	0	0	0	0	0
1717975	-1	-1	0	0	0	0	0
1725976	6524600	-1	737280	904	0	0	925
1729975	6415792	-1	429056	535	0	0	535
1739002	-1	-1	0	0	0	0	0
1746973	-1	-1	0	0	0	0	0
1755013	-1	-1	0	0	0	0	0
1763997	3076440	-1	1242112	3230	0	0	3360
1772982	-1	-1	0	0	0	0	0
1781993	3698392	-1	2195456	4749	0	0	4749
1791005	-1	-1	0	0	0	0	0
1799993	-1	-1	0	0	0	0	0
1804988	-1	-1	0	0	0	0	0
1814974	3749416	-1	1949696	4160	0	0	4160
1821977	-1	-1	0	0	0	0	0
1843988	3327328	-1	795648	1913	0	0	1913
1852968	2823656	-1	766976	2173	0	0	2173
1853968	-1	-1	0	0	0	0	0
1862983	-1	-1	0	0	0	0	138
1867976	2231704	-1	671744	2408	0	0	2408
1876970	-1	-1	0	0	0	0	0
1883987	2078896	-1	671744	2585	0	0	2585
1886979	-1	-1	0	0	0	0	0
1893968	4131008	-1	664576	1287	0	0	1287
1901972	-1	-1	0	0	0	0	0
1909007	2245472	-1	721920	2572	0	0	2572
1917972	4806808	-1	626688	1043	0	0	1043
1922007	-1	-1	0	0	0	0	0
1930977	-1	-1	0	0	0	0	0
1936969	1285088	-1	363520	2263	0	0	2263
1941977	-1	-1	0	0	0	0	0
1949969	-1	-1	0	0	0	0	0
1955970	3488736	-1	438272	1005	0	0	1121
1959993	4544984	-1	590848	1040	0	0	1040
1967970	2503472	-1	782336	2500	0	0	2500
1969970	-1	-1	0	0	0	0	0
1977973	-1	-1	0	0	0	0	0
1985970	2205632	-1	913408	3313	0	0	3313
1992971	-1	-1	0	0	0	0	0
1999980	-1	-1	0	0	0	0	0
2004970	-1	-1	0	0	0	0	0
2011980	4680008	-1	1206272	2062	0	0	2062
2020970	-1	-1	0	0	0	0	0
2024979	-1	-1	0	0	0	0	0
2031982	-1	-1	0	0	0	0	0
2038974	3752960	-1	1405952	2997	0	0	2997
2047968	-1	-1	0	0	0	0	0
2057967	2150176	-1	845824	3147	0	0	3147
2065980	-1	-1	0	0	0	0	0
2074967	3257320	-1	616448	1514	0	0	1514
2082976	-1	-1	0	0	0	0	0
2090971	7267328	-1	1030144	1134	0	0	1134
2098986	-1	-1	0	0	0	0	0
2103976	-1	-1	0	0	0	0	0
2109990	-1	-1	0	0	0	0	0
2116970	3660488	-1	1019904	2229	0	0	2229
2121976	-1	-1	0	0	0	0	0
2170968	3724040	-1	856064	1839	0	0	1839
2179968	-1	-1	16384	271	0	0	367
2184968	3810232	-1	1310720	2752	0	0	2752
2193975	-1	-1	0	0	0	0	0
2202969	3804656	-1	568320	1195	0	0	1195
2210970	-1	-1	0	0	0	0	0
2218976	3478064	-1	1132544	2605	0	0	2605
2225977	-1	-1	0	0	0	0	0
2232971	5022480	-1	843776	1344	0	0	1344
2240970	-1	-1	0	0	0	0	0
2249970	2947536	-1	839680	2279	0	0	2279
2259971	-1	-1	0	0	0	0	0
2268972	-1	-1	0	0	0	0	0
2276967	3341264	-1	1273856	3050	0	0	3050
2278974	2556736	-1	602112	1884	0	0	1884
2287972	-1	-1	0	0	0	0	0
2296969	2289832	-1	1003520	3506	0	0	3506
2306967	-1	-1	0	0	0	0	0
2316968	3110416	-1	849144	2184	0	0	2184
2322983	-1	-1	0	0	0	0	0
2332969	9943816	-1	1005568	809	0	0	809
2341977	-1	-1	0	0	0	0	0
2350978	6111608	-1	869376	1138	0	0	1138
2355969	-1	-1	0	0	0	0	0
2361983	-1	-1	0	0	0	0	0
2368968	-1	-1	0	0	0	0	0
2376967	6606736	-1	763904	925	0	0	925
2380021	-1	-1	0	0	0	0	263
2384970	6333232	-1	676864	855	0	0	855
2392969	-1	-1	0	0	0	0	0
2399967	6997512	-1	845824	967	0	0	967
2403967	-1	-1	0	0	0	0	0
2410969	5965520	-1	1009664	1354	0	0	1354
2419969	-1	-1	0	0	0	0	0
2428976	-1	-1	0	0	0	0	0
2436977	-1	-1	0	0	0	0	0
2445969	8704640	-1	869376	799	0	0	847
2450971	-1	-1	0	0	0	0	0
2460971	2799416	-1	847872	2423	0	0	2423
2468971	-1	-1	0	0	0	0	0
2476971	5678920	-1	1069056	1506	0	0	1506
2486970	-1	-1	0	0	0	0	0
2496970	4713472	-1	1492992	2534	0	0	2534
2505971	-1	-1	0	0	0	0	0
2511968	7394488	-1	1082368	1171	0	0	1171
2519967	-1	-1	0	0	0	0	0
2529973	7441488	-1	1198080	1288	0	0	1288
2538976	-1	-1	0	0	0	0	0
2546983	-1	-1	0	0	0	0	0
2552968	-1	-1	0	0	0	0	0
2561974	6318648	-1	2065408	2615	0	0	2615
2569969	-1	-1	0	0	0	0	0
2578976	6311728	-1	732160	928	0	0	928
2585970	-1	-1	0	0	0	0	0
2594972	6318344	-1	770048	975	0	0	975
2603968	-1	-1	0	0	0	0	0
2611968	5715808	-1	881664	1234	0	0	1234
2618980	-1	-1	0	0	0	0	0
2627968	-1	-1	0	0	0	0	0
2636987	-1	-1	0	0	0	0	0
2644967	6687000	-1	1601536	1916	0	0	1916
2653969	-1	-1	0	0	0	0	0
2658975	-1	-1	0	0	0	0	0
2666968	-1	-1	0	0	0	0	0
2676969	4137384	-1	1371544	2652	0	0	2652
2686970	-1	-1	0	0	0	0	0
2696188	6764824	-1	1456128	1722	0	0	1722
2705979	3002344	-1	369664	985	0	0	1104
2709972	3756552	-1	254976	543	0	0	543
2717979	-1	-1	0	0	0	0	0
2727971	-1	-1	96256	187	0	0	-1
2736967	-1	-1	0	0	0	0	-1
2744972	2541944	-1	891904	2807	0	0	-1
2748968	4040896	-1	563200	1115	0	0	-1
2756971	3579384	-1	1092608	2442	0	0	-1
2765972	-1	-1	0	0	0	0	-1
2775967	-1	-1	0	0	0	0	-1
2781985	-1	-1	0	0	0	0	-1
2788973	3330936	-1	617472	1483	0	0	-1
2799966	3527928	-1	1602560	3634	0	0	25688
2804919	-1	-1	0	0	0	0	0
2813918	-1	-1	0	0	0	0	0
2822936	3306592	-1	1022976	2475	0	0	2475
2831931	-1	-1	0	0	0	0	0
2840930	-1	-1	0	0	0	0	0
2845915	-1	-1	0	0	0	0	0
2851967	2651968	-1	1782784	5378	0	0	5378
2860920	-1	-1	0	0	0	0	0
2868932	3701688	-1	706560	1527	0	0	1527
2876922	4740504	-1	1144832	1932	0	0	1932
2879926	-1	-1	51200	138	0	0	138
2886943	-1	-1	0	0	0	0	0
2895933	2600960	-1	780288	2400	0	0	2400
2904922	-1	-1	0	0	0	0	0
2914940	3763600	-1	718848	1528	0	0	1528
2920927	-1	-1	0	0	0	0	0
2928938	-1	-1	0	0	0	0	0
2934958	-1	-1	0	0	0	0	134
2939926	1487640	-1	917504	4934	0	0	4934
2948921	-1	-1	0	0	0	0	0
2958946	3699472	-1	883712	1911	0	0	1946
2965943	-1	-1	0	0	0	0	0
2974944	4171712	-1	564224	1082	0	0	1082
2982938	-1	-1	0	0	0	0	0
2991940	2850664	-1	591512	1660	0	0	1660
2998941	-1	-1	0	0	0	0	0
3002934	-1	-1	0	0	0	0	0
3008918	-1	-1	0	0	0	0	0
3015933	1967952	-1	1378304	5603	0	0	5603
3023931	2393544	-1	145408	486	0	0	486
3030937	-1	-1	0	0	0	0	0
3034935	-1	-1	0	0	0	0	0
3041953	3743344	-1	1467392	3136	0	0	3136
3050934	-1	-1	0	0	0	0	0
3059930	-1	-1	0	0	0	0	0
3067932	-1	-1	0	0	0	0	0
3074935	3712000	-1	772096	1664	0	0	1664
3082952	4125552	-1	714752	1386	0	0	1386
3086935	-1	-1	0	0	0	0	0
3096919	-1	-1	0	0	0	0	0
3105942	2318920	-1	830464	2865	0	0	2865
3109946	-1	-1	0	0	0	0	0
3116921	4354696	-1	620544	1140	0	0	1140
3125939	-1	-1	0	0	0	0	0
3134939	-1	-1	0	0	0	0	0
3138936	-1	-1	0	0	0	0	0
3145950	3050136	-1	857088	2248	0	0	2248
3149943	-1	-1	0	0	0	0	0
3157943	3712712	-1	1423360	3067	0	0	3067
3165919	-1	-1	0	0	0	0	0
3173945	-1	-1	0	0	0	0	0
3183931	3821472	-1	534528	1119	0	0	1217
3187927	2969640	-1	984064	2651	0	0	2651
3196923	-1	-1	0	0	0	0	0
3203929	4447736	-1	602112	1083	0	0	1083
3211927	-1	-1	0	0	0	0	53
3216922	3625224	-1	737280	1627	0	0	1627
3225947	-1	-1	0	0	0	0	65
3230939	3536000	-1	905216	2048	0	0	2048
3239928	-1	-1	0	0	0	0	0
3247927	5045528	-1	832512	1320	0	0	1320
3256931	-1	-1	0	0	0	0	0
3261946	-1	-1	0	0	0	0	0
3266936	-1	-1	0	0	0	0	0
3274934	2354552	-1	1256448	4269	0	0	4269
3282952	-1	-1	0	0	0	0	0
3289949	3938840	-1	821248	1668	0	0	1668
3299929	-1	-1	0	0	0	0	0
3309947	5127144	-1	1193984	1863	0	0	1863
3317945	-1	-1	0	0	0	0	0
3327930	4210544	-1	1486848	2825	0	0	2825
3337956	-1	-1	0	0	0	0	0
3346939	2671168	-1	1302528	3901	0	0	3901
3354936	-1	-1	0	0	0	0	0
3363938	-1	-1	0	0	0	0	0
3368919	-1	-1	0	0	0	0	0
3374936	2845232	-1	1376380	3870	0	0	3870
3381943	-1	-1	0	0	0	0	0
3390938	-1	-1	0	0	0	0	0
3398975	3632544	-1	1288192	2837	0	0	2837
3400930	-1	-1	0	0	0	0	0
3408921	-1	-1	0	0	0	0	0
3416922	2886168	-1	950272	2634	0	0	2634
3425943	-1	-1	0	0	0	0	0
3433944	-1	-1	0	0	0	0	0
3435928	-1	-1	0	0	0	0	0
3443938	4629312	-1	1306624	2258	0	0	2258
3452929	-1	-1	0	0	0	0	0
3462946	3743496	-1	772096	1650	0	0	1650
3466934	-1	-1	0	0	0	0	0
3474939	5566144	-1	1033216	1485	0	0	1485
3479930	-1	-1	0	0	0	0	0
3488924	5837096	-1	1012736	1388	0	0	1388
3497943	-1	-1	0	0	0	0	0
3505944	-1	-1	0	0	0	0	0
3513952	-1	-1	0	0	0	0	0
3521945	4164896	-1	1516544	2913	0	0	2913
3528918	-1	-1	0	0	0	0	0
3538936	3419856	-1	984064	2302	0	0	2302
3547931	-1	-1	0	0	0	0	0
3554934	4389144	-1	1119232	2040	0	0	2040
3563934	-1	-1	0	0	0	0	0
3572930	2431432	-1	751616	2473	0	0	2473
3580924	-1	-1	0	0	0	0	0
3590934	2948992	-1	972800	2639	0	0	2639
3598941	-1	-1	0	0	0	0	0
3607927	1944728	-1	824320	3391	0	0	3391
3615926	-1	-1	0	0	0	0	0
3624926	-1	-1	0	0	0	0	0
3630942	-1	-1	0	0	0	0	0
3639928	1676976	-1	1077248	5139	0	0	5139
3643935	-1	-1	0	0	0	0	0
3652921	1505880	-1	1049600	5576	0	0	5576
3659945	-1	-1	0	0	0	0	0
3669945	-1	-1	0	0	0	0	0
3673918	-1	-1	0	0	0	0	0
3682937	4025968	-1	1147904	2281	0	0	2281
3691938	-1	-1	0	0	0	0	0
3699927	4463192	-1	883712	1584	0	0	1584
3708919	-1	-1	0	0	0	0	0
3716919	4870840	-1	1709056	2807	0	0	2807
3725944	-1	-1	0	0	0	0	0
3735930	2861312	-1	704956	1971	0	0	1971
3744919	-1	-1	0	0	0	0	0
3751928	5541216	-1	781312	1128	0	0	1128
3759930	-1	-1	0	0	0	0	0
3767929	5044944	-1	1497088	2374	0	0	2374
3776920	-1	-1	0	0	0	0	0
3784919	4825760	-1	1005568	1667	0	0	1667
3792928	-1	-1	0	0	0	0	0
3800919	-1	-1	0	0	0	0	0
3802936	-1	-1	0	0	0	0	0
3812919	5197040	-1	1657856	2552	0	0	2552
3817957	-1	-1	0	0	0	0	0
3826934	-1	-1	0	0	0	0	0
3832919	-1	-1	0	0	0	0	0
3842935	4262960	-1	1398784	2625	0	0	2625
3850942	-1	-1	0	0	0	0	0
3857946	3788128	-1	1077248	2275	0	0	2275
3866943	-1	-1	0	0	0	0	0
3876921	6992656	-1	1020928	1168	0	0	1168
3885946	-1	-1	0	0	0	0	0
3894938	4647608	-1	811008	1396	0	0	1396
3902939	-1	-1	0	0	0	0	0
3910940	4326016	-1	1049600	1941	0	0	1941
3919928	-1	-1	0	0	0	0	0
3929920	-1	-1	0	0	0	0	0
3937947	-1	-1	0	0	0	0	0
3943926	3877848	-1	1301504	2685	0	0	2685
3949923	-1	-1	0	0	0	0	0
3956923	5574280	-1	859136	1233	0	0	1233
3965950	-1	-1	0	0	0	0	0
3975927	4802208	-1	835584	1392	0	0	1392
3985945	-1	-1	0	0	0	0	0
3994941	2780624	-1	1063936	3061	0	0	3061
4003931	-1	-1	0	0	0	0	0
4012919	4995624	-1	992256	1589	0	0	1589
4022936	-1	-1	0	0	0	0	0
4032938	-1	-1	0	0	0	0	0
4039929	4837504	-1	1466368	2425	0	0	2425
4042970	-1	-1	0	0	0	0	0
4049948	-1	-1	0	0	0	0	0
4058938	3530792	-1	777216	1761	0	0	1761
4068918	-1	-1	0	0	0	0	0
4075932	6429672	-1	1158144	1441	0	0	1441
4084923	-1	-1	0	0	0	0	0
4093950	1548248	-1	499696	2582	0	0	2582
4099928	-1	-1	0	0	0	0	0
4108925	3335744	-1	1240064	2974	0	0	2974
4114944	-1	-1	0	0	0	0	0
4123926	4192528	-1	1178624	2249	0	0	2249
4133945	-1	-1	0	0	0	0	0
4141945	3704392	-1	896000	1935	0	0	1935
4150946	-1	-1	0	0	0	0	0
4157919	-1	-1	0	0	0	0	0
4162936	-1	-1	0	0	0	0	542
4167927	3876584	-1	2234368	4611	0	0	4611
4175931	-1	-1	0	0	0	0	0
4182936	1828624	-1	915456	4005	0	0	4005
4191938	-1	-1	0	0	0	0	0
4200931	3224296	-1	666624	1654	0	0	1654
4209948	-1	-1	0	0	0	0	0
4218935	-1	-1	0	0	0	0	0
4222942	-1	-1	0	0	0	0	0
4231929	3715072	-1	968704	2086	0	0	2086
4235927	-1	-1	0	0	0	0	0
4245946	-1	-1	0	0	0	0	0
4249946	-1	-1	0	0	0	0	0
4258938	3163632	-1	1007616	2548	0	0	2548
4265949	-1	-1	0	0	0	0	0
4273944	3104888	-1	724992	1868	0	0	1868
4282947	-1	-1	0	0	0	0	0
4291932	4379096	-1	1013760	1852	0	0	1852
4300918	-1	-1	0	0	0	0	0
4309946	4753112	-1	1555456	2618	0	0	2618
4313942	-1	-1	0	0	0	0	0
4323926	-1	-1	0	0	0	0	0
4330940	-1	-1	0	0	0	0	454
4335927	1629768	-1	1005568	4936	0	0	4936
4340929	-1	-1	0	0	0	0	26
4345959	3209576	-1	1212416	3022	0	0	3022
4354942	-1	-1	0	0	0	0	0
4363929	2488064	-1	903168	2904	0	0	2904
4369943	-1	-1	0	0	0	0	0
4378939	-1	-1	0	0	0	0	0
4382939	-1	-1	0	0	0	0	0
4391937	3224960	-1	1554432	3856	0	0	3856
4399926	-1	-1	0	0	0	0	0
4408934	-1	-1	0	0	0	0	0
4412946	-1	-1	0	0	0	0	0
4421942	3588832	-1	1568768	3497	0	0	3497
4427932	-1	-1	0	0	0	0	0
4437943	2323144	-1	838656	2888	0	0	2888
4445944	-1	-1	0	0	0	0	0
4453919	-1	-1	0	0	0	0	0
4459928	-1	-1	0	0	0	0	0
4465917	2651168	-1	891456	2690	0	0	2690
4474940	-1	-1	0	0	0	0	0
4482935	3693112	-1	450560	976	0	0	976
4492919	-1	-1	0	0	0	0	0
4498944	6167984	-1	1316864	1708	0	0	1708
4502936	-1	-1	0	0	0	0	0
4511928	-1	-1	0	0	0	0	0
4515927	-1	-1	0	0	0	0	0
4524919	6690752	-1	1108992	1326	0	0	1326
4533947	-1	-1	0	0	0	0	0
4542953	3687376	-1	776192	1684	0	0	1684
4548920	-1	-1	0	0	0	0	0
4557943	5208704	-1	774144	1189	0	0	1189
4567932	-1	-1	0	0	0	0	0
4576921	-1	-1	0	0	0	0	0
4580919	-1	-1	0	0	0	0	0
4588920	2378960	-1	1359872	4573	0	0	4573
4594940	-1	-1	0	0	0	0	0
4602944	-1	-1	0	0	0	0	0
4611934	7692120	-1	1055744	1098	0	0	1209
4614920	-1	-1	0	0	0	0	0
4623935	-1	-1	0	0	0	0	0
4631919	6024296	-1	708608	941	0	0	941
4639929	-1	-1	0	0	0	0	0
4645914	5456560	-1	780288	1144	0	0	1144
4654959	4917264	-1	487424	793	0	0	793
4657942	-1	-1	0	0	0	0	0
4666940	-1	-1	0	0	0	0	0
4675934	7621864	-1	1560576	1638	0	0	1638
4679934	-1	-1	0	0	0	0	0
4686934	-1	-1	0	0	0	0	0
4690935	-1	-1	0	0	0	0	0
4698935	6919496	-1	1742848	2015	0	0	2015
4704925	-1	-1	0	0	0	0	101
4709945	6692760	-1	955392	1142	0	0	1142
4716919	-1	-1	0	0	0	0	0
4725944	3882152	-1	604160	1245	0	0	1245
4732919	3611904	-1	637952	1413	0	0	1413
4736918	8966920	-1	165888	148	0	0	148
4744920	-1	-1	0	0	0	0	0
4753944	3938984	-1	590848	1200	0	0	1200
4762934	-1	-1	0	0	0	0	0
4770939	3415968	-1	442368	1036	0	0	1036
4778917	-1	-1	0	0	0	0	0
4785954	7348704	-1	687104	748	0	0	748
4792932	-1	-1	0	0	0	0	0
4797944	4181232	-1	904192	1730	0	0	1730
4807926	-1	-1	0	0	0	0	0
4815927	3017344	-1	855040	2267	0	0	2267
4822937	-1	-1	0	0	0	0	0
4832926	5248960	-1	588540	897	0	0	897
4841945	-1	-1	0	0	0	0	801
4846940	3497432	-1	1029120	2354	0	0	2354
4851926	-1	-1	0	0	0	0	0
4858088	-1	-1	0	0	0	0	0
4865921	7321512	-1	2222080	2428	0	0	2428
4868938	9129808	-1	677888	594	0	0	594
4877947	-1	-1	0	0	0	0	0
4885946	-1	-1	0	0	0	0	0
4891933	4564280	-1	394240	691	0	0	-1
4896921	-1	-1	0	0	0	0	-1
4902935	-1	-1	0	0	0	0	-1
4910935	5205480	-1	1847296	2839	0	0	-1
4919928	-1	-1	0	0	0	0	-1
4926935	7773688	-1	913408	940	0	0	-1
4935927	-1	-1	0	0	0	0	-1
4942935	-1	-1	0	0	0	0	-1
4951928	-1	-1	0	0	0	0	-1
4964545	5096232	-1	1839104	2887	0	0	21658
4972567	-1	-1	0	0	0	0	0
4980587	2703304	-1	472064	1397	0	0	1397
4983548	-1	-1	0	0	0	0	0
4992550	-1	-1	0	0	0	0	0
4998552	6947408	-1	765952	882	0	0	895
5008567	-1	-1	0	0	0	0	0
5017559	3375848	-1	684032	1621	0	0	1621
5027543	-1	-1	0	0	0	0	0
5036572	4193648	-1	835584	1594	0	0	1594
5045567	-1	-1	0	0	0	0	0
5054553	-1	-1	0	0	0	0	0
5058556	-1	-1	0	0	0	0	0
5067547	4886064	-1	892928	1462	0	0	1462
5071544	-1	-1	0	0	0	0	0
5081561	3760848	-1	649216	1381	0	0	1381
5089564	-1	-1	0	0	0	0	0
5097563	3812120	-1	914432	1919	0	0	1919
5106562	-1	-1	0	0	0	0	0
5149542	5171640	-1	1358848	2102	0	0	2102
5158543	-1	-1	0	0	0	0	0
5165540	2072376	-1	1022976	3949	0	0	3949
5171550	-1	-1	0	0	0	0	0
5180543	7138480	-1	2012160	2255	0	0	2255
5189541	-1	-1	0	0	0	0	0
5197543	-1	-1	0	0	0	0	0
5201551	-1	-1	0	0	0	0	0
5210544	3881040	-1	2218016	4572	0	0	4572
5219553	-1	-1	0	0	0	0	0
5227540	2944216	-1	1082368	2941	0	0	2941
5233546	-1	-1	0	0	0	0	0
5242538	-1	-1	0	0	0	0	0
5251547	1441040	-1	376832	2092	0	0	2106
5254540	4221976	-1	1132544	2146	0	0	2146
5263539	-1	-1	0	0	0	0	0
5269540	-1	-1	0	0	0	0	0
5273543	-1	-1	0	0	0	0	0
5282539	3282048	-1	1538048	3749	0	0	3749
5290543	-1	-1	0	0	0	0	0
5300545	1962800	-1	613376	2500	0	0	2500
5309541	-1	-1	0	0	0	0	0
5318540	3895656	-1	537600	1104	0	0	1104
5328542	-1	-1	0	0	0	0	0
5334543	-1	-1	0	0	0	0	0
5341545	2688320	-1	671744	1999	0	0	2083
5344547	4172824	-1	1056768	2026	0	0	2026
5351540	-1	-1	0	0	0	0	0
5361549	3587568	-1	1737728	3875	0	0	3875
5370549	-1	-1	0	0	0	0	0
5378542	3289848	-1	722944	1758	0	0	1758
5384549	-1	-1	0	0	0	0	0
5393552	-1	-1	0	0	0	0	0
5395548	-1	-1	0	0	0	0	0
5404544	3217408	-1	1874944	4662	0	0	4662
5413544	4224696	-1	773120	1464	0	0	1464
5416540	-1	-1	0	0	0	0	0
5425541	-1	-1	0	0	0	0	0
5434539	-1	-1	0	0	0	0	0
5443539	3190168	-1	1199104	3007	0	0	3007
5445540	-1	-1	76800	179	0	0	179
5454553	-1	-1	0	0	0	0	0
5463540	4360912	-1	547840	1005	0	0	1005
5468538	-1	-1	0	0	0	0	0
5474541	2688000	-1	666624	1984	0	0	1984
5483539	-1	-1	0	0	0	0	0
5491540	-1	-1	0	0	0	0	0
5497541	-1	-1	0	0	0	0	72
5502538	5685872	-1	2627584	3697	0	0	3697
5510552	-1	-1	0	0	0	0	0
5516549	-1	-1	0	0	0	0	0
5524543	-1	-1	57344	480	0	0	570
5529542	4009464	-1	2135040	4260	0	0	4260
5537539	-1	-1	0	0	0	0	0
5544545	-1	-1	0	0	0	0	0
5553539	5333856	-1	1085440	1628	0	0	1628
5556541	-1	-1	0	0	0	0	0
5565540	-1	-1	0	0	0	0	0
5571539	3527256	-1	750864	1703	0	0	1703
5580539	3469064	-1	679936	1568	0	0	1568
5583540	-1	-1	0	0	0	0	0
5592562	-1	-1	0	0	0	0	0
5598540	5390384	-1	959488	1424	0	0	1424
5608542	-1	-1	0	0	0	0	0
5615579	6860376	-1	833536	972	0	0	972
5625548	-1	-1	0	0	0	0	0
5632541	3279168	-1	1134592	2768	0	0	2768
5637550	-1	-1	0	0	0	0	0
5647598	3502872	-1	577536	1319	0	0	1319
5653541	-1	-1	0	0	0	0	0
5663569	2570448	-1	881664	2744	0	0	2744
5672545	-1	-1	0	0	0	0	0
5679552	9909152	-1	927744	749	0	0	749
5688539	-1	-1	0	0	0	0	0
5696539	2088736	-1	1299456	4977	0	0	4977
5704546	-1	-1	0	0	0	0	0
5712539	-1	-1	0	0	0	0	0
5717556	-1	-1	0	0	0	0	0
5726541	5365632	-1	861184	1284	0	0	1290
5730539	-1	-1	0	0	0	0	0
5739555	2876120	-1	776192	2159	0	0	2159
5747541	-1	-1	0	0	0	0	0
5754556	4766672	-1	847872	1423	0	0	1423
5763539	-1	-1	0	0	0	0	0
5770545	4344560	-1	859136	1582	0	0	1582
5778541	-1	-1	0	0	0	0	0
5788541	-1	-1	0	0	0	0	0
5792539	-1	-1	0	0	0	0	0
5800539	2852144	-1	1154048	3237	0	0	3237
5810538	-1	-1	0	0	0	0	0
5817540	1995488	-1	564224	2262	0	0	2262
5827539	-1	-1	0	0	0	0	0
5836540	4204272	-1	2345984	4464	0	0	4464
5846541	-1	-1	0	0	0	0	0
5854552	2506048	-1	1165312	3720	0	0	3720
5864541	-1	-1	0	0	0	0	0
5873552	1669248	-1	1119232	5364	0	0	5364
5882543	-1	-1	0	0	0	0	0
5889540	-1	-1	0	0	0	0	0
5897542	-1	-1	0	0	0	0	0
5906543	3785888	-1	1381376	2919	0	0	2919
5912544	-1	-1	0	0	0	0	0
5922539	4059200	-1	1073152	2115	0	0	2115
5932545	-1	-1	0	0	0	0	0
5938540	3497568	-1	570104	1304	0	0	1317
5947554	-1	-1	0	0	0	0	0
5956538	3924936	-1	422912	862	0	0	862
5961546	-1	-1	0	0	0	0	0
5969542	4448784	-1	613376	1103	0	0	1103
5974539	-1	-1	0	0	0	0	0
5982540	-1	-1	0	0	0	0	0
5985553	-1	-1	0	0	0	0	0
5994539	4673824	-1	840704	1439	0	0	1439
6002539	4300920	-1	891904	1659	0	0	1659
6005543	-1	-1	0	0	0	0	0
6010546	-1	-1	0	0	0	0	0
6017540	-1	-1	0	0	0	0	0
6025539	6122520	-1	875520	1144	0	0	1144
6029545	-1	-1	54272	249	0	0	249
6038546	-1	-1	0	0	0	0	0
6047540	7241056	-1	748544	827	0	0	927
6056540	-1	-1	0	0	0	0	0
6064539	6797864	-1	604160	711	0	0	711
6074540	-1	-1	0	0	0	0	0
6080550	-1	-1	0	0	0	0	0
6086560	-1	-1	0	0	0	0	0
6093540	4416000	-1	918528	1664	0	0	1664
6098566	-1	-1	0	0	0	0	0
6105550	6197920	-1	1441792	1861	0	0	1861
6112559	-1	-1	0	0	0	0	0
6118547	-1	-1	0	0	0	0	0
6125565	-1	-1	0	0	0	0	0
6134541	5999696	-1	2107392	2810	0	0	2920
6143543	-1	-1	0	0	0	0	0
6150544	5773280	-1	1794048	2486	0	0	2486
6159538	-1	-1	0	0	0	0	0
6168542	5872200	-1	1819648	2479	0	0	2479
6176544	-1	-1	0	0	0	0	0
6186538	7215128	-1	1293312	1434	0	0	1434
6196538	-1	-1	0	0	0	0	0
6203542	3973840	-1	566272	1140	0	0	1140
6212547	-1	-1	0	0	0	0	0
6221548	4805576	-1	1158144	1928	0	0	1928
6231542	-1	-1	0	0	0	0	0
6239538	3757296	-1	488448	1040	0	0	1040
6244539	-1	-1	0	0	0	0	0
6252542	4623288	-1	561152	971	0	0	971
6260538	-1	-1	0	0	0	0	0
6268539	4767248	-1	712704	1196	0	0	1196
6272544	-1	-1	0	0	0	0	0
6280546	-1	-1	0	0	0	0	0
6289547	6283120	-1	994304	1266	0	0	1266
6292539	-1	-1	0	0	0	0	0
6301540	1820472	-1	338608	1488	0	0	1488
6305549	-1	-1	113664	63	0	0	63
6312541	-1	-1	0	0	0	0	0
6319611	4450400	-1	668672	1202	0	0	1202
6328549	-1	-1	0	0	0	0	0
6336541	6500312	-1	1573888	1937	0	0	1940
6344542	-1	-1	0	0	0	0	0
6354543	3382696	-1	1177600	2785	0	0	2785
6360540	-1	-1	0	0	0	0	0
6368542	-1	-1	0	0	0	0	0
6370543	-1	-1	0	0	0	0	0
6379538	5180576	-1	1379328	2130	0	0	2130
6386542	-1	-1	0	0	0	0	0
6394542	4448792	-1	761856	1370	0	0	1370
6403538	-1	-1	0	0	0	0	0
6412544	-1	-1	0	0	0	0	0
6414553	-1	-1	0	0	0	0	0
6424546	3634520	-1	584704	1287	0	0	1287
6425546	-1	-1	0	0	0	0	0
6434539	4788832	-1	1327104	2217	0	0	2217
6443547	-1	-1	0	0	0	0	0
6452540	5416176	-1	1760256	2600	0	0	2600
6461539	-1	-1	0	0	0	0	0
6470540	5479480	-1	1855488	2709	0	0	2709
6479542	-1	-1	0	0	0	0	0
6487543	1722072	-1	543744	2526	0	0	2526
6494548	-1	-1	0	0	0	0	0
6502538	-1	-1	0	0	0	0	0
6511538	3997784	-1	1125376	2252	0	0	2349
6513539	-1	-1	0	0	0	0	0
6521539	-1	-1	0	0	0	0	0
6527540	-1	-1	0	0	0	0	0
6532539	-1	-1	0	0	0	0	0
6540539	5788272	-1	1595392	2205	0	0	2205
6549540	-1	-1	0	0	0	0	0
6558541	3695280	-1	788480	1707	0	0	1707
6565545	-1	-1	0	0	0	0	0
6574545	4017336	-1	732160	1458	0	0	1458
6583541	-1	-1	0	0	0	0	0
6593543	4233448	-1	1419264	2682	0	0	2682
6602540	-1	-1	0	0	0	0	0
6611539	-1	-1	0	0	0	0	0
6620539	3956344	-1	1406976	2845	0	0	2940
6623552	4327640	-1	813056	1503	0	0	1503
6631539	-1	-1	0	0	0	0	0
6639544	2495352	-1	676864	2170	0	0	2170
6647538	-1	-1	0	0	0	0	0
6656539	5475952	-1	654376	956	0	0	956
6666546	-1	-1	0	0	0	0	0
6674556	3731536	-1	791552	1697	0	0	1697
6682546	-1	-1	0	0	0	0	0
6688540	-1	-1	0	0	0	0	0
6697541	-1	-1	0	0	0	0	0
6704539	3715360	-1	1044480	2249	0	0	2249
6708539	-1	-1	0	0	0	0	0
6717542	-1	-1	0	0	0	0	0
6722542	-1	-1	0	0	0	0	0
6730539	4857960	-1	1286144	2118	0	0	2118
6733550	-1	-1	0	0	0	0	0
6742543	-1	-1	0	0	0	0	0
6746560	-1	-1	0	0	0	0	0
6755544	3838928	-1	1032192	2151	0	0	2151
6763541	-1	-1	0	0	0	0	0
6772545	4187504	-1	796672	1522	0	0	1522
6781540	-1	-1	0	0	0	0	0
6791565	-1	-1	0	0	0	0	0
6800558	4014920	-1	735232	1465	0	0	1560
6804547	6522736	-1	476160	584	0	0	584
6813549	-1	-1	0	0	0	0	0
6821542	5232400	-1	756736	1157	0	0	1157
6829543	-1	-1	0	0	0	0	0
6835542	4596624	-1	620544	1080	0	0	1080
6844542	5172296	-1	696320	1077	0	0	1077
6848543	-1	-1	0	0	0	0	0
6856543	-1	-1	0	0	0	0	0
6865543	2715288	-1	783360	2308	0	0	2308
6874542	-1	-1	0	0	0	0	0
6884539	-1	-1	0	0	0	0	0
6890539	-1	-1	0	0	0	0	0
6898545	7948416	-1	1269760	1278	0	0	1356
6906546	2465712	-1	155648	505	0	0	550
6911546	4837456	-1	344064	569	0	0	569
6920540	-1	-1	0	0	0	0	0
6929539	3761280	-1	558080	1187	0	0	1187
6937541	3316896	-1	372736	899	0	0	899
6941544	-1	-1	0	0	0	0	0
6948540	-1	-1	0	0	0	0	0
6957542	4597344	-1	690176	1201	0	0	1201
6965541	-1	-1	0	0	0	0	0
6974542	-1	-1	0	0	0	0	0
6982543	-1	-1	0	0	0	0	513
6987543	3388384	-1	509952	1204	0	0	-1
6997540	-1	-1	0	0	0	0	-1
7003539	2116248	-1	1024000	3871	0	0	-1
7011541	2755792	-1	599040	1739	0	0	-1
7016540	-1	-1	0	0	0	0	-1
7022545	-1	-1	0	0	0	0	-1
7029547	6284728	-1	1943552	2474	0	0	-1
7038543	-1	-1	0	0	0	0	-1
7044548	-1	-1	0	0	0	0	-1
7052541	-1	-1	0	0	0	0	-1
7064698	2851312	-1	2839552	7967	0	0	27434
7071708	-1	-1	0	0	0	0	0
7081719	-1	-1	0	0	0	0	0
7091710	7864056	-1	1227776	1249	0	0	1367
7100696	-1	-1	0	0	0	0	0
7108702	2031144	-1	1264640	4981	0	0	4981
7118715	-1	-1	0	0	0	0	0
7126717	4268472	-1	2369536	4441	0	0	4441
7134717	-1	-1	0	0	0	0	0
7144697	4706744	-1	1021952	1737	0	0	1737
7154721	-1	-1	0	0	0	0	0
7163703	3585472	-1	1244160	2776	0	0	2776
7169722	-1	-1	0	0	0	0	0
7179715	-1	-1	0	0	0	0	0
7186717	-1	-1	0	0	0	0	0
7194727	3102048	-1	1268736	3272	0	0	3272
7202716	-1	-1	0	0	0	0	0
7211703	2251288	-1	722944	2569	0	0	2569
7220701	-1	-1	0	0	0	0	0
7224696	-1	-1	0	0	0	0	0
7231720	-1	-1	49152	617	0	0	662
7236695	9086928	-1	946176	833	0	0	833
7245729	4990928	-1	296960	476	0	0	735
7250713	7365616	-1	429968	467	0	0	467
7255706	-1	-1	0	0	0	0	0
7262716	-1	-1	0	0	0	0	0
7269720	-1	-1	0	0	0	0	0
7277731	3171520	-1	987136	2490	0	0	2566
7286711	-1	-1	0	0	0	0	0
7295708	5645544	-1	533504	756	0	0	756
7302716	-1	-1	0	0	0	0	0
7311708	2877464	-1	689152	1916	0	0	1916
7320066	-1	-1	0	0	0	0	0
7328698	5385232	-1	821248	1220	0	0	1220
7336698	-1	-1	0	0	0	0	0
7345720	-1	-1	0	0	0	0	0
7348698	-1	-1	0	0	0	0	0
7355720	5383080	-1	1338368	1989	0	0	1989
7362713	-1	-1	0	0	0	0	0
7368697	4327976	-1	640000	1183	0	0	1183
7372698	-1	-1	0	0	0	0	0
7379704	-1	-1	0	0	0	0	0
7386721	-1	-1	0	0	0	0	0
7394719	4862224	-1	789504	1299	0	0	1299
7400700	-1	-1	0	0	0	0	0
7406713	4224832	-1	973824	1844	0	0	1844
7412694	-1	-1	0	0	0	0	0
7421693	3666896	-1	914432	1995	0	0	1995
7429718	-1	-1	0	0	0	0	0
7438717	5739272	-1	965632	1346	0	0	1346
7447726	-1	-1	0	0	0	0	0
7453714	-1	-1	0	0	0	0	0
7458711	-1	-1	0	0	0	0	0
7465721	6092496	-1	1271808	1670	0	0	1815
7473696	-1	-1	0	0	0	0	0
7480701	8046632	-1	1927168	1916	0	0	1916
7489722	-1	-1	0	0	0	0	0
7497729	-1	-1	0	0	0	0	0
7504696	4228376	-1	1128448	2135	0	0	2135
7507707	7738824	-1	227328	235	0	0	235
7516696	2050208	-1	237568	927	0	0	929
7520697	2872336	-1	629760	1754	0	0	1754
7526723	-1	-1	0	0	0	0	0
7534715	-1	-1	0	0	0	0	0
7539706	-1	-1	0	0	0	0	0
7548695	4444296	-1	979968	1764	0	0	1764
7553719	-1	-1	0	0	0	0	0
7562712	2504056	-1	678912	2169	0	0	2169
7568695	-1	-1	0	0	0	0	0
7573695	6591864	-1	776192	942	0	0	942
7583703	-1	-1	0	0	0	0	0
7591707	-1	-1	0	0	0	0	0
7601745	7900728	-1	666624	675	0	0	695
7606715	22171824	-1	254976	92	0	0	92
7613722	-1	-1	0	0	0	0	0
7623705	3836248	-1	572080	1193	0	0	1193
7630715	-1	-1	0	0	0	0	0
7639702	4596128	-1	743424	1294	0	0	1294
7649733	-1	-1	0	0	0	0	0
7658716	4976104	-1	686080	1103	0	0	1128
7665726	-1	-1	0	0	0	0	0
7673744	-1	-1	0	0	0	0	0
7682712	3606144	-1	885760	1965	0	0	1965
7685724	-1	-1	43008	191	0	0	191
7694711	-1	-1	0	0	0	0	0
7697729	-1	-1	0	0	0	0	0
7702721	-1	-1	0	0	0	0	0
7710712	3195160	-1	697344	1746	0	0	1768
7717722	2827040	-1	180224	510	0	0	608
7722710	4686832	-1	361472	617	0	0	617
7729755	-1	-1	0	0	0	0	0
7736695	6459912	-1	607232	752	0	0	764
7740697	-1	-1	0	0	0	0	0
7749723	-1	-1	0	0	0	0	0
7755706	-1	-1	0	0	0	0	0
7763707	3973072	-1	1241088	2499	0	0	2499
7769719	-1	-1	0	0	0	0	0
7778711	-1	-1	0	0	0	0	0
7784702	-1	-1	0	0	0	0	0
7791703	3918160	-1	710656	1451	0	0	1472
7798717	-1	-1	0	0	0	0	0
7806720	6888728	-1	947200	1100	0	0	1100
7814712	-1	-1	0	0	0	0	0
7822713	-1	-1	0	0	0	0	0
7831702	3361488	-1	398336	948	0	0	1017
7835702	10014064	-1	703488	562	0	0	562
7844708	-1	-1	0	0	0	0	0
7848703	-1	-1	0	0	0	0	0
7857718	-1	-1	0	0	0	0	0
7872826	-1	-1	0	0	0	0	12579
7878853	2161480	-1	204800	758	0	0	6027
7887834	1715528	-1	1940480	9049	0	0	9049
7894838	1494528	-1	712704	3815	0	0	3815
7902839	-1	-1	0	0	0	0	0
7912832	-1	-1	0	0	0	0	0
7921851	4025184	-1	1105920	2198	0	0	2198
7929851	-1	-1	0	0	0	0	0
7935837	5625552	-1	1005568	1430	0	0	1430
7944826	-1	-1	0	0	0	0	0
7951836	2573704	-1	817152	2540	0	0	2540
7961847	-1	-1	0	0	0	0	0
7970840	2533224	-1	372384	1176	0	0	1176
7980830	-1	-1	0	0	0	0	0
7989846	2392032	-1	1135616	3798	0	0	3798
7999832	-1	-1	0	0	0	0	0
8008834	7477728	-1	1211392	1296	0	0	1296
8016826	-1	-1	0	0	0	0	0
8025827	2891832	-1	1616896	4473	0	0	4473
8032827	-1	-1	0	0	0	0	0
8040828	-1	-1	0	0	0	0	0
8043833	-1	-1	0	0	0	0	0
8051844	5755544	-1	2230272	3100	0	0	3100
8056834	-1	-1	0	0	0	0	0
8063831	2876824	-1	826368	2298	0	0	2298
8066838	-1	-1	0	0	0	0	0
8076836	3961576	-1	513024	1036	0	0	1036
8085861	-1	-1	0	0	0	0	0
8094843	3145864	-1	556032	1414	0	0	1414
8101848	-1	-1	0	0	0	0	0
8108823	4945248	-1	775168	1254	0	0	1254
8117849	-1	-1	0	0	0	0	0
8124833	3059432	-1	997376	2608	0	0	2608
8132832	-1	-1	0	0	0	0	0
8140823	-1	-1	0	0	0	0	0
8150839	6488912	-1	1006592	1241	0	0	1428
8154840	5989112	-1	178176	238	0	0	238
8161851	-1	-1	0	0	0	0	0
8170874	4618416	-1	1163264	2015	0	0	2015
8179835	5362512	-1	1259520	1879	0	0	1879
8181853	-1	-1	0	0	0	0	0
8189853	-1	-1	0	0	0	0	0
8198839	-1	-1	0	0	0	0	0
8206839	-1	-1	0	0	0	0	0
8214840	3461568	-1	2167808	5010	0	0	5010
8223838	-1	-1	0	0	0	0	0
8231830	5983912	-1	1387520	1855	0	0	1855
8240830	-1	-1	0	0	0	0	0
8247837	5216304	-1	1664000	2552	0	0	2552
8255846	-1	-1	0	0	0	0	0
8265848	5265168	-1	1035264	1573	0	0	1573
8275841	-1	-1	0	0	0	0	0
8283835	3707816	-1	1701888	3672	0	0	3672
8293846	-1	-1	0	0	0	0	0
8301849	-1	-1	0	0	0	0	0
8307836	-1	-1	0	0	0	0	0
8315855	4932496	-1	1693696	2747	0	0	2747
8325848	-1	-1	0	0	0	0	0
8334848	4188504	-1	1562836	2985	0	0	2985
8343834	-1	-1	0	0	0	0	0
8351833	3723208	-1	802816	1725	0	0	1725
8359839	-1	-1	0	0	0	0	0
8369853	2615352	-1	774144	2368	0	0	2368
8377848	-1	-1	0	0	0	0	0
8385848	9310504	-1	920576	791	0	0	791
8393849	-1	-1	0	0	0	0	0
8403837	6254824	-1	1054720	1349	0	0	1349
8410838	-1	-1	0	0	0	0	0
8419836	2789608	-1	936960	2687	0	0	2687
8428837	-1	-1	0	0	0	0	0
8437854	5496144	-1	862208	1255	0	0	1255
8446839	-1	-1	0	0	0	0	0
8456824	5201832	-1	602112	926	0	0	926
8464824	-1	-1	0	0	0	0	0
8473850	9110552	-1	995328	874	0	0	893
8482840	-1	-1	0	0	0	0	0
8491851	5380656	-1	1183744	1760	0	0	1760
8501827	-1	-1	0	0	0	0	0
8510840	6556240	-1	1017856	1242	0	0	1242
8519850	-1	-1	0	0	0	0	0
8526849	-1	-1	0	0	0	0	0
8531851	-1	-1	0	0	0	0	4
8536827	5663112	-1	1887232	2666	0	0	2666
8546839	-1	-1	0	0	0	0	0
8552823	6407920	-1	1243136	1552	0	0	1552
8560827	-1	-1	0	0	0	0	0
8569855	-1	-1	0	0	0	0	0
8575836	-1	-1	0	0	0	0	0
8584831	6233704	-1	1476608	1895	0	0	1895
8591834	-1	-1	0	0	0	0	0
8601859	5043856	-1	907264	1439	0	0	1439
8610839	-1	-1	0	0	0	0	0
8618842	3444464	-1	1199104	2785	0	0	2785
8627843	-1	-1	0	0	0	0	0
8637858	6620376	-1	832512	1006	0	0	1006
8646840	-1	-1	0	0	0	0	0
8655844	5156536	-1	1409024	2186	0	0	2186
8664826	-1	-1	0	0	0	0	0
8674839	-1	-1	0	0	0	0	0
8683831	-1	-1	0	0	0	0	0
8691840	7559456	-1	1994752	2111	0	0	2111
8700825	-1	-1	0	0	0	0	0
8708825	5514656	-1	1188408	1724	0	0	1724
8716835	-1	-1	0	0	0	0	0
8724828	6659744	-1	796672	957	0	0	957
8733848	-1	-1	0	0	0	0	0
8742840	2882856	-1	452608	1256	0	0	1256
8751840	-1	-1	0	0	0	0	0
8759852	4688904	-1	530432	905	0	0	905
8768827	-1	-1	0	0	0	0	0
8777848	3443648	-1	562176	1306	0	0	1306
8782854	-1	-1	0	0	0	0	0
8789864	4836624	-1	932864	1543	0	0	1543
8798846	-1	-1	0	0	0	0	0
8808829	7700024	-1	1378304	1432	0	0	1432
8812828	-1	-1	0	0	0	0	0
8821848	-1	-1	0	0	0	0	0
8829839	-1	-1	0	0	0	0	0
8837848	4506376	-1	1787904	3174	0	0	3174
8846843	-1	-1	0	0	0	0	0
8853852	4734824	-1	838656	1417	0	0	1417
8862839	-1	-1	0	0	0	0	0
8871843	6969104	-1	1027072	1179	0	0	1179
8880848	-1	-1	0	0	0	0	0
8889847	2797712	-1	470016	1344	0	0	1344
8898839	-1	-1	0	0	0	0	0
8907846	6548184	-1	742400	907	0	0	907
8913847	-1	-1	0	0	0	0	0
8922839	4707728	-1	1217536	2069	0	0	2069
8931832	-1	-1	0	0	0	0	0
8941846	5151128	-1	804864	1250	0	0	1250
8947838	-1	-1	0	0	0	0	0
8956825	6132968	-1	854016	1114	0	0	1114
8961876	-1	-1	0	0	0	0	0
8970843	4653768	-1	1119232	1924	0	0	1924
8980039	-1	-1	0	0	0	0	0
8988823	4752760	-1	1252352	2108	0	0	2108
8997849	-1	-1	0	0	0	0	0
9005827	-1	-1	0	0	0	0	0
9013849	-1	-1	49152	336	0	0	384
9018844	2554136	-1	1170432	3666	0	0	3666
9027836	-1	-1	0	0	0	0	0
9035831	5941584	-1	1021952	1376	0	0	1376
9044822	-1	-1	0	0	0	0	0
9054847	3534592	-1	1263616	2860	0	0	2860
9062840	-1	-1	0	0	0	0	0
9072832	4930976	-1	768000	1246	0	0	1246
9078840	-1	-1	0	0	0	0	0
9086838	2243112	-1	818176	2918	0	0	-1
9095842	-1	-1	0	0	0	0	-1
9105849	4918008	-1	1792000	2915	0	0	-1
9114838	-1	-1	0	0	0	0	-1
9123834	2826808	-1	1666048	4715	0	0	-1
9131836	-1	-1	0	0	0	0	-1
9139836	-1	-1	0	0	0	0	-1
9146839	-1	-1	0	0	0	0	-1
9151836	-1	-1	0	0	0	0	-1
9157482	2974840	-1	1089536	2930	0	0	29975
9163487	3503864	-1	366592	837	0	0	837
9164487	-1	-1	0	0	0	0	0
9166457	-1	-1	0	0	0	0	265
9169462	3387176	-1	1326080	3132	0	0	3132
9178463	-1	-1	105472	203	0	0	203
9187460	-1	-1	0	0	0	0	0
9194456	-1	-1	0	0	0	0	0
9200474	3224568	-1	1163264	2886	0	0	2886
9205482	-1	-1	0	0	0	0	0
9211482	4876896	-1	1355776	2224	0	0	2224
9221464	-1	-1	0	0	0	0	0
9230454	-1	-1	0	0	0	0	0
9239503	4725968	-1	1017856	1723	0	0	1853
9241474	-1	-1	0	0	0	0	0
9250455	-1	-1	0	0	0	0	0
9259479	2065256	-1	367616	1424	0	0	1424
9264482	-1	-1	0	0	0	0	0
9271472	3556040	-1	472064	1062	0	0	1062
9279484	-1	-1	0	0	0	0	0
9287482	5417912	-1	723968	1069	0	0	1069
9297466	-1	-1	0	0	0	0	0
9305514	-1	-1	0	0	0	0	0
9312471	-1	-1	0	0	0	0	0
9318457	4730624	-1	1915904	3240	0	0	3240
9327481	-1	-1	40960	284	0	0	315
9332471	3990976	-1	797696	1599	0	0	1599
9340470	-1	-1	0	0	0	0	0
9348489	2233904	-1	1018940	3649	0	0	3649
9354455	-1	-1	0	0	0	0	0
9363479	-1	-1	0	0	0	0	0
9370456	-1	-1	0	0	0	0	0
9376454	6251496	-1	1161216	1486	0	0	1515
9385462	-1	-1	0	0	0	0	0
9393464	4119912	-1	617472	1199	0	0	1199
9402610	-1	-1	0	0	0	0	0
9408477	4129904	-1	623616	1208	0	0	1208
9412473	-1	-1	0	0	0	0	0
9420473	3401144	-1	571392	1344	0	0	1344
9429462	-1	-1	0	0	0	0	0
9437474	4156632	-1	631808	1216	0	0	1216
9445469	-1	-1	0	0	0	0	0
9452474	-1	-1	0	0	0	0	0
9455460	-1	-1	0	0	0	0	0
9462517	7664616	-1	1339392	1398	0	0	1438
9470504	-1	-1	0	0	0	0	0
9478460	3015736	-1	411648	1092	0	0	1092
9486467	-1	-1	0	0	0	0	0
9495482	3440080	-1	625664	1455	0	0	1455
9500470	-1	-1	0	0	0	0	0
9507480	4905904	-1	756736	1234	0	0	1234
9515453	-1	-1	0	0	0	0	0
9524472	5849440	-1	859136	1175	0	0	1175
9532475	-1	-1	0	0	0	0	0
9541473	-1	-1	0	0	0	0	0
9547500	8026408	-1	843776	841	0	0	847
9552474	10389856	-1	798720	615	0	0	615
9559493	-1	-1	0	0	0	0	0
9567482	-1	-1	0	0	0	0	0
9575478	-1	-1	0	0	0	0	0
9585477	7718248	-1	1601536	1660	0	0	1660
9595479	-1	-1	0	0	0	0	0
9602455	-1	-1	0	0	0	0	0
9606462	-1	-1	0	0	0	0	0
9615480	6534960	-1	1651712	2022	0	0	2022
9624472	-1	-1	0	0	0	0	0
9632482	3823456	-1	991232	2074	0	0	2074
9640473	-1	-1	0	0	0	0	0
9645464	-1	-1	0	0	0	0	0
9651482	-1	-1	0	0	0	0	0
9658479	4036088	-1	655360	1299	0	0	1306
9665465	-1	-1	0	0	0	0	0
9674456	3009184	-1	527360	1402	0	0	1402
9676473	-1	-1	0	0	0	0	0
9685480	2836272	-1	385024	1086	0	0	1086
9694458	-1	-1	0	0	0	0	0
9703493	2958240	-1	550972	1490	0	0	1490
9712474	-1	-1	0	0	0	0	0
9718458	1648152	-1	519168	2520	0	0	2520
9727486	-1	-1	0	0	0	0	0
9734455	2185416	-1	504832	1848	0	0	1848
9760502	-1	-1	0	0	0	0	3450
9767515	-1	-1	0	0	0	0	0
9776513	-1	-1	0	0	0	0	0
9784505	-1	-1	0	0	0	0	0
9788503	-1	-1	0	0	0	0	0
9795512	5150992	-1	1042432	1619	0	0	1619
9803511	-1	-1	0	0	0	0	0
9812504	5312040	-1	1044480	1573	0	0	1573
9819512	-1	-1	0	0	0	0	0
9828522	-1	-1	0	0	0	0	0
9835511	-1	-1	0	0	0	0	0
9842526	3223080	-1	1990656	4941	0	0	4941
9851511	-1	-1	0	0	0	0	0
9860522	1745944	-1	1090560	4997	0	0	5196
9867512	2112920	-1	366592	1388	0	0	1388
9876504	1870320	-1	512000	2190	0	0	2190
9885505	-1	-1	0	0	0	0	0
9894522	4870488	-1	936960	1539	0	0	1539
9901495	-1	-1	0	0	0	0	0
9911515	1702416	-1	735232	3455	0	0	3455
9919516	-1	-1	0	0	0	0	0
9926518	3331872	-1	743424	1785	0	0	1785
9935510	-1	-1	0	0	0	0	0
9941500	-1	-1	0	0	0	0	0
9946492	-1	-1	0	0	0	0	0
9954519	3594160	-1	1155072	2571	0	0	2571
9961499	-1	-1	0	0	0	0	0
9968520	-1	-1	0	0	0	0	0
9974492	-1	-1	0	0	0	0	0
9981502	6014160	-1	1411072	1877	0	0	1877
9990507	-1	-1	0	0	0	0	0
9999514	3789248	-1	645120	1362	0	0	1362
10007513	-1	-1	0	0	0	0	0
10014520	5368992	-1	833536	1242	0	0	1242
10023522	-1	-1	0	0	0	0	0
10032514	-1	-1	0	0	0	0	0
10040507	-1	-1	0	0	0	0	0
10047514	7032528	-1	1521664	1731	0	0	1731
10054488	-1	-1	0	0	0	0	0
10062489	3629888	-1	1539072	3392	0	0	3392
10071512	-1	-1	0	0	0	0	0
10079511	-1	-1	0	0	0	0	0
10082491	-1	-1	0	0	0	0	0
10090528	4759968	-1	2128896	3578	0	0	3578
10098526	-1	-1	0	0	0	0	0
10107513	-1	-1	0	0	0	0	0
10114489	-1	-1	0	0	0	0	0
10122490	5004264	-1	1759000	2812	0	0	2812
10132507	-1	-1	0	0	0	0	0
10141495	-1	-1	0	0	0	0	0
10147525	-1	-1	0	0	0	0	0
10156508	3900536	-1	1818624	3730	0	0	3730
10165498	-1	-1	0	0	0	0	0
10175517	2801960	-1	804864	2298	0	0	2298
10180503	-1	-1	0	0	0	0	0
10190488	2724280	-1	1018880	2992	0	0	2992
10200503	-1	-1	0	0	0	0	0
10209498	5389616	-1	1026048	1523	0	0	1523
10218494	-1	-1	0	0	0	0	0
10226495	5658224	-1	1049600	1484	0	0	1484
10235514	-1	-1	0	0	0	0	0
10242488	2514240	-1	963584	3066	0	0	3066
10252505	-1	-1	0	0	0	0	0
10261498	4850352	-1	1102848	1819	0	0	1819
10268503	-1	-1	0	0	0	0	0
10277496	2151992	-1	1191936	4431	0	0	4431
10286525	-1	-1	0	0	0	0	0
10294525	3826400	-1	603136	1261	0	0	1261
10303512	-1	-1	0	0	0	0	0
10312523	2314160	-1	1538048	5317	0	0	5317
10321495	-1	-1	0	0	0	0	0
10330526	3283616	-1	591872	1442	0	0	1442
10340526	-1	-1	0	0	0	0	0
10350528	4022064	-1	1253376	2493	0	0	2493
10360515	-1	-1	0	0	0	0	0
10367511	-1	-1	0	0	0	0	0
10371522	-1	-1	0	0	0	0	0
10379498	5488496	-1	1172480	1709	0	0	1709
10388504	-1	-1	0	0	0	0	0
10397496	-1	-1	0	0	0	0	0
10404513	1512368	-1	172032	910	0	0	984
10408516	1772584	-1	876544	3956	0	0	4002
10414543	2373816	-1	887808	2992	0	0	2992
10424517	3318472	-1	1125376	2713	0	0	2713
10433502	-1	-1	0	0	0	0	0
10441497	2775592	-1	885760	2553	0	0	2553
10450518	-1	-1	0	0	0	0	0
10458518	3525840	-1	826368	1875	0	0	1875
10467514	-1	-1	0	0	0	0	0
10475514	2658216	-1	519016	1562	0	0	1562
10484504	-1	-1	0	0	0	0	0
10492506	2454704	-1	1387520	4522	0	0	4522
10501497	-1	-1	0	0	0	0	0
10511523	2605496	-1	1499136	4603	0	0	4603
10519516	-1	-1	0	0	0	0	0
10527524	2863848	-1	1137664	3178	0	0	3178
10535524	-1	-1	0	0	0	0	0
10544503	-1	-1	0	0	0	0	0
10547515	-1	-1	0	0	0	0	224
10552508	3306336	-1	1582080	3828	0	0	3828
10560508	-1	-1	0	0	0	0	0
10568504	-1	-1	0	0	0	0	0
10576505	-1	-1	0	0	0	0	0
10585498	4014504	-1	1563648	3116	0	0	3116
10593496	-1	-1	0	0	0	0	0
10600514	2587936	-1	990208	3061	0	0	3061
10610522	-1	-1	0	0	0	0	0
10620515	2732352	-1	553984	1622	0	0	1622
10628505	-1	-1	0	0	0	0	0
10637506	3193296	-1	1135616	2845	0	0	2845
10646541	-1	-1	0	0	0	0	0
10656504	3343016	-1	847872	2029	0	0	2029
10663513	-1	-1	0	0	0	0	0
10673503	3270768	-1	1221632	2988	0	0	2988
10678492	-1	-1	0	0	0	0	0
10684504	-1	-1	0	0	0	0	0
10691511	-1	-1	0	0	0	0	0
10699514	3915712	-1	1345536	2749	0	0	2749
10708507	-1	-1	0	0	0	0	0
10717499	4925136	-1	812032	1319	0	0	1319
10726522	-1	-1	0	0	0	0	0
10734489	3453000	-1	995328	2306	0	0	2306
10742519	-1	-1	0	0	0	0	0
10752503	4975280	-1	814080	1309	0	0	1309
10760502	-1	-1	0	0	0	0	0
10768512	2313928	-1	940032	3250	0	0	3250
10776509	-1	-1	0	0	0	0	0
10786521	-1	-1	0	0	0	0	0
10795524	1693816	-1	776192	3666	0	0	3753
10797502	2714768	-1	641024	1889	0	0	1889
10806496	3399680	-1	849920	2000	0	0	2000
10807512	-1	-1	0	0	0	0	0
10816543	-1	-1	0	0	0	0	0
10825495	3251688	-1	769024	1892	0	0	1892
10832506	-1	-1	0	0	0	0	0
10840517	2684048	-1	1330952	3967	0	0	3967
10849500	-1	-1	0	0	0	0	0
10858507	-1	-1	0	0	0	0	0
10865507	-1	-1	0	0	0	0	505
10870513	2186392	-1	1443840	5283	0	0	5283
10879490	-1	-1	0	0	0	0	0
10887517	2684848	-1	940032	2801	0	0	2801
10892529	-1	-1	0	0	0	0	0
10899519	-1	-1	0	0	0	0	0
10907499	-1	-1	0	0	0	0	0
10914520	3847336	-1	1410048	2932	0	0	2974
10922488	-1	-1	0	0	0	0	0
10931513	4727816	-1	1007616	1705	0	0	1705
10938505	-1	-1	0	0	0	0	0
10947515	2741624	-1	1110016	3239	0	0	3239
10957498	-1	-1	0	0	0	0	0
10964508	4831608	-1	887808	1470	0	0	1470
10969499	-1	-1	0	0	0	0	0
10978519	-1	-1	0	0	0	0	0
10985505	-1	-1	0	0	0	0	0
10992508	3188000	-1	1632256	4096	0	0	4096
11001498	-1	-1	0	0	0	0	0
11009509	2870304	-1	947200	2640	0	0	2640
11019495	-1	-1	0	0	0	0	0
11028504	4917176	-1	1017856	1656	0	0	1656
11037495	-1	-1	0	0	0	0	0
11046492	-1	-1	0	0	0	0	0
11047512	-1	-1	0	0	0	0	0
11056511	2985760	-1	1622016	4346	0	0	4346
11065494	-1	-1	0	0	0	0	0
11074494	1688272	-1	1088512	5158	0	0	5158
11081505	3022816	-1	346112	916	0	0	916
11091498	4178128	-1	833536	1596	0	0	1596
11098524	-1	-1	0	0	0	0	0
11108506	1451624	-1	775168	4272	0	0	4272
11115511	-1	-1	0	0	0	0	0
11124507	2913688	-1	815104	2238	0	0	2238
11133499	-1	-1	0	0	0	0	0
11139516	2155512	-1	420864	1562	0	0	1562
11147511	-1	-1	0	0	0	0	0
11156510	5369768	-1	1241088	1849	0	0	1849
11165496	-1	-1	0	0	0	0	0
11172502	-1	-1	0	0	0	0	0
11181496	-1	-1	0	0	0	0	0
11187532	4925456	-1	1377280	2237	0	0	2365
11194528	-1	-1	0	0	0	0	0
11203522	-1	-1	0	0	0	0	0
11210520	2125096	-1	324608	1222	0	0	1478
11214518	3545232	-1	1032992	2331	0	0	2331
11223514	-1	-1	0	0	0	0	0
11231511	2352320	-1	439296	1494	0	0	1494
11239511	-1	-1	0	0	0	0	0
11247511	2803304	-1	777216	2218	0	0	2218
11255511	-1	-1	0	0	0	0	0
11265494	2661432	-1	774144	2327	0	0	2327
11273501	-1	-1	0	0	0	0	39
11278527	3288696	-1	792576	1928	0	0	1928
11287513	-1	-1	0	0	0	0	0
11296592	3857680	-1	886784	1839	0	0	1839
11300514	-1	-1	0	0	0	0	0
11307511	4237696	-1	658432	1243	0	0	1243
11316514	-1	-1	0	0	0	0	0
11325495	-1	-1	0	0	0	0	0
11333495	-1	-1	0	0	0	0	0
11341494	2402768	-1	1480704	4930	0	0	4930
11348505	-1	-1	0	0	0	0	0
11357494	5150440	-1	1277952	1985	0	0	1985
11366490	-1	-1	0	0	0	0	0
11375508	2373888	-1	406528	1370	0	0	1370
11383521	-1	-1	0	0	0	0	0
11392518	3185328	-1	798720	2006	0	0	2006
11401518	-1	-1	0	0	0	0	0
11409495	1416432	-1	671744	3794	0	0	3794
11418518	-1	-1	0	0	0	0	0
11428503	4536024	-1	855040	1508	0	0	1508
11433498	-1	-1	0	0	0	0	0
11440515	-1	-1	0	0	0	0	0
11444502	-1	-1	0	0	0	0	0
11454490	3083768	-1	1475584	3828	0	0	3828
11463515	-1	-1	0	0	0	0	0
11473498	2199648	-1	735232	2674	0	0	2674
11482488	-1	-1	0	0	0	0	0
11489500	2662136	-1	769024	2311	0	0	2311
11497495	-1	-1	0	0	0	0	0
11505495	3485264	-1	657408	1509	0	0	1509
11513501	-1	-1	0	0	0	0	0
11522519	-1	-1	0	0	0	0	0
11525494	-1	-1	0	0	0	0	0
11534548	3184720	-1	1197056	3007	0	0	3007
11543511	-1	-1	0	0	0	0	0
11545495	-1	-1	0	0	0	0	0
11554528	-1	-1	0	0	0	0	0
11562521	3175520	-1	1232896	3106	0	0	3132
11569498	-1	-1	0	0	0	0	0
11578521	5604592	-1	654336	934	0	0	934
11585495	-1	-1	0	0	0	0	0
11594488	5507616	-1	1096704	1593	0	0	1593
11603511	2343168	-1	1054720	3601	0	0	-1
11604502	-1	-1	0	0	0	0	-1
11614491	-1	-1	0	0	0	0	-1
11623512	4668456	-1	1022976	1753	0	0	-1
11632502	-1	-1	0	0	0	0	-1
11639511	4615752	-1	991232	1718	0	0	-1
11645496	-1	-1	0	0	0	0	-1
11652504	7825560	-1	984064	1006	0	0	-1
11661497	-1	-1	0	0	0	0	-1
11671515	-1	-1	0	0	0	0	-1
11678492	-1	-1	0	0	0	0	-1
11682346	5330216	-1	1359872	2041	0	0	5215
