131175	7406448	-1	5657600	6111	0	0	6111
140152	-1	-1	0	0	0	0	0
148152	5608240	-1	1042432	1487	0	0	1487
153151	-1	-1	0	0	0	0	0
157152	4410104	-1	1430528	2595	0	0	2595
164152	4430848	-1	582656	1052	0	0	1052
171151	1163824	-1	368640	2534	0	0	2549
177152	2875976	-1	486400	1353	0	0	1353
184152	6895424	-1	838656	973	0	0	973
189152	-1	-1	0	0	0	0	0
196152	5087272	-1	835584	1314	0	0	1314
201152	-1	-1	0	0	0	0	0
209154	6628440	-1	507904	613	0	0	613
216152	-1	-1	0	0	0	0	0
222152	7401048	-1	1207296	1305	0	0	1305
227152	-1	-1	90112	208	0	0	240
232152	5489144	-1	673792	982	0	0	982
240151	-1	-1	0	0	0	0	0
246151	7840688	-1	502784	513	0	0	513
253152	5157504	-1	932864	1447	0	0	1447
255152	-1	-1	0	0	0	0	0
261151	-1	-1	0	0	0	0	0
268151	7662528	-1	1852416	1934	0	0	1934
275152	-1	-1	0	0	0	0	0
283151	6080952	-1	1333248	1754	0	0	1754
288151	-1	-1	0	0	0	0	0
295152	5012944	-1	1037052	1655	0	0	1655
303151	-1	-1	0	0	0	0	0
309151	4784344	-1	718848	1202	0	0	1263
314151	-1	-1	0	0	0	0	0
321152	6360072	-1	1386496	1744	0	0	1744
328151	-1	-1	0	0	0	0	0
335151	6912584	-1	1139712	1319	0	0	1319
343893	7079504	-1	1720320	1944	0	0	1944
359622	2024824	-1	1386496	5478	0	0	5478
365621	-1	-1	0	0	0	0	0
372621	-1	-1	0	0	0	0	0
379621	-1	-1	0	0	0	0	0
385621	-1	-1	0	0	0	0	0
393621	-1	-1	0	0	0	0	0
401621	-1	-1	0	0	0	0	0
408621	-1	-1	0	0	0	0	0
415621	-1	-1	0	0	0	0	0
429220	2624088	-1	974848	2972	0	0	2972
448100	4007960	-1	1771520	3536	0	0	3536
455100	-1	-1	0	0	0	0	0
463100	-1	-1	0	0	0	0	0
466100	-1	-1	0	0	0	0	0
473100	-1	-1	0	0	0	0	0
481101	-1	-1	0	0	0	0	0
487100	-1	-1	0	0	0	0	0
492101	-1	-1	0	0	0	0	0
499099	-1	-1	0	0	0	0	0
505101	-1	-1	0	0	0	0	0
511100	-1	-1	0	0	0	0	0
518101	-1	-1	0	0	0	0	0
524099	-1	-1	0	0	0	0	0
531099	-1	-1	0	0	0	0	0
539100	-1	-1	0	0	0	0	0
547099	5729472	-1	714752	998	0	0	1041
554100	-1	-1	0	0	0	0	0
558100	6826664	-1	1361920	1596	0	0	1596
563100	-1	-1	0	0	0	0	0
570099	6067736	-1	1120256	1477	0	0	1477
577100	-1	-1	0	0	0	0	0
585099	7303824	-1	791552	867	0	0	867
592099	-1	-1	0	0	0	0	0
599100	6504088	-1	887808	1092	0	0	1092
602100	-1	-1	0	0	0	0	0
609099	6592448	-1	1181696	1434	0	0	1434
617099	-1	-1	0	0	0	0	0
622100	3346432	-1	1929216	4612	0	0	4612
629100	-1	-1	0	0	0	0	0
634099	4982640	-1	1286144	2065	0	0	2065
642100	-1	-1	0	0	0	0	0
650100	-1	-1	0	0	0	0	0
655099	5951608	-1	1694720	2278	0	0	2278
658099	-1	-1	44032	41	0	0	41
665100	-1	-1	0	0	0	0	0
673099	6725936	-1	2038800	2425	0	0	2425
680099	-1	-1	0	0	0	0	0
687100	5138960	-1	1387520	2160	0	0	2160
695099	-1	-1	0	0	0	0	0
703099	5604608	-1	680960	972	0	0	972
708100	-1	-1	0	0	0	0	0
714100	3998936	-1	738304	1477	0	0	1477
721099	7120376	-1	612352	688	0	0	740
726100	6126992	-1	1291264	1686	0	0	1686
729100	-1	-1	0	0	0	0	0
737099	4982760	-1	1449984	2328	0	0	2328
743099	-1	-1	0	0	0	0	0
751100	-1	-1	0	0	0	0	0
755100	-1	-1	0	0	0	0	0
762105	6621296	-1	1782784	2154	0	0	2154
770100	-1	-1	0	0	0	0	0
777100	6033872	-1	1388544	1841	0	0	1841
783100	-1	-1	0	0	0	0	0
790101	6496592	-1	1353728	1667	0	0	1667
797102	-1	-1	0	0	0	0	0
805102	2684776	-1	838656	2499	0	0	2499
812101	-1	-1	0	0	0	0	0
820103	5644584	-1	1492992	2116	0	0	2337
827099	-1	-1	0	0	0	0	0
834100	5471112	-1	763904	1117	0	0	1117
842100	-1	-1	0	0	0	0	0
850099	5949232	-1	774144	1041	0	0	1041
856100	5434296	-1	548864	808	0	0	942
860100	8833912	-1	295936	268	0	0	268
868099	-1	-1	0	0	0	0	0
920100	6078840	-1	1337344	1760	0	0	1760
927100	-1	-1	0	0	0	0	0
934099	5678736	-1	1034240	1457	0	0	1457
938099	-1	-1	0	0	0	0	0
945100	6113288	-1	1273856	1667	0	0	1667
951100	-1	-1	0	0	0	0	0
958099	6666664	-1	1280000	1536	0	0	1536
963099	-1	-1	0	0	0	0	0
969100	6435648	-1	1016832	1264	0	0	1264
977099	-1	-1	104448	95	0	0	95
982099	6928224	-1	943104	1089	0	0	1089
988115	-1	-1	0	0	0	0	0
995100	5610552	-1	1155072	1647	0	0	1647
1002099	-1	-1	0	0	0	0	0
1008100	5556576	-1	1334272	1921	0	0	1921
1016100	-1	-1	0	0	0	0	0
1022099	5254160	-1	965452	1470	0	0	1470
1030100	-1	-1	0	0	0	0	0
1037100	7108848	-1	2076672	2337	0	0	2337
1044099	-1	-1	0	0	0	0	0
1051100	5995096	-1	628736	839	0	0	916
1058100	-1	-1	0	0	0	0	0
1065099	6910784	-1	1640448	1899	0	0	1899
1071099	-1	-1	0	0	0	0	0
1078100	6378200	-1	983040	1233	0	0	1233
1084102	-1	-1	0	0	0	0	0
1091099	5559576	-1	849920	1223	0	0	1223
1099100	-1	-1	0	0	0	0	0
1106100	-1	-1	0	0	0	0	0
1113100	-1	-1	0	0	0	0	81
1118101	4364648	-1	1954816	3583	0	0	3583
1125100	-1	-1	0	0	0	0	0
1133100	5554728	-1	1278976	1842	0	0	1842
1139100	-1	-1	0	0	0	0	0
1147099	6126856	-1	823296	1075	0	0	1075
1154111	-1	-1	0	0	0	0	0
1161100	1930488	-1	1101824	4566	0	0	4566
1169099	-1	-1	0	0	0	0	0
1176099	-1	-1	0	0	0	0	0
1183100	4805976	-1	675840	1125	0	0	1125
1186100	-1	-1	0	0	0	0	0
1194099	4400968	-1	480256	873	0	0	873
1201099	5954040	-1	1027072	1380	0	0	1380
1207100	-1	-1	0	0	0	0	0
1215099	4638032	-1	849920	1466	0	0	1466
1222099	-1	-1	0	0	0	0	0
1227100	5508640	-1	874496	1270	0	0	-1
1231100	-1	-1	0	0	0	0	-1
1235099	2764168	-1	281600	815	0	0	-1
1243100	3723640	-1	276480	594	0	0	-1
1250100	1435568	-1	840704	4685	0	0	-1
1257099	4831888	-1	178176	295	0	0	-1
1264154	4525048	-1	809984	1432	0	0	-1
1269100	-1	-1	0	0	0	0	-1
1276100	-1	-1	0	0	0	0	-1
1405452	2459352	-1	717824	2335	0	0	6356
1411452	-1	-1	0	0	0	0	0
1418452	3260272	-1	2181120	5352	0	0	5352
1426452	4138888	-1	592896	1146	0	0	1146
1432455	2794672	-1	1803264	5162	0	0	5162
1438453	3834656	-1	803840	1677	0	0	1677
1445452	-1	-1	0	0	0	0	0
1451452	-1	-1	0	0	0	0	0
1457454	6600848	-1	2374656	2878	0	0	2878
1462452	-1	-1	0	0	0	0	0
1467454	-1	-1	0	0	0	0	0
1473453	1254080	-1	253952	1620	0	0	2471
1476452	3560696	-1	1672192	3757	0	0	3757
1484453	7168000	-1	516096	576	0	0	576
1492453	-1	-1	0	0	0	0	0
1500452	-1	-1	0	0	0	0	0
1506452	7468192	-1	1827840	1958	0	0	1958
1513452	-1	-1	0	0	0	0	0
1519453	6992064	-1	1103872	1263	0	0	1263
1527452	-1	-1	0	0	0	0	0
1533452	6729760	-1	1197056	1423	0	0	1423
1539452	-1	-1	0	0	0	0	0
1547452	8883808	-1	1078272	971	0	0	971
1554452	-1	-1	0	0	0	0	0
1562451	6825008	-1	1405952	1648	0	0	1648
1569452	-1	-1	0	0	0	0	0
1576452	3988120	-1	1173504	2354	0	0	2354
1583452	-1	-1	0	0	0	0	0
1591452	5687688	-1	1209344	1701	0	0	1701
1598452	-1	-1	0	0	0	0	0
1605452	-1	-1	0	0	0	0	0
1611452	-1	-1	0	0	0	0	0
1619452	5807792	-1	1401856	1931	0	0	1931
1622452	-1	-1	0	0	0	0	0
1629452	4200632	-1	842752	1605	0	0	1605
1637452	-1	-1	0	0	0	0	0
1645452	5061064	-1	1319672	2086	0	0	2086
1653452	-1	-1	0	0	0	0	0
1660452	6295072	-1	1226752	1559	0	0	1559
1668452	-1	-1	0	0	0	0	0
1674452	7533408	-1	1335296	1418	0	0	1418
1680462	-1	-1	0	0	0	0	0
1687452	-1	-1	0	0	0	0	0
1693453	6688296	-1	2054144	2457	0	0	2457
1696452	-1	-1	0	0	0	0	0
1703452	-1	-1	0	0	0	0	0
1710452	5576152	-1	1143808	1641	0	0	1641
1717452	-1	-1	0	0	0	0	0
1724452	5132768	-1	1029120	1604	0	0	1604
1731452	-1	-1	0	0	0	0	0
1738452	6961296	-1	1685504	1937	0	0	1937
1745452	-1	-1	0	0	0	0	0
1752454	6728224	-1	1341440	1595	0	0	1595
1759452	-1	-1	0	0	0	0	0
1765452	6983768	-1	1373184	1573	0	0	1573
1773453	-1	-1	0	0	0	0	0
1781454	7270000	-1	1404928	1546	0	0	1546
1786457	-1	-1	0	0	0	0	0
1792453	-1	-1	0	0	0	0	0
1798453	-1	-1	0	0	0	0	0
1805454	6093640	-1	1858560	2440	0	0	2440
1812453	6024888	-1	401408	533	0	0	551
1817453	5546536	-1	444416	641	0	0	641
1824452	-1	-1	0	0	0	0	0
1831454	5414848	-1	914432	1351	0	0	1351
1839452	-1	-1	0	0	0	0	0
1846452	6567392	-1	877568	1069	0	0	1069
1853452	-1	-1	0	0	0	0	0
1859467	6166088	-1	1000448	1298	0	0	1298
1867452	-1	-1	0	0	0	0	0
1874452	6462216	-1	2027520	2510	0	0	2510
1881453	-1	-1	0	0	0	0	0
1888452	-1	-1	0	0	0	0	0
1895452	-1	-1	0	0	0	0	0
1901452	6646336	-1	1364992	1643	0	0	1643
1908452	-1	-1	0	0	0	0	0
1914452	5958336	-1	1076224	1445	0	0	1445
1920452	-1	-1	0	0	0	0	0
1928453	2277400	-1	894732	3143	0	0	3143
1935453	-1	-1	0	0	0	0	0
1941452	4690896	-1	985088	1680	0	0	1680
1948452	-1	-1	0	0	0	0	0
1955452	-1	-1	0	0	0	0	0
1960452	-1	-1	0	0	0	0	0
1966452	6376496	-1	1467392	1841	0	0	1841
1974453	7285624	-1	1078272	1184	0	0	1184
1978466	8476448	-1	305152	288	0	0	288
1986452	-1	-1	0	0	0	0	0
1992453	6591120	-1	1079296	1310	0	0	1310
2000452	-1	-1	0	0	0	0	0
2006452	7020640	-1	957440	1091	0	0	1091
2014452	-1	-1	0	0	0	0	0
2051452	-1	-1	0	0	0	0	0
2053452	-1	-1	0	0	0	0	0
2060452	1652144	-1	1132544	5484	0	0	5524
2067452	8618352	-1	579584	538	0	0	538
2074453	6938392	-1	816128	941	0	0	941
2081452	-1	-1	0	0	0	0	0
2087452	6179288	-1	1210368	1567	0	0	1567
2094452	-1	-1	0	0	0	0	0
2101452	7053680	-1	1484800	1684	0	0	1684
2109452	-1	-1	0	0	0	0	0
2115454	-1	-1	0	0	0	0	0
2123453	-1	-1	0	0	0	0	0
2129452	7216968	-1	1735680	1924	0	0	1924
2136452	-1	-1	0	0	0	0	0
2143452	6466104	-1	1104896	1367	0	0	1367
2150452	-1	-1	0	0	0	0	0
2157452	7300560	-1	972800	1066	0	0	1066
2162452	-1	-1	0	0	0	0	0
2169452	7667000	-1	792576	827	0	0	827
2177452	-1	-1	0	0	0	0	0
2184452	8141528	-1	2147328	2110	0	0	2110
2191452	-1	-1	0	0	0	0	0
2199452	4990688	-1	1462272	2344	0	0	2344
2207452	-1	-1	0	0	0	0	0
2214452	-1	-1	0	0	0	0	0
2220452	7546160	-1	1136640	1205	0	0	1205
2224452	8702128	-1	593920	546	0	0	546
2230452	-1	-1	0	0	0	0	0
2236452	6855360	-1	693248	809	0	0	809
2243452	-1	-1	0	0	0	0	0
2251453	7687968	-1	1196440	1245	0	0	1245
2259452	-1	-1	0	0	0	0	0
2267452	5501784	-1	1114112	1620	0	0	1620
2274452	-1	-1	0	0	0	0	0
2281452	6577568	-1	955392	1162	0	0	1162
2288452	-1	-1	0	0	0	0	0
2293452	6045008	-1	1406976	1862	0	0	1862
2300452	-1	-1	0	0	0	0	0
2308452	-1	-1	0	0	0	0	0
2314452	6303960	-1	1846272	2343	0	0	2343
2317453	-1	-1	114688	105	0	0	105
2325452	-1	-1	0	0	0	0	0
2332452	-1	-1	0	0	0	0	0
2337452	-1	-1	0	0	0	0	0
2344452	6188144	-1	1543168	1995	0	0	1995
2352452	-1	-1	0	0	0	0	0
2359452	6181488	-1	928768	1202	0	0	1202
2366452	-1	-1	0	0	0	0	0
2373452	6416152	-1	1080320	1347	0	0	1347
2378452	-1	-1	0	0	0	0	0
2385452	5885944	-1	823296	1119	0	0	1119
2389454	-1	-1	0	0	0	0	0
2396453	6694096	-1	1327104	1586	0	0	1586
2404453	-1	-1	0	0	0	0	0
2410453	5982584	-1	1214464	1624	0	0	1624
2417453	-1	-1	0	0	0	0	0
2423453	-1	-1	0	0	0	0	0
2430454	-1	-1	0	0	0	0	0
2436452	7074168	-1	2209792	2499	0	0	2499
2439453	-1	-1	0	0	0	0	0
2446453	6978016	-1	747520	857	0	0	857
2453452	-1	-1	0	0	0	0	0
2460452	-1	-1	0	0	0	0	0
2462452	-1	-1	0	0	0	0	0
2470453	7310952	-1	2166784	2371	0	0	2371
2477452	-1	-1	0	0	0	0	0
2483452	-1	-1	0	0	0	0	0
2490452	7169784	-1	2054144	2292	0	0	2292
2491452	-1	-1	0	0	0	0	0
2498452	-1	-1	0	0	0	0	0
2503452	5503392	-1	580608	844	0	0	844
