23354	3840328	-1	6194454	12904	0	0	12904
32362	9145648	-1	1198080	1048	0	0	1048
41356	-1	-1	0	0	0	0	0
50355	6477256	-1	1129472	1395	0	0	1395
59377	-1	-1	0	0	0	0	0
68367	6603992	-1	885760	1073	0	0	1073
77368	-1	-1	0	0	0	0	0
86351	4976448	-1	931840	1498	0	0	1498
95343	-1	-1	0	0	0	0	0
104365	5566880	-1	1116160	1604	0	0	1604
113358	-1	-1	0	0	0	0	0
122345	6412960	-1	1092608	1363	0	0	1363
131369	-1	-1	0	0	0	0	0
140376	4707056	-1	1116160	1897	0	0	1897
149361	-1	-1	0	0	0	0	0
158350	3810872	-1	992256	2083	0	0	2083
167350	-1	-1	0	0	0	0	0
176370	2896224	-1	919552	2540	0	0	2540
188341	-1	-1	0	0	0	0	0
197343	6316152	-1	1089536	1380	0	0	1380
206355	-1	-1	0	0	0	0	0
215344	6643512	-1	817152	984	0	0	984
224342	-1	-1	0	0	0	0	0
233355	2719552	-1	584704	1720	0	0	1720
242345	-1	-1	0	0	0	0	0
251340	5135160	-1	650240	1013	0	0	1013
260344	-1	-1	0	0	0	0	0
269354	2176128	-1	830464	3053	0	0	3053
278345	-1	-1	0	0	0	0	0
287341	3483216	-1	774144	1778	0	0	1778
296345	-1	-1	0	0	0	0	0
305341	2253624	-1	561152	1992	0	0	1992
314340	-1	-1	0	0	0	0	0
323345	2665456	-1	892928	2680	0	0	2680
332344	-1	-1	0	0	0	0	0
341343	4865864	-1	748735	1231	0	0	1231
350342	-1	-1	0	0	0	0	0
359347	4824888	-1	1389568	2304	0	0	2304
368340	-1	-1	0	0	0	0	0
377347	2760272	-1	2100224	6087	0	0	6087
386340	-1	-1	0	0	0	0	0
395353	5758608	-1	1851392	2572	0	0	2572
404355	-1	-1	0	0	0	0	0
413346	6483992	-1	2060288	2542	0	0	2542
422351	-1	-1	0	0	0	0	0
431350	6168992	-1	1327104	1721	0	0	1721
440350	-1	-1	0	0	0	0	0
451341	5132960	-1	1115136	1738	0	0	1738
460345	-1	-1	0	0	0	0	0
469346	6928144	-1	1538048	1776	0	0	1776
478344	-1	-1	0	0	0	0	0
487349	7888904	-1	959488	973	0	0	973
496348	-1	-1	0	0	0	0	0
505341	3970432	-1	1278976	2577	0	0	2577
517352	-1	-1	0	0	0	0	0
526347	5094184	-1	1060864	1666	0	0	1666
535340	-1	-1	0	0	0	0	0
544346	3502688	-1	1254400	2865	0	0	2865
553355	-1	-1	0	0	0	0	0
562354	2209560	-1	1211392	4386	0	0	4386
571341	-1	-1	0	0	0	0	0
580354	4755288	-1	1041408	1752	0	0	1752
589351	-1	-1	0	0	0	0	0
598343	5074040	-1	706560	1114	0	0	1114
607347	-1	-1	0	0	0	0	0
616359	6758080	-1	1076224	1274	0	0	1274
625352	-1	-1	0	0	0	0	0
634345	3193136	-1	1555456	3897	0	0	3897
643341	-1	-1	0	0	0	0	0
652342	4960104	-1	972800	1569	0	0	1569
663355	-1	-1	0	0	0	0	0
672344	6219504	-1	1708032	2197	0	0	2197
681352	-1	-1	0	0	0	0	0
690345	4750200	-1	1338368	2254	0	0	2254
699349	-1	-1	0	0	0	0	0
708349	6303192	-1	1456037	1848	0	0	1848
717351	-1	-1	0	0	0	0	0
726347	6804960	-1	1979392	2327	0	0	2327
735342	-1	-1	0	0	0	0	0
744351	6146152	-1	1461248	1902	0	0	1902
753340	-1	-1	0	0	0	0	0
762344	5740104	-1	1236992	1724	0	0	1724
771344	-1	-1	0	0	0	0	0
780340	3390816	-1	1644544	3880	0	0	3880
789342	-1	-1	0	0	0	0	0
798347	4503176	-1	855040	1519	0	0	1519
807342	-1	-1	0	0	0	0	0
816341	7163944	-1	1355776	1514	0	0	1514
825346	-1	-1	0	0	0	0	0
834342	4967224	-1	1231872	1984	0	0	1984
843345	-1	-1	0	0	0	0	0
852341	5290736	-1	1566720	2369	0	0	2369
861340	-1	-1	0	0	0	0	0
870358	11364424	-1	1694720	1193	0	0	1193
879348	-1	-1	0	0	0	0	0
888350	4276864	-1	823296	1540	0	0	1540
897351	-1	-1	0	0	0	0	0
906343	4041752	-1	1068032	2114	0	0	2114
926356	-1	-1	0	0	0	0	0
935342	4217032	-1	338944	643	0	0	778
944340	-1	-1	0	0	0	0	0
953352	5301240	-1	599040	904	0	0	904
962349	-1	-1	0	0	0	0	0
971342	5593024	-1	1203200	1721	0	0	1721
980343	-1	-1	0	0	0	0	0
989342	5852312	-1	965632	1320	0	0	1320
998342	-1	-1	0	0	0	0	0
1007342	5434600	-1	902144	1328	0	0	1328
1016355	-1	-1	0	0	0	0	0
1025360	5295904	-1	797696	1205	0	0	1205
1034342	-1	-1	0	0	0	0	0
1043342	5208992	-1	1183744	1818	0	0	1818
1052344	-1	-1	0	0	0	0	0
1061354	8714896	-1	1177600	1081	0	0	1081
1070342	-1	-1	0	0	0	0	0
1079343	6759560	-1	893952	1058	0	0	1058
1088358	-1	-1	0	0	0	0	0
1097345	4531816	-1	966976	1707	0	0	1707
1106356	-1	-1	0	0	0	0	0
1115358	5156832	-1	537600	834	0	0	882
1124351	-1	-1	0	0	0	0	0
1133340	7970912	-1	701440	704	0	0	759
1142357	-1	-1	0	0	0	0	0
1151349	7260400	-1	734208	809	0	0	907
1160357	-1	-1	0	0	0	0	0
1169344	6279744	-1	1089536	1388	0	0	1388
1178349	-1	-1	0	0	0	0	0
1187355	6193952	-1	1523712	1968	0	0	1968
1196342	-1	-1	0	0	0	0	0
1205353	2541216	-1	476160	1499	0	0	1499
1214342	-1	-1	0	0	0	0	0
1223344	10168464	-1	1965056	1546	0	0	1546
1232342	-1	-1	0	0	0	0	0
1241348	6728760	-1	1290240	1534	0	0	1534
1250340	-1	-1	0	0	0	0	0
1259347	6694448	-1	1693696	2024	0	0	2024
1268353	-1	-1	0	0	0	0	0
1277349	5054000	-1	1029120	1629	0	0	1629
1286353	-1	-1	0	0	0	0	0
1295359	6577256	-1	1309696	1593	0	0	1593
1304344	-1	-1	0	0	0	0	0
1313348	6521320	-1	827392	1015	0	0	1015
1322350	-1	-1	0	0	0	0	0
1331356	6868728	-1	1031168	1201	0	0	1201
1340348	-1	-1	0	0	0	0	0
1349352	5106560	-1	972800	1524	0	0	1524
1358350	-1	-1	0	0	0	0	0
1367341	5707024	-1	555008	778	0	0	1013
1376343	-1	-1	0	0	0	0	0
1385339	6774152	-1	880640	1040	0	0	1040
1394340	-1	-1	0	0	0	0	0
1403345	4380768	-1	1149952	2100	0	0	2100
1412356	-1	-1	0	0	0	0	0
1421341	7177000	-1	1122304	1251	0	0	1251
1430345	-1	-1	0	0	0	0	0
1439341	5726848	-1	854016	1193	0	0	1193
1448341	-1	-1	0	0	0	0	0
1457345	8548920	-1	986332	923	0	0	923
1466358	-1	-1	0	0	0	0	0
1475343	6246400	-1	1186816	1520	0	0	1520
1484356	-1	-1	0	0	0	0	0
1493340	8583336	-1	1347584	1256	0	0	1256
1502355	-1	-1	0	0	0	0	0
1511346	5281760	-1	1847296	2798	0	0	2798
1520343	-1	-1	0	0	0	0	0
1529346	5675600	-1	1166336	1644	0	0	1644
1538340	-1	-1	0	0	0	0	0
1547356	5521968	-1	963584	1396	0	0	1396
1556340	-1	-1	0	0	0	0	0
1565353	5825424	-1	983040	1350	0	0	1350
1574344	-1	-1	0	0	0	0	0
1583355	9723728	-1	1456128	1198	0	0	1198
1592349	-1	-1	0	0	0	0	0
1601343	11832048	-1	1594368	1078	0	0	1078
1610352	-1	-1	0	0	0	0	0
1619344	7836952	-1	926720	946	0	0	946
1628341	-1	-1	0	0	0	0	0
1637346	5680360	-1	1345536	1895	0	0	1895
1646347	-1	-1	0	0	0	0	0
1655343	7652592	-1	1554432	1625	0	0	1625
1664345	-1	-1	0	0	0	0	0
1673342	5178984	-1	932864	1441	0	0	1441
1682350	-1	-1	0	0	0	0	0
1691340	10437136	-1	1951744	1496	0	0	1496
1700351	-1	-1	0	0	0	0	0
1709343	4527928	-1	1577984	2788	0	0	2788
1718353	-1	-1	0	0	0	0	0
1727343	8916856	-1	1587200	1424	0	0	1424
1736354	-1	-1	0	0	0	0	0
1745341	11009752	-1	1812480	1317	0	0	1317
1754352	-1	-1	0	0	0	0	0
1763359	6504240	-1	1835008	2257	0	0	2257
1772340	-1	-1	0	0	0	0	0
1781343	4486768	-1	1293312	2306	0	0	2306
1790344	-1	-1	0	0	0	0	0
1799358	9587728	-1	1399808	1168	0	0	1168
1808342	-1	-1	0	0	0	0	0
1817341	7665472	-1	1654784	1727	0	0	1727
1826360	-1	-1	0	0	0	0	0
1835352	3834352	-1	1565855	3267	0	0	3267
1844343	-1	-1	0	0	0	0	0
1853341	7446016	-1	1655808	1779	0	0	1779
1862344	-1	-1	0	0	0	0	0
1871344	4742736	-1	1205248	2033	0	0	2033
1880354	-1	-1	0	0	0	0	0
1889342	7828584	-1	1058816	1082	0	0	1082
1898346	-1	-1	0	0	0	0	0
1907343	3810016	-1	1248256	2621	0	0	2621
1916344	-1	-1	0	0	0	0	0
1925342	7058512	-1	1262592	1431	0	0	1431
1934347	-1	-1	0	0	0	0	0
1943355	7943936	-1	1410048	1420	0	0	1420
1952347	-1	-1	0	0	0	0	0
1961350	5188992	-1	1463296	2256	0	0	2256
1970345	-1	-1	0	0	0	0	0
1979348	7136448	-1	1592320	1785	0	0	1785
1988343	-1	-1	0	0	0	0	0
1997353	2190096	-1	1424384	5203	0	0	5203
2006350	-1	-1	0	0	0	0	0
2015354	4968784	-1	1215488	1957	0	0	1957
2024342	-1	-1	0	0	0	0	0
2033352	4410624	-1	1536000	2786	0	0	2786
2042347	-1	-1	0	0	0	0	0
2051345	6489288	-1	1260544	1554	0	0	1554
2060350	-1	-1	0	0	0	0	0
2069343	4807792	-1	1549312	2578	0	0	2578
2078355	-1	-1	0	0	0	0	0
2087357	5886184	-1	1659904	2256	0	0	2256
2096355	-1	-1	0	0	0	0	0
2105358	6756056	-1	1551360	1837	0	0	1837
2114353	-1	-1	0	0	0	0	0
2123351	5373400	-1	1522688	2267	0	0	2267
2132346	-1	-1	0	0	0	0	0
2141346	5302496	-1	1424384	2149	0	0	2149
2150342	-1	-1	0	0	0	0	0
2159343	2208864	-1	1202176	4354	0	0	4354
2168343	-1	-1	0	0	0	0	0
2177353	3924200	-1	1111040	2265	0	0	2265
2186345	-1	-1	0	0	0	0	0
2195343	4445808	-1	1335409	2403	0	0	2403
2204351	-1	-1	0	0	0	0	0
2213341	3622096	-1	1052672	2325	0	0	2325
2222353	-1	-1	0	0	0	0	0
2231348	4676720	-1	1546240	2645	0	0	2645
2240341	-1	-1	0	0	0	0	0
2249343	6156752	-1	1235968	1606	0	0	1606
2258345	-1	-1	0	0	0	0	0
2267343	5009920	-1	1386496	2214	0	0	2214
2276351	-1	-1	0	0	0	0	0
2285345	4693848	-1	972800	1658	0	0	1658
2294348	-1	-1	0	0	0	0	0
2303343	4097104	-1	1900544	3711	0	0	3711
2312343	-1	-1	0	0	0	0	0
2321347	6973168	-1	1575936	1808	0	0	1808
2330357	-1	-1	0	0	0	0	0
2339344	6865336	-1	1393664	1624	0	0	1624
2348355	-1	-1	0	0	0	0	0
2357352	4078704	-1	1328128	2605	0	0	2605
2366352	-1	-1	0	0	0	0	0
2375344	2470480	-1	1315840	4261	0	0	4261
2384354	-1	-1	0	0	0	0	0
2393351	4423600	-1	1168384	2113	0	0	2113
2402351	-1	-1	0	0	0	0	0
2411351	6219392	-1	1288192	1657	0	0	1657
2420343	-1	-1	0	0	0	0	0
2429355	3129896	-1	1086464	2777	0	0	2777
2438342	-1	-1	0	0	0	0	0
2447353	6527928	-1	1458176	1787	0	0	1787
2456343	-1	-1	0	0	0	0	0
2465355	7916728	-1	2208768	2232	0	0	2232
2474350	-1	-1	0	0	0	0	0
2483352	7866424	-1	1533952	1560	0	0	1560
2492341	-1	-1	0	0	0	0	0
2501346	5937520	-1	1715200	2311	0	0	2311
2510355	-1	-1	0	0	0	0	0
2519347	6000440	-1	1166336	1555	0	0	1555
2528343	-1	-1	0	0	0	0	0
2537352	6454104	-1	996352	1235	0	0	1235
2546343	-1	-1	0	0	0	0	0
2555359	4560880	-1	743424	1304	0	0	1304
2564345	-1	-1	0	0	0	0	0
2573347	2144760	-1	718495	2680	0	0	2680
2582345	-1	-1	0	0	0	0	0
2591356	6306240	-1	845824	1073	0	0	1073
2600341	-1	-1	0	0	0	0	0
2609344	5375792	-1	836608	1245	0	0	1245
2618348	-1	-1	0	0	0	0	0
2627351	4199104	-1	458752	874	0	0	888
2636344	-1	-1	0	0	0	0	0
2645346	853920	-1	312320	2926	0	0	2926
2654350	-1	-1	0	0	0	0	0
2663343	2546392	-1	311296	978	0	0	1032
2672340	-1	-1	0	0	0	0	0
2681358	3110616	-1	299008	769	0	0	864
2690340	-1	-1	0	0	0	0	0
2699341	1051072	-1	337920	2572	0	0	2572
2708348	-1	-1	0	0	0	0	0
2717348	1561688	-1	350208	1794	0	0	1794
2726345	-1	-1	0	0	0	0	0
2735340	4234192	-1	392192	741	0	0	752
2744344	-1	-1	0	0	0	0	0
2753343	3095144	-1	359424	929	0	0	929
2762342	-1	-1	0	0	0	0	0
2771340	2953688	-1	370688	1004	0	0	1004
2780347	-1	-1	0	0	0	0	0
2789341	3955448	-1	403456	816	0	0	816
2798350	-1	-1	0	0	0	0	0
2807344	4226920	-1	347136	657	0	0	794
2816353	-1	-1	0	0	0	0	0
2825344	3138832	-1	372736	950	0	0	950
2834351	-1	-1	0	0	0	0	0
2843360	3101528	-1	416768	1075	0	0	1075
2852350	-1	-1	0	0	0	0	0
2861344	4494728	-1	444416	791	0	0	810
2870347	-1	-1	0	0	0	0	0
2879348	3143096	-1	322560	821	0	0	914
2888344	-1	-1	0	0	0	0	0
2897352	2075632	-1	173056	667	0	0	797
2906343	-1	-1	0	0	0	0	0
2915351	6582600	-1	1394688	1695	0	0	1695
2924351	-1	-1	0	0	0	0	0
2933347	2638952	-1	371762	1127	0	0	1127
2942345	-1	-1	0	0	0	0	0
2951347	1407872	-1	175104	995	0	0	1080
2960355	-1	-1	0	0	0	0	0
2969344	1550664	-1	155648	803	0	0	1009
2978345	-1	-1	0	0	0	0	0
2987343	3443728	-1	570368	1325	0	0	1325
2996349	-1	-1	0	0	0	0	0
3005341	5964896	-1	784384	1052	0	0	1052
3014349	-1	-1	0	0	0	0	0
3023356	7966696	-1	905216	909	0	0	1038
3032347	-1	-1	0	0	0	0	0
3041347	7720816	-1	956416	991	0	0	1020
3058198	-1	-1	0	0	0	0	-1
3060445	-1	-1	123904	351	0	0	6211
