838651	9437464	-1	3305472	2802	0	0	2988
844635	-1	-1	0	0	0	0	578
849621	6399904	-1	2106368	2633	0	0	2633
854622	-1	-1	0	0	0	0	0
859622	-1	-1	0	0	0	0	0
864622	-1	-1	0	0	0	0	108
869621	3455376	-1	792576	1835	0	0	1835
874626	-1	-1	0	0	0	0	0
880622	3722328	-1	265216	570	0	0	570
885622	-1	-1	122880	615	0	0	630
890623	6879176	-1	670720	780	0	0	780
895623	-1	-1	0	0	0	0	120
900629	3515280	-1	232448	529	0	0	529
905655	-1	-1	0	0	0	0	71
910625	4798552	-1	741376	1236	0	0	1236
915621	-1	-1	0	0	0	0	0
921623	3478896	-1	493568	1135	0	0	1135
926632	-1	-1	106496	529	0	0	529
931628	10376536	-1	136192	105	0	0	105
936628	-1	-1	0	0	0	0	327
941622	4345872	-1	703488	1295	0	0	1295
946637	-1	-1	0	0	0	0	0
951649	5915976	-1	723968	979	0	0	979
956623	-1	-1	0	0	0	0	0
962631	6347344	-1	894976	1128	0	0	1128
967633	-1	-1	0	0	0	0	125
972622	6257960	-1	984064	1258	0	0	1258
977623	-1	-1	0	0	0	0	0
982621	3217728	-1	423936	1054	0	0	1054
987637	-1	-1	0	0	0	0	96
992627	3683648	-1	274432	596	0	0	596
997627	-1	-1	0	0	0	0	0
1003623	5173024	-1	961536	1487	0	0	1487
1008630	-1	-1	0	0	0	0	0
1013669	4470800	-1	513024	918	0	0	918
1018620	-1	-1	106496	447	0	0	447
1023624	7054224	-1	158720	180	0	0	180
1028625	-1	-1	0	0	0	0	198
1033639	2809112	-1	770048	2193	0	0	2193
1038639	-1	-1	0	0	0	0	0
1044625	4533832	-1	567296	1001	0	0	1001
1049622	-1	-1	0	0	0	0	0
1054622	3633384	-1	550912	1213	0	0	1293
1059624	-1	-1	0	0	0	0	0
1064628	5443416	-1	829440	1219	0	0	1219
1069660	-1	-1	0	0	0	0	0
1074622	6212552	-1	742400	956	0	0	956
1079635	-1	-1	0	0	0	0	0
1085624	4629848	-1	501760	867	0	0	867
1090625	-1	-1	0	0	0	0	0
1095628	4087536	-1	494592	968	0	0	1048
1100622	-1	-1	0	0	0	0	0
1105675	5153904	-1	680960	1057	0	0	1057
1110626	-1	-1	0	0	0	0	0
1115622	4656904	-1	505856	869	0	0	873
1120624	-1	-1	0	0	0	0	0
1126638	4044584	-1	241664	478	0	0	478
1131639	6072392	-1	434176	572	0	0	614
1136630	10879184	-1	1281024	942	0	0	942
1141622	-1	-1	0	0	0	0	0
1146623	2417144	-1	535700	1773	0	0	1773
1151633	-1	-1	0	0	0	0	0
1156685	4355368	-1	455680	837	0	0	837
1161660	-1	-1	0	0	0	0	0
1166644	3046376	-1	441344	1159	0	0	1159
1172625	7031192	-1	217088	247	0	0	247
1177662	-1	-1	0	0	0	0	0
1182666	4847640	-1	293888	485	0	0	500
1187635	4449000	-1	748544	1346	0	0	1346
1191638	5315696	-1	299008	450	0	0	450
1195656	-1	-1	0	0	0	0	0
1199624	4171456	-1	396288	760	0	0	761
1203626	6903368	-1	230400	267	0	0	267
1207623	2856344	-1	256000	717	0	0	771
1212621	6374400	-1	254976	320	0	0	320
1216621	5327088	-1	595968	895	0	0	895
1220624	-1	-1	0	0	0	0	0
1224621	5757368	-1	770048	1070	0	0	1070
1228635	-1	-1	0	0	0	0	0
1232622	8851464	-1	618496	559	0	0	665
1236625	-1	-1	0	0	0	0	0
1240622	3848168	-1	437248	909	0	0	909
1244627	12424032	-1	420864	271	0	0	271
1248681	6511872	-1	607232	746	0	0	775
1253663	-1	-1	22528	254	0	0	254
1257625	6198056	-1	528384	682	0	0	724
1261621	-1	-1	0	0	0	0	0
1265631	5628272	-1	483328	687	0	0	726
1269639	-1	-1	0	0	0	0	0
1273635	6282752	-1	579584	738	0	0	791
1277625	-1	-1	0	0	0	0	0
1281629	6630264	-1	478208	577	0	0	879
1285623	2581264	-1	660480	2047	0	0	2047
1289622	4390376	-1	267264	487	0	0	487
1294624	-1	-1	0	0	0	0	0
1298625	-1	-1	122880	779	0	0	1519
1302657	3967272	-1	694272	1400	0	0	1400
1306625	5181856	-1	386048	596	0	0	596
1310622	-1	-1	0	0	0	0	0
1314622	13284624	-1	1242112	748	0	0	748
1318628	-1	-1	0	0	0	0	0
1322620	7510384	-1	609280	649	0	0	936
1326628	8899952	-1	630784	567	0	0	567
1331621	7086080	-1	1240064	1400	0	0	1400
1335622	-1	-1	0	0	0	0	0
1339625	5302112	-1	681984	1029	0	0	1029
1343623	-1	-1	0	0	0	0	0
1347623	4200520	-1	658432	1254	0	0	1254
1351621	-1	-1	0	0	0	0	0
1355631	3105200	-1	155648	401	0	0	1181
1359624	3568744	-1	703488	1577	0	0	1577
1363623	10935736	-1	285696	209	0	0	209
1367626	-1	-1	0	0	0	0	0
1372626	1949320	-1	328704	1349	0	0	1732
1376627	7496320	-1	540672	577	0	0	577
1380621	-1	-1	0	0	0	0	0
1427631	11083456	-1	4211712	3040	0	0	3196
1432636	-1	-1	0	0	0	0	0
1436629	-1	-1	0	0	0	0	0
1440640	4588688	-1	805888	1405	0	0	1405
1444630	11889776	-1	428032	288	0	0	288
1448652	-1	-1	0	0	0	0	0
1452634	6025272	-1	831488	1104	0	0	1104
1456634	-1	-1	0	0	0	0	0
1460630	5172152	-1	799744	1237	0	0	1237
1464628	-1	-1	0	0	0	0	0
1468628	6546792	-1	590848	722	0	0	757
1473769	5753016	-1	316416	440	0	0	440
1477633	-1	-1	0	0	0	0	0
1481629	5329848	-1	594944	893	0	0	920
1485629	-1	-1	0	0	0	0	0
1489629	8090496	-1	846468	837	0	0	837
1493632	-1	-1	0	0	0	0	0
1497636	2982112	-1	433152	1162	0	0	1230
1501632	4895760	-1	567296	927	0	0	927
1505633	8337248	-1	587776	564	0	0	564
1509629	-1	-1	0	0	0	0	0
1514634	6654584	-1	1201152	1444	0	0	1444
1518632	6271120	-1	340992	435	0	0	435
1522630	4503056	-1	362496	644	0	0	644
1526634	-1	-1	0	0	0	0	0
1530630	5126784	-1	774144	1208	0	0	1208
1534629	-1	-1	0	0	0	0	0
1538630	6902824	-1	866304	1004	0	0	1004
1542638	-1	-1	0	0	0	0	0
1546632	4698968	-1	462848	788	0	0	1048
1550633	7243624	-1	453632	501	0	0	501
1554630	5549416	-1	365568	527	0	0	759
1559630	5141992	-1	269312	419	0	0	419
1563630	3887480	-1	534528	1100	0	0	1100
1567634	-1	-1	0	0	0	0	0
1571631	6161280	-1	730112	948	0	0	948
1575629	-1	-1	0	0	0	0	0
1579635	4796104	-1	610304	1018	0	0	1273
1583630	8900224	-1	1248256	1122	0	0	1122
1587630	8178720	-1	630784	617	0	0	617
1591637	-1	-1	0	0	0	0	0
1595634	4392304	-1	258048	470	0	0	750
1600630	4143264	-1	269312	520	0	0	520
1604630	6646576	-1	541696	652	0	0	652
1608632	-1	-1	0	0	0	0	0
1612632	4252584	-1	528384	994	0	0	994
1616631	-1	-1	0	0	0	0	0
1620704	5222944	-1	740352	1134	0	0	1134
1624629	-1	-1	0	0	0	0	0
1628630	2644584	-1	262144	793	0	0	1098
1632631	7021712	-1	270336	308	0	0	308
1636638	5239408	-1	370688	566	0	0	823
1641630	11550720	-1	577536	400	0	0	400
1645630	8713552	-1	992256	911	0	0	911
1649632	-1	-1	0	0	0	0	0
1653630	8734328	-1	940032	861	0	0	861
1657629	-1	-1	0	0	0	0	0
1661630	7037112	-1	935936	1064	0	0	1064
1665631	-1	-1	0	0	0	0	0
1669630	4922632	-1	542720	882	0	0	888
1673628	-1	-1	0	0	0	0	0
1677632	3865888	-1	258048	534	0	0	864
1681629	5595048	-1	271360	388	0	0	388
1686630	4940336	-1	644096	1043	0	0	1043
1690629	-1	-1	0	0	0	0	0
1694629	-1	-1	0	0	0	0	1626
1698629	3444128	-1	1374208	3192	0	0	3192
1702629	11239264	-1	581632	414	0	0	414
1706630	-1	-1	0	0	0	0	0
1710633	3717984	-1	367616	791	0	0	1150
1714629	5288504	-1	522240	790	0	0	790
1718629	6407248	-1	367616	459	0	0	459
1722630	-1	-1	0	0	0	0	0
1726701	3954032	-1	385024	779	0	0	856
1731636	6948960	-1	824320	949	0	0	949
1735640	-1	-1	0	0	0	0	0
1739641	6266272	-1	629760	804	0	0	820
1743635	-1	-1	0	0	0	0	0
1747632	5771384	-1	527360	731	0	0	890
1751633	-1	-1	0	0	0	0	0
1755629	4234632	-1	516096	975	0	0	975
1759628	-1	-1	0	0	0	0	0
1763630	4710936	-1	670720	1139	0	0	1149
1767631	5176352	-1	340992	527	0	0	527
1772650	-1	-1	0	0	0	0	0
1776630	5305016	-1	741376	1118	0	0	1118
1780680	-1	-1	0	0	0	0	0
1784630	6298640	-1	695212	883	0	0	883
1788630	-1	-1	0	0	0	0	0
1792629	2551960	-1	365568	1146	0	0	1249
1796630	6494888	-1	724992	893	0	0	893
1800630	5259968	-1	365568	556	0	0	556
1804664	-1	-1	0	0	0	0	0
1808632	5090008	-1	304128	478	0	0	770
1813681	8522992	-1	527360	495	0	0	495
1817656	6042808	-1	1085440	1437	0	0	1437
1821683	-1	-1	24576	20	0	0	20
1825630	9586648	-1	781312	652	0	0	685
1829669	10169376	-1	405504	319	0	0	319
1834629	9068864	-1	1175552	1037	0	0	1037
1838631	-1	-1	0	0	0	0	0
1842627	7596560	-1	1241088	1307	0	0	1307
1846628	-1	-1	0	0	0	0	0
1850640	9045840	-1	1149952	1017	0	0	1017
1854629	-1	-1	0	0	0	0	0
1858630	5275288	-1	600064	910	0	0	939
1862633	-1	-1	0	0	0	0	0
1866628	4096000	-1	336896	658	0	0	954
1870630	4933520	-1	386048	626	0	0	626
1875650	9410056	-1	806912	686	0	0	708
1879652	-1	-1	0	0	0	0	0
1883630	5219504	-1	530432	813	0	0	926
1887658	-1	-1	0	0	0	0	0
1891664	5602760	-1	527360	753	0	0	764
1895629	-1	-1	0	0	0	0	0
1899650	4196888	-1	532480	1015	0	0	1015
1903629	-1	-1	0	0	0	0	0
1907629	5051392	-1	508928	806	0	0	811
1911676	-1	-1	0	0	0	0	0
1915638	3766600	-1	269312	572	0	0	895
1920629	6585336	-1	339968	413	0	0	413
1924630	6556544	-1	911360	1112	0	0	1112
1928629	-1	-1	0	0	0	0	0
1932631	8156104	-1	1163264	1141	0	0	1141
1936667	-1	-1	0	0	0	0	0
1940633	5173432	-1	607232	939	0	0	982
1944629	-1	-1	0	0	0	0	0
1948631	2438552	-1	262144	860	0	0	1035
1952628	6767304	-1	291840	345	0	0	345
1956660	5699752	-1	522240	733	0	0	733
1961628	-1	-1	0	0	0	0	0
1965633	3948720	-1	507904	1029	0	0	1029
1969710	-1	-1	0	0	0	0	0
1973628	5872704	-1	565248	770	0	0	822
1977632	-1	-1	0	0	0	0	0
1981629	1786488	-1	155648	697	0	0	1220
1985629	5437856	-1	790528	1163	0	0	1163
1989659	-1	-1	0	0	0	0	0
1993628	4770024	-1	565248	948	0	0	1000
1997631	-1	-1	0	0	0	0	0
2001629	5943216	-1	492544	663	0	0	704
2006629	3779888	-1	287744	609	0	0	609
2010628	-1	-1	0	0	0	0	0
2014629	5110688	-1	562176	880	0	0	880
2018628	-1	-1	0	0	0	0	0
2022630	4585408	-1	623616	1088	0	0	1088
2026629	-1	-1	60416	44	0	0	44
2030629	5490472	-1	643072	937	0	0	937
2034629	5514280	-1	248832	361	0	0	361
2038686	6744648	-1	477184	566	0	0	871
2042629	4578224	-1	403456	705	0	0	705
2047627	4981376	-1	570368	916	0	0	916
2051629	-1	-1	0	0	0	0	0
2055629	4776288	-1	514048	861	0	0	861
2059632	-1	-1	0	0	0	0	0
2063636	4985128	-1	510976	820	0	0	820
2067635	-1	-1	0	0	0	0	0
2071644	3710904	-1	488448	1053	0	0	1053
2075630	-1	-1	0	0	0	0	0
2079629	5052784	-1	484436	767	0	0	811
2083657	-1	-1	0	0	0	0	0
2088630	1337168	-1	275456	1648	0	0	1842
2092640	7091848	-1	1227776	1385	0	0	1385
2096632	-1	-1	0	0	0	0	0
2100629	7092840	-1	1123328	1267	0	0	1267
2104628	6353456	-1	279552	352	0	0	352
2108630	-1	-1	0	0	0	0	0
2112628	4023576	-1	512000	1018	0	0	1018
2116661	-1	-1	0	0	0	0	0
2120635	4581808	-1	492544	860	0	0	860
2124629	-1	-1	0	0	0	0	0
2128633	3904912	-1	240640	493	0	0	723
2133665	4205712	-1	235520	448	0	0	448
2137628	4201928	-1	487424	928	0	0	928
2141630	-1	-1	0	0	0	0	0
2145633	4225152	-1	468992	888	0	0	888
2149630	-1	-1	0	0	0	0	0
2153630	1884240	-1	238592	1013	0	0	1257
2157629	5476608	-1	489472	715	0	0	715
2161633	-1	-1	0	0	0	0	0
2165635	3731176	-1	460800	988	0	0	988
2169629	3767360	-1	240640	511	0	0	511
2174630	-1	-1	0	0	0	0	0
2178630	3724352	-1	482304	1036	0	0	1036
2182643	-1	-1	0	0	0	0	0
2186639	3879128	-1	485376	1001	0	0	1001
2190628	-1	-1	0	0	0	0	0
2194631	4572728	-1	481280	842	0	0	842
2198631	-1	-1	0	0	0	0	0
2202629	3473824	-1	274432	632	0	0	895
2206640	5873152	-1	316416	431	0	0	431
2210697	3401416	-1	340992	802	0	0	802
2215630	-1	-1	71680	222	0	0	222
2219632	3453048	-1	393216	911	0	0	911
2223630	-1	-1	0	0	0	0	0
2227635	4679944	-1	570368	975	0	0	975
2231654	-1	-1	0	0	0	0	0
2235632	3698224	-1	528384	1143	0	0	1143
2239630	9650848	-1	968704	803	0	0	803
2243644	-1	-1	0	0	0	0	0
2247638	5162384	-1	966656	1498	0	0	1498
2251660	-1	-1	0	0	0	0	0
