259332777	4294064	-1	277504	517	0	0	517
259341778	4869544	-1	393216	646	0	0	661
259346777	4427600	-1	970752	1754	0	0	1754
259353777	-1	-1	0	0	0	0	0
259362777	-1	-1	0	0	0	0	0
259368777	-1	-1	0	0	0	0	0
259377777	4641296	-1	1516544	2614	0	0	2614
259384779	-1	-1	0	0	0	0	0
259393777	4612368	-1	1285120	2229	0	0	2229
259402778	-1	-1	0	0	0	0	0
259411777	4771864	-1	1077248	1806	0	0	1806
259420777	-1	-1	0	0	0	0	0
259429777	5169144	-1	821248	1271	0	0	1271
259438778	-1	-1	0	0	0	0	0
259445777	4866320	-1	1141760	1877	0	0	1877
259452777	5034512	-1	708608	1126	0	0	1126
259455778	-1	-1	0	0	0	0	0
259464778	-1	-1	0	0	0	0	0
259473778	4908008	-1	977920	1594	0	0	1594
259483778	-1	-1	0	0	0	0	0
259490777	-1	-1	0	0	0	0	0
259496777	-1	-1	0	0	0	0	0
259503778	4512944	-1	1856512	3291	0	0	3291
259512779	-1	-1	0	0	0	0	0
259522777	5048512	-1	614656	974	0	0	1781
259530777	3843752	-1	163840	341	0	0	341
259535778	4482640	-1	1519616	2712	0	0	2712
259544777	-1	-1	0	0	0	0	0
259553777	4773368	-1	999424	1675	0	0	1675
259560778	-1	-1	0	0	0	0	0
259569777	4549400	-1	1212416	2132	0	0	2132
259578778	-1	-1	0	0	0	0	0
259584777	-1	-1	0	0	0	0	0
259591783	-1	-1	0	0	0	0	0
259599777	4599400	-1	2156544	3751	0	0	3751
259606777	-1	-1	0	0	0	0	0
259615777	2369440	-1	1356800	4581	0	0	4581
259622777	-1	-1	0	0	0	0	0
259631777	2389880	-1	1496064	5008	0	0	5008
259640777	2240632	-1	226304	808	0	0	808
259649778	-1	-1	0	0	0	0	0
259658778	-1	-1	0	0	0	0	0
259666778	2083480	-1	1458176	5599	0	0	5665
259675777	2195008	-1	944128	3441	0	0	3441
259685778	2082816	-1	1409024	5412	0	0	5412
259692778	-1	-1	49152	158	0	0	158
259698779	4513144	-1	1960960	3476	0	0	3476
259706778	-1	-1	0	0	0	0	0
259716777	-1	-1	0	0	0	0	0
259725779	1792776	-1	147456	658	0	0	684
259730779	2145760	-1	1337344	4986	0	0	5000
259739776	2223168	-1	1033216	3718	0	0	3718
259748777	2444480	-1	1469440	4809	0	0	4809
259755789	-1	-1	0	0	0	0	0
259764777	2258208	-1	1303552	4618	0	0	4618
259774779	-1	-1	0	0	0	0	0
259783777	4695632	-1	1327104	2261	0	0	2261
259793777	-1	-1	0	0	0	0	0
259801777	4639448	-1	1236992	2133	0	0	2133
259810777	4853960	-1	990208	1632	0	0	1632
259813778	-1	-1	0	0	0	0	0
259821778	-1	-1	0	0	0	0	0
259828777	4812912	-1	1127424	1874	0	0	1874
259836778	-1	-1	0	0	0	0	0
259845777	4727952	-1	930816	1575	0	0	1575
259852777	-1	-1	0	0	0	0	0
259861777	4663592	-1	1127424	1934	0	0	1934
259870778	-1	-1	0	0	0	0	0
259876779	4650600	-1	1180672	2031	0	0	2031
259885777	-1	-1	0	0	0	0	0
259893777	4576672	-1	1275176	2229	0	0	2229
259901777	-1	-1	0	0	0	0	0
259909778	4641088	-1	1660928	2863	0	0	2863
259915777	-1	-1	0	0	0	0	0
259923777	4614736	-1	1402880	2432	0	0	2432
259929777	-1	-1	0	0	0	0	0
259939778	4828072	-1	1100800	1824	0	0	1824
259945779	-1	-1	0	0	0	0	0
259954778	4642880	-1	1277952	2202	0	0	2202
259959780	-1	-1	0	0	0	0	0
259968785	4819272	-1	1296384	2152	0	0	2152
259976779	-1	-1	0	0	0	0	0
259986779	-1	-1	0	0	0	0	0
259988778	-1	-1	0	0	0	0	0
259997777	4475168	-1	2266112	4051	0	0	4051
260001778	-1	-1	0	0	0	0	0
260008778	-1	-1	0	0	0	0	0
260016778	-1	-1	0	0	0	0	0
260023778	4501000	-1	2657280	4723	0	0	4723
260031777	-1	-1	0	0	0	0	0
260040779	4701112	-1	1515520	2579	0	0	2579
260048777	-1	-1	0	0	0	0	0
260057778	-1	-1	0	0	0	0	0
260065777	4651920	-1	1606656	2763	0	0	2763
260068777	4294088	-1	688128	1282	0	0	1282
260077777	-1	-1	0	0	0	0	0
260086777	4513408	-1	2042880	3621	0	0	3621
260094779	-1	-1	0	0	0	0	0
260104777	4650680	-1	1764352	3035	0	0	3035
260110779	-1	-1	0	0	0	0	0
260120778	4855440	-1	1198080	1974	0	0	1974
260127778	-1	-1	0	0	0	0	0
260136778	4586832	-1	1373184	2395	0	0	2395
260144779	-1	-1	0	0	0	0	0
260150777	4597416	-1	1445888	2516	0	0	2516
260156777	-1	-1	0	0	0	0	0
260165777	4528392	-1	1882112	3325	0	0	3325
260173778	-1	-1	0	0	0	0	0
260183777	-1	-1	0	0	0	0	0
260190777	-1	-1	0	0	0	0	0
260195777	4633584	-1	1924096	3322	0	0	3322
260205778	-1	-1	0	0	0	0	0
260213777	4809680	-1	1045504	1739	0	0	1739
260223778	6256216	-1	456704	584	0	0	700
260228779	4266312	-1	513024	962	0	0	962
260233778	-1	-1	0	0	0	0	0
260242777	4836128	-1	1077248	1782	0	0	1782
260250777	-1	-1	0	0	0	0	0
260259776	4604712	-1	1680144	2919	0	0	2919
260267777	-1	-1	0	0	0	0	0
260275778	4694616	-1	1325056	2258	0	0	2258
260283778	-1	-1	0	0	0	0	0
260289778	-1	-1	0	0	0	0	0
260293777	-1	-1	0	0	0	0	0
260302778	4498392	-1	1980416	3522	0	0	3522
260310777	-1	-1	0	0	0	0	0
260318778	4789552	-1	975872	1630	0	0	1630
260325777	-1	-1	0	0	0	0	0
260331777	4679416	-1	1186816	2029	0	0	2029
260339777	-1	-1	0	0	0	0	0
260348777	4769440	-1	1367040	2293	0	0	2293
260354777	-1	-1	0	0	0	0	0
260364778	-1	-1	0	0	0	0	0
260373777	-1	-1	0	0	0	0	0
260381778	4649944	-1	1809408	3113	0	0	3113
260387777	-1	-1	0	0	0	0	0
260395777	4553120	-1	1550336	2724	0	0	2724
260403777	-1	-1	0	0	0	0	0
260413783	4661864	-1	1379328	2367	0	0	2367
260422778	-1	-1	0	0	0	0	0
260431777	4763448	-1	1202176	2019	0	0	2019
260439777	-1	-1	0	0	0	0	0
260448779	4567592	-1	1671168	2927	0	0	2927
260457777	-1	-1	0	0	0	0	0
260465778	4690808	-1	1348608	2300	0	0	2300
260475779	-1	-1	0	0	0	0	0
260484783	4947768	-1	808960	1308	0	0	1308
260491777	-1	-1	0	0	0	0	0
260500778	4658608	-1	1814528	3116	0	0	3116
260508777	-1	-1	0	0	0	0	0
260516777	4566752	-1	1594368	2793	0	0	2793
260523777	-1	-1	0	0	0	0	0
260532777	4658800	-1	1402880	2409	0	0	2409
260538777	-1	-1	0	0	0	0	0
260547777	-1	-1	0	0	0	0	0
260550779	-1	-1	0	0	0	0	0
260559777	4612080	-1	1445888	2508	0	0	2508
260561777	-1	-1	0	0	0	0	0
260570778	4656848	-1	1317888	2264	0	0	2264
260577777	-1	-1	0	0	0	0	0
260587778	4597704	-1	1571840	2735	0	0	2735
260597777	-1	-1	0	0	0	0	0
260606778	-1	-1	0	0	0	0	0
260613777	-1	-1	0	0	0	0	0
260623778	4321784	-1	1520728	2815	0	0	2815
260624778	-1	-1	0	0	0	0	0
260633779	4798800	-1	894976	1492	0	0	1492
260642783	-1	-1	0	0	0	0	0
260651778	4645864	-1	1232896	2123	0	0	2123
260661778	4776512	-1	1135616	1902	0	0	1902
260664777	-1	-1	0	0	0	0	0
260673777	-1	-1	0	0	0	0	0
260679777	4923688	-1	712704	1158	0	0	1158
260688786	-1	-1	0	0	0	0	0
260696777	4532248	-1	1175552	2075	0	0	2075
260702777	-1	-1	0	0	0	0	0
260709777	4700176	-1	1589248	2705	0	0	2705
260718777	-1	-1	0	0	0	0	0
260727777	4731808	-1	956416	1617	0	0	1617
260736777	-1	-1	0	0	0	0	0
260745777	4595016	-1	1381376	2405	0	0	2405
260754778	5067656	-1	483328	763	0	0	782
260759777	4505840	-1	973824	1729	0	0	1729
260768777	-1	-1	0	0	0	0	0
260775778	-1	-1	0	0	0	0	0
260785777	-1	-1	0	0	0	0	0
260792779	6926280	-1	201728	233	0	0	-1
260799782	-1	-1	0	0	0	0	-1
260804777	4046080	-1	1659904	3282	0	0	-1
260813779	4213760	-1	2033664	3861	0	0	-1
260814779	-1	-1	45056	68	0	0	-1
260823777	-1	-1	0	0	0	0	-1
260832777	-1	-1	0	0	0	0	-1
260834777	-1	-1	0	0	0	0	-1
260843785	4744536	-1	1138688	1920	0	0	-1
260854257	2213088	-1	253952	918	0	0	18976
260862986	2579664	-1	1889280	5859	0	0	5859
260871988	-1	-1	0	0	0	0	0
260881985	-1	-1	0	0	0	0	0
260887985	-1	-1	0	0	0	0	0
260893985	4864224	-1	703488	1157	0	0	1173
260897986	3622576	-1	967680	2137	0	0	2137
260906986	-1	-1	0	0	0	0	0
260914985	4588488	-1	1354752	2362	0	0	2362
260921986	-1	-1	0	0	0	0	0
260929986	-1	-1	0	0	0	0	0
260938986	3739056	-1	1399808	2995	0	0	3134
260940986	5729736	-1	1005568	1404	0	0	1404
260949986	-1	-1	0	0	0	0	0
260956984	-1	-1	0	0	0	0	0
260960986	-1	-1	0	0	0	0	0
260969985	4520112	-1	2073600	3670	0	0	3670
260974986	-1	-1	0	0	0	0	0
260981985	5066768	-1	718848	1135	0	0	1135
260991986	-1	-1	0	0	0	0	0
261000985	-1	-1	0	0	0	0	0
261009985	4944672	-1	996352	1612	0	0	1612
261011985	-1	-1	0	0	0	0	0
261020985	-1	-1	0	0	0	0	0
261028985	5005296	-1	614400	982	0	0	982
261037985	-1	-1	0	0	0	0	0
261045985	4964096	-1	402092	648	0	0	719
261054985	-1	-1	0	0	0	0	0
261063985	4185880	-1	1001472	1914	0	0	1914
261072986	-1	-1	0	0	0	0	0
261080986	4782224	-1	802816	1343	0	0	1343
261090985	-1	-1	0	0	0	0	0
261098985	5118928	-1	612352	957	0	0	957
261106985	-1	-1	0	0	0	0	0
261116985	-1	-1	0	0	0	0	0
261117986	-1	-1	0	0	0	0	0
261126984	4825936	-1	1062912	1762	0	0	1762
261135988	-1	-1	0	0	0	0	0
261143986	4734728	-1	891904	1507	0	0	1507
261148997	-1	-1	0	0	0	0	0
261157994	-1	-1	0	0	0	0	0
261163988	-1	-1	0	0	0	0	0
261171986	4995120	-1	1254400	2009	0	0	2009
261177985	-1	-1	0	0	0	0	0
261183985	-1	-1	0	0	0	0	0
261190984	4828304	-1	705536	1169	0	0	1169
261194985	4421512	-1	500736	906	0	0	906
261203985	4716096	-1	1144832	1942	0	0	1942
261206995	4654544	-1	153600	264	0	0	264
261216984	-1	-1	0	0	0	0	0
261225986	4612440	-1	1463296	2538	0	0	2538
261233985	-1	-1	0	0	0	0	0
261242986	4675504	-1	1334272	2283	0	0	2283
261252984	-1	-1	0	0	0	0	0
261261985	4919872	-1	862208	1402	0	0	1422
261270984	-1	-1	0	0	0	0	0
261277985	4750760	-1	1467392	2471	0	0	2471
261287985	-1	-1	0	0	0	0	0
261295985	4619344	-1	1224704	2121	0	0	2121
261300984	-1	-1	0	0	0	0	0
261308985	4574272	-1	1909760	3340	0	0	3340
261317985	-1	-1	0	0	0	0	0
261327984	-1	-1	0	0	0	0	0
261336984	4476848	-1	1522688	2721	0	0	2758
261339984	4517120	-1	1345536	2383	0	0	2383
261346992	-1	-1	0	0	0	0	0
261356985	-1	-1	0	0	0	0	0
261362986	-1	-1	0	0	0	0	0
261371984	4622088	-1	2015232	3488	0	0	3488
261380984	4706880	-1	1471488	2501	0	0	2501
261383984	-1	-1	0	0	0	0	0
261392985	-1	-1	0	0	0	0	0
261398984	4702816	-1	920576	1566	0	0	1566
261405984	-1	-1	0	0	0	0	0
261414984	4615008	-1	1854656	3215	0	0	3215
261423985	-1	-1	0	0	0	0	0
261432984	4600944	-1	1586176	2758	0	0	2758
261437984	-1	-1	0	0	0	0	0
261443985	-1	-1	0	0	0	0	0
261450985	-1	-1	0	0	0	0	0
261459985	4507744	-1	1939456	3442	0	0	3442
261465984	-1	-1	0	0	0	0	0
261472984	-1	-1	0	0	0	0	0
261481985	5658728	-1	352256	498	0	0	510
261486985	4348840	-1	1276928	2349	0	0	2349
261493985	-1	-1	0	0	0	0	0
261501985	4676136	-1	1229824	2104	0	0	2104
261511984	-1	-1	0	0	0	0	0
261520984	4469456	-1	2285568	4091	0	0	4091
261529984	-1	-1	0	0	0	0	0
261538984	4653808	-1	1319936	2269	0	0	2269
261547985	-1	-1	0	0	0	0	0
261555996	4607600	-1	1475584	2562	0	0	2562
261563985	-1	-1	0	0	0	0	0
261571984	-1	-1	0	0	0	0	0
261578984	-1	-1	0	0	0	0	0
261584986	4568536	-1	2356224	4126	0	0	4126
261594984	-1	-1	0	0	0	0	0
261604984	4693880	-1	1455104	2480	0	0	2480
261611985	-1	-1	0	0	0	0	0
261620986	4646784	-1	1226752	2112	0	0	2112
261629984	-1	-1	0	0	0	0	0
261639985	4688904	-1	1060864	1810	0	0	1810
261647985	-1	-1	0	0	0	0	0
261654986	4564016	-1	1408000	2468	0	0	2468
261663984	5140080	-1	524288	816	0	0	823
261668985	4528304	-1	745472	1317	0	0	1317
261676985	-1	-1	0	0	0	0	0
261685984	-1	-1	0	0	0	0	0
261687985	-1	-1	0	0	0	0	0
261696985	4479416	-1	2338816	4177	0	0	4177
261700984	-1	-1	0	0	0	0	0
261709986	-1	-1	0	0	0	0	0
261713992	-1	-1	0	0	0	0	0
261722986	4426800	-1	3083264	5572	0	0	5572
261731987	4263976	-1	168960	317	0	0	317
261738986	-1	-1	0	0	0	0	0
261747985	6508712	-1	237568	292	0	0	305
261752985	4341424	-1	2391040	4406	0	0	4406
261759984	4648352	-1	663552	1142	0	0	1146
261763985	4415728	-1	1421312	2575	0	0	2575
261773985	-1	-1	0	0	0	0	0
261780985	-1	-1	0	0	0	0	0
261790985	-1	-1	0	0	0	0	0
261797985	4411040	-1	2775096	5033	0	0	5033
261804985	4429496	-1	530432	958	0	0	958
261814992	4752016	-1	1490944	2510	0	0	2510
261822988	-1	-1	0	0	0	0	0
261829986	4653920	-1	1550336	2665	0	0	2665
261838984	-1	-1	0	0	0	0	0
261847985	4847064	-1	961536	1587	0	0	1587
261853985	-1	-1	0	0	0	0	0
261861984	4641072	-1	1338368	2307	0	0	2307
261870985	-1	-1	0	0	0	0	0
261878984	4613160	-1	1429504	2479	0	0	2479
261887985	6606448	-1	204800	248	0	0	254
261892988	4522248	-1	695296	1230	0	0	1230
261902984	-1	-1	0	0	0	0	0
261910985	4905760	-1	1063936	1735	0	0	1735
261917984	5140456	-1	546816	851	0	0	851
261921985	-1	-1	0	0	0	0	0
261930985	-1	-1	0	0	0	0	0
261936985	4947400	-1	1038336	1679	0	0	1679
261944985	-1	-1	0	0	0	0	0
261954985	4732464	-1	1241088	2098	0	0	2098
261962986	-1	-1	0	0	0	0	0
261970988	-1	-1	0	0	0	0	0
261977985	-1	-1	0	0	0	0	0
261986984	4674656	-1	1476608	2527	0	0	2527
261992984	-1	-1	0	0	0	0	0
261998987	5049088	-1	911360	1444	0	0	1444
262005985	-1	-1	0	0	0	0	0
262013985	-1	-1	0	0	0	0	0
262019984	-1	-1	0	0	0	0	0
262028985	4630144	-1	1739776	3006	0	0	3006
262037984	-1	-1	0	0	0	0	0
262046985	5199320	-1	738304	1136	0	0	1136
262054985	-1	-1	0	0	0	0	0
262062984	4550400	-1	1461248	2569	0	0	2569
262070985	-1	-1	0	0	0	0	0
262078986	-1	-1	0	0	0	0	0
262081985	-1	-1	0	0	0	0	0
262090985	4616216	-1	1653760	2866	0	0	2866
262099986	-1	-1	0	0	0	0	0
262108985	4801648	-1	909312	1515	0	0	1515
262115985	-1	-1	0	0	0	0	0
262123985	-1	-1	0	0	0	0	0
262126984	-1	-1	0	0	0	0	0
262135986	4594728	-1	2200300	3831	0	0	3831
262144986	-1	-1	0	0	0	0	0
262153984	-1	-1	0	0	0	0	0
262160986	-1	-1	0	0	0	0	0
262170986	4342256	-1	2166784	3992	0	0	3992
262178985	-1	-1	0	0	0	0	0
262185986	4531256	-1	1817600	3209	0	0	3209
262195984	-1	-1	0	0	0	0	0
262203990	4687384	-1	1318912	2251	0	0	2251
262213985	-1	-1	0	0	0	0	0
262221984	4728288	-1	1393664	2358	0	0	2358
262230986	-1	-1	0	0	0	0	0
262239985	-1	-1	0	0	0	0	0
262248986	6492728	-1	262144	323	0	0	527
262253984	4314960	-1	2199552	4078	0	0	4078
262262984	-1	-1	0	0	0	0	0
262271985	4874576	-1	1032192	1694	0	0	1694
262277985	-1	-1	0	0	0	0	0
262286987	4609504	-1	1374208	2385	0	0	2385
262295984	-1	-1	0	0	0	0	0
262304986	4681144	-1	1306624	2233	0	0	2233
262309985	-1	-1	0	0	0	0	0
262317984	4602736	-1	1399808	2433	0	0	2433
262324986	-1	-1	0	0	0	0	0
262333985	4608000	-1	1299456	2256	0	0	2256
262339984	-1	-1	0	0	0	0	0
262346986	-1	-1	0	0	0	0	0
262355985	4592888	-1	1751040	3050	0	0	3050
262357985	4491232	-1	384000	684	0	0	684
262365985	-1	-1	0	0	0	0	0
262373986	-1	-1	0	0	0	0	0
262380985	-1	-1	0	0	0	0	0
262387986	4450216	-1	2122752	3816	0	0	3816
262396985	-1	-1	0	0	0	0	0
262406984	4667424	-1	1543168	2645	0	0	2645
262412987	-1	-1	0	0	0	0	0
262420986	4576752	-1	1340416	2343	0	0	2343
262429985	-1	-1	0	0	0	0	0
262439984	5008824	-1	986112	1575	0	0	1575
262448984	-1	-1	0	0	0	0	0
262457984	5375192	-1	638976	951	0	0	951
262465984	-1	-1	0	0	0	0	0
262474985	3958944	-1	1168384	2361	0	0	2361
262482985	4995880	-1	494592	792	0	0	885
262487985	4420536	-1	662528	1199	0	0	1199
262495984	-1	-1	0	0	0	0	0
262504989	5212216	-1	557056	855	0	0	855
262514984	-1	-1	0	0	0	0	0
262522986	-1	-1	0	0	0	0	0
262530984	4792056	-1	890724	1487	0	0	1487
262534989	-1	-1	0	0	0	0	0
262543984	-1	-1	0	0	0	0	0
262551984	5386664	-1	517120	768	0	0	768
262560984	-1	-1	0	0	0	0	0
262568984	5194296	-1	617472	951	0	0	951
262577990	-1	-1	0	0	0	0	0
262585985	5359856	-1	594944	888	0	0	888
262588985	-1	-1	0	0	0	0	0
262598985	-1	-1	0	0	0	0	0
262607986	4940392	-1	883712	1431	0	0	1431
262611984	-1	-1	0	0	0	0	0
262619984	-1	-1	0	0	0	0	0
262628985	4739728	-1	934912	1578	0	0	1578
262636985	-1	-1	0	0	0	0	0
262646984	4664088	-1	1240064	2127	0	0	2127
262652984	-1	-1	0	0	0	0	0
262661985	4477592	-1	1309696	2340	0	0	2340
262671984	-1	-1	0	0	0	0	0
262678985	4896792	-1	1089536	1780	0	0	1780
262688985	-1	-1	0	0	0	0	0
262697985	5285160	-1	757760	1147	0	0	1147
262706985	-1	-1	0	0	0	0	0
262714985	5017864	-1	980992	1564	0	0	1564
262722985	-1	-1	0	0	0	0	0
262732988	4749368	-1	926720	1561	0	0	1561
262733985	-1	-1	0	0	0	0	0
262742994	4553264	-1	1203200	2114	0	0	2114
262750986	-1	-1	0	0	0	0	0
262758984	4948288	-1	1010688	1634	0	0	1634
262765984	-1	-1	0	0	0	0	0
262774984	4868056	-1	1036288	1703	0	0	1703
262783985	-1	-1	0	0	0	0	0
262791985	4606456	-1	1145856	1990	0	0	1990
262797984	-1	-1	0	0	0	0	0
262806984	5203320	-1	743424	1143	0	0	1143
262816985	-1	-1	0	0	0	0	0
262824985	-1	-1	0	0	0	0	0
262829985	-1	-1	0	0	0	0	0
262838985	4539720	-1	1587200	2797	0	0	2797
262847986	-1	-1	0	0	0	0	0
262855984	4794272	-1	917504	1531	0	0	1531
262864984	-1	-1	0	0	0	0	0
262873986	4830968	-1	1221632	2023	0	0	2023
262881984	-1	-1	0	0	0	0	0
262888986	4509832	-1	2044080	3626	0	0	3626
262897984	-1	-1	0	0	0	0	0
262907985	4557608	-1	1835008	3221	0	0	3221
262916986	-1	-1	0	0	0	0	0
262925984	4596456	-1	1580032	2750	0	0	2750
262933985	-1	-1	0	0	0	0	0
262940986	4580672	-1	2027520	3541	0	0	3541
262950984	-1	-1	0	0	0	0	0
262958986	-1	-1	0	0	0	0	0
262962987	-1	-1	0	0	0	0	0
262970985	4432256	-1	2719744	4909	0	0	4909
262980985	4287216	-1	436224	814	0	0	814
262988989	-1	-1	0	0	0	0	0
262998984	-1	-1	0	0	0	0	0
263004984	4479624	-1	2887680	5157	0	0	5157
263013989	-1	-1	0	0	0	0	0
263023985	-1	-1	0	0	0	0	0
263029985	-1	-1	0	0	0	0	0
263036984	4508792	-1	2533376	4495	0	0	4495
263045986	-1	-1	0	0	0	0	0
263054985	4946536	-1	905216	1464	0	0	1464
263064984	-1	-1	0	0	0	0	0
263073984	4682112	-1	1419264	2425	0	0	2425
263080984	-1	-1	0	0	0	0	0
263087984	4591344	-1	1623040	2828	0	0	2828
263093984	-1	-1	0	0	0	0	0
263102984	-1	-1	0	0	0	0	5702
263112988	2983224	-1	1415168	3795	0	0	6791
263120985	-1	-1	0	0	0	0	0
263124984	-1	-1	0	0	0	0	0
263132984	4503688	-1	2290688	4069	0	0	4069
263141985	-1	-1	0	0	0	0	0
