11741	7838792	-1	8363008	8535	0	0	9001
14763	867160	-1	183296	1691	0	0	3021
34747	5582200	-1	6873088	9850	0	0	9850
44743	1112184	-1	728064	5237	0	0	5274
52752	10838944	-1	1148928	848	0	0	848
61744	-1	-1	0	0	0	0	0
69743	-1	-1	0	0	0	0	682
74741	7006576	-1	1827840	2087	0	0	2087
84747	-1	-1	0	0	0	0	0
93750	11721800	-1	1176576	803	0	0	803
102746	-1	-1	0	0	0	0	0
111753	11747632	-1	1113088	758	0	0	758
120743	-1	-1	0	0	0	0	0
128755	7164240	-1	1705984	1905	0	0	1905
136746	-1	-1	0	0	0	0	0
145743	-1	-1	0	0	0	0	0
154740	7741768	-1	1443840	1492	0	0	1492
156740	-1	-1	0	0	0	0	0
165741	-1	-1	0	0	0	0	0
174742	3804632	-1	808960	1701	0	0	1847
184748	-1	-1	0	0	0	0	0
189745	-1	-1	0	0	0	0	0
198758	7898904	-1	551936	559	0	0	666
207745	6420568	-1	939008	1170	0	0	1170
217752	-1	-1	0	0	0	0	0
226751	13157352	-1	805888	490	0	0	584
233751	-1	-1	0	0	0	0	0
242745	2483264	-1	366592	1181	0	0	1181
249741	-1	-1	0	0	0	0	0
258746	656256	-1	419840	5118	0	0	5118
263748	2801640	-1	256000	731	0	0	731
272757	3060536	-1	820224	2144	0	0	2144
275743	-1	-1	0	0	0	0	0
284747	12084216	-1	504516	334	0	0	582
293740	-1	-1	0	0	0	0	0
303777	2159080	-1	318464	1180	0	0	1180
312786	-1	-1	0	0	0	0	8
317780	12727456	-1	1942528	1221	0	0	1221
327758	-1	-1	0	0	0	0	0
336759	-1	-1	0	0	0	0	0
345754	-1	-1	0	0	0	0	0
354776	5728184	-1	754688	1054	0	0	1054
356751	-1	-1	0	0	0	0	0
363749	1350744	-1	221184	1310	0	0	1310
372751	7887568	-1	1167360	1184	0	0	1184
374746	-1	-1	0	0	0	0	0
383748	-1	-1	0	0	0	0	0
392753	8109768	-1	807936	797	0	0	797
399744	-1	-1	0	0	0	0	0
408758	-1	-1	0	0	0	0	0
416744	3569104	-1	690176	1547	0	0	1547
421742	2430296	-1	364544	1200	0	0	1200
429748	-1	-1	0	0	0	0	0
437745	12941136	-1	1308672	809	0	0	809
447745	-1	-1	0	0	0	0	0
456744	-1	-1	0	0	0	0	0
465740	-1	-1	0	0	0	0	0
474745	6218816	-1	1255424	1615	0	0	1774
479743	-1	-1	0	0	0	0	0
488743	1305928	-1	423936	2597	0	0	2597
496745	-1	-1	0	0	0	0	0
505746	2318248	-1	911360	3145	0	0	3145
510756	-1	-1	0	0	0	0	0
519759	7738032	-1	768000	794	0	0	794
528755	-1	-1	0	0	0	0	0
537756	5025288	-1	794624	1265	0	0	1265
546783	-1	-1	0	0	0	0	0
555765	11002512	-1	705536	513	0	0	658
564797	-1	-1	0	0	0	0	0
574750	4277472	-1	1182720	2212	0	0	2478
581742	-1	-1	0	0	0	0	0
590748	-1	-1	0	0	0	0	861
599743	735200	-1	466944	5081	0	0	5081
607748	15172816	-1	1411072	744	0	0	744
615745	-1	-1	0	0	0	0	0
624749	5126040	-1	1195008	1865	0	0	1904
634752	-1	-1	0	0	0	0	0
644744	2666352	-1	1018880	3057	0	0	3057
647760	-1	-1	0	0	0	0	0
656779	-1	-1	0	0	0	0	0
659747	-1	-1	0	0	0	0	0
667753	2448128	-1	1154904	3774	0	0	3774
677741	6822248	-1	790528	927	0	0	927
681743	-1	-1	66560	61	0	0	61
690747	-1	-1	0	0	0	0	0
698743	3902232	-1	742400	1522	0	0	1522
707753	-1	-1	0	0	0	0	0
716740	4093584	-1	866304	1693	0	0	1693
725763	-1	-1	0	0	0	0	0
732785	2880328	-1	696320	1934	0	0	1934
741742	-1	-1	0	0	0	0	0
750744	2822496	-1	1112064	3152	0	0	3190
756740	-1	-1	0	0	0	0	0
765756	11071200	-1	330752	239	0	0	239
770741	-1	-1	0	0	0	0	0
776741	2601680	-1	771072	2371	0	0	2371
782752	-1	-1	0	0	0	0	0
790771	12626200	-1	344064	218	0	0	218
799803	-1	-1	0	0	0	0	0
806742	4511648	-1	611328	1084	0	0	1084
813743	-1	-1	0	0	0	0	0
819747	14364848	-1	764928	426	0	0	503
828746	-1	-1	0	0	0	0	0
837746	5546664	-1	865280	1248	0	0	1248
846746	-1	-1	0	0	0	0	0
855746	7304352	-1	1398784	1532	0	0	1532
862743	-1	-1	0	0	0	0	0
871755	3054008	-1	912384	2390	0	0	2390
880739	-1	-1	0	0	0	0	1041
884749	1655488	-1	992256	4795	0	0	4795
893745	1835680	-1	1192960	5199	0	0	5199
902739	-1	-1	0	0	0	0	0
906751	-1	-1	0	0	0	0	0
915741	3084120	-1	976896	2534	0	0	2534
924741	-1	-1	0	0	0	0	0
930741	4186584	-1	1088512	2080	0	0	2080
934742	-1	-1	0	0	0	0	0
943749	12791016	-1	1640448	1026	0	0	1026
952755	-1	-1	0	0	0	0	0
961746	13843080	-1	1718272	993	0	0	993
970739	-1	-1	0	0	0	0	0
979746	1396544	-1	450560	2581	0	0	2585
987751	8956296	-1	851968	761	0	0	761
994743	15703192	-1	1440768	734	0	0	734
998743	-1	-1	0	0	0	0	0
1007742	-1	-1	0	0	0	0	0
1009751	-1	-1	0	0	0	0	0
1018745	3232608	-1	1048576	2595	0	0	2595
1027743	-1	-1	0	0	0	0	0
1034749	5428160	-1	1703084	2510	0	0	2510
1041752	-1	-1	0	0	0	0	0
1050744	2504680	-1	544768	1740	0	0	1740
1059740	-1	-1	0	0	0	0	0
1067753	10813016	-1	1043456	772	0	0	772
1076740	-1	-1	0	0	0	0	0
1084739	10684584	-1	750592	562	0	0	562
1088762	-1	-1	0	0	0	0	0
1097766	2973432	-1	556032	1496	0	0	1496
1106743	-1	-1	0	0	0	0	0
1112752	8859176	-1	829440	749	0	0	749
1119748	-1	-1	0	0	0	0	0
1128748	1943248	-1	1087488	4477	0	0	4477
1137740	-1	-1	0	0	0	0	0
1142742	-1	-1	0	0	0	0	0
1151752	9207376	-1	1912832	1662	0	0	1662
1152748	-1	-1	0	0	0	0	0
1161743	-1	-1	0	0	0	0	0
1170740	2301344	-1	360448	1253	0	0	1269
1176748	8450104	-1	771072	730	0	0	797
1181739	12623032	-1	598016	379	0	0	379
1188743	-1	-1	0	0	0	0	0
1197740	4301288	-1	1126400	2095	0	0	2095
1207741	-1	-1	0	0	0	0	0
1215741	6962840	-1	986112	1133	0	0	1133
1224745	-1	-1	0	0	0	0	0
1233740	8238112	-1	1097728	1066	0	0	1066
1242739	-1	-1	0	0	0	0	0
1248744	2350528	-1	759808	2586	0	0	2586
1255755	-1	-1	0	0	0	0	0
1258739	2286136	-1	294912	1032	0	0	1034
1268741	4536064	-1	548864	968	0	0	968
1275741	1685472	-1	454656	2158	0	0	2158
1285739	675264	-1	155648	1844	0	0	1844
1289739	2795016	-1	340992	976	0	0	976
1298749	1932168	-1	1003520	4155	0	0	4155
1299740	-1	-1	0	0	0	0	0
1308744	-1	-1	0	0	0	0	0
1316751	1319600	-1	851968	5165	0	0	5165
1325751	-1	-1	0	0	0	0	0
1332741	4208488	-1	1111040	2112	0	0	2112
1339742	-1	-1	0	0	0	0	0
1348749	2940296	-1	737280	2006	0	0	2006
1354743	-1	-1	0	0	0	0	0
1361747	3180064	-1	949248	2388	0	0	2388
1370745	-1	-1	0	0	0	0	0
1378740	8875896	-1	1235968	1114	0	0	1114
1385751	-1	-1	0	0	0	0	0
1394741	1690120	-1	515064	2438	0	0	2438
1404748	3709720	-1	545792	1177	0	0	1177
1406740	-1	-1	0	0	0	0	0
1415754	-1	-1	0	0	0	0	0
1423746	2060320	-1	856064	3324	0	0	3324
1430740	-1	-1	0	0	0	0	0
1439744	3750736	-1	1262592	2693	0	0	2693
1448752	-1	-1	0	0	0	0	0
1455785	-1	-1	0	0	0	0	0
1458751	2059808	-1	446464	1734	0	0	1997
1461743	5059472	-1	524288	829	0	0	829
1470740	-1	-1	0	0	0	0	0
1479743	4359136	-1	1408000	2584	0	0	2584
1482741	-1	-1	0	0	0	0	0
1491740	3054472	-1	914432	2395	0	0	2395
1496745	-1	-1	0	0	0	0	0
1505754	3469680	-1	998400	2302	0	0	2302
1512739	-1	-1	0	0	0	0	0
1521744	2120728	-1	1082368	4083	0	0	4083
1528741	-1	-1	0	0	0	0	0
1538749	4475456	-1	646144	1155	0	0	1155
1547741	-1	-1	0	0	0	0	0
1556739	3137648	-1	1449984	3697	0	0	3697
1562745	-1	-1	0	0	0	0	0
1571740	10056848	-1	773120	615	0	0	615
1575743	-1	-1	0	0	0	0	0
1584744	-1	-1	0	0	0	0	0
1588741	-1	-1	0	0	0	0	0
1595742	9381056	-1	1462272	1247	0	0	1247
1602745	-1	-1	0	0	0	0	0
1606740	-1	-1	0	0	0	0	0
1615750	4635344	-1	1095680	1891	0	0	1891
1619744	-1	-1	0	0	0	0	0
1627741	9519312	-1	940032	790	0	0	790
1631747	-1	-1	0	0	0	0	0
1640741	-1	-1	0	0	0	0	0
1649741	11879888	-1	1639424	1104	0	0	1104
1654746	-1	-1	0	0	0	0	0
1663745	4039768	-1	956416	1894	0	0	1894
1672739	-1	-1	0	0	0	0	0
1680741	-1	-1	0	0	0	0	0
1689746	2492624	-1	371712	1193	0	0	1193
1696742	12575616	-1	1298432	826	0	0	826
1702746	-1	-1	0	0	0	0	0
1712748	4388568	-1	1121280	2044	0	0	2044
1721744	-1	-1	0	0	0	0	0
1730740	9719136	-1	912384	751	0	0	751
1740744	-1	-1	0	0	0	0	191
1745744	9295976	-1	758784	653	0	0	653
1754751	-1	-1	0	0	0	0	0
1763743	6274768	-1	1659676	2116	0	0	2328
1772761	-1	-1	0	0	0	0	0
1781756	-1	-1	0	0	0	0	0
1789781	-1	-1	0	0	0	0	0
1798745	20999056	-1	1905664	726	0	0	726
1806758	-1	-1	0	0	0	0	0
1813769	-1	-1	0	0	0	0	0
1822752	1400432	-1	524288	2995	0	0	2995
1831760	4177200	-1	1422336	2724	0	0	2724
1840766	-1	-1	0	0	0	0	0
1845744	-1	-1	0	0	0	0	0
1853764	-1	-1	0	0	0	0	0
1860754	5049392	-1	1803264	2857	0	0	2857
1866743	-1	-1	0	0	0	0	0
1875744	3095392	-1	1541120	3983	0	0	3983
1882749	-1	-1	0	0	0	0	0
1889741	4300800	-1	1376256	2560	0	0	2560
1899740	-1	-1	0	0	0	0	0
1908740	1721200	-1	864256	4017	0	0	4017
1914752	-1	-1	0	0	0	0	0
1922743	4600344	-1	1615872	2810	0	0	2810
1930741	-1	-1	0	0	0	0	0
1938746	-1	-1	0	0	0	0	0
1947743	1409464	-1	523264	2970	0	0	2970
1951751	4125128	-1	1160192	2250	0	0	2250
1957743	-1	-1	0	0	0	0	0
1965744	-1	-1	0	0	0	0	0
1974745	5088512	-1	1737728	2732	0	0	2732
1976742	-1	-1	0	0	0	0	0
1985754	-1	-1	0	0	0	0	0
1994744	3057984	-1	1033216	2703	0	0	2703
1997741	-1	-1	0	0	0	0	0
2006750	5734400	-1	1283072	1790	0	0	1790
2015740	-1	-1	0	0	0	0	0
2024746	1569248	-1	1078272	5497	0	0	5497
2031743	2628480	-1	535552	1630	0	0	1630
2037743	5598152	-1	1005568	1437	0	0	1437
2047754	-1	-1	0	0	0	0	0
2055747	3348344	-1	1648640	3939	0	0	3939
2060752	-1	-1	0	0	0	0	0
2068739	1871304	-1	523264	2237	0	0	2237
2077751	-1	-1	0	0	0	0	0
2086741	2191904	-1	1360896	4967	0	0	4967
2095747	4944144	-1	874496	1415	0	0	1415
2104739	-1	-1	0	0	0	0	0
2105740	-1	-1	0	0	0	0	0
2114750	5443776	-1	2684464	3945	0	0	3945
2118744	-1	-1	0	0	0	0	0
2127764	-1	-1	0	0	0	0	0
2136743	446920	-1	195584	3501	0	0	3501
2143740	5526616	-1	1329152	1924	0	0	1924
2152745	-1	-1	0	0	0	0	0
2161746	415312	-1	286720	5523	0	0	5786
2170739	1156184	-1	1283072	8878	0	0	8878
2179740	2636480	-1	1270784	3856	0	0	3856
2187746	-1	-1	0	0	0	0	0
2192742	1874560	-1	835584	3566	0	0	3566
2199750	-1	-1	66560	166	0	0	166
2208743	1909968	-1	1133568	4748	0	0	4748
2217768	-1	-1	0	0	0	0	0
2225741	1562984	-1	937984	4801	0	0	4801
2234751	1972944	-1	141312	573	0	0	573
2242743	2183104	-1	417792	1531	0	0	1531
2248746	5318192	-1	164864	248	0	0	248
2253750	1116568	-1	696320	4989	0	0	5004
2262744	1601600	-1	784384	3918	0	0	3918
2270743	2456448	-1	1311744	4272	0	0	4272
2279777	-1	-1	0	0	0	0	0
2289740	1260304	-1	868352	5512	0	0	5623
2298766	1788480	-1	439296	1965	0	0	1965
2306744	1619824	-1	1017856	5027	0	0	5027
2315750	1375600	-1	891904	5187	0	0	5187
2324751	1240752	-1	674816	4351	0	0	4351
2332744	1980480	-1	225280	910	0	0	910
2341744	1432472	-1	877568	4901	0	0	4901
2351741	1466496	-1	309248	1687	0	0	1687
2358744	1227608	-1	845824	5512	0	0	5512
2368764	1233072	-1	310272	2013	0	0	2013
2377769	-1	-1	0	0	0	0	0
2385741	848632	-1	304128	2867	0	0	2867
2390744	3605248	-1	1346560	2988	0	0	2988
2399756	-1	-1	0	0	0	0	0
2407750	3288936	-1	1276928	3106	0	0	3106
2416742	-1	-1	0	0	0	0	0
2426753	-1	-1	0	0	0	0	0
2435742	3831784	-1	1655808	3457	0	0	3457
2437740	-1	-1	0	0	0	0	0
2446745	-1	-1	0	0	0	0	0
2454745	3463288	-1	851968	1968	0	0	1968
2457741	-1	-1	0	0	0	0	0
2467739	5987608	-1	1029120	1375	0	0	1375
2474742	-1	-1	0	0	0	0	0
2482745	-1	-1	0	0	0	0	248
2492741	3615384	-1	795384	1760	0	0	1760
2499746	7228232	-1	1121280	1241	0	0	1241
2509743	-1	-1	0	0	0	0	0
2513746	1275720	-1	247808	1554	0	0	1773
2522748	4959280	-1	276480	446	0	0	446
2531740	7206328	-1	336896	374	0	0	374
2540745	810136	-1	155648	1537	0	0	1641
2544742	3999656	-1	786432	1573	0	0	1573
2553790	-1	-1	0	0	0	0	0
2561753	5088624	-1	913408	1436	0	0	1436
2570742	-1	-1	0	0	0	0	0
2575746	-1	-1	0	0	0	0	43
2584748	3776976	-1	678912	1438	0	0	1438
2592743	-1	-1	0	0	0	0	0
2601743	1054416	-1	266240	2020	0	0	2020
2605748	2195912	-1	197632	720	0	0	720
2614745	6047896	-1	1449984	1918	0	0	1984
2617740	3924168	-1	1145856	2336	0	0	2336
2626747	-1	-1	0	0	0	0	0
2634741	7069320	-1	2237440	2532	0	0	2532
2641751	-1	-1	0	0	0	0	0
2650738	-1	-1	106496	974	0	0	1009
2659748	8108096	-1	1880064	1855	0	0	1855
2667739	-1	-1	0	0	0	0	0
2671739	-1	-1	0	0	0	0	0
2680751	9816304	-1	2710528	2209	0	0	2209
2689739	-1	-1	0	0	0	0	0
2698742	3234832	-1	1136640	2811	0	0	2811
2707739	-1	-1	0	0	0	0	0
2716739	3912960	-1	1160192	2372	0	0	2372
2725751	-1	-1	0	0	0	0	0
2734745	6717616	-1	788480	939	0	0	939
2743738	-1	-1	0	0	0	0	0
2752749	2133376	-1	569344	2135	0	0	2135
2753739	-1	-1	0	0	0	0	0
2762740	3967368	-1	600064	1210	0	0	1210
2771745	-1	-1	0	0	0	0	0
2780741	3363816	-1	1385472	3295	0	0	3295
2789746	-1	-1	0	0	0	0	0
2798742	3660424	-1	937984	2050	0	0	2050
2805740	-1	-1	0	0	0	0	0
2814742	6585440	-1	931840	1132	0	0	1132
2821748	-1	-1	0	0	0	0	0
2826740	2341920	-1	760832	2599	0	0	2599
2831738	-1	-1	0	0	0	0	0
2840751	5415048	-1	638976	944	0	0	944
2845744	-1	-1	0	0	0	0	0
2854769	2139680	-1	703420	2630	0	0	2630
2859751	-1	-1	0	0	0	0	0
2868752	8850216	-1	1142784	1033	0	0	1042
2872746	-1	-1	0	0	0	0	0
2881746	-1	-1	0	0	0	0	0
2885747	-1	-1	0	0	0	0	0
2894741	6038432	-1	1317888	1746	0	0	1842
2899739	-1	-1	0	0	0	0	0
2908750	-1	-1	0	0	0	0	0
2917741	1493304	-1	541696	2902	0	0	3131
2923750	6278040	-1	1031168	1314	0	0	1314
2932773	-1	-1	0	0	0	0	0
2941776	7189968	-1	1550336	1725	0	0	1772
2947772	-1	-1	0	0	0	0	0
2956739	4654728	-1	1185792	2038	0	0	2038
2965747	-1	-1	0	0	0	0	0
2974742	2713120	-1	580608	1712	0	0	1817
2982748	-1	-1	0	0	0	0	0
2989741	13802744	-1	1828864	1060	0	0	1060
2998745	-1	-1	0	0	0	0	0
3007741	1113888	-1	485376	3486	0	0	3486
3012742	-1	-1	0	0	0	0	0
3021744	8585664	-1	937984	874	0	0	874
3030745	-1	-1	0	0	0	0	0
3039743	13024608	-1	1195008	734	0	0	916
3049741	-1	-1	0	0	0	0	0
3058742	6336504	-1	1213440	1532	0	0	1682
3065739	-1	-1	0	0	0	0	0
3073747	3424824	-1	966656	2258	0	0	2258
3078739	-1	-1	0	0	0	0	0
3086750	5637128	-1	985088	1398	0	0	1398
3094742	-1	-1	0	0	0	0	0
3102741	-1	-1	0	0	0	0	829
3108747	1614968	-1	324608	1608	0	0	1608
3117748	12151344	-1	1684480	1109	0	0	1408
3126744	-1	-1	0	0	0	0	0
3135752	2933112	-1	637952	1740	0	0	1922
3144745	-1	-1	0	0	0	0	0
3151741	6312064	-1	1653760	2096	0	0	2162
3160764	-1	-1	0	0	0	0	0
3166742	1185896	-1	300032	2024	0	0	2024
3175753	-1	-1	0	0	0	0	0
3183743	6206456	-1	1475584	1902	0	0	1902
3191743	-1	-1	0	0	0	0	0
3199762	1421064	-1	261120	1470	0	0	1470
3201743	-1	-1	0	0	0	0	0
3209746	11236624	-1	525312	374	0	0	532
3215747	-1	-1	32768	997	0	0	997
3219753	2673928	-1	664472	1988	0	0	1988
3227743	-1	-1	0	0	0	0	0
3232748	-1	-1	0	0	0	0	0
3239740	-1	-1	0	0	0	0	609
3244743	1969872	-1	722944	2936	0	0	2936
3253745	8058328	-1	864256	858	0	0	858
3257740	-1	-1	0	0	0	0	0
3263747	-1	-1	0	0	0	0	0
3271742	10497016	-1	993280	757	0	0	757
3280740	-1	-1	0	0	0	0	0
3289764	2397440	-1	542720	1811	0	0	1811
3298782	-1	-1	0	0	0	0	0
3305745	2038088	-1	526336	2066	0	0	2066
3313746	-1	-1	0	0	0	0	0
3323744	2462808	-1	677888	2202	0	0	2202
3332754	-1	-1	0	0	0	0	0
3336751	6828592	-1	605184	709	0	0	709
3345741	-1	-1	0	0	0	0	0
3355748	4721440	-1	394240	668	0	0	668
3360744	-1	-1	0	0	0	0	0
3366745	-1	-1	0	0	0	0	0
3375741	-1	-1	40960	497	0	0	501
3380741	5333736	-1	856064	1284	0	0	1284
3505757	-1	-1	0	0	0	0	0
3512751	6385328	-1	1002496	1256	0	0	1256
3521743	-1	-1	0	0	0	0	0
3527748	523824	-1	221184	3378	0	0	3570
3536747	1324968	-1	476160	2875	0	0	2875
3544747	810888	-1	529408	5223	0	0	5223
3554754	3654144	-1	846848	1854	0	0	1854
3564745	4388896	-1	498688	909	0	0	909
3573739	-1	-1	0	0	0	0	0
3582754	2298280	-1	874496	3044	0	0	3044
3588742	-1	-1	0	0	0	0	0
3598740	7729304	-1	1043456	1080	0	0	1080
3607750	-1	-1	0	0	0	0	0
3617747	883040	-1	558080	5056	0	0	5286
3626744	-1	-1	0	0	0	0	0
3636752	4193280	-1	838656	1600	0	0	1600
3643753	-1	-1	0	0	0	0	0
3652743	5019256	-1	503808	803	0	0	803
3661739	-1	-1	0	0	0	0	0
3670741	-1	-1	0	0	0	0	0
3677741	-1	-1	0	0	0	0	0
3683744	2309472	-1	499712	1731	0	0	1731
3687743	-1	-1	0	0	0	0	0
3696756	4416768	-1	549888	996	0	0	996
3705745	-1	-1	0	0	0	0	0
3714750	2243080	-1	1089016	3884	0	0	3884
3723744	-1	-1	0	0	0	0	0
3732748	7118104	-1	1533952	1724	0	0	1724
3741743	-1	-1	0	0	0	0	0
3750746	2325368	-1	581632	2001	0	0	2022
3756741	-1	-1	0	0	0	0	0
3765757	1117616	-1	198656	1422	0	0	1611
3774776	9007408	-1	486400	432	0	0	432
3783798	-1	-1	0	0	0	0	0
3785752	-1	-1	0	0	0	0	0
3794739	3793080	-1	737280	1555	0	0	1555
3803745	5774352	-1	1435648	1989	0	0	1989
3805745	-1	-1	0	0	0	0	0
3814752	-1	-1	0	0	0	0	0
3823752	2453944	-1	756736	2467	0	0	2532
3831742	-1	-1	0	0	0	0	0
3840741	1696104	-1	692224	3265	0	0	3265
3844740	-1	-1	0	0	0	0	0
3853743	10315848	-1	557056	432	0	0	432
3862754	-1	-1	0	0	0	0	0
3868755	6164040	-1	2125824	2759	0	0	2759
3877753	-1	-1	0	0	0	0	0
3886750	-1	-1	0	0	0	0	0
3892748	-1	-1	0	0	0	0	0
3899742	3267352	-1	1699840	4162	0	0	4162
3904743	-1	-1	0	0	0	0	0
3913753	-1	-1	0	0	0	0	0
3914755	-1	-1	0	0	0	0	0
3923758	3403352	-1	1338368	3146	0	0	3146
3931749	-1	-1	0	0	0	0	0
3940754	3918776	-1	1211392	2473	0	0	2473
3948746	-1	-1	0	0	0	0	0
3955755	-1	-1	0	0	0	0	0
3964740	11138080	-1	600064	431	0	0	558
3972741	4661672	-1	1050624	1803	0	0	1823
3978745	-1	-1	0	0	0	0	0
3986754	4703824	-1	1153024	1961	0	0	1961
3996742	-1	-1	0	0	0	0	0
4005741	13091136	-1	834560	510	0	0	510
4014742	-1	-1	0	0	0	0	0
4019754	-1	-1	0	0	0	0	1386
4025741	1593664	-1	525312	2637	0	0	2637
4034748	18114704	-1	1125376	497	0	0	562
4040754	-1	-1	0	0	0	0	0
4048752	3242920	-1	1078272	2660	0	0	2660
4058745	-1	-1	0	0	0	0	0
4063743	18337744	-1	547840	239	0	0	341
4069749	16137256	-1	334848	166	0	0	186
4076750	1887352	-1	595460	2524	0	0	2524
4084754	-1	-1	0	0	0	0	0
4093742	14939008	-1	1376256	737	0	0	843
4102751	-1	-1	0	0	0	0	0
4111740	2022920	-1	743424	2940	0	0	2940
4120747	-1	-1	0	0	0	0	0
4129756	-1	-1	0	0	0	0	0
4135748	15221352	-1	1166336	613	0	0	613
4139763	-1	-1	0	0	0	0	0
4148782	-1	-1	0	0	0	0	0
4154747	2677512	-1	1306624	3904	0	0	3904
4162740	-1	-1	0	0	0	0	0
4171749	11931512	-1	839680	563	0	0	659
4178780	-1	-1	0	0	0	0	0
4185794	2694824	-1	872448	2590	0	0	2590
4193777	-1	-1	0	0	0	0	0
4203754	2654000	-1	744448	2244	0	0	2244
4210749	-1	-1	0	0	0	0	0
4218746	11642792	-1	822272	565	0	0	565
4227740	-1	-1	0	0	0	0	0
4235743	12786080	-1	1117184	699	0	0	699
4242751	-1	-1	0	0	0	0	0
4248754	17185392	-1	790528	368	0	0	545
4255740	-1	-1	0	0	0	0	0
4262744	2702096	-1	742400	2198	0	0	2198
4271757	-1	-1	0	0	0	0	0
4279754	12086736	-1	1137664	753	0	0	753
4283748	-1	-1	0	0	0	0	0
4292740	4297176	-1	820224	1527	0	0	1527
4302750	-1	-1	0	0	0	0	0
4310786	10426184	-1	931840	715	0	0	796
4316741	-1	-1	0	0	0	0	0
4323743	1844816	-1	585728	2540	0	0	2807
4332743	9679864	-1	566272	468	0	0	468
4340749	15569736	-1	1292288	664	0	0	664
4347755	-1	-1	0	0	0	0	0
4357752	-1	-1	0	0	0	0	0
4365755	-1	-1	0	0	0	0	0
4372745	19428184	-1	1967104	810	0	0	1071
4381750	-1	-1	0	0	0	0	0
4391748	20552368	-1	2181120	849	0	0	849
4400744	-1	-1	0	0	0	0	0
4409743	-1	-1	0	0	0	0	0
4419743	-1	-1	0	0	0	0	0
4427753	6872200	-1	1674240	1949	0	0	1949
4436763	-1	-1	0	0	0	0	0
4443743	-1	-1	0	0	0	0	533
4452751	1282696	-1	270488	1687	0	0	1687
4459750	3638456	-1	1192960	2623	0	0	2719
4467744	-1	-1	0	0	0	0	0
4475748	3659304	-1	1085440	2373	0	0	2373
4480749	-1	-1	0	0	0	0	0
4489742	10845088	-1	477184	352	0	0	352
4495750	-1	-1	0	0	0	0	0
4503748	3506792	-1	883712	2016	0	0	2016
4508781	-1	-1	0	0	0	0	0
4515751	11159256	-1	1159168	831	0	0	831
4523761	-1	-1	0	0	0	0	0
4529742	1696320	-1	335872	1584	0	0	1598
4539775	8365272	-1	889856	851	0	0	851
4548743	14092296	-1	843776	479	0	0	479
4557742	-1	-1	0	0	0	0	0
4567742	10544432	-1	780288	592	0	0	620
4571741	-1	-1	0	0	0	0	0
4580746	1467032	-1	462848	2524	0	0	2524
4589741	-1	-1	0	0	0	0	0
4599746	3220600	-1	305152	758	0	0	779
4607753	7599808	-1	551936	581	0	0	630
4611754	-1	-1	0	0	0	0	0
4620748	-1	-1	0	0	0	0	0
4629754	2418976	-1	731136	2418	0	0	2573
4637743	-1	-1	0	0	0	0	0
4644744	9107440	-1	397312	349	0	0	349
4653752	-1	-1	0	0	0	0	143
4658750	4038432	-1	1472512	2917	0	0	2917
4664745	-1	-1	0	0	0	0	0
4672750	-1	-1	0	0	0	0	0
4679753	-1	-1	0	0	0	0	0
4688752	8177664	-1	1168384	1143	0	0	1189
4696743	-1	-1	0	0	0	0	0
4704748	-1	-1	0	0	0	0	0
4709747	-1	-1	0	0	0	0	0
4718752	6577496	-1	1973248	2400	0	0	2400
4728743	-1	-1	0	0	0	0	0
4736755	-1	-1	0	0	0	0	0
4744770	-1	-1	0	0	0	0	0
4752807	10190768	-1	1059840	832	0	0	832
4756754	-1	-1	0	0	0	0	0
4763754	4065656	-1	823296	1620	0	0	1620
4771754	-1	-1	8192	372	0	0	537
4776746	2222728	-1	560128	2016	0	0	2016
4784753	-1	-1	0	0	0	0	0
4792744	3813520	-1	580608	1218	0	0	1218
4801739	-1	-1	0	0	0	0	0
4807758	2646800	-1	946232	2860	0	0	2860
4816740	-1	-1	0	0	0	0	0
4826757	1853200	-1	740352	3196	0	0	3196
4830753	-1	-1	0	0	0	0	0
4837741	11245504	-1	856064	609	0	0	609
4845757	-1	-1	0	0	0	0	0
4855741	2032536	-1	471040	1854	0	0	1854
4862749	12728528	-1	695296	437	0	0	437
4866747	-1	-1	0	0	0	0	0
4875795	-1	-1	0	0	0	0	0
4884746	3573656	-1	1481728	3317	0	0	3392
4893763	-1	-1	0	0	0	0	0
4902777	15473776	-1	818176	423	0	0	554
4911790	-1	-1	0	0	0	0	0
4920769	3897304	-1	833536	1711	0	0	1711
4924742	-1	-1	0	0	0	0	0
4932747	17096344	-1	884736	414	0	0	425
4939754	-1	-1	0	0	0	0	0
4948746	5590128	-1	1614848	2311	0	0	2311
4957748	-1	-1	0	0	0	0	0
4966753	-1	-1	0	0	0	0	0
4971748	-1	-1	0	0	0	0	0
4977751	4713648	-1	742400	1260	0	0	1265
4987743	-1	-1	0	0	0	0	0
4994744	15450968	-1	847872	439	0	0	479
5001751	-1	-1	0	0	0	0	0
5010756	15532032	-1	1213440	625	0	0	625
5012749	-1	-1	0	0	0	0	0
5021742	4410752	-1	1069056	1939	0	0	1939
5030744	-1	-1	0	0	0	0	0
5039742	1456352	-1	704512	3870	0	0	4144
5044745	2321656	-1	538624	1856	0	0	1856
5050745	3614776	-1	992256	2196	0	0	2196
5059740	-1	-1	0	0	0	0	0
5068739	16384000	-1	1011712	494	0	0	540
5077755	-1	-1	0	0	0	0	0
5083753	2368608	-1	716800	2421	0	0	2456
5090745	-1	-1	0	0	0	0	0
5099751	13763768	-1	467968	272	0	0	453
5108751	-1	-1	0	0	0	0	0
5114748	453152	-1	303104	5351	0	0	5504
5123749	8717128	-1	509952	468	0	0	496
5130741	19014456	-1	1036288	436	0	0	451
5139741	-1	-1	0	0	0	0	0
5146740	1412864	-1	558080	3160	0	0	3160
5155748	12052016	-1	732160	486	0	0	486
5159743	-1	-1	0	0	0	0	0
5165747	-1	-1	0	0	0	0	0
5170745	14167128	-1	747316	422	0	0	525
5176743	-1	-1	0	0	0	0	23
5181755	1048432	-1	241664	1844	0	0	1844
5190754	-1	-1	0	0	0	0	0
5199739	16064536	-1	720896	359	0	0	382
5208754	-1	-1	0	0	0	0	0
5215755	5173280	-1	1367040	2114	0	0	2114
5224753	-1	-1	0	0	0	0	0
5233743	1601440	-1	319488	1596	0	0	1597
5241742	9576560	-1	934912	781	0	0	781
5246769	-1	-1	0	0	0	0	0
5253777	-1	-1	0	0	0	0	0
5262751	2186464	-1	1236992	4526	0	0	5678
5271740	3173368	-1	829440	2091	0	0	2091
5279753	6830744	-1	1716224	2010	0	0	2010
5287739	-1	-1	0	0	0	0	0
5296746	1910768	-1	563200	2358	0	0	2358
5303750	15251392	-1	1006592	528	0	0	528
5307749	-1	-1	0	0	0	0	0
5315753	-1	-1	0	0	0	0	0
5323746	17029040	-1	1351680	635	0	0	635
5333748	-1	-1	0	0	0	0	0
5342746	1060496	-1	394240	2974	0	0	2974
5351744	-1	-1	0	0	0	0	0
5360748	2856712	-1	990208	2773	0	0	2773
5369741	-1	-1	0	0	0	0	0
5378748	15972112	-1	357376	179	0	0	179
5386748	-1	-1	0	0	0	0	0
5392748	2586376	-1	728064	2252	0	0	2252
5401750	-1	-1	0	0	0	0	0
5410743	17256520	-1	729088	338	0	0	338
5419738	-1	-1	0	0	0	0	112
5424740	2582936	-1	728064	2255	0	0	2255
5433746	-1	-1	0	0	0	0	0
5442755	16595256	-1	723968	349	0	0	499
5451743	-1	-1	0	0	0	0	0
5460756	4394384	-1	1078272	1963	0	0	1963
5469746	-1	-1	0	0	0	0	0
5478756	17614720	-1	937984	426	0	0	493
5487747	-1	-1	0	0	0	0	0
5496749	6756400	-1	1296384	1535	0	0	1558
5505748	-1	-1	0	0	0	0	0
5512740	22444160	-1	959488	342	0	0	342
5520742	-1	-1	0	0	0	0	0
5528751	2779712	-1	889856	2561	0	0	2561
5535772	-1	-1	0	0	0	0	0
5544746	6234400	-1	605516	777	0	0	777
5549753	-1	-1	0	0	0	0	0
5558743	2197464	-1	707584	2576	0	0	2576
5565752	-1	-1	0	0	0	0	0
5572748	-1	-1	0	0	0	0	0
5580752	3309640	-1	536576	1297	0	0	1297
5589739	3222216	-1	689152	1711	0	0	1711
5598743	-1	-1	0	0	0	0	0
5606744	12472504	-1	692224	444	0	0	564
5615788	-1	-1	0	0	0	0	0
5623757	2831336	-1	921600	2604	0	0	2604
5632774	-1	-1	0	0	0	0	0
5638757	-1	-1	0	0	0	0	0
5645753	-1	-1	0	0	0	0	0
5654750	2580184	-1	842752	2613	0	0	2613
5663757	-1	-1	0	0	0	0	0
5670749	9275600	-1	219136	189	0	0	189
5679747	3497352	-1	909312	2080	0	0	2252
5682741	13824000	-1	193536	112	0	0	112
5692753	-1	-1	0	0	0	0	0
5700739	-1	-1	8192	612	0	0	616
5709768	5139856	-1	463872	722	0	0	766
5715746	14079472	-1	857088	487	0	0	552
5720753	-1	-1	0	0	0	0	0
5729792	17307376	-1	748544	346	0	0	533
5738782	-1	-1	0	0	0	0	0
5747788	5136224	-1	1256448	1957	0	0	1957
5756758	-1	-1	0	0	0	0	0
5764741	10186640	-1	1417216	1113	0	0	1113
5769768	-1	-1	0	0	0	0	0
5776758	4174720	-1	787456	1509	0	0	1509
5784748	-1	-1	0	0	0	0	0
5793745	13478160	-1	892928	530	0	0	645
5797751	-1	-1	0	0	0	0	0
5806748	1118536	-1	287744	2058	0	0	2058
5815743	-1	-1	0	0	0	0	0
5825743	7346632	-1	1121280	1221	0	0	1221
5835739	-1	-1	0	0	0	0	0
5840741	-1	-1	0	0	0	0	0
5849746	2690856	-1	392192	1166	0	0	1166
5858746	14176224	-1	499712	282	0	0	401
5867754	-1	-1	0	0	0	0	0
5876740	3428896	-1	1034240	2413	0	0	2413
5885742	-1	-1	0	0	0	0	0
5893742	2769768	-1	991232	2863	0	0	2863
5902745	-1	-1	0	0	0	0	0
5910746	-1	-1	0	0	0	0	0
5913745	-1	-1	0	0	0	0	0
5922754	2548952	-1	1423272	4467	0	0	4467
5931747	-1	-1	0	0	0	0	0
5938741	11826048	-1	786432	532	0	0	535
5947747	-1	-1	0	0	0	0	0
5956747	2921688	-1	636928	1744	0	0	1744
5961750	-1	-1	0	0	0	0	0
5968751	3851968	-1	525312	1091	0	0	1091
5974762	-1	-1	0	0	0	0	0
5984768	12609256	-1	1125376	714	0	0	714
5993748	-1	-1	0	0	0	0	0
6002749	-1	-1	0	0	0	0	0
6009755	-1	-1	0	0	0	0	509
6014745	2261408	-1	463872	1641	0	0	1641
6022751	-1	-1	0	0	0	0	85
6027742	3067680	-1	727040	1896	0	0	1896
6034752	-1	-1	0	0	0	0	0
6041754	15025264	-1	1166336	621	0	0	645
6049752	-1	-1	0	0	0	0	0
6054761	3079384	-1	907264	2357	0	0	2357
6062752	-1	-1	0	0	0	0	0
6071747	15335736	-1	808960	422	0	0	453
6076750	-1	-1	0	0	0	0	0
6086743	3997128	-1	1159168	2320	0	0	2320
6095740	-1	-1	0	0	0	0	0
6102763	3512048	-1	865280	1971	0	0	1971
6109745	-1	-1	0	0	0	0	0
6117752	-1	-1	0	0	0	0	0
6123746	-1	-1	0	0	0	0	0
6129744	8730160	-1	598016	548	0	0	548
6137758	4008680	-1	517120	1032	0	0	1071
6141744	-1	-1	0	0	0	0	0
6150741	-1	-1	0	0	0	0	0
6158742	2683800	-1	449536	1340	0	0	1340
6167755	-1	-1	0	0	0	0	0
6176755	1971480	-1	448512	1820	0	0	1820
6185750	-1	-1	0	0	0	0	0
6194744	10957784	-1	425984	311	0	0	430
6203742	-1	-1	0	0	0	0	0
6212744	1324968	-1	285696	1725	0	0	1764
6221741	-1	-1	0	0	0	0	0
6230741	759488	-1	474112	4994	0	0	5099
6239745	3205024	-1	265216	662	0	0	662
6248744	7639464	-1	325632	341	0	0	341
6257749	-1	-1	0	0	0	0	0
6266740	13670728	-1	804864	471	0	0	546
6275740	1519208	-1	503808	2653	0	0	2862
6277745	12081480	-1	359424	238	0	0	238
6286752	-1	-1	0	0	0	0	0
6295744	14835624	-1	843776	455	0	0	584
6304744	-1	-1	0	0	0	0	0
6313746	3157560	-1	732160	1855	0	0	1855
6322755	-1	-1	0	0	0	0	0
6331748	17995904	-1	834560	371	0	0	437
6340747	-1	-1	0	0	0	0	0
6349741	3648880	-1	831488	1823	0	0	1823
