26243	5160424	-1	8218624	12741	0	0	12934
35245	8929792	-1	359424	322	0	0	322
44230	5790392	-1	2012160	2780	0	0	2780
54210	-1	-1	0	0	0	0	0
59206	6293784	-1	2172928	2762	0	0	2762
69226	-1	-1	0	0	0	0	0
76231	3221000	-1	1300480	3230	0	0	3230
82212	-1	-1	0	0	0	0	0
89223	-1	-1	0	0	0	0	0
98213	4460880	-1	1608704	2885	0	0	2885
105227	5482896	-1	2777088	4052	0	0	4052
113218	-1	-1	0	0	0	0	0
120230	4953152	-1	1603584	2590	0	0	2590
129220	-1	-1	0	0	0	0	0
139211	3660048	-1	1955840	4275	0	0	4275
148230	-1	-1	0	0	0	0	0
159245	7049568	-1	1851392	2101	0	0	2101
163247	-1	-1	0	0	0	0	0
171248	-1	-1	0	0	0	0	0
177223	-1	-1	0	0	0	0	0
184231	5074640	-1	1890304	2980	0	0	2980
192226	-1	-1	0	0	0	0	0
200226	3384720	-1	565248	1336	0	0	1369
208235	6583048	-1	641024	779	0	0	779
214215	4048320	-1	869376	1718	0	0	1718
223208	-1	-1	0	0	0	0	0
232233	4302888	-1	1948672	3623	0	0	3623
241231	-1	-1	0	0	0	0	0
248232	2942896	-1	638976	1737	0	0	1766
255205	6573944	-1	1389568	1691	0	0	1691
264234	-1	-1	0	0	0	0	0
270217	-1	-1	0	0	0	0	0
276226	6398760	-1	1819648	2275	0	0	2275
282210	-1	-1	0	0	0	0	0
289221	5745656	-1	1358848	1892	0	0	1892
296234	-1	-1	0	0	0	0	0
305231	5035280	-1	2533376	4025	0	0	4025
314218	-1	-1	0	0	0	0	0
322210	-1	-1	0	0	0	0	0
325218	-1	-1	0	0	0	0	0
333218	3989176	-1	2242912	4498	0	0	4498
343234	-1	-1	0	0	0	0	0
349218	7273704	-1	2563072	2819	0	0	2819
356205	-1	-1	0	0	0	0	0
362228	5139168	-1	1132544	1763	0	0	1763
370217	-1	-1	0	0	0	0	0
378227	-1	-1	0	0	0	0	0
383206	-1	-1	0	0	0	0	1208
387244	4264168	-1	1454080	2728	0	0	2728
396209	2921984	-1	229376	628	0	0	629
401218	8288016	-1	1679360	1621	0	0	1621
417220	-1	-1	0	0	0	0	4907
426212	1500432	-1	2138112	11400	0	0	11400
433222	4124800	-1	1686528	3271	0	0	3271
440230	-1	-1	0	0	0	0	0
449220	3036664	-1	1022976	2695	0	0	2695
458212	4770816	-1	622592	1044	0	0	1045
462221	9257568	-1	1396736	1207	0	0	1207
472227	-1	-1	0	0	0	0	0
479237	5477400	-1	1512448	2209	0	0	2209
488229	-1	-1	0	0	0	0	0
496227	4792928	-1	802816	1340	0	0	1340
505218	4181576	-1	2026496	3877	0	0	3877
506211	6782048	-1	778240	918	0	0	918
515205	-1	-1	0	0	0	0	0
525219	6221960	-1	3023872	3888	0	0	3888
534210	-1	-1	0	0	0	0	0
541222	7045312	-1	2969600	3372	0	0	3372
549227	-1	-1	0	0	0	0	0
556231	-1	-1	0	0	0	0	0
565223	5729344	-1	1276928	1783	0	0	1783
568231	8265976	-1	2631680	2547	0	0	2547
577223	-1	-1	0	0	0	0	0
585222	5874488	-1	1043456	1421	0	0	1421
595584	1742264	-1	212992	978	0	0	1166
600232	8122280	-1	1192960	1175	0	0	1175
608229	-1	-1	0	0	0	0	0
617224	7837672	-1	2265088	2312	0	0	2312
623206	-1	-1	0	0	0	0	0
632229	-1	-1	0	0	0	0	0
642222	3582232	-1	1556480	3476	0	0	3476
646217	7699384	-1	864256	898	0	0	898
652232	-1	-1	0	0	0	0	0
660234	4928736	-1	1342464	2179	0	0	2179
668205	-1	-1	0	0	0	0	0
674211	6668448	-1	1474560	1769	0	0	1769
683240	-1	-1	0	0	0	0	0
691208	4567296	-1	667396	1169	0	0	1169
700226	-1	-1	0	0	0	0	126
705221	5775656	-1	2609152	3614	0	0	3614
712226	-1	-1	0	0	0	0	0
720227	-1	-1	0	0	0	0	0
725220	-1	-1	0	0	0	0	0
734210	6634152	-1	2040832	2461	0	0	2461
744227	-1	-1	0	0	0	0	0
751208	5405072	-1	1344512	1990	0	0	1990
761231	-1	-1	0	0	0	0	0
770211	6400552	-1	1481728	1852	0	0	1852
776236	-1	-1	0	0	0	0	0
782212	7101472	-1	1953792	2201	0	0	2201
790212	-1	-1	0	0	0	0	0
799204	5949784	-1	1309696	1761	0	0	1761
808225	2895448	-1	167936	464	0	0	464
818212	5813144	-1	1799168	2476	0	0	2476
826212	-1	-1	0	0	0	0	0
834212	4237088	-1	968704	1829	0	0	1829
841270	-1	-1	0	0	0	0	0
851210	4680016	-1	1218560	2083	0	0	2083
860226	-1	-1	0	0	0	0	0
869228	6590528	-1	2010112	2440	0	0	2440
875208	-1	-1	0	0	0	0	0
883225	-1	-1	0	0	0	0	0
885220	-1	-1	0	0	0	0	0
894217	6768800	-1	2016256	2383	0	0	2383
900229	-1	-1	0	0	0	0	0
905219	-1	-1	0	0	0	0	0
913219	1743272	-1	524288	2406	0	0	2406
918211	3398384	-1	1299456	3059	0	0	3059
924231	-1	-1	0	0	0	0	0
934215	5620544	-1	1915904	2727	0	0	2727
940226	-1	-1	0	0	0	0	0
948228	3793008	-1	692224	1460	0	0	1460
954215	-1	-1	0	0	0	0	0
963205	7605936	-1	1807360	1901	0	0	1901
968230	-1	-1	0	0	0	0	0
977229	5361624	-1	2184192	3259	0	0	3259
984225	-1	-1	0	0	0	0	0
994209	-1	-1	0	0	0	0	0
996231	-1	-1	0	0	0	0	0
1005229	6959640	-1	1902592	2187	0	0	2187
1013231	-1	-1	0	0	0	0	0
1023233	4401296	-1	1985536	3609	0	0	3609
1031233	-1	-1	0	0	0	0	0
1040239	-1	-1	0	0	0	0	0
1046225	5054280	-1	610304	966	0	0	966
1055233	4119264	-1	2072504	4025	0	0	4025
1062218	-1	-1	0	0	0	0	0
1072226	-1	-1	0	0	0	0	0
1077228	-1	-1	0	0	0	0	0
1084205	2793128	-1	1617920	4634	0	0	4634
1091243	-1	-1	0	0	0	0	0
1100231	3188008	-1	1139712	2860	0	0	2860
1106218	-1	-1	0	0	0	0	0
1116228	2007424	-1	1101824	4391	0	0	4391
1125233	3423592	-1	711680	1663	0	0	1663
1133220	3198432	-1	1337344	3345	0	0	3345
1141220	-1	-1	0	0	0	0	0
1150214	2093736	-1	1265664	4836	0	0	4836
1156204	-1	-1	0	0	0	0	0
1162219	-1	-1	0	0	0	0	0
1170211	2625136	-1	1511424	4606	0	0	4606
1172227	3705376	-1	169984	367	0	0	367
1180204	-1	-1	0	0	0	0	0
1187238	2764944	-1	1211392	3505	0	0	3505
1194218	-1	-1	0	0	0	0	0
1202218	4741592	-1	1342464	2265	0	0	2265
1208238	-1	-1	0	0	0	0	0
1216205	4598136	-1	1401856	2439	0	0	2439
1223238	-1	-1	0	0	0	0	0
1229222	3649112	-1	656384	1439	0	0	1439
1238214	4163424	-1	252928	486	0	0	486
1246210	5284872	-1	1809408	2739	0	0	2739
1253222	-1	-1	0	0	0	0	0
1261220	5116280	-1	1584128	2477	0	0	2477
1271206	-1	-1	0	0	0	0	0
1277222	-1	-1	0	0	0	0	0
1286212	2024616	-1	753664	2978	0	0	2992
1288227	2012936	-1	499712	1986	0	0	2015
1297220	2480840	-1	776192	2503	0	0	2503
1303205	4081928	-1	890880	1746	0	0	1913
1310218	6617536	-1	847872	1025	0	0	1025
1317218	1383816	-1	613376	3546	0	0	3735
1325224	-1	-1	0	0	0	0	0
1335205	5474144	-1	1458176	2131	0	0	2131
1340257	-1	-1	0	0	0	0	0
1350213	6299520	-1	1970176	2502	0	0	2502
1358211	-1	-1	0	0	0	0	0
1367241	-1	-1	0	0	0	0	0
1376235	5761560	-1	1650688	2292	0	0	2292
1383235	3293752	-1	1114112	2706	0	0	2706
1393222	-1	-1	0	0	0	0	0
1401222	-1	-1	0	0	0	0	0
1410209	5132384	-1	1432576	2233	0	0	2233
1416251	3248592	-1	1582876	3898	0	0	3898
1425234	-1	-1	0	0	0	0	0
1435244	4902784	-1	1294336	2112	0	0	2112
1443210	-1	-1	0	0	0	0	0
1451234	5541024	-1	1068032	1542	0	0	1542
1458210	-1	-1	0	0	0	0	0
1466210	5655368	-1	1502208	2125	0	0	2125
1475209	-1	-1	0	0	0	0	0
1484242	4926064	-1	1300480	2112	0	0	2112
1493218	-1	-1	0	0	0	0	0
1500228	-1	-1	0	0	0	0	287
1508228	6512568	-1	1397760	1717	0	0	1717
1513218	5188776	-1	1390592	2144	0	0	2144
1522212	-1	-1	0	0	0	0	0
1530212	7093736	-1	2262016	2551	0	0	2551
1540229	-1	-1	0	0	0	0	0
1547239	7022376	-1	1543168	1758	0	0	1758
1555243	-1	-1	0	0	0	0	0
1560226	-1	-1	0	0	0	0	0
1569222	1808112	-1	233472	1033	0	0	1033
1575204	1351000	-1	820224	4857	0	0	5017
1584226	3427112	-1	933888	2180	0	0	2180
1593219	3699616	-1	1447936	3131	0	0	3131
1602211	-1	-1	0	0	0	0	0
1611235	2394688	-1	362496	1211	0	0	1211
1620246	3522920	-1	1410048	3202	0	0	3202
1624231	-1	-1	63488	47	0	0	47
1632232	4904056	-1	720896	1176	0	0	1211
1636232	5792456	-1	919552	1270	0	0	1270
1642214	-1	-1	0	0	0	0	0
1647215	4889584	-1	1798144	2942	0	0	2942
1656225	-1	-1	0	0	0	0	0
1665220	3215520	-1	1020928	2540	0	0	2540
1668232	-1	-1	0	0	0	0	0
1676226	4016320	-1	1522688	3033	0	0	3033
1684227	-1	-1	0	0	0	0	0
1693224	6766160	-1	1316864	1557	0	0	1557
1701222	-1	-1	0	0	0	0	0
1710212	4412256	-1	1478656	2681	0	0	2681
1720226	-1	-1	0	0	0	0	0
1730217	6005544	-1	2342912	3121	0	0	3121
1740240	-1	-1	0	0	0	0	0
1750216	3009072	-1	269312	716	0	0	716
1758217	-1	-1	0	0	0	0	0
1766217	7575224	-1	2452480	2590	0	0	2738
1775210	-1	-1	0	0	0	0	0
1784234	2070488	-1	569384	2200	0	0	2200
1792239	4196544	-1	491520	937	0	0	937
1801226	4730088	-1	947200	1602	0	0	1602
1811212	-1	-1	0	0	0	0	0
1814217	-1	-1	0	0	0	0	0
1823241	4802208	-1	1114112	1856	0	0	1856
1829218	3426632	-1	505856	1181	0	0	1454
1836232	6424632	-1	550912	686	0	0	686
1845218	-1	-1	0	0	0	0	0
1852226	1724632	-1	172032	798	0	0	810
1857221	4444400	-1	1260544	2269	0	0	2269
1863206	-1	-1	0	0	0	0	0
1872226	7049552	-1	1889280	2144	0	0	2144
1878219	-1	-1	0	0	0	0	0
1887237	934008	-1	638976	5473	0	0	5491
1894210	2102176	-1	893952	3402	0	0	3402
1903206	3662744	-1	1411072	3082	0	0	3082
1912230	-1	-1	0	0	0	0	0
1917220	3230888	-1	590848	1463	0	0	1600
1923234	6938264	-1	498688	575	0	0	575
1932226	1982920	-1	834560	3367	0	0	3367
1941221	-1	-1	0	0	0	0	0
1950215	4642368	-1	1331200	2294	0	0	2294
1959205	-1	-1	0	0	0	0	0
1968238	4989584	-1	1057792	1696	0	0	1696
1975239	-1	-1	0	0	0	0	319
1980240	5324800	-1	865280	1300	0	0	1300
1988206	-1	-1	0	0	0	0	0
1997223	3207096	-1	838656	2092	0	0	2092
2005217	-1	-1	0	0	0	0	0
2012236	4093336	-1	1572864	3074	0	0	3074
2020229	-1	-1	0	0	0	0	0
2030215	6740880	-1	2373632	2817	0	0	2817
2035233	-1	-1	0	0	0	0	0
2041218	-1	-1	0	0	0	0	0
2048234	-1	-1	0	0	0	0	2
2053218	2754136	-1	1682432	4887	0	0	4887
2060227	3250592	-1	1067008	2626	0	0	2626
2069224	-1	-1	0	0	0	0	0
2077220	-1	-1	0	0	0	0	0
2083207	4029960	-1	2624512	5210	0	0	5210
2091207	-1	-1	89088	64	0	0	64
2100227	-1	-1	0	0	0	0	0
2102218	-1	-1	0	0	0	0	0
2111209	4830144	-1	1953792	3236	0	0	3236
2120217	-1	-1	0	0	0	0	0
2129248	3742408	-1	742400	1587	0	0	1587
2138209	3693760	-1	1104896	2393	0	0	2393
2141221	5586248	-1	1312768	1880	0	0	1880
2149231	-1	-1	0	0	0	0	0
2158210	-1	-1	0	0	0	0	187
2166210	1973264	-1	1317892	5343	0	0	5343
2172225	4298496	-1	1575936	2933	0	0	2933
2180225	-1	-1	0	0	0	0	0
2189221	1206752	-1	212992	1412	0	0	1465
2198211	2196264	-1	932864	3398	0	0	3398
2207234	3252048	-1	1560576	3839	0	0	3839
2215211	-1	-1	0	0	0	0	0
2221223	2867624	-1	1729536	4825	0	0	4825
2229224	-1	-1	0	0	0	0	0
2238210	3653912	-1	1404928	3076	0	0	3076
2247240	-1	-1	0	0	0	0	0
2252229	3670136	-1	1213440	2645	0	0	2645
2260226	-1	-1	0	0	0	0	0
2270212	3907072	-1	1027072	2103	0	0	2103
2277218	-1	-1	0	0	0	0	0
2286210	2566112	-1	537600	1676	0	0	1676
2295214	1323376	-1	188416	1139	0	0	1178
2299242	4205224	-1	1182720	2250	0	0	2250
2308225	-1	-1	0	0	0	0	0
2316230	2707696	-1	1408000	4160	0	0	4160
2326215	-1	-1	0	0	0	0	0
2333221	2760016	-1	1765376	5117	0	0	5117
2343242	4517488	-1	214016	379	0	0	379
2352240	3792384	-1	2033664	4290	0	0	4290
2362210	-1	-1	0	0	0	0	0
2372237	2464120	-1	1432576	4651	0	0	4651
2380227	-1	-1	0	0	0	0	0
2387246	3149936	-1	889856	2260	0	0	2260
2396232	-1	-1	0	0	0	0	0
2404225	3675512	-1	1884160	4101	0	0	4101
2412232	-1	-1	0	0	0	0	0
2419207	4526696	-1	1856512	3281	0	0	3281
2429221	-1	-1	0	0	0	0	0
2434215	2138296	-1	606208	2268	0	0	2357
2443207	6150944	-1	1360896	1770	0	0	1770
2450216	-1	-1	0	0	0	0	0
2455233	-1	-1	0	0	0	0	0
2463234	3171272	-1	1778688	4487	0	0	4487
2471242	-1	-1	0	0	0	0	0
2480205	4959064	-1	1782784	2876	0	0	2876
2486217	-1	-1	0	0	0	0	319
2491204	3862720	-1	1822720	3775	0	0	3775
2500227	-1	-1	0	0	0	0	0
2509218	3556168	-1	1676288	3771	0	0	3771
2517218	-1	-1	0	0	0	0	0
2525218	3068016	-1	1601504	4176	0	0	4176
2531233	-1	-1	0	0	0	0	0
2538210	2880864	-1	1813504	5036	0	0	5036
2546219	-1	-1	0	0	0	0	0
2554213	3305368	-1	1658880	4015	0	0	4015
2563234	-1	-1	111616	82	0	0	82
2571236	2862688	-1	910336	2544	0	0	2544
2578212	-1	-1	0	0	0	0	0
2587206	6678592	-1	1816576	2176	0	0	2176
2594220	16690240	-1	223232	107	0	0	107
2602212	-1	-1	0	0	0	0	0
2610214	-1	-1	0	0	0	0	0
2618211	2692416	-1	1609728	4783	0	0	4884
2628204	3523112	-1	1766400	4011	0	0	4011
2638219	3658928	-1	1384448	3027	0	0	3027
2645218	-1	-1	0	0	0	0	0
2655234	3477456	-1	2253824	5185	0	0	5185
2665222	-1	-1	0	0	0	0	0
2671203	-1	-1	0	0	0	0	0
2679234	4122272	-1	722944	1403	0	0	1403
2688228	4352088	-1	1609728	2959	0	0	2959
2696239	-1	-1	0	0	0	0	0
2703233	3854856	-1	1145856	2378	0	0	2378
2709223	5755184	-1	822272	1143	0	0	1143
2716228	-1	-1	0	0	0	0	0
2724206	-1	-1	0	0	0	0	0
2733223	4828088	-1	3076096	5097	0	0	5097
2742223	3903112	-1	176128	361	0	0	361
2751207	2773872	-1	657408	1896	0	0	1896
2759234	-1	-1	0	0	0	0	0
2769227	3167984	-1	1985536	5014	0	0	5221
2779238	4902992	-1	1315840	2147	0	0	2147
2789223	-1	-1	0	0	0	0	0
2796229	-1	-1	0	0	0	0	0
2803241	4628000	-1	2547712	4404	0	0	4404
2812233	-1	-1	0	0	0	0	0
2821225	2721072	-1	677888	1993	0	0	2080
2823234	-1	-1	0	0	0	0	0
2832229	4265032	-1	2454528	4604	0	0	4604
2842219	-1	-1	0	0	0	0	0
2849218	3985904	-1	1278976	2567	0	0	2567
2859243	-1	-1	0	0	0	0	0
2866210	2482056	-1	1673216	5393	0	0	5429
2874209	2337136	-1	995328	3407	0	0	3407
2883205	3133760	-1	916624	2340	0	0	2340
2890210	-1	-1	0	0	0	0	0
2899234	2176688	-1	909312	3342	0	0	3393
2906210	5278624	-1	719872	1091	0	0	1091
2911204	-1	-1	0	0	0	0	0
2917220	-1	-1	0	0	0	0	0
2923237	4475960	-1	2852864	5099	0	0	5099
2932228	4714880	-1	592896	1006	0	0	1006
2941224	-1	-1	0	0	0	0	0
2951243	2844128	-1	385024	1083	0	0	2935
2953251	2848512	-1	1303552	3661	0	0	3661
2963251	-1	-1	0	0	0	0	0
2969228	4375624	-1	1458176	2666	0	0	2666
2976229	-1	-1	0	0	0	0	0
2985217	3902456	-1	2147328	4402	0	0	4402
2994210	-1	-1	0	0	0	0	0
3003213	2775240	-1	1636352	4717	0	0	5147
3013222	4282264	-1	1165312	2177	0	0	2177
3021242	4345152	-1	1562624	2877	0	0	2877
3031220	-1	-1	0	0	0	0	0
3039209	3692328	-1	988160	2141	0	0	2141
3048230	-1	-1	0	0	0	0	0
3054209	3469464	-1	1925120	4439	0	0	4439
3060232	-1	-1	0	0	0	0	0
3068226	5552968	-1	1241088	1788	0	0	1788
3077225	-1	-1	0	0	0	0	188
3082212	6000656	-1	1864704	2486	0	0	2486
3091242	-1	-1	49152	245	0	0	245
3096233	5565120	-1	2598912	3736	0	0	3736
3103221	-1	-1	0	0	0	0	0
3107253	-1	-1	0	0	0	0	0
3116229	5352880	-1	1229824	1838	0	0	1838
3121226	1246968	-1	463872	2976	0	0	3230
3130215	6780048	-1	521216	615	0	0	615
3139213	2698800	-1	751616	2228	0	0	2368
3147214	4282760	-1	1890304	3531	0	0	3531
3156226	-1	-1	0	0	0	0	0
3163237	-1	-1	0	0	0	0	259
3168226	3895328	-1	2365440	4858	0	0	4858
3177228	-1	-1	0	0	0	0	0
3187234	6411504	-1	1533952	1914	0	0	1914
3196229	4533936	-1	540672	954	0	0	994
3200226	5551808	-1	921600	1328	0	0	1328
3207206	-1	-1	0	0	0	0	0
3215234	-1	-1	0	0	0	0	0
3300386	-1	-1	0	0	0	0	0
3309378	-1	-1	0	0	0	0	0
3319376	-1	-1	0	0	0	0	0
3325382	-1	-1	0	0	0	0	0
3334371	4613816	-1	2285568	3963	0	0	3963
3342371	-1	-1	0	0	0	0	0
3350371	3241832	-1	1822720	4498	0	0	4498
3359363	-1	-1	0	0	0	0	0
3369383	1748368	-1	1159168	5304	0	0	5304
3376388	-1	-1	0	0	0	0	0
3385378	-1	-1	0	0	0	0	0
3390372	-1	-1	0	0	0	0	0
3398370	2200024	-1	1492992	5429	0	0	5429
3404389	-1	-1	0	0	0	0	0
3418373	-1	-1	0	0	0	0	8001
3425381	1868936	-1	1600512	6851	0	0	6851
3433387	-1	-1	0	0	0	0	0
3443373	5201832	-1	1204224	1852	0	0	1852
3452386	-1	-1	0	0	0	0	0
3460361	4818488	-1	857088	1423	0	0	1423
3466374	-1	-1	0	0	0	0	0
3475365	6238688	-1	1180672	1514	0	0	1514
3484392	-1	-1	0	0	0	0	0
3491365	4196328	-1	1242112	2368	0	0	2368
3495367	-1	-1	0	0	0	0	0
3503365	4460280	-1	1335296	2395	0	0	2395
3511370	-1	-1	0	0	0	0	0
3521387	4427528	-1	1059840	1915	0	0	1915
3527369	-1	-1	0	0	0	0	0
3535376	-1	-1	0	0	0	0	0
3543374	-1	-1	0	0	0	0	0
3550378	6718784	-1	2349056	2797	0	0	2797
3559364	-1	-1	0	0	0	0	0
3565382	3270240	-1	817152	1999	0	0	1999
3574376	-1	-1	0	0	0	0	0
3583367	3615752	-1	1764036	3903	0	0	3903
3592365	-1	-1	0	0	0	0	0
3601391	1978056	-1	1238016	5007	0	0	5007
3610376	-1	-1	0	0	0	0	0
3616398	-1	-1	0	0	0	0	0
3624389	-1	-1	0	0	0	0	0
3630370	1951160	-1	1258496	5160	0	0	5160
3637382	1788104	-1	528384	2364	0	0	2364
3641378	2929416	-1	925696	2528	0	0	2528
3647365	-1	-1	0	0	0	0	0
3657378	2009392	-1	1225728	4880	0	0	4880
3666373	-1	-1	0	0	0	0	0
3672396	3092536	-1	1522688	3939	0	0	3939
3680395	-1	-1	0	0	0	0	0
3690370	4823968	-1	1808384	2999	0	0	2999
3697379	-1	-1	0	0	0	0	0
3706375	-1	-1	0	0	0	0	0
3715363	1730496	-1	715776	3309	0	0	3353
3717379	2833064	-1	679936	1920	0	0	2016
3726371	2248288	-1	816128	2904	0	0	2904
3734380	5501248	-1	1599488	2326	0	0	2326
3742379	-1	-1	0	0	0	0	0
3751362	-1	-1	0	0	0	0	0
3761380	5114712	-1	1485824	2324	0	0	2324
3763364	-1	-1	0	0	0	0	0
3772386	-1	-1	65536	863	0	0	991
3776385	1305240	-1	663552	4067	0	0	4067
3782372	1246792	-1	908288	5828	0	0	5828
3789381	-1	-1	0	0	0	0	0
3798376	-1	-1	0	0	0	0	0
3804387	3616744	-1	1993728	4410	131072	223776	4410
3814371	-1	480944	0	0	602112	10015	0
3820362	-1	586648	0	0	427008	5822	0
3827362	-1	445432	0	0	398336	7154	0
3836365	-1	510552	0	0	574464	9001	0
3838370	-1	-1	0	0	129024	1671	0
3847376	-1	448808	0	0	523264	9327	0
3856389	-1	550024	0	0	611328	8891	0
3865382	2689800	577800	741376	2205	656384	9088	2205
3873383	-1	712032	0	0	719872	8088	0
3879362	-1	804728	0	0	603136	5995	0
3888392	-1	757576	0	0	850944	8985	0
3896364	-1	853992	0	0	841728	7885	0
3905379	-1	778040	0	0	887808	9128	0
3913367	-1	959456	0	0	959488	8000	0
3916360	-1	940072	0	0	352256	2997	0
3925384	-1	792976	0	0	740352	7469	0
3934371	-1	-1	0	0	0	0	0
3944368	-1	-1	0	0	0	0	0
3951368	-1	-1	0	0	0	0	0
3960389	3503928	-1	1478656	3376	0	0	3376
3967362	-1	-1	0	0	0	0	0
3976388	-1	-1	0	0	0	0	0
3984392	-1	-1	0	0	0	0	0
3991365	7418232	-1	2140160	2308	0	0	2308
3996387	-1	-1	0	0	0	0	0
4002372	-1	-1	0	0	0	0	0
4007367	-1	-1	0	0	0	0	0
4016362	5806200	-1	2103296	2898	51200	90060	2898
4025429	-1	-1	0	0	103424	11205	0
4034372	-1	700512	0	0	795648	9086	0
4043362	-1	1160832	0	0	1260544	8687	0
4053387	-1	1106672	0	0	1430528	10341	0
4061385	-1	1282472	0	0	1277952	7971	0
4071362	-1	921152	0	0	1145856	9951	0
4077388	-1	1543128	0	0	1167360	6051	0
4084387	-1	1150752	0	0	957440	6656	0
4090371	-1	1194360	0	0	926720	6207	0
4099373	-1	512288	0	0	581632	9082	0
4103366	-1	645344	0	0	324608	4023	0
4110374	-1	1167520	0	0	1024000	7016	0
4120385	-1	1197936	0	0	1492992	9970	0
4128388	-1	638480	0	0	594944	7454	0
4134372	-1	788824	0	0	636928	6459	0
4140389	-1	1210864	0	0	932864	6163	0
4149379	-1	1553272	0	0	1738752	8955	0
4153381	-1	866800	0	0	429056	3959	0
4162372	-1	1452168	0	0	1637376	9020	0
4170373	-1	1624200	0	0	1593344	7847	0
4178370	-1	1492600	0	0	1527808	8188	0
4185379	-1	1495064	0	0	535552	2865	0
4190370	-1	727712	0	0	812032	8927	0
4196390	-1	1681984	0	0	1229824	5849	0
4203367	-1	1830384	0	0	1592320	6959	0
4209387	-1	1670904	0	0	1267712	6069	0
4218372	-1	1895504	0	0	2151424	9080	0
4223371	-1	2122832	0	0	1258496	4742	0
4230374	-1	1991432	0	0	1788928	7186	0
4240391	-1	2079816	0	0	2620416	10079	0
4248361	-1	1981848	0	0	1949696	7870	0
4256386	-1	1916600	0	0	1958912	8176	0
4264387	-1	1875760	0	0	1875968	8000	0
4273360	-1	2019960	0	0	2249728	8910	0
4279371	-1	2183400	0	0	1628160	5965	0
4288393	-1	2086336	0	0	2337792	8964	0
4294376	-1	1961336	0	0	1501184	6123	0
4302376	-1	1962912	0	0	1958912	7983	0
4311375	-1	1798008	0	0	2024448	9007	0
4318370	-1	1794280	0	0	1572864	7012	0
4326371	-1	1673328	0	0	1660928	7940	0
4336386	-1	1720568	0	0	2102272	9774	0
4344361	-1	1702112	0	0	1755136	8249	0
4351365	-1	1788056	0	0	1567744	7014	0
4357383	-1	942544	0	0	709632	6023	0
4367362	-1	1488272	0	0	1800192	9676	0
4376395	-1	1523744	0	0	1641472	8618	0
4385378	-1	1022928	0	0	1223680	9570	0
4391362	-1	1155256	0	0	880640	6098	0
4395362	-1	1236232	0	0	323584	2094	0
4403367	-1	867520	0	0	1071104	9877	0
4412362	-1	1664064	0	0	1848320	8885	0
4419362	-1	1840352	0	0	1632256	7095	0
4427362	-1	1680040	0	0	1665024	7928	0
4436363	-1	1101776	0	0	1239040	8996	0
4446380	-1	1723904	0	0	2161664	10031	0
4452387	-1	1966640	0	0	1488896	6056	0
4457378	-1	2018528	0	0	1255424	4975	0
4466378	-1	1624424	0	0	1797120	8850	0
4470370	-1	725424	0	0	378880	4178	0
4479364	-1	762768	0	0	843776	8849	0
4485380	-1	1145592	0	0	879616	6142	0
4494378	-1	1283312	0	0	1439744	8975	0
4504364	-1	926576	0	0	1146880	9902	0
4512368	-1	1597432	0	0	1606656	8046	0
4515362	-1	1473216	0	0	548864	2980	0
4524386	-1	2156992	0	0	2414592	8955	0
4533382	-1	1945688	0	0	2219008	9123	0
4542370	-1	1594816	0	0	1790976	8984	0
4547363	-1	1899312	0	0	1176576	4955	0
4556361	-1	1895792	0	0	2140160	9031	0
4566371	-1	1844968	0	0	2293760	9945	0
4572367	-1	1957584	0	0	1463296	5979	0
4578372	-1	2301400	0	0	1727488	6004	0
4587367	-1	1875136	0	0	2123776	9060	0
4596366	-1	1808320	0	0	2029568	8978	0
4604387	-1	1375240	0	0	1381376	8035	0
4613379	-1	1868016	0	0	2096128	8976	0
4620366	-1	2214784	0	0	1941504	7012	0
4628367	-1	1690816	0	0	1649664	7805	0
4636388	-1	1989016	0	0	2024448	8142	0
4645380	-1	1383536	0	0	1551360	8970	0
4654372	-1	1060200	0	0	1205248	9094	0
4663362	-1	1450512	0	0	982016	5416	0
4670374	-1	-1	0	0	0	0	0
4677385	-1	-1	0	0	0	0	0
4687368	-1	-1	0	0	0	0	0
4690374	-1	-1	0	0	0	0	0
4699368	-1	-1	0	0	0	0	0
4703365	-1	-1	0	0	0	0	0
4711361	-1	-1	0	0	0	0	0
4717389	-1	-1	0	0	0	0	0
4726372	-1	-1	0	0	0	0	0
4736386	-1	-1	0	0	0	0	0
4741378	-1	-1	0	0	0	0	0
4751371	-1	-1	0	0	0	0	0
4758370	-1	-1	0	0	0	0	0
4767370	-1	-1	0	0	0	0	0
4769380	-1	-1	0	0	0	0	0
4777379	-1	-1	0	0	0	0	0
4786369	-1	-1	0	0	0	0	0
4787364	-1	-1	0	0	0	0	0
4796387	-1	-1	0	0	0	0	0
4806372	-1	-1	0	0	0	0	0
4810371	-1	-1	0	0	0	0	0
4819369	-1	-1	0	0	0	0	0
4829384	-1	-1	0	0	0	0	0
4837391	-1	-1	0	0	0	0	0
4846378	-1	-1	0	0	0	0	0
4851370	-1	-1	0	0	0	0	0
4857384	-1	-1	0	0	0	0	0
4865363	-1	-1	0	0	0	0	0
4875364	-1	-1	0	0	0	0	0
4884390	-1	-1	0	0	0	0	0
4888389	-1	-1	0	0	0	0	0
4897389	-1	-1	0	0	0	0	0
4906370	-1	-1	0	0	0	0	0
4915365	-1	-1	0	0	0	0	0
4919366	-1	-1	0	0	0	0	0
4928387	-1	-1	0	0	0	0	0
4935365	-1	-1	0	0	0	0	0
4943374	-1	-1	0	0	0	0	0
4950385	-1	-1	0	0	0	0	0
4959372	-1	-1	0	0	0	0	0
4964361	-1	-1	0	0	0	0	0
4971364	-1	-1	0	0	0	0	0
4981374	-1	-1	0	0	0	0	0
4989392	-1	-1	0	0	0	0	0
4998379	-1	-1	0	0	0	0	0
5008392	-1	-1	0	0	0	0	0
5017392	-1	-1	0	0	0	0	0
5025390	-1	-1	0	0	0	0	0
5032393	-1	-1	0	0	0	0	0
5042370	-1	-1	0	0	0	0	0
5050370	-1	-1	0	0	0	0	0
5059363	3841128	-1	2507776	5223	0	0	5223
5068393	7404872	-1	520192	562	0	0	562
5078372	-1	-1	0	0	0	0	0
5087370	-1	-1	0	0	0	0	0
5092388	8204704	-1	3968000	3869	0	0	3869
5099361	5036880	-1	729088	1158	0	0	1183
5103363	6896136	-1	1863680	2162	0	0	2162
5112389	-1	-1	0	0	0	0	0
5119370	5210584	-1	2709504	4160	0	0	4160
5126370	-1	-1	0	0	0	0	0
5135366	7673144	-1	3437568	3584	0	0	3584
5143362	-1	-1	0	0	0	0	0
5152395	-1	-1	0	0	0	0	0
5159363	-1	-1	0	0	0	0	156
5164363	6875304	-1	4101120	4772	0	0	4772
5171363	-1	-1	0	0	0	0	0
5180386	7731352	-1	2543616	2632	0	0	2632
5189380	-1	-1	0	0	0	0	0
5198380	6503320	-1	2622464	3226	0	0	3226
5205381	2940952	-1	663552	1805	0	0	1817
5209380	6627784	-1	1939456	2341	0	0	2341
5218375	-1	-1	0	0	0	0	0
5228398	6191952	-1	2941952	3801	0	0	3801
5234371	-1	-1	0	0	0	0	0
5244386	-1	-1	0	0	0	0	0
5251365	-1	-1	0	0	0	0	0
5257379	5707648	-1	3582976	5022	0	0	5022
5266371	10003296	-1	995328	796	0	0	796
5274382	-1	-1	0	0	0	0	0
5281377	6958072	-1	2015232	2317	0	0	2322
5284365	9355968	-1	1950720	1668	0	0	1668
