20028	3114072	-1	4973568	12777	0	0	12777
29260	2556272	-1	395264	1237	0	0	1237
38903	3159208	-1	737280	1867	0	0	1867
48622	-1	-1	0	0	0	0	1395
52938	4098600	-1	1615872	3154	0	0	3154
60015	-1	-1	0	0	0	0	0
68893	-1	-1	0	0	0	0	0
77888	6949560	-1	704512	811	0	0	811
82065	-1	-1	0	0	0	0	0
90978	4619960	-1	1038336	1798	0	0	1798
93893	-1	-1	0	0	0	0	0
102252	-1	-1	0	0	0	0	61
106952	5041560	-1	1192960	1893	0	0	1893
112897	-1	-1	0	0	0	0	0
122997	4357288	-1	1212416	2226	0	0	2226
131901	-1	-1	0	0	0	0	0
141888	4811328	-1	1005568	1672	0	0	1672
150130	-1	-1	0	0	0	0	0
157895	4389448	-1	735232	1340	0	0	1340
166902	-1	-1	0	0	0	0	0
173962	2137488	-1	214016	801	0	0	801
184019	3808984	-1	1528832	3211	0	0	3211
186955	-1	-1	59392	368	0	0	368
195967	-1	-1	0	0	0	0	0
204899	6185024	-1	1505280	1947	0	0	1947
214889	-1	-1	0	0	0	0	0
219888	-1	-1	0	0	0	0	0
227938	3782080	-1	771072	1631	0	0	1782
231891	6216856	-1	1179648	1518	0	0	1995
240893	-1	-1	0	0	0	0	0
249991	4766616	-1	1721344	2889	0	0	3465
258430	-1	-1	0	0	0	0	0
268197	3681240	-1	1058816	2301	0	0	2880
277891	-1	-1	0	0	0	0	0
286398	3804696	-1	1096704	2306	0	0	2306
294012	-1	-1	0	0	0	0	49
299095	3665800	-1	719872	1571	0	0	1571
307887	3041376	-1	584704	1538	0	0	1538
309888	-1	-1	0	0	0	0	0
318942	2882352	-1	838764	2328	0	0	2328
321945	-1	-1	0	0	0	0	0
330937	-1	-1	0	0	0	0	0
336889	3994272	-1	1527808	3060	0	0	3060
345918	-1	-1	0	0	0	0	0
353889	5446440	-1	2496512	3667	0	0	3667
362897	-1	-1	0	0	0	0	0
372907	-1	-1	0	0	0	0	0
381892	-1	-1	0	0	0	0	0
387886	4009184	-1	2364416	4718	0	0	4718
395896	3451824	-1	727040	1685	0	0	1685
404891	3454680	-1	1340416	3104	0	0	3104
413892	-1	-1	0	0	0	0	0
423896	4474848	-1	1028096	1838	0	0	1838
433164	4250368	-1	422912	796	0	0	796
436886	-1	-1	0	0	0	0	0
445906	-1	-1	0	0	0	0	0
455082	3819080	-1	2436096	5103	0	0	5103
464897	3607488	-1	344064	763	0	0	763
473013	-1	-1	0	0	0	0	0
477901	-1	-1	0	0	0	0	0
485983	3137688	-1	1889280	4817	0	0	4817
495905	5389472	-1	307200	456	0	0	456
501887	-1	-1	0	0	0	0	0
507919	-1	-1	0	0	0	0	0
516168	4171784	-1	2254848	4324	0	0	4405
526113	2019584	-1	236544	937	0	0	937
535120	4496752	-1	1430528	2545	0	0	2545
544902	-1	-1	0	0	0	0	0
554900	5032840	-1	1936384	3078	0	0	3078
563038	-1	-1	0	0	0	0	0
571894	-1	-1	0	0	0	0	0
574043	-1	-1	0	0	0	0	0
582889	4683032	-1	1813504	3098	0	0	3098
590892	-1	-1	0	0	0	0	0
598886	6298504	-1	490496	623	0	0	623
607889	-1	-1	0	0	0	0	0
614890	2926216	-1	1705984	4664	0	0	4737
622926	-1	-1	0	0	0	0	0
630888	4439296	-1	1350656	2434	0	0	2434
638886	-1	-1	0	0	0	0	0
647890	5405984	-1	900096	1332	0	0	1332
656038	-1	-1	0	0	0	0	10
661897	4032304	-1	745472	1479	0	0	1539
670891	-1	-1	0	0	0	0	0
749387	3185608	-1	1073152	2695	0	0	27686
757981	3370536	-1	846848	2010	0	0	2010
768086	-1	-1	0	0	0	0	0
776987	-1	-1	0	0	0	0	0
780987	-1	-1	0	0	0	0	0
788986	5707760	-1	1557504	2183	0	0	2183
796985	6282016	-1	1444864	1840	0	0	1887
798989	-1	-1	0	0	0	0	0
807029	-1	-1	0	0	0	0	0
815990	5223584	-1	1297408	1987	0	0	1987
824984	-1	-1	0	0	0	0	0
833160	5403944	-1	1157120	1713	0	0	1713
838976	-1	-1	0	0	0	0	0
847985	-1	-1	0	0	0	0	0
850169	-1	-1	0	0	0	0	0
859051	3907736	-1	1572864	3220	0	0	3220
869079	-1	-1	0	0	0	0	0
878310	-1	-1	0	0	0	0	0
882106	-1	-1	0	0	0	0	0
891172	5835280	-1	1374208	1884	0	0	1884
897121	-1	-1	0	0	0	0	0
905977	-1	-1	0	0	0	0	0
914075	-1	-1	0	0	0	0	0
920060	4236992	-1	1215488	2295	0	0	2295
928989	-1	-1	0	0	0	0	0
933014	-1	-1	0	0	0	0	0
942009	5357880	-1	1343488	2006	0	0	2080
944988	6461680	-1	244736	303	0	0	303
953979	-1	-1	0	0	0	0	0
963062	5798488	-1	1361920	1879	0	0	1879
972056	-1	-1	0	0	0	0	0
980982	-1	-1	0	0	0	0	0
988120	-1	-1	0	0	0	0	0
995983	5347128	-1	1789952	2678	0	0	2678
1005246	5196688	-1	737280	1135	0	0	1203
1008977	6492704	-1	676864	834	0	0	834
1018010	-1	-1	0	0	0	0	0
1025982	-1	-1	0	0	0	0	0
1029979	-1	-1	0	0	0	0	0
1038987	4879352	-1	1663860	2728	0	0	2728
1047978	-1	-1	0	0	0	0	0
1054157	3650432	-1	1522688	3337	0	0	3337
1061983	-1	-1	0	0	0	0	0
1071068	-1	-1	0	0	0	0	0
1072985	-1	-1	0	0	0	0	0
1081996	5428432	-1	1633280	2407	0	0	2407
1091155	-1	-1	0	0	0	0	0
1098985	3231656	-1	601088	1488	0	0	1488
1108977	1722248	-1	311296	1446	0	0	1488
1113064	5819416	-1	904192	1243	0	0	1243
1121983	-1	-1	0	0	0	0	0
1130014	4348608	-1	1436672	2643	0	0	2643
1134121	-1	-1	0	0	0	0	0
1143136	-1	-1	0	0	0	0	0
1151981	-1	-1	0	0	0	0	0
1160985	5115088	-1	1200128	1877	0	0	1877
1163026	-1	-1	0	0	0	0	0
1170985	3169192	-1	1043456	2634	0	0	2634
1174986	-1	-1	0	0	0	0	0
1183179	3431784	-1	571392	1332	0	0	1332
1192075	-1	-1	0	0	0	0	0
1200996	5351296	-1	1261568	1886	0	0	1886
1210978	-1	-1	0	0	0	0	68
1216057	5321376	-1	1193984	1795	0	0	1795
1223155	-1	-1	0	0	0	0	0
1232977	2330184	-1	558080	1916	0	0	1916
1242007	-1	-1	0	0	0	0	0
1250975	2596896	-1	689152	2123	0	0	2123
1257977	5702104	-1	687104	964	0	0	964
1261998	14477240	-1	209920	116	0	0	116
1272014	-1	-1	0	0	0	0	0
1282010	5543712	-1	1539072	2221	0	0	2221
1292001	-1	-1	0	0	0	0	0
1300974	-1	-1	0	0	0	0	0
1302984	-1	-1	0	0	0	0	0
1310983	4238432	-1	1386496	2617	0	0	2617
1319976	-1	-1	106496	452	0	0	458
1324999	5184504	-1	1738752	2683	0	0	2683
1333983	-1	-1	0	0	0	0	0
1342987	-1	-1	0	0	0	0	0
1352170	-1	-1	0	0	0	0	0
1357997	5662648	-1	2553856	3608	0	0	3608
1365975	-1	-1	0	0	0	0	0
1375987	-1	-1	0	0	0	0	0
1385022	-1	-1	0	0	0	0	390
1389989	5137496	-1	1240064	1931	0	0	1931
1515525	-1	271480	0	0	496640	14634	25496
1524612	-1	-1	0	0	0	0	0
1533574	-1	-1	0	0	0	0	0
1543669	3109352	-1	1076224	2769	0	0	2769
1547591	-1	-1	0	0	0	0	0
1554518	-1	-1	0	0	0	0	0
1558515	-1	-1	0	0	0	0	0
1567528	5133296	-1	2173952	3388	0	0	3388
1575525	-1	-1	0	0	0	0	0
1580609	-1	-1	0	0	0	0	0
1589559	3563888	-1	294912	662	0	0	682
1594515	4492712	-1	1820672	3242	0	0	3242
1603597	-1	-1	0	0	0	0	0
1613614	-1	-1	0	0	0	0	0
1619513	-1	-1	0	0	0	0	0
1627512	5891488	-1	2323456	3155	0	0	3155
1636609	-1	-1	0	0	0	0	0
1645572	-1	-1	0	0	0	0	0
1650518	-1	-1	0	0	0	0	0
1658513	5333456	-1	1893376	2840	0	0	2840
1666649	-1	-1	0	0	0	0	0
1669556	-1	-1	0	0	0	0	0
1678564	5677688	-1	1773568	2499	0	0	2575
1681519	-1	-1	99328	95	0	0	95
1690514	-1	-1	0	0	0	0	0
1699680	5284312	-1	1029120	1558	0	0	1558
1708668	-1	-1	0	0	0	0	0
1715513	4828448	-1	1299456	2153	0	0	2153
1725607	-1	-1	0	0	0	0	0
1732716	4223184	-1	1156096	2190	0	0	2190
1741707	-1	-1	0	0	0	0	0
1747518	-1	-1	0	0	0	0	0
1756517	-1	-1	0	0	0	0	0
1761584	4816112	-1	2030592	3373	0	0	3373
1769516	-1	-1	0	0	0	0	0
1777712	-1	-1	0	0	0	0	0
1781647	-1	-1	0	0	0	0	0
1790559	5764856	-1	1938432	2690	0	0	2690
1797542	-1	-1	0	0	0	0	0
1805512	4112864	-1	846736	1647	0	0	1647
1814512	-1	-1	0	0	0	0	0
1824521	3659456	-1	1098752	2402	0	0	2402
1834528	-1	-1	0	0	0	0	0
1844536	4990240	-1	1634304	2620	0	0	2620
1854526	-1	-1	0	0	0	0	0
1863510	-1	-1	0	0	0	0	0
1871532	4691080	-1	621568	1060	0	0	1235
1875646	4332136	-1	488448	902	0	0	902
1884557	4701648	-1	838656	1427	0	0	1427
1885530	-1	-1	0	0	0	0	0
1894531	-1	-1	0	0	0	0	0
1900643	3455376	-1	974848	2257	0	0	2257
1909510	5551600	-1	1343488	1936	0	0	1936
1911700	-1	-1	0	0	0	0	0
1920526	-1	-1	0	0	0	0	0
1928517	2699968	-1	1050624	3113	0	0	3113
1937517	-1	-1	0	0	0	0	0
1946522	-1	-1	0	0	0	0	0
1950530	-1	-1	0	0	0	0	0
1959512	1841616	-1	1366016	5934	0	0	5945
1966523	3348184	-1	403456	964	0	0	964
1972519	-1	-1	0	0	0	0	0
1980578	4617968	-1	1571840	2723	0	0	2723
1982520	-1	-1	0	0	0	0	0
1991514	-1	-1	0	0	0	0	0
2000602	5006416	-1	1449984	2317	0	0	2317
2009566	-1	-1	0	0	0	0	0
2017512	4735488	-1	1478656	2498	0	0	2498
2027519	-1	-1	0	0	0	0	0
2036510	-1	-1	0	0	0	0	0
2039561	-1	-1	0	0	0	0	0
2049626	3675672	-1	2332672	5077	0	0	5077
2056538	-1	-1	0	0	0	0	0
2062519	-1	-1	0	0	0	0	0
2067525	-1	-1	0	0	0	0	0
2075517	5040264	-1	2046976	3249	0	0	3249
2084524	-1	-1	0	0	0	0	0
2091511	4989176	-1	1215488	1949	0	0	1949
2101511	-1	-1	0	0	0	0	0
2110510	5937280	-1	1264640	1704	0	0	1704
2119569	-1	-1	0	0	0	0	0
2128521	-1	-1	0	0	0	0	0
2129531	-1	-1	0	0	0	0	0
2138649	5332664	-1	2221056	3332	0	0	3332
2147533	-1	-1	0	0	0	0	0
2274816	2230112	-1	1072128	3846	0	0	11219
2283890	3284040	-1	1207296	2941	0	0	2941
2294005	-1	-1	0	0	0	0	0
2302959	-1	-1	0	0	0	0	0
2306890	-1	-1	0	0	0	0	0
2314808	4734672	-1	1772544	2995	0	0	2995
2322904	-1	-1	0	0	0	0	0
2332809	3063144	-1	1106944	2891	0	0	2891
2339916	-1	-1	0	0	0	0	0
2348881	3058680	-1	1117184	2922	0	0	2922
2357806	-1	-1	0	0	0	0	0
2365926	-1	-1	0	0	0	0	0
2370811	-1	-1	0	0	0	0	0
2379973	5296880	-1	1583104	2391	0	0	2391
2387801	-1	-1	0	0	0	0	0
2396804	3802736	-1	1002496	2109	0	0	2109
2406806	-1	-1	0	0	0	0	0
2415862	5823728	-1	1722368	2366	0	0	2366
2425839	-1	-1	0	0	0	0	0
2434804	4791352	-1	966656	1614	0	0	1614
2442924	-1	-1	0	0	0	0	0
2451799	4957952	-1	1092608	1763	0	0	1763
2460815	-1	-1	0	0	0	0	0
2469807	4334800	-1	1217536	2247	0	0	2247
2475867	-1	-1	0	0	0	0	0
2483802	2624520	-1	1012736	3087	0	0	3087
2491847	-1	-1	0	0	0	0	0
2500817	3114312	-1	894976	2299	0	0	2299
2507864	-1	-1	0	0	0	0	0
2514819	4382952	-1	969728	1770	0	0	1770
2521838	-1	-1	0	0	0	0	0
2530813	-1	-1	0	0	0	0	0
2536803	-1	-1	0	0	0	0	0
2545804	4739200	-1	1373184	2318	0	0	2318
2554972	-1	-1	0	0	0	0	0
2561804	3140928	-1	609732	1553	0	0	1553
2568801	-1	-1	0	0	0	0	0
2577874	3832736	-1	1654784	3454	0	0	3454
2586970	-1	-1	0	0	0	0	0
2595801	-1	-1	0	0	0	0	0
2602813	-1	-1	0	0	0	0	0
2611804	5716840	-1	1367040	1913	0	0	1913
2614800	-1	-1	0	0	0	0	0
2623859	-1	-1	0	0	0	0	0
2628800	-1	-1	0	0	0	0	0
2635803	4611824	-1	1235968	2144	0	0	2144
2644805	-1	-1	0	0	0	0	0
2652808	5916448	-1	638976	864	0	0	999
2655807	-1	-1	0	0	0	0	0
2663856	4713272	-1	1051648	1785	0	0	1785
2670941	-1	-1	0	0	0	0	0
2679918	3433264	-1	1029120	2398	0	0	2398
2688820	-1	-1	0	0	0	0	0
2697801	3339592	-1	958464	2296	0	0	2296
2702825	-1	-1	0	0	0	0	0
2712910	5086448	-1	1125376	1770	0	0	1770
2720798	3775736	-1	688128	1458	0	0	1467
2724804	6670792	-1	1212416	1454	0	0	1454
2733807	-1	-1	0	0	0	0	0
2742808	4929696	-1	696320	1130	0	0	1148
2750799	-1	-1	0	0	0	0	0
2760811	3889512	-1	945152	1944	0	0	1944
2767799	3442016	-1	665600	1547	0	0	1559
2771800	4936664	-1	141312	229	0	0	229
2780042	3568792	-1	450560	1010	0	0	1324
2783809	2536176	-1	667648	2106	0	0	2106
2791812	-1	-1	0	0	0	0	0
2800030	5356512	-1	1029120	1537	0	0	1537
2808900	-1	-1	0	0	0	0	0
2817811	-1	-1	0	0	0	0	0
2819809	-1	-1	0	0	0	0	0
2828876	3236344	-1	1736704	4293	0	0	4293
2833821	-1	-1	0	0	0	0	0
2842939	-1	-1	0	0	0	0	0
2845805	-1	-1	0	0	0	0	0
2854824	4691432	-1	1734656	2958	0	0	2958
2863803	-1	-1	0	0	0	0	0
2871851	5519848	-1	1448960	2100	0	0	2100
2879806	-1	-1	0	0	0	0	0
2888825	-1	-1	0	0	0	0	0
2891823	-1	-1	0	0	0	0	0
2900808	7177408	-1	2441216	2721	0	0	2721
2908824	-1	-1	0	0	0	0	0
3003814	-1	-1	0	0	0	0	2083
3012360	-1	-1	0	0	0	0	0
3022377	-1	-1	0	0	0	0	0
3031504	3434000	-1	751616	1751	0	0	1751
3036362	-1	-1	0	0	0	0	0
3043362	4570224	-1	1006592	1762	0	0	1762
3051377	-1	-1	0	0	0	0	0
3060361	4257000	-1	1042432	1959	0	0	1959
3069360	4052168	-1	851968	1682	0	0	1682
3071357	-1	-1	0	0	0	0	0
3080364	-1	-1	0	0	0	0	0
3087429	3854144	-1	1011712	2100	0	0	2100
3094368	-1	-1	0	0	0	0	0
3104361	4864344	-1	1371136	2255	0	0	2255
3111376	-1	-1	0	0	0	0	0
3120360	-1	-1	0	0	0	0	0
3129361	-1	-1	0	0	0	0	0
3136365	5740424	-1	1853440	2583	0	0	2583
3142363	-1	-1	0	0	0	0	0
3150368	5148136	-1	1615872	2511	0	0	2511
3157503	-1	-1	0	0	0	0	0
3167437	-1	-1	0	0	0	0	0
3170362	-1	-1	0	0	0	0	0
3178508	6334624	-1	1658880	2095	0	0	2095
3187402	-1	-1	0	0	0	0	0
3193421	6162400	-1	600064	779	0	0	947
3202356	-1	-1	0	0	0	0	0
3210523	5979720	-1	838656	1122	0	0	1122
3220413	-1	-1	0	0	0	0	0
3226367	4889192	-1	1155072	1890	0	0	1890
3234357	-1	-1	0	0	0	0	0
3243375	4839360	-1	1319936	2182	0	0	2182
3250490	-1	-1	0	0	0	0	0
3259358	-1	-1	0	0	0	0	0
3268358	4356384	-1	1430528	2627	0	0	2775
3270385	-1	-1	0	0	0	0	0
3278368	-1	-1	0	0	0	0	0
3285363	6424120	-1	792576	987	0	0	987
3294436	-1	-1	0	0	0	0	0
3303398	3346392	-1	841200	2011	0	0	2011
3312367	6114760	-1	1124352	1471	0	0	1471
3314360	-1	-1	0	0	0	0	0
3323487	-1	-1	0	0	0	0	0
3331363	4291504	-1	910336	1697	0	0	1697
3341377	-1	-1	0	0	0	0	0
3348362	5198496	-1	1127424	1735	0	0	1735
3357367	-1	-1	0	0	0	0	0
3364358	-1	-1	0	0	0	0	0
3367357	-1	-1	0	0	0	0	0
3376390	5719928	-1	1457152	2038	0	0	2038
3380367	-1	-1	0	0	0	0	0
3389419	3768000	-1	482304	1024	0	0	1024
3397369	-1	-1	0	0	0	0	0
3406452	4741200	-1	1328128	2241	0	0	2241
3413354	-1	-1	0	0	0	0	0
3422396	6657336	-1	959488	1153	0	0	1153
3430364	-1	-1	0	0	0	0	0
3440361	7855696	-1	932864	950	0	0	950
3445374	-1	-1	0	0	0	0	0
3453356	-1	-1	0	0	0	0	0
3458401	-1	-1	0	0	0	0	0
3464355	8208424	-1	1534976	1496	0	0	1496
3470357	-1	-1	0	0	0	0	0
3475384	-1	-1	0	0	0	0	0
3485373	5754536	-1	1668096	2319	0	0	2319
3488450	-1	-1	0	0	0	0	0
3495424	-1	-1	0	0	0	0	0
3501356	7462464	-1	1372160	1471	0	0	1471
3510369	-1	-1	0	0	0	0	0
3516367	-1	-1	0	0	0	0	0
3521389	-1	-1	0	0	0	0	0
3530357	5030728	-1	1961984	3120	0	0	3120
3538399	-1	-1	0	0	0	0	0
3547357	5073352	-1	1169408	1844	0	0	1844
3554393	-1	-1	0	0	0	0	0
3564515	5251280	-1	1254400	1911	0	0	1911
3573355	-1	-1	0	0	0	0	0
3583358	5023664	-1	1261568	2009	0	0	2009
3592365	-1	-1	0	0	0	0	0
3601382	4758112	-1	1501184	2524	0	0	2524
3607444	-1	-1	0	0	0	0	0
3616371	5885144	-1	1251328	1701	0	0	1701
3625363	-1	-1	0	0	0	0	0
3634374	4518488	-1	1292288	2288	0	0	2288
3644368	-1	-1	0	0	0	0	0
3769048	-1	-1	0	0	0	0	25633
3778035	5473368	-1	1552384	2269	0	0	2459
3788050	-1	-1	0	0	0	0	0
3796900	4700096	-1	1015808	1729	0	0	1729
3801121	-1	-1	0	0	0	0	0
3808901	-1	-1	0	0	0	0	0
3816901	-1	-1	0	0	0	0	335
3821920	4535336	-1	1374208	2424	0	0	2424
3829904	-1	-1	0	0	0	0	0
3831900	-1	-1	0	0	0	0	0
3840916	4913224	-1	1526784	2486	0	0	2486
3842903	-1	-1	0	0	0	0	0
3851925	-1	-1	0	0	0	0	0
3857086	5140496	-1	995328	1549	0	0	1549
3866903	-1	-1	0	0	0	0	0
3873046	4306984	-1	1212416	2252	0	0	2252
3880908	-1	-1	0	0	0	0	0
3886908	-1	-1	0	0	0	0	0
3894924	-1	-1	0	0	0	0	0
3900916	5810912	-1	2014208	2773	0	0	2773
3906037	-1	-1	0	0	0	0	0
3915078	-1	-1	0	0	0	0	0
3917904	-1	-1	0	0	0	0	0
3924923	4722712	-1	1080320	1830	0	0	1878
3932905	-1	-1	0	0	0	0	0
3940929	5477552	-1	1613824	2357	0	0	2357
3950900	2635136	-1	338944	1029	0	0	1098
3954991	5523480	-1	485376	703	0	0	703
3963900	-1	-1	0	0	0	0	0
3972901	4579496	-1	771072	1347	0	0	1347
3981900	-1	-1	0	0	0	0	0
3987982	2816000	-1	991232	2816	0	0	2816
3994091	-1	-1	0	0	0	0	0
3998900	-1	-1	0	0	0	0	0
4006934	-1	-1	0	0	0	0	243
4011903	4364792	-1	1604608	2941	0	0	2941
4021059	5083184	-1	477184	751	0	0	1028
4024903	2675536	-1	563200	1684	0	0	1684
4033997	-1	-1	0	0	0	0	0
4040911	-1	-1	0	0	0	0	0
4045901	-1	-1	0	0	0	0	0
4054901	4596432	-1	1566808	2727	0	0	2727
4064117	-1	-1	0	0	0	0	0
4070905	3222448	-1	764928	1899	0	0	1899
4078899	-1	-1	0	0	0	0	0
4088904	4665712	-1	1371136	2351	0	0	2351
4096905	-1	-1	0	0	0	0	0
4105921	3709920	-1	856064	1846	0	0	1846
4111921	-1	-1	0	0	0	0	0
4120911	-1	-1	0	0	0	0	0
4124920	-1	-1	0	0	0	0	0
4132905	4547376	-1	1108992	1951	0	0	1951
4138907	-1	-1	0	0	0	0	0
4147905	4300288	-1	862208	1604	0	0	1604
4154903	-1	-1	0	0	0	0	0
4162908	4350272	-1	805888	1482	0	0	1482
4170905	-1	-1	0	0	0	0	0
4177902	5351000	-1	794624	1188	0	0	1188
4186901	-1	-1	0	0	0	0	0
4195920	4436536	-1	713728	1287	0	0	1287
4199015	-1	-1	0	0	0	0	0
4207904	4499160	-1	1251328	2225	0	0	2225
4215906	-1	-1	0	0	0	0	0
4224901	3853224	-1	633856	1316	0	0	1316
4232031	-1	-1	0	0	0	0	0
4239904	4637392	-1	1100800	1899	0	0	1899
4245939	-1	-1	0	0	0	0	0
4254901	4014424	-1	831488	1657	0	0	1657
4259031	-1	-1	0	0	0	0	0
4268945	4323656	-1	1215488	2249	0	0	2249
4276901	-1	-1	0	0	0	0	0
4286903	6029512	-1	1213440	1610	0	0	1610
4291003	-1	-1	0	0	0	0	0
4298900	-1	-1	0	0	0	0	0
4307915	-1	-1	0	0	0	0	0
4317948	5631800	-1	1815552	2579	0	0	2579
4326905	4946264	-1	619520	1002	0	0	1002
4330904	8192000	-1	154624	151	0	0	151
4338901	-1	-1	0	0	0	0	0
4347965	2344736	-1	1318912	4500	0	0	4500
4357962	-1	-1	0	0	0	0	0
4367992	3925960	-1	803840	1638	0	0	1638
4370932	-1	-1	0	0	0	0	0
4380985	4250920	-1	1854464	3490	0	0	3490
4388004	-1	-1	0	0	0	0	0
4397059	-1	-1	0	0	0	0	0
4498473	2492632	-1	947200	3040	0	0	9608
4507257	6642904	-1	1233920	1486	0	0	1486
4517259	-1	-1	0	0	0	0	0
4526255	7285752	-1	625664	687	0	0	687
4531276	-1	-1	0	0	0	0	0
4538293	-1	-1	0	0	0	0	0
4541283	-1	-1	0	0	0	0	0
4548409	5456664	-1	1995776	2926	0	0	2926
4557366	-1	-1	0	0	0	0	0
4566253	-1	-1	0	0	0	0	0
4570251	-1	-1	0	0	0	0	0
4578353	5292600	-1	1927168	2913	0	0	2913
4588435	-1	-1	0	0	0	0	0
4596267	-1	-1	0	0	0	0	0
4599257	-1	-1	0	0	0	0	0
4606269	6302888	-1	1472512	1869	0	0	1869
4615268	-1	-1	0	0	0	0	0
4624286	3798824	-1	935936	1971	0	0	1971
4633324	-1	-1	0	0	0	0	0
4642266	7366688	-1	1233920	1340	0	0	1340
4651257	-1	-1	0	0	0	0	0
4659250	3695800	-1	865280	1873	0	0	1873
4663264	-1	-1	0	0	0	0	0
4672338	6114744	-1	1070080	1400	0	0	1400
4681252	-1	-1	0	0	0	0	0
4689375	-1	-1	0	0	0	0	0
4694252	-1	-1	0	0	0	0	0
4703359	9962128	-1	2230272	1791	0	0	1954
4712307	-1	-1	0	0	0	0	0
4721252	-1	-1	0	0	0	0	0
4727250	-1	-1	0	0	0	0	0
4736311	5540504	-1	1600512	2311	0	0	2311
4745318	-1	-1	0	0	0	0	0
4754256	4492976	-1	1257472	2239	0	0	2261
4764262	-1	-1	0	0	0	0	0
4772253	4170968	-1	940032	1803	0	0	1803
4781261	-1	-1	0	0	0	0	0
4787262	3551824	-1	1277324	2877	0	0	2877
4797258	-1	-1	0	0	0	0	0
4805311	4302088	-1	1368064	2544	0	0	2544
4814254	-1	-1	0	0	0	0	0
4817250	-1	-1	0	0	0	0	0
4827250	4891624	-1	679936	1112	0	0	1137
4831256	5275408	-1	1607680	2438	0	0	2438
4838297	-1	-1	0	0	0	0	0
4846255	-1	-1	0	0	0	0	0
4854319	3100040	-1	466944	1205	0	0	1244
4858494	4501624	-1	1914880	3403	0	0	3403
4867385	-1	-1	0	0	0	0	0
4876252	3896080	-1	818176	1680	0	0	1680
4885262	-1	-1	0	0	0	0	0
4895253	4742288	-1	1145856	1933	0	0	1933
4904315	-1	-1	0	0	0	0	0
4913262	-1	-1	0	0	0	0	0
4917364	-1	-1	0	0	0	0	0
4926258	6543752	-1	2040832	2495	0	0	2504
4936263	-1	-1	0	0	0	0	0
4945266	-1	-1	0	0	0	0	0
4952254	-1	-1	0	0	0	0	0
4958263	5466040	-1	1981440	2900	0	0	2981
4967355	-1	-1	0	0	0	0	0
4976251	-1	-1	0	0	0	0	0
4985256	-1	-1	0	0	0	0	0
4991252	4644696	-1	2106368	3628	0	0	3628
5001323	-1	-1	0	0	0	0	0
5010274	4084584	-1	1282048	2511	0	0	2511
5017356	-1	-1	0	0	0	0	0
5026251	3880424	-1	746496	1539	0	0	1539
5035250	-1	-1	0	0	0	0	0
5041368	4981064	-1	1610752	2587	0	0	2587
5051353	-1	-1	0	0	0	0	0
5060381	-1	-1	0	0	0	0	0
5067363	4146000	-1	551936	1065	0	0	1300
5071490	6398656	-1	1370112	1713	0	0	1713
5081254	-1	-1	0	0	0	0	0
5090263	-1	-1	0	0	0	0	0
5099250	5095360	-1	1534976	2410	0	0	2488
5102259	7154528	-1	543744	608	0	0	608
5111255	-1	-1	0	0	0	0	0
5119256	5596400	-1	1499136	2143	0	0	2143
5128251	-1	-1	0	0	0	0	0
5227062	-1	-1	0	0	0	0	2032
5236785	-1	-1	0	0	0	0	0
5245797	-1	-1	0	0	0	0	0
5255837	4276128	-1	1118208	2092	0	0	2092
5259831	-1	-1	0	0	0	0	0
5266732	3956840	-1	1208320	2443	0	0	2443
5274797	-1	-1	0	0	0	0	0
5281740	-1	-1	0	0	0	0	0
5288723	-1	-1	0	0	0	0	0
5296711	5360264	-1	1973248	2945	0	0	2945
5305974	-1	-1	0	0	0	0	0
5314821	-1	-1	0	0	0	0	0
5320712	-1	-1	0	0	0	0	0
5330727	5003384	-1	1603584	2564	0	0	2564
5338950	-1	-1	0	0	0	0	0
5348718	4933320	-1	1393664	2260	0	0	2260
5358714	-1	-1	0	0	0	0	0
5368726	-1	-1	0	0	0	0	0
5372721	-1	-1	0	0	0	0	0
5381722	6101792	-1	1554432	2038	0	0	2038
5384725	-1	-1	0	0	0	0	0
5393772	4834704	-1	1008640	1669	0	0	1669
5402723	-1	-1	0	0	0	0	0
5411714	4686320	-1	1190912	2033	0	0	2033
5421727	-1	-1	0	0	0	0	313
5426779	4966056	-1	1019904	1643	0	0	1643
5433916	-1	-1	0	0	0	0	0
5442833	-1	-1	0	0	0	0	0
5450023	-1	-1	0	0	0	0	0
5457711	5363376	-1	1345536	2007	0	0	2007
5463735	-1	-1	0	0	0	0	0
5472863	-1	-1	0	0	0	0	0
5480727	4490776	-1	1380352	2459	0	0	2547
5483757	6986568	-1	290816	333	0	0	333
5492717	-1	-1	0	0	0	0	0
5501922	5114800	-1	1007616	1576	0	0	1576
5509715	-1	-1	0	0	0	0	0
5514725	-1	-1	0	0	0	0	0
5523750	4091728	-1	2088316	4083	0	0	4083
5524721	-1	-1	0	0	0	0	0
5533723	-1	-1	0	0	0	0	0
5538710	-1	-1	0	0	0	0	0
5547755	-1	-1	0	0	0	0	0
5553878	9213960	-1	1735680	1507	0	0	1507
5562775	-1	-1	0	0	0	0	0
5571713	4627952	-1	623616	1078	0	0	1078
5576724	-1	-1	0	0	0	0	0
5585757	4093592	-1	869376	1699	0	0	1699
5594717	5276832	-1	1025024	1554	0	0	1554
5597710	-1	-1	0	0	0	0	0
5606709	-1	-1	0	0	0	0	0
5615747	4859320	-1	997376	1642	0	0	1642
5616712	-1	-1	0	0	0	0	0
5625921	-1	-1	0	0	0	0	0
5634764	4493760	-1	1515520	2698	0	0	2698
5636724	-1	-1	0	0	0	0	0
5645708	4487264	-1	839680	1497	0	0	1497
5648711	-1	-1	0	0	0	0	0
5657715	-1	-1	0	0	0	0	0
5666714	4405784	-1	983040	1785	0	0	1785
5675715	-1	-1	0	0	0	0	0
5682728	3896048	-1	967680	1987	0	0	1987
5689715	-1	-1	0	0	0	0	0
5698716	4982152	-1	1554432	2496	0	0	2496
5707710	-1	-1	0	0	0	0	0
5716736	-1	-1	0	0	0	0	0
5725720	-1	-1	0	0	0	0	0
5731727	4402064	-1	1539072	2797	0	0	2797
5740714	-1	-1	0	0	0	0	0
5745855	4174408	-1	1144832	2194	0	0	2194
5754710	-1	-1	0	0	0	0	0
5761719	-1	-1	0	0	0	0	0
5770710	2868576	-1	319488	891	0	0	899
5775736	4268792	-1	1328128	2489	0	0	2489
5783714	-1	-1	0	0	0	0	0
5791709	4993080	-1	1772544	2840	0	0	2840
5800716	-1	-1	0	0	0	0	0
5809718	4130544	-1	1163264	2253	0	0	2253
5819714	-1	-1	0	0	0	0	0
5827752	4366736	-1	1536000	2814	0	0	2814
5836714	-1	-1	0	0	0	0	0
5845716	-1	-1	0	0	0	0	0
5851805	-1	-1	0	0	0	0	0
5860717	4668704	-1	2800640	4799	0	0	4799
5867724	-1	-1	0	0	0	0	0
5968702	-1	159976	0	0	358400	17922	26847
5977642	4720416	188528	1037312	1758	241664	10254	1758
5987647	-1	205552	0	0	254976	9923	0
5996882	-1	213176	0	0	214016	8031	0
6000850	-1	-1	0	0	109568	4053	0
6008614	-1	535544	0	0	614400	9178	0
6011617	-1	1133848	0	0	410624	2897	0
6020613	-1	996280	0	0	403456	3239	0
6030641	-1	-1	0	0	0	0	0
6040616	3152560	-1	831488	2110	0	0	2110
6045615	-1	-1	0	0	0	0	0
6053825	4568000	-1	1169408	2048	0	0	2048
6062679	-1	-1	0	0	0	0	0
6070885	3564944	-1	1137664	2553	0	0	2553
6075677	-1	-1	0	0	0	0	0
6084618	-1	-1	0	0	0	0	0
6091787	-1	-1	0	0	0	0	0
6100614	4083592	-1	1516544	2971	0	0	2971
6105617	-1	-1	0	0	0	0	0
6114646	4411080	-1	1340416	2431	0	0	2431
6120657	3805808	-1	409600	861	0	0	902
6124613	4206528	-1	681984	1297	0	0	1297
6133615	-1	-1	0	0	0	0	0
6142689	-1	-1	0	0	0	0	0
6152625	3568792	-1	360448	808	0	0	869
6157626	6297280	-1	1630208	2071	0	0	2071
6165637	-1	-1	0	0	0	0	0
6174690	-1	-1	0	0	0	0	0
6183662	-1	-1	0	0	0	0	0
6191617	4336072	-1	1803264	3327	0	0	3327
6199705	-1	-1	0	0	0	0	0
6208808	2888040	-1	801792	2221	0	0	2221
6218674	-1	-1	0	0	0	0	0
6227679	4040088	-1	850944	1685	0	0	1685
6233808	-1	-1	0	0	0	0	0
6242614	2105720	-1	541696	2058	0	0	2058
6249662	-1	-1	0	0	0	0	0
6256814	2746144	-1	581496	1694	0	0	1694
6261675	-1	-1	0	0	0	0	0
6271649	3148624	-1	925696	2352	0	0	2352
6276618	-1	-1	0	0	0	0	0
6282677	-1	-1	0	0	0	0	0
6287760	-1	-1	0	0	0	0	0
6295634	3806680	-1	1455104	3058	0	0	3058
6304616	3300808	-1	1013760	2457	0	0	2457
6306682	-1	-1	0	0	0	0	0
6315792	-1	-1	0	0	0	0	0
6324614	-1	-1	0	0	0	0	0
6327619	-1	-1	0	0	0	0	0
6336614	4975592	-1	1451008	2333	0	0	2622
