90821	10425536	-1	3020800	2318	0	0	2529
100818	-1	-1	0	0	0	0	0
106820	11352936	-1	1143808	806	0	0	806
114820	-1	-1	0	0	0	0	0
121820	-1	-1	0	0	0	0	0
129818	1293344	-1	533504	3300	0	0	3300
137819	6120152	-1	1642496	2147	0	0	-1
145818	-1	-1	0	0	0	0	-1
155835	2993280	-1	1202176	3213	0	0	-1
163834	-1	-1	0	0	0	0	-1
173819	3417976	-1	565248	1323	0	0	-1
179834	8343208	-1	960512	921	0	0	-1
187834	-1	-1	90112	414	0	0	-1
196827	2792648	-1	861184	2467	0	0	-1
204826	-1	-1	0	0	0	0	-1
267996	6020480	-1	2083840	2769	0	0	11424
274996	-1	-1	0	0	0	0	0
283995	8110224	-1	1726464	1703	0	0	1703
291996	-1	-1	0	0	0	0	0
301995	-1	-1	0	0	0	0	0
308995	-1	-1	0	0	0	0	0
326812	5962320	-1	1974272	2649	0	0	5894
333810	-1	-1	0	0	0	0	0
340811	-1	-1	0	0	0	0	0
349810	-1	-1	0	0	0	0	0
358812	-1	-1	0	0	0	0	0
367812	-1	-1	0	0	0	0	0
376812	-1	-1	0	0	0	0	0
386811	4208920	-1	1049600	1995	0	0	1995
394813	-1	-1	0	0	0	0	0
401812	2915136	-1	846848	2324	0	0	2324
409812	-1	-1	0	0	0	0	0
416810	2179008	-1	915456	3361	0	0	3361
425811	-1	-1	0	0	0	0	0
434811	4696448	-1	852992	1453	0	0	1453
443810	-1	-1	0	0	0	0	0
451812	3271272	-1	727040	1778	0	0	1778
458811	-1	-1	0	0	0	0	0
465812	5772776	-1	708608	982	0	0	982
473810	-1	-1	0	0	0	0	0
482810	3367520	-1	752640	1788	0	0	1788
490812	-1	-1	0	0	0	0	0
497810	4388216	-1	908360	1656	0	0	1656
506810	-1	-1	0	0	0	0	0
514810	9552544	-1	1020928	855	0	0	855
519811	-1	-1	0	0	0	0	0
529811	-1	-1	0	0	0	0	0
533811	-1	-1	0	0	0	0	0
542811	1080120	-1	692224	5127	0	0	5127
549810	3597128	-1	1122304	2496	0	0	2496
554813	10122296	-1	220160	174	0	0	174
562811	-1	-1	0	0	0	0	0
569810	7390176	-1	1915904	2074	0	0	2087
579810	-1	-1	0	0	0	0	0
588811	12683184	-1	1396736	881	0	0	881
597811	-1	-1	0	0	0	0	0
605811	22097304	-1	1287168	466	0	0	466
613810	-1	-1	0	0	0	0	0
623812	2748152	-1	697344	2030	0	0	2030
630810	-1	-1	0	0	0	0	0
638810	15982848	-1	775168	388	0	0	388
647811	-1	-1	0	0	0	0	0
653812	1918000	-1	1042432	4348	0	0	4348
657811	1052064	-1	167936	1277	0	0	1277
666811	4699000	-1	654336	1114	0	0	1114
676811	-1	-1	0	0	0	0	0
684812	13252584	-1	970752	586	0	0	586
691810	-1	-1	0	0	0	0	0
699811	13184392	-1	1084416	658	0	0	658
708820	-1	-1	0	0	0	0	0
715811	1689584	-1	831488	3937	0	0	3937
725810	-1	-1	0	0	0	0	0
734810	-1	-1	0	0	0	0	0
738810	-1	-1	0	0	0	0	0
745811	9139240	-1	1432576	1254	0	0	1254
755810	-1	-1	0	0	0	0	0
764812	3001400	-1	658432	1755	0	0	1755
773811	-1	-1	0	0	0	0	0
783811	3418376	-1	1157120	2708	0	0	2708
792811	-1	-1	0	0	0	0	0
801810	-1	-1	0	0	0	0	0
809811	-1	-1	0	0	0	0	0
818810	2406232	-1	1549312	5151	0	0	5151
828810	-1	-1	0	0	0	0	0
837811	-1	-1	0	0	0	0	0
843811	-1	-1	0	0	0	0	0
849810	7441280	-1	1872412	2013	0	0	2057
858810	-1	-1	0	0	0	0	0
868811	2984144	-1	1060864	2844	0	0	2844
877811	-1	-1	0	0	0	0	0
885811	2929632	-1	985088	2690	0	0	2690
893811	-1	-1	0	0	0	0	0
902810	3906952	-1	1269760	2600	0	0	2600
910810	-1	-1	0	0	0	0	0
916811	11796480	-1	1142784	775	0	0	775
925811	-1	-1	0	0	0	0	0
933811	-1	-1	0	0	0	0	0
940812	-1	-1	0	0	0	0	0
949812	12957336	-1	1575936	973	0	0	973
954812	-1	-1	0	0	0	0	0
962811	-1	-1	0	0	0	0	0
967812	-1	-1	0	0	0	0	0
974812	2982472	-1	1091584	2928	0	0	2928
982811	-1	-1	0	0	0	0	0
988812	-1	-1	0	0	0	0	0
994811	-1	-1	0	0	0	0	0
1001811	4395040	-1	1316864	2397	0	0	2501
1011810	-1	-1	0	0	0	0	0
1018811	11909520	-1	1449984	974	0	0	974
1028811	-1	-1	0	0	0	0	0
1035810	-1	-1	0	0	0	0	5312
1043811	506648	-1	781312	12337	0	0	12337
1052811	9590216	-1	1144832	955	0	0	955
1061811	-1	-1	0	0	0	0	0
1071810	8122280	-1	715776	705	0	0	705
1079810	1405760	-1	551936	3141	0	0	3141
1081810	1995344	-1	184320	739	0	0	739
1090812	-1	-1	0	0	0	0	0
1099810	-1	-1	0	0	0	0	0
1105811	-1	-1	0	0	0	0	0
1114811	5577528	-1	1146880	1645	0	0	1658
1122811	-1	-1	0	0	0	0	0
1131810	1614496	-1	733184	3633	0	0	3633
1194508	10237840	-1	1214464	949	0	0	949
1203509	-1	-1	0	0	0	0	0
1212507	-1	-1	0	0	0	0	0
1220507	-1	-1	0	0	0	0	0
1224507	-1	-1	0	0	0	0	0
1233508	-1	-1	0	0	0	0	0
1241507	-1	-1	0	0	0	0	0
1250507	-1	-1	0	0	0	0	0
1260506	-1	-1	0	0	0	0	0
1269505	2708152	-1	904524	2672	0	0	2672
1277508	-1	-1	0	0	0	0	0
1286509	2292472	-1	801792	2798	0	0	2798
1294506	-1	-1	0	0	0	0	0
1300508	1482136	-1	697344	3764	0	0	3764
1309506	-1	-1	0	0	0	0	0
1316509	-1	-1	0	0	0	0	0
1324506	-1	-1	106496	710	0	0	720
1329506	10151952	-1	678912	535	0	0	595
1337506	-1	-1	0	0	0	0	0
1345506	1957136	-1	430080	1758	0	0	1758
1351506	-1	-1	0	0	0	0	0
1360507	2684448	-1	495616	1477	0	0	1477
1363508	-1	-1	0	0	0	0	0
1372506	2607584	-1	701440	2152	0	0	2152
1381508	-1	-1	0	0	0	0	0
1390507	-1	-1	0	0	0	0	0
1398507	-1	-1	0	0	0	0	0
1407507	5937120	-1	1094656	1475	0	0	1475
1414507	-1	-1	0	0	0	0	0
1421508	-1	-1	0	0	0	0	0
1431506	-1	-1	0	0	0	0	0
1437507	2012120	-1	674816	2683	0	0	2683
1445506	1964712	-1	410624	1672	0	0	1672
1448506	-1	-1	0	0	0	0	0
1457508	-1	-1	0	0	0	0	0
1463508	1895928	-1	628736	2653	0	0	2653
1471506	-1	-1	0	0	0	0	0
1481507	988848	-1	565248	4573	0	0	4573
1490507	-1	-1	0	0	0	0	0
1500506	2070920	-1	393216	1519	0	0	1519
1506508	2247360	-1	285696	1017	0	0	1128
1510508	4880744	-1	261120	428	0	0	428
1516507	-1	-1	0	0	0	0	0
1524507	1626560	-1	534528	2629	0	0	2629
1533507	-1	-1	0	0	0	0	0
1543508	1871544	-1	716800	3064	0	0	3064
1551505	-1	-1	0	0	0	0	0
1559505	3136408	-1	860160	2194	0	0	2194
1567508	-1	-1	0	0	0	0	0
1572508	-1	-1	0	0	0	0	0
1581507	-1	-1	0	0	0	0	0
1588508	3796792	-1	942080	1985	0	0	2062
1594507	-1	-1	0	0	0	0	0
1600508	1939496	-1	439296	1812	0	0	1812
1609506	-1	-1	0	0	0	0	0
1615506	2788448	-1	576512	1654	0	0	1654
1620508	-1	-1	0	0	0	0	0
1629507	1937976	-1	536576	2215	0	0	2215
1638506	-1	-1	0	0	0	0	0
1648506	3201728	-1	903288	2257	0	0	2304
1656508	-1	-1	0	0	0	0	0
1664507	-1	-1	0	0	0	0	0
1669508	-1	-1	0	0	0	0	0
1676508	6868560	-1	1371136	1597	0	0	1597
1684507	-1	-1	0	0	0	0	0
1692508	4449632	-1	972800	1749	0	0	1749
1698507	-1	-1	0	0	0	0	0
1706506	-1	-1	0	0	0	0	0
1710506	-1	-1	0	0	0	0	0
1720507	4152648	-1	1088512	2097	0	0	2097
1729507	-1	-1	0	0	0	0	0
1736508	7204784	-1	777216	863	0	0	863
1746507	-1	-1	0	0	0	0	0
1755508	894376	-1	545792	4882	0	0	4882
1764508	-1	-1	0	0	0	0	0
1774507	7575672	-1	604160	638	0	0	638
1781507	-1	-1	0	0	0	0	0
1787507	-1	-1	0	0	0	0	0
1794507	2550040	-1	327680	1028	0	0	1230
1798508	5486896	-1	805888	1175	0	0	1175
1807508	-1	-1	0	0	0	0	0
1816506	4581872	-1	830464	1450	0	0	1450
1825506	-1	-1	0	0	0	0	0
1833506	5278312	-1	738304	1119	0	0	1119
1843510	-1	-1	0	0	0	0	0
1848508	-1	-1	0	0	0	0	0
1853508	-1	-1	0	0	0	0	0
1859507	10198416	-1	1004544	788	0	0	998
1867505	-1	-1	0	0	0	0	0
1876507	766304	-1	347136	3624	0	0	3624
1885507	536336	-1	545792	8141	0	0	8141
1889508	-1	-1	94208	111	0	0	111
1897507	-1	-1	0	0	0	0	0
1905507	4478968	-1	904192	1615	0	0	1615
1912507	-1	-1	0	0	0	0	0
1922507	3683392	-1	690176	1499	0	0	1499
1929507	-1	-1	0	0	0	0	0
1938507	-1	-1	0	0	0	0	0
1945507	12976888	-1	1957888	1207	0	0	1279
1949506	16587344	-1	1169408	564	0	0	564
1955507	-1	-1	0	0	0	0	0
1963506	2976496	-1	917504	2466	0	0	2466
1972508	-1	-1	0	0	0	0	0
1978507	3808384	-1	786432	1652	0	0	1652
1987506	-1	-1	0	0	0	0	0
1997507	-1	-1	0	0	0	0	0
2004507	-1	-1	0	0	0	0	0
2009506	2614672	-1	1317796	4032	0	0	4032
2018507	-1	-1	0	0	0	0	0
2025507	2751072	-1	874496	2543	0	0	2543
2035507	-1	-1	0	0	0	0	0
2044507	2410672	-1	689152	2287	0	0	2287
2051507	-1	-1	0	0	0	0	0
2060507	3513576	-1	756736	1723	0	0	1723
2069506	-1	-1	0	0	0	0	0
2078507	3302168	-1	879616	2131	0	0	2131
2086507	-1	-1	0	0	0	0	0
2096507	1788120	-1	856064	3830	0	0	3830
2106506	-1	-1	0	0	0	0	0
2114505	2871424	-1	1114112	3104	0	0	3104
2121505	-1	-1	0	0	0	0	0
2129504	6917360	-1	950272	1099	0	0	1099
2138508	-1	-1	0	0	0	0	0
2147507	5335904	-1	885760	1328	0	0	1328
2156507	-1	-1	0	0	0	0	0
2165507	5454816	-1	857088	1257	0	0	1257
2174507	-1	-1	0	0	0	0	0
2183509	2605600	-1	896000	2751	0	0	2751
2193506	-1	-1	0	0	0	0	0
2203507	2719416	-1	907264	2669	0	0	2669
2212508	-1	-1	0	0	0	0	0
2220507	5103744	-1	964608	1512	0	0	1512
2256731	3196880	-1	475136	1189	0	0	1189
2264730	1219304	-1	716800	4703	0	0	4703
2272730	-1	-1	0	0	0	0	0
2281729	-1	-1	0	0	0	0	0
2290731	-1	-1	0	0	0	0	0
2299732	-1	-1	0	0	0	0	0
2302730	-1	-1	0	0	0	0	0
2311731	-1	-1	0	0	0	0	0
2314751	-1	-1	0	0	0	0	0
2323731	-1	-1	0	0	0	0	0
2333731	2442672	-1	1021952	3347	0	0	3347
2343729	-1	-1	0	0	0	0	0
2352731	-1	-1	0	0	0	0	0
2361731	-1	-1	0	0	0	0	0
2367732	1795440	-1	1102848	4914	0	0	4985
2377731	9419264	-1	314368	267	0	0	267
2386731	3286272	-1	1065984	2595	0	0	2595
2393731	-1	-1	0	0	0	0	0
2400732	2902224	-1	977688	2695	0	0	2695
2408730	-1	-1	0	0	0	0	0
2418730	2398120	-1	780288	2603	0	0	2603
2423730	-1	-1	0	0	0	0	0
2432730	-1	-1	0	0	0	0	0
2439731	-1	-1	0	0	0	0	0
2447732	2848064	-1	1341440	3768	0	0	3768
2454730	-1	-1	0	0	0	0	0
2463731	3820016	-1	1431552	2998	0	0	2998
2472731	-1	-1	0	0	0	0	0
2481731	3286680	-1	613376	1493	0	0	1493
2490731	-1	-1	0	0	0	0	0
2497731	1003608	-1	623616	4971	0	0	4971
2504731	-1	-1	46080	570	0	0	570
2513730	1536376	-1	524288	2730	0	0	2730
2521731	-1	-1	0	0	0	0	0
2529731	2222152	-1	911360	3281	0	0	3281
2537730	-1	-1	0	0	0	0	0
2546730	-1	-1	0	0	0	0	0
2552730	-1	-1	0	0	0	0	0
2558729	4790584	-1	1543168	2577	0	0	2591
2567731	-1	-1	0	0	0	0	0
2576732	2515656	-1	519168	1651	0	0	1651
2581731	-1	-1	0	0	0	0	0
2588732	1170544	-1	657408	4493	0	0	4493
2596731	-1	-1	0	0	0	0	0
2605730	2684952	-1	1142784	3405	0	0	3405
2614729	-1	-1	0	0	0	0	0
2623731	5008984	-1	929792	1485	0	0	1485
2630731	-1	-1	0	0	0	0	0
2636729	-1	-1	0	0	0	0	0
2645731	-1	-1	0	0	0	0	320
2650731	3275912	-1	1509376	3686	0	0	3686
2659732	-1	-1	0	0	0	0	0
2665733	3776808	-1	1302528	2759	0	0	2759
2674730	-1	-1	0	0	0	0	0
2683730	2690528	-1	869376	2585	0	0	2585
2692731	-1	-1	0	0	0	0	0
2701731	2901992	-1	1029120	2837	0	0	2837
2710731	-1	-1	0	0	0	0	0
2720732	2807512	-1	1122304	3198	0	0	3198
2729730	-1	-1	0	0	0	0	0
2738748	2274656	-1	1145856	4030	0	0	4030
2747732	-1	-1	0	0	0	0	0
2755730	-1	-1	0	0	0	0	0
2762731	-1	-1	0	0	0	0	0
2770731	1260416	-1	893952	5674	0	0	5844
2779731	1114032	-1	593920	4265	0	0	4265
2785732	1763592	-1	727040	3298	0	0	-1
2794732	-1	-1	0	0	0	0	-1
2804730	6424208	-1	1443840	1798	0	0	-1
2811732	-1	-1	0	0	0	0	-1
2820730	-1	-1	0	0	0	0	-1
2821730	-1	-1	0	0	0	0	-1
2830730	4154912	-1	1227776	2364	0	0	-1
2837729	-1	-1	0	0	0	0	-1
2846730	-1	-1	0	0	0	0	-1
2848729	-1	-1	0	0	0	0	-1
2891210	8251040	-1	1144832	1110	0	0	26440
2898209	-1	-1	0	0	0	0	0
2907209	7157336	-1	1374208	1536	0	0	1536
2915209	-1	-1	0	0	0	0	0
2925208	1335456	-1	373760	2239	0	0	2239
2934208	-1	-1	0	0	0	0	0
2941212	3255016	-1	1101824	2708	0	0	2708
2951211	-1	-1	0	0	0	0	0
2959211	-1	-1	0	0	0	0	0
2963211	-1	-1	0	0	0	0	0
2972213	2282976	-1	979968	3434	0	0	3434
2982212	-1	-1	0	0	0	0	0
2989212	-1	-1	0	0	0	0	0
2996211	676624	-1	172032	2034	0	0	2184
2999212	2130408	-1	800768	3007	0	0	3007
3008211	3618880	-1	2563072	5666	0	0	5666
3017212	3072248	-1	1605632	4181	0	0	4181
3025211	-1	-1	0	0	0	0	0
3035211	5755736	-1	2182144	3033	0	0	3033
3044213	-1	-1	0	0	0	0	0
3050210	-1	-1	0	0	0	0	0
3059211	-1	-1	0	0	0	0	0
3065212	6462440	-1	2119680	2624	0	0	2748
3073211	-1	-1	0	0	0	0	0
3082210	6129616	-1	2182144	2848	0	0	2848
3090211	-1	-1	0	0	0	0	0
3098222	3248624	-1	1166256	2872	0	0	2872
3107211	-1	-1	0	0	0	0	0
3116210	2493920	-1	794624	2549	0	0	2549
3123213	-1	-1	0	0	0	0	0
3132211	-1	-1	0	0	0	0	0
3139212	1833944	-1	324608	1416	0	0	1622
3143211	3750152	-1	460800	983	0	0	983
3151211	2758408	-1	237568	689	0	0	762
3156210	5465504	-1	447488	655	0	0	655
3165212	-1	-1	40960	414	0	0	609
3170210	508800	-1	325632	5120	0	0	5120
3179209	9355360	-1	197632	169	0	0	169
3186209	2284744	-1	820224	2872	0	0	2872
3196208	-1	-1	0	0	0	0	0
3204207	-1	-1	0	0	0	0	0
3209207	-1	-1	0	0	0	0	0
3216207	7126376	-1	1424384	1599	0	0	1654
3223207	-1	-1	0	0	0	0	0
3231212	8315216	-1	2142208	2061	0	0	2061
3237210	-1	-1	0	0	0	0	0
3246212	-1	-1	0	0	0	0	0
3255211	14506824	-1	1978368	1091	0	0	1134
3258210	-1	-1	0	0	0	0	0
3266211	-1	-1	0	0	0	0	0
3275210	-1	-1	0	0	0	0	0
3278210	-1	-1	0	0	0	0	0
3286210	10550184	-1	1401856	1063	0	0	1063
3295211	-1	-1	0	0	0	0	0
3305211	5037432	-1	1358848	2158	0	0	2158
3314210	-1	-1	0	0	0	0	0
3321210	2480208	-1	1460224	4710	0	0	4710
3331211	-1	-1	0	0	0	0	0
3340211	-1	-1	0	0	0	0	0
3349209	4573416	-1	956416	1673	0	0	1779
3353211	10781616	-1	652288	484	0	0	484
3362210	-1	-1	0	0	0	0	0
3368210	4855968	-1	1141760	1881	0	0	1881
3377212	-1	-1	0	0	0	0	0
3386210	-1	-1	0	0	0	0	0
3390212	-1	-1	0	0	0	0	0
3399211	7477008	-1	2013184	2154	0	0	2154
3407211	-1	-1	0	0	0	0	0
3415212	1530376	-1	557056	2912	0	0	5385
3424211	1799240	-1	723968	3219	0	0	3219
3431210	6543072	-1	1145856	1401	0	0	1401
3440210	-1	-1	0	0	0	0	0
3450209	2200888	-1	1267712	4608	0	0	4608
3459209	-1	-1	0	0	0	0	0
3468209	4002192	-1	788432	1576	0	0	1576
3478208	-1	-1	0	0	0	0	0
3487207	3886296	-1	1034240	2129	0	0	2129
3496207	-1	-1	0	0	0	0	0
3505206	3027576	-1	689152	1821	0	0	1821
3515211	3743312	-1	956416	2044	0	0	2044
3518212	-1	-1	0	0	0	0	0
3527211	-1	-1	0	0	0	0	0
3535210	6999688	-1	1394688	1594	0	0	1594
3539211	-1	-1	0	0	0	0	0
3548210	-1	-1	0	0	0	0	0
3556210	-1	-1	0	0	0	0	0
3564211	322968	-1	196608	4870	0	0	5205
3568212	2591208	-1	1179648	3642	0	0	3642
3576210	12670912	-1	559104	353	0	0	414
3579211	-1	-1	0	0	0	0	0
3586210	5814256	-1	663552	913	0	0	913
3595211	-1	-1	0	0	0	0	0
3605210	4032000	-1	580608	1152	0	0	1152
3614211	-1	-1	0	0	0	0	0
3620212	-1	-1	0	0	0	0	0
3627211	-1	-1	0	0	0	0	0
3635210	6091088	-1	1591296	2090	0	0	2090
3645211	-1	-1	0	0	0	0	0
3651211	8289344	-1	1133568	1094	0	0	1094
3660212	-1	-1	0	0	0	0	0
