18531	3304832	-1	6084608	14729	0	0	14729
28527	6123720	-1	154624	202	0	0	202
37529	3794416	-1	908288	1915	0	0	1915
46528	3116960	-1	798720	2050	0	0	2050
51523	-1	-1	0	0	0	0	0
58527	-1	-1	0	0	0	0	0
66528	-1	-1	0	0	0	0	357
71528	3767968	-1	870400	1848	0	0	1848
79527	-1	-1	0	0	0	0	0
85523	4538032	-1	1697792	2993	0	0	2993
93527	-1	-1	0	0	0	0	0
102523	4123976	-1	1585152	3075	0	0	3075
111528	-1	-1	0	0	0	0	0
119523	-1	-1	0	0	0	0	0
124527	-1	-1	0	0	0	0	0
132528	4408848	-1	2027520	3679	0	0	3679
136522	-1	-1	0	0	0	0	0
145527	3645248	-1	571392	1254	0	0	1254
151529	-1	-1	0	0	0	0	0
159528	4772040	-1	2457600	4120	0	0	4120
168528	-1	-1	0	0	0	0	0
178527	4566552	-1	1614848	2829	0	0	2829
186523	-1	-1	0	0	0	0	0
194528	4111776	-1	933888	1817	0	0	1817
202528	-1	-1	0	0	0	0	0
209528	4669056	-1	1752064	3002	0	0	3002
217527	-1	-1	0	0	0	0	0
225528	5905184	-1	2715648	3679	0	0	3679
235527	-1	-1	0	0	0	0	0
242527	4029896	-1	905216	1797	0	0	1797
251528	-1	-1	0	0	0	0	0
258527	4687680	-1	839680	1433	0	0	1433
264523	-1	-1	0	0	0	0	0
273528	3052144	-1	550912	1444	0	0	1444
280527	-1	-1	0	0	0	0	0
289528	5238208	-1	1883136	2876	0	0	2876
297528	-1	-1	0	0	0	0	0
305527	5749416	-1	2234368	3109	0	0	3109
311528	-1	-1	0	0	0	0	0
319528	4124792	-1	1218360	2363	0	0	2363
329527	-1	-1	0	0	0	0	0
334523	-1	-1	8192	160	0	0	182
339555	6437416	-1	556032	691	0	0	691
345553	6050424	-1	1605632	2123	0	0	2123
354528	-1	-1	0	0	0	0	0
360525	5750648	-1	2646016	3681	0	0	3681
367550	-1	-1	0	0	0	0	0
377528	5259872	-1	1978368	3009	0	0	3009
381524	-1	-1	0	0	0	0	0
389555	-1	-1	0	0	0	0	0
399523	5384520	-1	1698816	2524	0	0	2698
402527	5427320	-1	1143808	1686	0	0	1686
411528	-1	-1	0	0	0	0	0
417527	6092688	-1	1732608	2275	0	0	2275
425522	-1	-1	0	0	0	0	0
431527	4850968	-1	881664	1454	0	0	1454
439528	-1	-1	0	0	0	0	0
447527	3727656	-1	259072	556	0	0	556
455527	-1	-1	0	0	0	0	0
462527	4589008	-1	757760	1321	0	0	1321
471527	-1	-1	0	0	0	0	0
481527	5688616	-1	1768448	2487	0	0	2487
487527	-1	-1	0	0	0	0	0
496524	5600432	-1	1305600	1865	0	0	1865
505527	7091472	-1	996352	1124	0	0	1124
511527	6272000	-1	1605632	2048	0	0	2048
518527	-1	-1	0	0	0	0	0
527527	5269832	-1	1521664	2310	0	0	2310
536527	-1	-1	0	0	0	0	0
544527	6164208	-1	1796096	2331	0	0	2331
550528	-1	-1	0	0	0	0	0
559524	5833360	-1	1605632	2202	0	0	2202
568527	-1	-1	0	0	0	0	0
577527	5942744	-1	2018304	2717	0	0	2717
585522	-1	-1	0	0	0	0	0
592527	5472536	-1	1500160	2193	0	0	2193
598527	-1	-1	0	0	0	0	0
607527	6221552	-1	1807360	2324	0	0	2324
615527	-1	-1	0	0	0	0	0
622527	6070888	-1	1679360	2213	0	0	2213
628527	-1	-1	0	0	0	0	0
637523	6317816	-1	1926144	2439	0	0	2439
645527	-1	-1	0	0	0	0	0
653527	5869216	-1	1399808	1908	0	0	1908
658522	-1	-1	0	0	0	0	0
778424	2531816	-1	2403328	7594	0	0	29674
787424	-1	-1	0	0	0	0	0
796424	-1	-1	0	0	0	0	0
806424	6239120	-1	2535424	3251	0	0	3251
810424	-1	-1	0	0	0	0	0
818424	4730928	-1	1209344	2045	0	0	2045
827424	-1	-1	0	0	0	0	0
835424	-1	-1	0	0	0	0	0
840426	-1	-1	0	0	0	0	0
848420	5330824	-1	2718720	4080	0	0	4080
857424	-1	-1	0	0	0	0	0
865425	5557648	-1	1516544	2183	0	0	2183
874424	-1	-1	0	0	0	0	0
883424	4392408	-1	1464320	2667	0	0	2667
893424	-1	-1	0	0	0	0	0
899424	-1	-1	0	0	0	0	0
907425	-1	-1	0	0	0	0	0
916424	6142800	-1	2618368	3410	0	0	3410
922423	-1	-1	0	0	0	0	0
930423	4703736	-1	1065984	1813	0	0	1813
940424	-1	-1	0	0	0	0	0
949424	4324944	-1	1150976	2129	0	0	2129
959421	-1	-1	0	0	0	0	0
968424	-1	-1	0	0	0	0	0
976424	-1	-1	0	0	0	0	395
981424	5196032	-1	1530880	2357	0	0	2357
988423	-1	-1	0	0	0	0	0
997424	4805768	-1	1286144	2141	0	0	2141
1007424	4265656	-1	630784	1183	0	0	1210
1011424	6457080	-1	1082368	1341	0	0	1341
1020424	5380424	-1	1089536	1620	0	0	1648
1024469	6048600	-1	973824	1288	0	0	1288
1032512	-1	-1	0	0	0	0	0
1041424	5168328	-1	1601536	2479	0	0	2479
1050422	-1	-1	0	0	0	0	0
1059424	-1	-1	0	0	0	0	0
1063426	-1	-1	0	0	0	0	0
1072420	5312552	-1	3474408	5232	0	0	5232
1079424	-1	-1	0	0	0	0	0
1087424	-1	-1	0	0	0	0	0
1090424	-1	-1	0	0	0	0	0
1099424	5585288	-1	1584128	2269	0	0	2269
1100424	-1	-1	0	0	0	0	0
1109424	5506368	-1	1377280	2001	0	0	2001
1117423	-1	-1	0	0	0	0	0
1124427	6097096	-1	1397760	1834	0	0	1834
1133420	-1	-1	0	0	0	0	0
1140424	5781920	-1	1569792	2172	0	0	2172
1149423	-1	-1	0	0	0	0	0
1158419	6053160	-1	1501184	1984	0	0	1984
1163419	3223080	-1	172032	427	0	0	430
1168423	6566768	-1	1940480	2364	0	0	2364
1175423	-1	-1	0	0	0	0	0
1183424	6349024	-1	1442816	1818	0	0	1818
1191420	-1	-1	0	0	0	0	0
1201424	5373928	-1	1741824	2593	0	0	2593
1210423	-1	-1	0	0	0	0	0
1218420	5632000	-1	1362944	1936	0	0	1936
1226425	5861992	-1	1298432	1772	0	0	1772
1229424	-1	-1	0	0	0	0	0
1238423	-1	-1	0	0	0	0	0
1247424	6344336	-1	1272832	1605	0	0	1605
1252424	-1	-1	0	0	0	0	0
1261423	5725808	-1	1433600	2003	0	0	2003
1271423	-1	-1	0	0	0	0	0
1278423	5997560	-1	1404928	1874	0	0	1874
1287423	-1	-1	0	0	0	0	0
1294424	5435472	-1	1076224	1584	0	0	1584
1303423	-1	-1	0	0	0	0	0
1310423	6234864	-1	1826816	2344	0	0	2344
1314423	-1	-1	0	0	0	0	0
1324423	4790368	-1	628736	1050	0	0	1050
1333419	-1	-1	0	0	0	0	0
1340421	6455256	-1	2527232	3132	0	0	3132
1349423	-1	-1	0	0	0	0	0
1359423	-1	-1	0	0	0	0	0
1368419	6297232	-1	2419712	3074	0	0	3074
1370423	-1	-1	110592	125	0	0	125
1379423	-1	-1	0	0	0	0	0
1389424	-1	-1	0	0	0	0	0
1396420	5304016	-1	1254400	1892	0	0	1911
1399423	7365048	-1	1751040	1902	0	0	1902
1408423	-1	-1	0	0	0	0	0
1505991	3609016	-1	1726464	3827	0	0	10884
1515991	-1	-1	0	0	0	0	0
1525993	-1	-1	0	0	0	0	0
1534991	2971864	-1	588800	1585	0	0	1914
1537991	6294472	-1	1402880	1783	0	0	1783
1545992	-1	-1	0	0	0	0	0
1555991	4765592	-1	932864	1566	0	0	1566
1561992	-1	-1	0	0	0	0	0
1570992	5339920	-1	1591296	2384	0	0	2384
1579991	-1	-1	0	0	0	0	0
1588992	5795648	-1	1656832	2287	0	0	2287
1597991	-1	-1	0	0	0	0	0
1606992	-1	-1	0	0	0	0	0
1614989	2748992	-1	204800	596	0	0	612
1619991	6461640	-1	1093632	1354	0	0	1354
1625991	-1	-1	0	0	0	0	80
1631008	4588752	-1	1068032	1862	0	0	1862
1639990	-1	-1	0	0	0	0	0
1648991	3479896	-1	575488	1323	0	0	1323
1655992	-1	-1	0	0	0	0	0
1664991	4393312	-1	915456	1667	0	0	1667
1671992	2658976	-1	139264	419	0	0	448
1676992	5403432	-1	605184	896	0	0	896
1684992	-1	-1	0	0	0	0	0
1693991	5349520	-1	1551360	2320	0	0	2320
1702992	-1	-1	0	0	0	0	0
1711994	-1	-1	0	0	0	0	0
1718992	4194264	-1	896000	1709	0	0	1709
1722992	7656728	-1	336896	352	0	0	352
1730991	-1	-1	0	0	0	0	0
1740992	5463440	-1	1769472	2591	0	0	2591
1747998	-1	-1	0	0	0	0	0
1756991	-1	-1	0	0	0	0	0
1767023	4541864	-1	1173504	2067	0	0	2203
1769992	7240520	-1	638976	706	0	0	706
1778991	-1	-1	0	0	0	0	0
1785991	4291048	-1	844800	1575	0	0	1575
1791992	-1	-1	0	0	0	0	0
1800991	2244728	-1	402928	1436	0	0	1436
1804988	-1	-1	0	0	0	0	0
1812992	5214336	-1	1167360	1791	0	0	1791
1821991	-1	-1	0	0	0	0	0
1830992	4063192	-1	760832	1498	0	0	1498
1838992	-1	-1	0	0	0	0	0
1845992	5008848	-1	1193984	1907	0	0	1907
1854992	-1	-1	0	0	0	0	0
1861991	-1	-1	0	0	0	0	0
1865991	-1	-1	57344	365	0	0	380
1870991	5229488	-1	1662976	2544	0	0	2544
1879991	-1	-1	0	0	0	0	0
1887991	5017136	-1	1098752	1752	0	0	1752
1893991	-1	-1	0	0	0	0	0
1902992	4457648	-1	851968	1529	0	0	1529
1906991	-1	-1	0	0	0	0	0
1916991	5392112	-1	1542144	2288	0	0	2288
1926992	-1	-1	0	0	0	0	0
1934992	-1	-1	0	0	0	0	0
1943991	2078936	-1	172032	662	0	0	688
1948986	6403552	-1	1730560	2162	0	0	2162
1955992	-1	-1	0	0	0	0	0
1963991	4878216	-1	999424	1639	0	0	1639
1973991	4497200	-1	987136	1756	0	0	1756
1976991	-1	-1	0	0	0	0	0
1984991	-1	-1	0	0	0	0	0
1992991	-1	-1	0	0	0	0	0
2000991	-1	-1	0	0	0	0	0
2006991	5169144	-1	1642496	2542	0	0	2542
2010996	-1	-1	0	0	0	0	0
2019991	-1	-1	0	0	0	0	0
2024991	-1	-1	0	0	0	0	0
2030987	5804384	-1	2310144	3184	0	0	3184
2040991	-1	-1	0	0	0	0	0
2050991	5208976	-1	1296384	1991	0	0	1991
2057991	-1	-1	0	0	0	0	0
2067991	4357704	-1	733184	1346	0	0	1346
2073991	-1	-1	0	0	0	0	0
2082992	5822104	-1	1916928	2634	0	0	2634
2089991	-1	-1	0	0	0	0	0
2096991	-1	-1	0	0	0	0	0
2105991	-1	-1	0	0	0	0	0
2112991	6263560	-1	3325952	4248	0	0	4248
2121991	-1	-1	0	0	0	0	0
2130991	-1	-1	0	0	0	0	0
2138991	-1	-1	0	0	0	0	0
2234216	4613984	-1	2713600	4705	0	0	13194
2243216	5719160	-1	2074624	2902	0	0	2902
2253214	-1	-1	0	0	0	0	0
2262215	-1	-1	0	0	0	0	0
2266213	-1	-1	0	0	0	0	0
2275216	5774744	-1	1641472	2274	0	0	2274
2282216	-1	-1	0	0	0	0	0
2291225	5847920	-1	2679808	3666	0	0	3666
2300216	-1	-1	0	0	0	0	0
2308214	-1	-1	0	0	0	0	0
2311214	-1	-1	0	0	0	0	0
2321216	5926720	-1	2821120	3808	0	0	3808
2330215	-1	-1	0	0	0	0	0
2336216	-1	-1	0	0	0	0	0
2344216	-1	-1	0	0	0	0	187
2349216	6232944	-1	2691072	3454	0	0	3454
2358216	-1	-1	0	0	0	0	0
2367216	4953736	-1	1369088	2211	0	0	2211
2376215	-1	-1	0	0	0	0	0
2385216	4684664	-1	973824	1663	0	0	1663
2394216	-1	-1	0	0	0	0	0
2402216	5037984	-1	1100800	1748	0	0	1748
2412216	-1	-1	0	0	0	0	0
2421216	4846176	-1	1035264	1709	0	0	1709
2428216	4639200	-1	808960	1395	0	0	1616
2431216	4246944	-1	633856	1194	0	0	1194
2441215	-1	-1	0	0	0	0	0
2447215	-1	-1	0	0	0	0	0
2454214	-1	-1	0	0	0	0	0
2462216	4761344	-1	1641472	2758	0	0	2758
2471216	-1	-1	0	0	0	0	0
2481216	4954480	-1	904192	1460	0	0	1460
2489215	-1	-1	0	0	0	0	0
2496216	5400032	-1	1653760	2450	0	0	2450
2506216	-1	-1	0	0	0	0	0
2515216	3715400	-1	821568	1769	0	0	1769
2523216	-1	-1	0	0	0	0	0
2532215	5046064	-1	1397760	2216	0	0	2216
2542216	-1	-1	0	0	0	0	0
2546216	-1	-1	0	0	0	0	0
2553213	5338984	-1	983040	1473	0	0	1581
2557216	6784976	-1	222208	262	0	0	262
2564216	-1	-1	0	0	0	0	0
2572216	5766368	-1	942080	1307	0	0	1307
2581215	-1	-1	0	0	0	0	0
2590216	-1	-1	0	0	0	0	0
2592216	-1	-1	0	0	0	0	0
2602215	5249840	-1	1050624	1601	0	0	1601
2610215	-1	-1	0	0	0	0	0
2619215	5753376	-1	1055744	1468	0	0	1468
2627219	-1	-1	0	0	0	0	0
2634215	5195952	-1	761856	1173	0	0	1173
2641219	-1	-1	0	0	0	0	0
2646215	5604408	-1	935936	1336	0	0	1336
2654216	-1	-1	0	0	0	0	0
2661216	5537584	-1	1189888	1719	0	0	1719
2670215	-1	-1	0	0	0	0	0
2676215	-1	-1	0	0	0	0	0
2685215	4467512	-1	978944	1753	0	0	1753
2686215	-1	-1	0	0	0	0	0
2695214	5162936	-1	507904	787	0	0	799
2700216	6583472	-1	586752	713	0	0	713
2705212	-1	-1	0	0	0	0	0
2714215	-1	-1	0	0	0	0	0
2723218	6020976	-1	1916928	2547	0	0	2547
2726216	-1	-1	37888	50	0	0	50
2735216	-1	-1	0	0	0	0	0
2744216	6029976	-1	1042432	1383	0	0	1383
2753215	-1	-1	0	0	0	0	0
2761216	6444416	-1	2163712	2686	0	0	2686
2769215	-1	-1	0	0	0	0	0
2779215	5257776	-1	722944	1100	0	0	1100
2784215	-1	-1	0	0	0	0	0
2794215	5676784	-1	1160192	1635	0	0	1635
2803215	-1	-1	0	0	0	0	0
2811215	-1	-1	0	0	0	0	0
2813215	-1	-1	0	0	0	0	0
2821215	5941616	-1	2457600	3309	0	0	3309
2828215	-1	-1	0	0	0	0	0
2835215	-1	-1	0	0	0	0	0
2842213	3747808	-1	303104	647	0	0	652
2847215	7062384	-1	2362368	2676	0	0	2676
2856216	-1	-1	0	0	0	0	0
2859216	-1	-1	0	0	0	0	0
2868215	-1	-1	0	0	0	0	0
2961537	3599080	-1	1802240	4006	0	0	12196
2971528	4378616	-1	1189888	2174	0	0	2174
2980528	-1	-1	0	0	0	0	0
2990528	4358928	-1	1027072	1885	0	0	1885
2994527	-1	-1	0	0	0	0	0
3002527	-1	-1	0	0	0	0	0
3009529	-1	-1	0	0	0	0	21
3014529	4720816	-1	1497088	2537	0	0	2537
3022528	-1	-1	0	0	0	0	0
3032528	3534136	-1	1065984	2413	0	0	2413
3041527	-1	-1	0	0	0	0	0
3051528	4121912	-1	896000	1739	0	0	1739
3060528	-1	-1	0	0	0	0	0
3066528	5082168	-1	1564672	2463	0	0	2463
3075528	-1	-1	0	0	0	0	0
3084528	-1	-1	0	0	0	0	0
3092528	-1	-1	0	0	0	0	0
3098528	4462960	-1	1538048	2757	0	0	2757
3103528	-1	-1	0	0	0	0	0
3112528	4628272	-1	1242112	2147	0	0	2147
3118528	-1	-1	0	0	0	0	0
3127528	4387520	-1	1525760	2782	0	0	2782
3137528	-1	-1	0	0	0	0	0
3143528	-1	-1	0	0	0	0	0
3151528	-1	-1	0	0	0	0	0
3158528	4793144	-1	2147328	3584	0	0	3584
3167528	-1	-1	0	0	0	0	0
3175527	-1	-1	0	0	0	0	0
3182526	-1	-1	0	0	0	0	0
3191528	4606024	-1	1488896	2586	0	0	2586
3192527	-1	-1	0	0	0	0	0
3201528	3847112	-1	1107968	2304	0	0	2304
3210528	-1	-1	0	0	0	0	0
3216528	4466184	-1	1142784	2047	0	0	2047
3225528	-1	-1	0	0	0	0	0
3233528	3465304	-1	1012736	2338	0	0	2338
3243527	-1	-1	0	0	0	0	0
3252528	3672568	-1	1187616	2587	0	0	2587
3262527	-1	-1	0	0	0	0	0
3271526	4546848	-1	1213440	2135	0	0	2135
3275524	-1	-1	0	0	0	0	0
3283528	-1	-1	0	0	0	0	0
3291525	3248136	-1	417792	1029	0	0	1033
3295528	4099880	-1	1081344	2110	0	0	2110
3304528	-1	-1	0	0	0	0	0
3311528	-1	-1	0	0	0	0	0
3320527	4391000	-1	2050048	3735	0	0	3735
3322528	-1	-1	93184	140	0	0	140
3330527	-1	-1	0	0	0	0	0
3338527	4199320	-1	1165312	2220	0	0	2220
3346527	-1	-1	0	0	0	0	0
3354525	3584488	-1	947200	2114	0	0	2114
3362527	-1	-1	0	0	0	0	0
3372532	3913920	-1	1309696	2677	0	0	2677
3379528	-1	-1	0	0	0	0	0
3388525	3697240	-1	977920	2116	0	0	2116
3394528	-1	-1	0	0	0	0	0
3402527	4502224	-1	1571840	2793	0	0	2793
3410527	-1	-1	0	0	0	0	0
3419527	-1	-1	0	0	0	0	0
3423527	-1	-1	0	0	0	0	0
3433529	3933008	-1	1519616	3091	0	0	3091
3441526	-1	-1	0	0	0	0	0
3450527	3754664	-1	1295360	2760	0	0	2760
3454524	-1	-1	0	0	0	0	0
3463527	-1	-1	0	0	0	0	0
3469527	-1	-1	0	0	0	0	0
3478527	4807824	-1	2448384	4074	0	0	4074
3486527	-1	-1	0	0	0	0	0
3495527	3995760	-1	1183744	2370	0	0	2370
3503524	-1	-1	0	0	0	0	0
3511524	4409696	-1	1763328	3199	0	0	3199
3521527	-1	-1	0	0	0	0	0
3531527	-1	-1	0	0	0	0	0
3540527	3369760	-1	890880	2115	0	0	2157
3543528	5136992	-1	1470464	2290	0	0	2290
3550525	-1	-1	0	0	0	0	0
3559527	4133728	-1	1514496	2931	0	0	2931
3566526	-1	-1	0	0	0	0	0
3575527	4386680	-1	2209792	4030	0	0	4030
3579527	-1	-1	0	0	0	0	0
3588527	-1	-1	0	0	0	0	0
3596527	-1	-1	0	0	0	0	0
3705838	4074760	-1	1473536	2893	0	0	11962
3714840	4989712	-1	1083392	1737	0	0	1737
3723840	-1	-1	0	0	0	0	0
3733839	-1	-1	0	0	0	0	0
3737840	-1	-1	0	0	0	0	0
3745840	5497672	-1	2168832	3156	0	0	3156
3755835	-1	-1	0	0	0	0	0
3762840	-1	-1	0	0	0	0	0
3772835	-1	-1	0	0	0	0	0
3779835	4953304	-1	1837056	2967	0	0	2967
3787840	-1	-1	0	0	0	0	0
3795838	4530160	-1	934912	1651	0	0	1651
3802840	-1	-1	0	0	0	0	0
3810836	-1	-1	0	0	0	0	0
3813835	-1	-1	0	0	0	0	0
3820836	4746064	-1	1614848	2722	0	0	2722
3829836	-1	-1	0	0	0	0	0
3838835	4586456	-1	708608	1236	0	0	1236
3845848	-1	-1	57344	341	0	0	357
3850840	5525168	-1	797696	1155	0	0	1155
3860836	-1	-1	0	0	0	0	0
3867839	4953624	-1	1452032	2345	0	0	2345
3876837	-1	-1	0	0	0	0	0
3883840	-1	-1	0	0	0	0	0
3890834	-1	-1	0	0	0	0	0
3899838	5054864	-1	963584	1525	0	0	1525
3902838	-1	-1	0	0	0	0	0
3911839	4797688	-1	1162240	1938	0	0	1938
3919833	-1	-1	0	0	0	0	0
3927836	4260704	-1	807936	1517	0	0	1517
3933835	-1	-1	0	0	0	0	0
3942840	5330488	-1	959488	1440	0	0	1440
3951841	4576304	-1	1219584	2132	0	0	2132
3953840	-1	-1	0	0	0	0	0
3962840	-1	-1	0	0	0	0	0
3971836	4565464	-1	1628160	2853	0	0	2853
3980837	-1	-1	0	0	0	0	0
3989840	5058544	-1	1947540	3080	0	0	3080
3998834	-1	-1	40960	804	0	0	810
4002839	5391944	-1	1644544	2440	0	0	2440
4010835	-1	-1	0	0	0	0	0
4018834	5009720	-1	2767872	4420	0	0	4420
4028840	-1	-1	0	0	0	0	0
4037840	-1	-1	0	0	0	0	0
4045839	-1	-1	0	0	0	0	0
4052839	4861408	-1	2516992	4142	0	0	4142
4061834	-1	-1	0	0	0	0	170
4066835	4541984	-1	2038784	3591	0	0	3591
4076839	-1	-1	0	0	0	0	0
4079839	-1	-1	0	0	0	0	0
4088832	2788768	-1	147456	423	0	0	431
4093838	5695736	-1	1750016	2458	0	0	2458
4102833	-1	-1	0	0	0	0	38
4107840	5113920	-1	1507328	2358	0	0	2358
4114834	-1	-1	0	0	0	0	0
4120839	4796368	-1	1363968	2275	0	0	2275
4129840	-1	-1	0	0	0	0	0
4139834	5178360	-1	2373632	3667	0	0	3667
4145839	-1	-1	0	0	0	0	0
4155835	4872120	-1	1459200	2396	0	0	2396
4162834	-1	-1	98304	361	0	0	370
4167839	5673160	-1	2513920	3545	0	0	3545
4176835	-1	-1	0	0	0	0	0
4183839	4659672	-1	2729984	4687	0	0	4687
4191839	-1	-1	0	0	0	0	0
4199839	4749496	-1	2612224	4400	0	0	4400
4208839	-1	-1	0	0	0	0	0
4216838	4956632	-1	2058240	3322	0	0	3322
4223838	-1	-1	0	0	0	0	0
4229839	5570000	-1	2029568	2915	0	0	2915
4237835	-1	-1	0	0	0	0	0
4245838	5582344	-1	2755584	3949	0	0	3949
4253840	-1	-1	0	0	0	0	0
4262840	5395584	-1	1428480	2118	0	0	2118
4271839	-1	-1	0	0	0	0	0
4278871	-1	-1	0	0	0	0	0
4287840	-1	-1	0	0	0	0	0
4293834	5545992	-1	2616320	3774	0	0	3774
4300839	-1	-1	0	0	0	0	0
4309833	4897568	-1	1820672	2974	0	0	2974
4312838	-1	-1	0	0	0	0	0
4321839	-1	-1	0	0	0	0	0
4326839	-1	-1	0	0	0	0	0
4335840	6088648	-1	2196480	2886	0	0	2886
4344839	-1	-1	0	0	0	0	0
4433840	3590568	-1	1120256	2496	0	0	28314
4442840	4953024	-1	1260544	2036	0	0	2036
4451839	-1	-1	0	0	0	0	0
4461840	-1	-1	0	0	0	0	0
4465837	-1	-1	0	0	0	0	0
4473839	5115344	-1	1826816	2857	0	0	2857
4480840	-1	-1	0	0	0	0	0
4490837	4029328	-1	711680	1413	0	0	1413
4499839	-1	-1	0	0	0	0	0
4507840	5436752	-1	1660928	2444	0	0	2444
4516840	-1	-1	0	0	0	0	0
4526838	-1	-1	0	0	0	0	0
4536840	-1	-1	0	0	0	0	0
4543838	4790816	-1	1009664	1686	0	0	1686
4553840	-1	-1	0	0	0	0	0
4559840	4906704	-1	1301504	2122	0	0	2122
4566840	-1	-1	0	0	0	0	0
4575840	4694016	-1	1173504	2000	0	0	2000
4585836	-1	-1	0	0	0	0	0
4595840	4664592	-1	1113088	1909	0	0	1909
4603842	-1	-1	0	0	0	0	0
4611840	4334784	-1	845824	1561	0	0	1561
4618840	-1	-1	0	0	0	0	0
4624842	5094816	-1	1527808	2399	0	0	2399
4633839	-1	-1	0	0	0	0	0
4642840	4904696	-1	1434624	2340	0	0	2340
4648839	-1	-1	0	0	0	0	0
4655840	-1	-1	0	0	0	0	0
4663841	-1	-1	0	0	0	0	0
4673841	5215208	-1	1837056	2818	0	0	2818
4683840	4029872	-1	530432	1053	0	0	1221
4687838	5137264	-1	990208	1542	0	0	1542
4696840	-1	-1	0	0	0	0	0
4705839	4827800	-1	1199104	1987	0	0	1987
4714840	-1	-1	0	0	0	0	0
4723839	5097152	-1	2238288	3513	0	0	3513
4733840	-1	-1	0	0	0	0	0
4740840	-1	-1	0	0	0	0	0
4748840	-1	-1	0	0	0	0	0
4757840	5512664	-1	2199552	3192	0	0	3192
4759840	-1	-1	0	0	0	0	0
4768839	4528768	-1	1060864	1874	0	0	1874
4776839	-1	-1	0	0	0	0	0
4784840	-1	-1	0	0	0	0	0
4787841	-1	-1	0	0	0	0	0
4796839	5340752	-1	1405952	2106	0	0	2106
4798840	-1	-1	0	0	0	0	0
4807840	4846184	-1	1323008	2184	0	0	2184
4816839	-1	-1	0	0	0	0	0
4826839	4015560	-1	638976	1273	0	0	1273
4831837	-1	-1	0	0	0	0	0
4840836	3885688	-1	993280	2045	0	0	2045
4846839	-1	-1	0	0	0	0	0
4853839	5371608	-1	1369088	2039	0	0	2039
4862840	-1	-1	0	0	0	0	0
4870840	5036760	-1	1332224	2116	0	0	2116
4878839	-1	-1	0	0	0	0	0
4887839	-1	-1	0	0	0	0	0
4891836	-1	-1	0	0	0	0	0
4899839	5082072	-1	1577984	2484	0	0	2484
4907840	-1	-1	0	0	0	0	0
4915839	5655024	-1	2341888	3313	0	0	3313
4924839	-1	-1	0	0	0	0	0
4933839	-1	-1	0	0	0	0	0
4940840	-1	-1	0	0	0	0	0
4949840	5679168	-1	2011136	2833	0	0	2833
4958840	-1	-1	0	0	0	0	0
4966839	5389256	-1	1352704	2008	0	0	2008
4974839	-1	-1	0	0	0	0	0
4984839	4899920	-1	1379328	2252	0	0	2252
4992839	-1	-1	0	0	0	0	0
5002839	5421552	-1	1721344	2540	0	0	2540
5010839	-1	-1	0	0	0	0	0
5017839	5312000	-1	1529856	2304	0	0	2304
5027840	-1	-1	0	0	0	0	0
5035839	5264952	-1	1729536	2628	0	0	2628
5045839	-1	-1	0	0	0	0	0
5053840	6038944	-1	2854912	3782	0	0	3782
5062839	-1	-1	0	0	0	0	0
5067839	-1	-1	0	0	0	0	0
5073839	-1	-1	0	0	0	0	0
5161833	3005120	-1	1035264	2756	0	0	27745
5171833	4170896	-1	1283072	2461	0	0	2461
5180832	-1	-1	0	0	0	0	0
5189831	4378104	-1	1223680	2236	0	0	2236
5194832	-1	-1	0	0	0	0	0
5201832	4320104	-1	1174528	2175	0	0	2175
5209833	-1	-1	0	0	0	0	0
5217832	4772872	-1	1476608	2475	0	0	2475
5225832	-1	-1	0	0	0	0	0
5233831	-1	-1	0	0	0	0	0
5241831	-1	-1	0	0	0	0	0
5249832	4745928	-1	1521664	2565	0	0	2565
5257831	-1	-1	0	0	0	0	0
5266832	3774216	-1	1285120	2724	0	0	2724
5274832	-1	-1	0	0	0	0	0
5281832	4346344	-1	1697792	3125	0	0	3125
5290832	-1	-1	0	0	0	0	0
5300836	4988464	-1	1422336	2281	0	0	2281
5308832	-1	-1	0	0	0	0	0
5317832	-1	-1	0	0	0	0	0
5326832	-1	-1	0	0	0	0	0
5334833	5644904	-1	2183168	3094	0	0	3094
5344835	4398104	-1	961536	1749	0	0	1749
5347832	7142400	-1	571392	640	0	0	640
5357832	-1	-1	0	0	0	0	0
5366832	5506136	-1	2391040	3474	0	0	3474
5375832	-1	-1	0	0	0	0	0
5384833	-1	-1	0	0	0	0	0
5390832	-1	-1	0	0	0	0	0
5398833	5465600	-1	2621440	3837	0	0	3837
5407832	-1	-1	0	0	0	0	0
5415831	-1	-1	0	0	0	0	0
5418832	-1	-1	0	0	0	0	0
5426832	5585064	-1	2665472	3818	0	0	3818
5436831	-1	-1	0	0	0	0	0
5444832	4750696	-1	1360480	2291	0	0	2291
5453832	-1	-1	0	0	0	0	0
5463831	4814944	-1	1495040	2484	0	0	2484
5471832	-1	-1	0	0	0	0	0
5479831	5226352	-1	1100800	1685	0	0	1685
5488832	-1	-1	0	0	0	0	0
5497833	3610328	-1	1061888	2353	0	0	2353
5505831	-1	-1	0	0	0	0	0
5514832	-1	-1	0	0	0	0	0
5520832	-1	-1	0	0	0	0	0
5526831	5280096	-1	1789952	2712	0	0	2712
5534832	-1	-1	0	0	0	0	0
5544831	1827248	-1	856064	3748	0	0	3748
5553831	-1	-1	0	0	0	0	0
5562832	4435512	-1	829440	1496	0	0	1496
5572837	-1	-1	0	0	0	0	0
5579835	4793888	-1	752640	1256	0	0	1256
5582831	-1	-1	0	0	0	0	0
5591831	5206648	-1	1353728	2080	0	0	2080
5599832	-1	-1	0	0	0	0	0
5608832	3911256	-1	758784	1552	0	0	1552
5615831	-1	-1	0	0	0	0	0
5623835	5363736	-1	937984	1399	0	0	1399
5631831	-1	-1	0	0	0	0	0
5638831	5732960	-1	1224704	1709	0	0	1709
5646831	-1	-1	0	0	0	0	0
5653831	5703000	-1	1264640	1774	0	0	1774
5657835	-1	-1	0	0	0	0	0
5666831	-1	-1	0	0	0	0	0
5672831	4857376	-1	516096	850	0	0	860
5677831	6874536	-1	1127424	1312	0	0	1312
5685831	-1	-1	0	0	0	0	0
5691832	5408544	-1	909312	1345	0	0	1345
5699831	-1	-1	0	0	0	0	0
5707830	5388176	-1	1005568	1493	0	0	1493
5715831	-1	-1	0	0	0	0	0
5723831	-1	-1	0	0	0	0	0
5730831	-1	-1	0	0	0	0	0
5739831	6308200	-1	2537472	3218	0	0	3218
5747831	-1	-1	0	0	0	0	0
5755831	5266288	-1	838656	1274	0	0	1274
5763843	-1	-1	0	0	0	0	0
5771831	6332192	-1	2050048	2590	0	0	2590
5780831	-1	-1	0	0	0	0	0
5790831	-1	-1	0	0	0	0	0
5795831	-1	-1	0	0	0	0	0
5890441	2349536	-1	843776	2873	0	0	10392
5899440	4382952	-1	969728	1770	0	0	1770
5909440	-1	-1	0	0	0	0	0
5918440	3846768	-1	782336	1627	0	0	1627
5922440	-1	-1	0	0	0	0	0
5930445	4888952	-1	1373184	2247	0	0	2247
5938440	-1	-1	0	0	0	0	0
5946439	5036496	-1	1173504	1864	0	0	1864
5954440	-1	-1	0	0	0	0	0
5963440	4690208	-1	1135616	1937	0	0	1937
5971439	-1	-1	0	0	0	0	0
5979440	-1	-1	0	0	0	0	0
5983440	-1	-1	0	0	0	0	0
5991439	5457968	-1	1661952	2436	0	0	2436
6001440	-1	-1	0	0	0	0	0
6008441	3758080	-1	751616	1600	0	0	1600
6014441	-1	-1	0	0	0	0	0
6024440	4423112	-1	955392	1728	0	0	1728
6033440	-1	-1	0	0	0	0	0
6042441	4716608	-1	1206272	2046	0	0	2046
6051440	-1	-1	0	0	0	0	0
6060439	5618056	-1	1676288	2387	0	0	2387
6070440	-1	-1	0	0	0	0	0
6076440	2526096	-1	834560	2643	0	0	2643
6085445	-1	-1	0	0	0	0	0
6093440	4052296	-1	1044480	2062	0	0	2062
6101439	-1	-1	0	0	0	0	0
6110440	4682536	-1	985088	1683	0	0	1683
6113440	-1	-1	0	0	0	0	0
6122439	-1	-1	0	0	0	0	0
6131440	5653016	-1	1721344	2436	0	0	2436
6134440	6472688	-1	196608	243	0	0	243
6141440	-1	-1	0	0	0	0	0
6148440	-1	-1	0	0	0	0	0
6153440	-1	-1	0	0	0	0	0
6160440	4885000	-1	1623040	2658	0	0	2658
6170440	-1	-1	0	0	0	0	0
6179440	4097736	-1	1390156	2714	0	0	2714
6188439	-1	-1	0	0	0	0	0
6198440	4368464	-1	985088	1804	0	0	1804
6204440	-1	-1	0	0	0	0	0
6212440	4894168	-1	1048576	1714	0	0	1714
6221439	-1	-1	0	0	0	0	0
6229440	4249760	-1	1174528	2211	0	0	2211
6238439	-1	-1	0	0	0	0	0
6247439	3741232	-1	712704	1524	0	0	1524
6250440	-1	-1	0	0	0	0	0
6258444	4233752	-1	1070080	2022	0	0	2022
6265439	-1	-1	0	0	0	0	0
6274440	4520880	-1	1105920	1957	0	0	1957
6284439	-1	-1	0	0	0	0	0
6292439	4462704	-1	1028096	1843	0	0	1843
6301439	-1	-1	0	0	0	0	0
6308439	-1	-1	0	0	0	0	0
6316441	3319352	-1	319488	770	0	0	773
6321440	5647368	-1	1222656	1732	0	0	1732
6330439	-1	-1	0	0	0	0	0
6338439	4031696	-1	738304	1465	0	0	1465
6348439	-1	-1	0	0	0	0	0
6357439	4339520	-1	1012736	1867	0	0	1867
6367439	-1	-1	0	0	0	0	0
6375444	-1	-1	0	0	0	0	0
6378439	-1	-1	0	0	0	0	0
6387439	5872528	-1	2076672	2829	0	0	2829
6394441	-1	-1	0	0	0	0	0
6403440	-1	-1	0	0	0	0	0
6411439	-1	-1	0	0	0	0	0
6417441	5433816	-1	1819648	2679	0	0	2679
6421439	-1	-1	0	0	0	0	0
6430440	-1	-1	0	0	0	0	0
6438444	-1	-1	0	0	0	0	14
6443439	5111272	-1	1873920	2933	0	0	2933
6453439	-1	-1	0	0	0	0	0
6460439	5090176	-1	1376256	2163	0	0	2163
6469445	-1	-1	0	0	0	0	0
6477439	4983136	-1	1412096	2267	0	0	2267
6484439	-1	-1	0	0	0	0	0
6494440	5864328	-1	2061312	2812	0	0	2812
6502439	-1	-1	0	0	0	0	0
6510440	-1	-1	0	0	0	0	0
6617952	4501072	-1	1729536	3074	0	0	11920
6627952	6085384	-1	1754112	2306	0	0	2306
6636952	-1	-1	0	0	0	0	0
6645945	-1	-1	0	0	0	0	0
6650952	-1	-1	0	0	0	0	0
6658944	4808176	-1	1876992	3123	0	0	3123
6667944	-1	-1	0	0	0	0	0
6677952	4580032	-1	1153024	2014	0	0	2014
6687944	-1	-1	0	0	0	0	0
6695944	4832960	-1	1071104	1773	0	0	1773
6704951	-1	-1	0	0	0	0	0
6713944	5550632	-1	1060864	1529	0	0	1529
6720951	-1	-1	0	0	0	0	0
6726952	5090296	-1	1250304	1965	0	0	1965
6735945	-1	-1	0	0	0	0	0
6744945	5704320	-1	1145856	1607	0	0	1607
6752952	-1	-1	0	0	0	0	0
6761945	6119016	-1	1692672	2213	0	0	2213
6767952	-1	-1	0	0	0	0	0
6776946	5001432	-1	890880	1425	0	0	1425
6781952	-1	-1	0	0	0	0	0
6790952	5284088	-1	976896	1479	0	0	1479
6798952	-1	-1	0	0	0	0	0
6807946	-1	-1	0	0	0	0	0
6812951	-1	-1	0	0	0	0	0
6821952	5903224	-1	1600512	2169	0	0	2169
6831945	-1	-1	0	0	0	0	0
6840952	3916312	-1	1305600	2667	0	0	2667
6847952	-1	-1	0	0	0	0	0
6857951	4859280	-1	889856	1465	0	0	1465
6866952	-1	-1	0	0	0	0	0
6876951	5447224	-1	922624	1355	0	0	1355
6883945	-1	-1	0	0	0	0	0
6892946	2505496	-1	835584	2668	0	0	2668
6896947	-1	-1	0	0	0	0	0
6905952	5398712	-1	899560	1333	0	0	1333
6914944	-1	-1	0	0	0	0	0
6923951	4732832	-1	1004544	1698	0	0	1698
6931946	5354456	-1	1026048	1533	0	0	1533
6935952	-1	-1	115712	145	0	0	145
6943951	-1	-1	0	0	0	0	0
6953945	4370120	-1	848896	1554	0	0	1554
6960952	-1	-1	0	0	0	0	0
6968951	5698784	-1	770048	1081	0	0	1081
6977947	-1	-1	65536	411	0	0	419
6982952	6585152	-1	1154048	1402	0	0	1402
6991951	-1	-1	0	0	0	0	0
6999944	4775904	-1	884736	1482	0	0	1482
7009951	-1	-1	0	0	0	0	0
7016951	4508920	-1	972800	1726	0	0	1726
7022943	-1	-1	0	0	0	0	0
7030954	-1	-1	0	0	0	0	0
7035951	-1	-1	0	0	0	0	0
7041951	6003872	-1	1711104	2280	0	0	2280
7046943	-1	-1	0	0	0	0	0
7055951	-1	-1	0	0	0	0	0
7062951	-1	-1	0	0	0	0	0
7069951	6210112	-1	2284544	2943	0	0	2943
7078951	-1	-1	0	0	0	0	0
7086952	6060328	-1	1557504	2056	0	0	2056
7094952	-1	-1	0	0	0	0	0
7103951	5755384	-1	1376256	1913	0	0	1913
7112951	-1	-1	0	0	0	0	0
7120951	4956000	-1	1442816	2329	0	0	2329
7130951	-1	-1	0	0	0	0	0
7138944	5594104	-1	963584	1378	0	0	1378
7146951	-1	-1	0	0	0	0	0
7156951	-1	-1	0	0	0	0	0
7160947	-1	-1	0	0	0	0	0
7167944	4642864	-1	1082368	1865	0	0	1865
7171944	-1	-1	0	0	0	0	0
7180951	4820984	-1	806912	1339	0	0	1339
7188951	-1	-1	0	0	0	0	0
7195951	5965832	-1	1662976	2230	0	0	2230
7205951	-1	-1	0	0	0	0	0
7211951	5271056	-1	888832	1349	0	0	1349
7220952	-1	-1	0	0	0	0	0
7228944	5714416	-1	1903616	2665	0	0	2665
7237951	4651832	-1	998400	1717	0	0	1717
7241951	4408984	-1	829440	1505	0	0	1505
7250946	-1	-1	0	0	0	0	0
7377176	3458032	-1	871424	2016	0	0	7087
7387175	5400648	-1	911360	1350	0	0	1350
7396175	-1	-1	0	0	0	0	0
7405171	5517376	-1	1108992	1608	0	0	1608
7410175	-1	-1	0	0	0	0	0
7417176	5555128	-1	1253376	1805	0	0	1805
7427176	-1	-1	0	0	0	0	0
7436176	4999408	-1	960512	1537	0	0	1537
7444176	-1	-1	0	0	0	0	0
7452175	5420712	-1	1047552	1546	0	0	1546
7458176	-1	-1	0	0	0	0	0
7466176	5844552	-1	1119232	1532	0	0	1532
7475175	-1	-1	0	0	0	0	0
7482249	5555376	-1	1108992	1597	0	0	1597
7491176	-1	-1	0	0	0	0	0
7496171	-1	-1	0	0	0	0	0
7502175	-1	-1	0	0	0	0	0
7512176	6194296	-1	1355776	1751	0	0	1751
7513176	-1	-1	0	0	0	0	0
7522170	-1	-1	0	0	0	0	0
7527170	-1	-1	0	0	0	0	0
7535176	6558936	-1	2266112	2764	0	0	2764
7545175	-1	-1	0	0	0	0	0
7554177	5253280	-1	1241088	1890	0	0	1890
7564176	-1	-1	0	0	0	0	0
7571176	2930792	-1	844800	2306	0	0	2306
7579176	-1	-1	0	0	0	0	0
7589175	1201688	-1	850944	5665	0	0	5665
7596176	1051672	-1	194560	1480	0	0	1480
7603176	4972824	-1	1431552	2303	0	0	2303
7613173	-1	-1	0	0	0	0	0
7620176	2979760	-1	1306624	3508	0	0	3508
7629176	-1	-1	0	0	0	0	0
7638176	5681400	-1	1251328	1762	0	0	1762
7646176	-1	-1	0	0	0	0	0
7650176	-1	-1	0	0	0	0	0
7658175	-1	-1	0	0	0	0	0
7665176	4287168	-1	2197708	4101	0	0	4101
7674176	-1	-1	0	0	0	0	0
7683173	5153712	-1	1995776	3098	0	0	3098
7691176	-1	-1	0	0	0	0	0
7700172	-1	-1	0	0	0	0	0
7708175	-1	-1	0	0	0	0	0
7717176	6149928	-1	2920448	3799	0	0	3799
7726175	-1	-1	0	0	0	0	0
7735176	-1	-1	0	0	0	0	0
7744175	-1	-1	0	0	0	0	0
7749175	5721560	-1	2281472	3190	0	0	3190
7758175	-1	-1	0	0	0	0	0
7767175	5487056	-1	1310720	1911	0	0	1911
7775175	-1	-1	0	0	0	0	0
7782172	3795352	-1	1305600	2752	0	0	2752
7788175	3629032	-1	417792	921	0	0	953
7792175	4625376	-1	885760	1532	0	0	1532
7801175	-1	-1	0	0	0	0	0
7809173	5471800	-1	1427456	2087	0	0	2087
7817171	-1	-1	0	0	0	0	0
7823175	5756096	-1	1793024	2492	0	0	2492
7830170	-1	-1	0	0	0	0	0
7838175	-1	-1	0	0	0	0	0
7841175	-1	-1	0	0	0	0	0
7851194	4315448	-1	2527232	4685	0	0	4685
7856175	-1	-1	0	0	0	0	0
7861175	-1	-1	0	0	0	0	0
7870172	-1	-1	0	0	0	0	0
7879170	5671936	-1	3235840	4564	0	0	4564
7888171	-1	-1	0	0	0	0	0
7898175	5283136	16024	1467392	2222	473088	236194	2222
7907172	-1	1114504	0	0	1250304	8974	0
7917169	-1	1356224	0	0	1699840	10026	0
7921175	-1	1562968	0	0	736256	3768	0
7929175	-1	-1	0	0	0	0	0
7937175	-1	-1	0	0	0	0	0
7946175	-1	-1	0	0	0	0	0
7953175	-1	-1	0	0	0	0	0
