72264	1028296	-1	1900544	14786	0	0	14997
81260	1741696	-1	1957888	8993	0	0	8995
90262	1687936	-1	1891328	8964	0	0	9001
99260	1487464	-1	1667072	8966	0	0	8998
108260	1541936	-1	1662976	8628	0	0	9000
118260	1655656	-1	1768448	8545	0	0	8545
125259	1787400	-1	1144832	5124	0	0	5124
135260	-1	-1	0	0	0	0	0
140260	3044952	-1	806912	2120	0	0	2120
145269	2094544	-1	230400	880	0	0	880
154260	2379256	-1	755712	2541	0	0	2541
162260	-1	-1	0	0	0	0	0
170260	1626824	-1	1007616	4955	0	0	4968
179261	2555720	-1	458752	1436	0	0	1436
188260	2344216	-1	1035264	3533	0	0	3533
197260	-1	-1	0	0	0	0	0
203266	1722872	-1	1056768	4907	0	0	4907
211294	1982120	-1	354304	1430	0	0	1430
221261	1869152	-1	1257472	5382	0	0	5382
228262	1363800	-1	455680	2673	0	0	2673
236260	1891088	-1	1193984	5051	0	0	5051
244260	1169048	-1	275456	1885	0	0	1885
254260	-1	-1	0	0	0	0	0
256278	-1	-1	0	0	0	0	0
265260	1394600	-1	837632	4805	0	0	5009
274268	1395216	-1	621568	3564	0	0	3564
282260	1845008	-1	863232	3743	0	0	3743
286260	-1	-1	0	0	0	0	0
294260	2469184	-1	480256	1556	0	0	1556
302263	4025160	-1	494592	983	0	0	983
305261	-1	-1	0	0	0	0	0
314264	2803944	-1	744448	2124	0	0	2124
317264	2094928	-1	285696	1091	0	0	1091
326261	2112328	-1	563200	2133	0	0	2187
329260	1755640	-1	616448	2809	0	0	2809
336260	1564904	-1	388096	1984	0	0	1984
344260	-1	-1	0	0	0	0	0
350261	-1	-1	0	0	0	0	0
359260	2027016	-1	1359872	5367	0	0	5367
364260	1995160	-1	281068	1127	0	0	1127
372260	-1	-1	0	0	0	0	0
379262	-1	-1	0	0	0	0	0
385260	1318104	-1	819200	4972	0	0	4995
395279	1961784	-1	1683456	6865	0	0	6865
405354	-1	-1	0	0	0	0	0
407405	-1	-1	0	0	0	0	0
417260	1438024	-1	1022976	5691	0	0	5691
425260	-1	-1	123904	718	0	0	718
433260	2873912	-1	328704	915	0	0	915
437371	-1	-1	0	0	0	0	0
446260	2364224	-1	1052672	3562	0	0	3562
449260	-1	-1	0	0	0	0	0
458261	2285752	-1	841728	2946	0	0	2946
464260	-1	-1	0	0	0	0	0
473260	1857576	-1	1121280	4829	0	0	4829
483260	2443712	-1	270336	885	0	0	885
490260	1392824	-1	155648	894	0	0	1016
497288	1265952	-1	406528	2569	0	0	2569
506260	989200	-1	611328	4944	0	0	4944
513260	410160	-1	299008	5832	0	0	5832
520260	1812056	-1	442368	1953	0	0	1953
524260	-1	-1	0	0	0	0	0
532262	2228144	-1	687104	2467	0	0	2467
542265	-1	-1	0	0	0	0	0
548261	1687768	-1	994304	4713	0	0	4713
558277	1783904	-1	1021952	4583	0	0	4583
566263	2484392	-1	588800	1896	0	0	1896
576262	-1	-1	0	0	0	0	0
586262	2271800	-1	860160	3029	0	0	3029
592260	-1	-1	0	0	0	0	0
600261	1750688	-1	1107968	5063	131072	239098	5063
610260	807224	838272	158720	1573	1057792	10095	1573
619313	-1	885696	0	0	994304	8980	0
627260	-1	776728	0	0	754688	7773	0
637260	-1	1143096	0	0	1076224	7531	0
643261	-1	-1	0	0	0	0	0
653260	-1	-1	0	0	0	0	0
660261	-1	-1	0	0	0	0	0
665260	-1	-1	0	0	0	0	0
674261	-1	-1	0	0	0	0	0
683261	-1	-1	0	0	0	0	0
689261	-1	-1	0	0	0	0	0
697262	1986096	-1	1207296	4863	0	0	4863
706261	2152160	-1	798720	2969	0	0	2969
714265	4715488	-1	522240	886	0	0	886
717261	-1	-1	0	0	0	0	0
725271	2248952	-1	1346560	4790	0	0	4790
734261	-1	-1	97280	633	0	0	633
743277	853008	-1	541232	5076	0	0	5263
765733	1187960	-1	2202624	14833	0	0	14833
774664	-1	-1	0	0	0	0	0
783661	-1	-1	0	0	0	0	0
787662	-1	-1	0	0	0	0	0
794667	-1	-1	0	0	0	0	0
800661	2265872	-1	1051648	3713	0	0	3713
807662	1943864	-1	229376	944	0	0	1008
811661	2264744	-1	1048576	3704	0	0	3704
820662	-1	-1	0	0	0	0	0
830662	2815664	-1	1062912	3020	0	0	3020
836661	6280536	-1	329728	420	0	0	420
840661	-1	-1	0	0	0	0	0
849661	-1	-1	0	0	0	0	0
858059	2958808	-1	1438720	3890	0	0	3890
864661	-1	-1	0	0	0	0	0
874680	2242400	-1	888832	3171	0	0	3171
882661	-1	-1	0	0	0	0	0
891662	2705856	-1	744448	2201	0	0	2201
899662	-1	-1	0	0	0	0	0
906661	2858832	-1	647168	1811	0	0	1811
914661	-1	-1	0	0	0	0	0
923663	3507608	-1	1104896	2520	0	0	2520
932663	-1	-1	0	0	0	0	0
940663	2463344	-1	1185792	3851	0	0	3851
949723	-1	-1	0	0	0	0	0
958699	2094488	-1	830464	3172	0	0	3172
962663	-1	-1	56320	125	0	0	125
970665	2160952	-1	744448	2756	0	0	2756
978661	-1	-1	0	0	0	0	0
986661	2506048	-1	1260544	4024	0	0	4024
995661	-1	-1	0	0	0	0	0
1003661	2675832	-1	999424	2988	0	0	2988
1012661	1621704	-1	139264	687	0	0	723
1013661	2178128	-1	278528	1023	0	0	1023
1022661	2318320	-1	533504	1841	0	0	1841
1029661	-1	-1	57344	206	0	0	211
1038706	4680256	-1	775168	1325	0	0	1325
1046674	2731952	-1	723968	2120	0	0	2120
1055661	-1	-1	0	0	0	0	0
1062661	3921152	-1	539648	1101	0	0	1101
1069661	-1	-1	0	0	0	0	0
1078663	1950832	-1	1346560	5522	0	0	5522
1087665	-1	-1	26624	85	0	0	85
1095750	2088296	-1	1220608	4676	0	0	4676
1098681	-1	-1	0	0	0	0	0
1107661	-1	-1	0	0	0	0	0
1114706	-1	-1	0	0	0	0	0
1122667	1716976	-1	814920	3797	0	0	3797
1129674	559872	-1	147456	2107	0	0	2132
1132661	1521016	-1	565248	2973	0	0	2987
1141696	2588720	-1	709632	2193	0	0	2193
1380716	913176	-1	5175296	45339	0	0	93544
1389715	2396768	-1	1073152	3582	0	0	3582
1400722	-1	-1	0	0	0	0	0
1411719	1379616	-1	1137664	6597	0	0	6597
1420716	-1	-1	0	0	0	0	0
1429938	1277760	-1	766976	4802	0	0	4802
1437735	4853376	-1	160768	265	0	0	265
1447723	-1	-1	0	0	0	0	0
1452730	1754504	-1	139264	635	0	0	650
1457728	2763912	-1	1390592	4025	0	0	4025
1466719	-1	-1	0	0	0	0	0
1472766	1580056	-1	998400	5055	0	0	5055
1481730	-1	-1	117760	799	0	0	799
1485717	-1	-1	0	0	0	0	0
1493815	-1	-1	0	0	0	0	0
1500721	1114816	-1	729088	5232	0	0	5257
1510753	1097248	-1	1217536	8877	0	0	8877
1519716	-1	-1	0	0	0	0	0
1527717	-1	-1	0	0	0	0	0
1535759	2230000	-1	1439744	5165	0	0	5360
1545730	1403728	-1	667648	3805	0	0	3805
1554715	-1	-1	0	0	0	0	0
1558766	-1	-1	0	0	0	0	0
1567750	2193536	-1	1597440	5826	0	0	5826
1576717	2448184	-1	425984	1392	0	0	1392
1586716	-1	-1	0	0	0	0	0
1591717	-1	-1	0	0	0	0	0
1600822	2788344	-1	1732608	4971	0	0	5116
1610739	2162512	-1	1005568	3720	0	0	3720
1619717	-1	-1	0	0	0	0	0
1622811	-1	-1	0	0	0	0	0
1631830	2924712	-1	1497088	4095	0	0	4095
1634744	-1	-1	0	0	0	0	0
1643725	2345008	-1	1313792	4482	0	0	4482
1651717	-1	-1	0	0	0	0	0
1660716	2385584	-1	759808	2548	0	0	2548
1667716	-1	-1	0	0	0	0	0
1676803	1917864	-1	710568	2964	0	0	2964
1686725	-1	-1	0	0	0	0	0
1692728	2477760	-1	1220608	3941	0	0	3941
1701804	-1	-1	0	0	0	0	0
1707716	2677312	-1	753664	2252	0	0	2252
1715717	-1	-1	0	0	0	0	0
1722719	2965960	-1	937984	2530	0	0	2530
1730766	-1	-1	90112	311	0	0	317
1735732	1616424	-1	994304	4921	0	0	4921
1742719	-1	-1	53248	221	0	0	221
1747715	-1	-1	0	0	0	0	0
1753716	-1	-1	0	0	0	0	0
1760755	2261040	-1	1355776	4797	0	0	4797
1769797	1160160	-1	452608	3121	0	0	3121
1774719	-1	-1	0	0	0	0	0
1781717	-1	-1	0	0	0	0	0
1789123	2099320	-1	1476608	5627	0	0	5627
1796779	1488296	-1	239616	1288	0	0	1288
1804716	-1	-1	0	0	0	0	0
1813793	-1	-1	0	0	0	0	0
1822735	2368224	-1	1440768	4867	0	0	5018
1831719	2427440	-1	502784	1657	0	0	1657
1841735	1880616	-1	1038336	4417	0	0	4417
1850721	3364568	-1	376832	896	0	0	898
1854730	2194032	-1	630784	2300	0	0	2300
1864722	-1	-1	0	0	0	0	0
1873723	2731656	-1	942080	2759	0	0	2759
1883719	2403136	-1	668672	2226	0	0	2226
1886726	1878280	-1	339968	1448	0	0	1448
1895722	-1	-1	0	0	0	0	0
1903737	2725816	-1	959488	2816	0	0	2816
1912719	-1	-1	0	0	0	0	0
1921759	2199352	-1	1540096	5602	0	0	5602
1928739	-1	-1	0	0	0	0	0
1936731	-1	-1	0	0	0	0	0
1943262	-1	-1	0	0	0	0	0
1949716	1903672	-1	1225728	5151	0	0	5151
1956716	1758896	-1	556032	2529	0	0	2529
1965763	2236680	-1	1168384	4179	0	0	4179
1973894	-1	-1	0	0	0	0	0
1981715	2404616	-1	1087488	3618	0	0	3618
1991733	-1	-1	0	0	0	0	0
1994715	-1	-1	0	0	0	0	0
2003721	-1	-1	57344	1500	0	0	1898
2007773	-1	-1	90112	2313	0	0	4052
2016717	-1	-1	24576	8942	0	0	8943
2025726	247104	-1	335872	10874	0	0	10874
2035391	784744	-1	965632	9844	0	0	9844
2041719	1138416	-1	909312	6390	0	0	6390
2050717	782048	-1	816460	8352	0	0	8352
2060754	-1	-1	0	0	0	0	5540
2069724	1071480	-1	1868800	13953	0	0	13953
2078722	-1	-1	0	0	0	0	0
2085836	-1	-1	65536	230	0	0	255
2090829	1810168	-1	1122304	4960	0	0	4960
2099759	1361208	-1	450560	2648	0	0	2665
2102716	1904920	-1	466944	1961	0	0	1961
2111716	1443152	-1	278528	1544	0	0	1547
2115746	1857832	-1	910336	3920	0	0	3920
2124720	3146520	-1	816128	2075	0	0	2075
2127720	2200624	-1	158720	577	0	0	577
2136817	-1	-1	0	0	0	0	0
2145738	1596776	-1	1052672	5274	0	0	5274
2155733	1733624	-1	145408	671	0	0	671
2164724	-1	-1	0	0	0	0	0
2172756	3001984	-1	1053696	2808	0	0	2855
2175897	2025168	-1	794624	3139	0	0	3139
2183717	2812912	-1	291840	830	0	0	830
2192755	-1	-1	0	0	0	0	0
2199721	-1	-1	0	0	0	0	0
2207719	1283656	-1	887808	5533	0	0	5659
2210745	1413056	-1	540672	3061	0	0	3061
2219782	1387392	-1	1556480	8975	0	0	8975
2226719	3074304	-1	171008	445	0	0	445
2235719	1986392	-1	1089536	4388	0	0	4388
2244746	-1	-1	0	0	0	0	0
2250722	1892648	-1	1091584	4614	0	0	4614
2259716	-1	-1	0	0	0	0	0
2268727	1901592	-1	1170432	4924	0	0	4924
2277716	1839608	-1	196608	855	0	0	855
2286716	2882808	-1	1759232	4882	0	0	4882
2291717	-1	-1	0	0	0	0	0
2300725	2214528	-1	1416192	5116	0	0	5116
2307719	-1	-1	0	0	0	0	31
2312716	2405184	-1	582656	1938	0	0	1938
2321756	-1	-1	0	0	0	0	0
2331720	2693392	-1	1405952	4176	0	0	4176
2339743	-1	-1	0	0	0	0	0
2347718	2475120	-1	1504256	4862	0	0	4862
2357737	1756008	-1	443392	2020	0	0	2020
2360716	-1	-1	0	0	0	0	0
2367715	-1	-1	0	0	0	0	0
2376716	2089432	-1	1316864	5042	0	0	5127
2381718	1447328	-1	466944	2581	0	0	2581
2389718	-1	-1	0	0	0	0	0
2393929	-1	-1	0	0	0	0	0
2402171	1978808	-1	1420288	5742	0	0	6314
2410786	2198336	-1	843336	3069	0	0	3069
2418734	1697072	-1	1101824	5194	0	0	5194
2427717	-1	-1	0	0	0	0	0
2435732	1675024	-1	1020928	4876	0	0	4876
2442866	1371288	-1	196608	1147	0	0	1147
2451736	1794824	-1	1099776	4902	0	0	4902
2458741	-1	-1	0	0	0	0	0
2467717	-1	-1	0	0	0	0	0
2477715	-1	-1	65536	408	0	0	430
2482746	2379704	-1	1476608	4964	0	0	5031
2490715	1863472	-1	473088	2031	0	0	2031
2499716	1959184	-1	1140736	4658	0	0	4658
2509725	-1	-1	0	0	0	0	0
2517750	-1	-1	0	0	0	0	0
2524715	-1	-1	0	0	0	0	0
2532720	1731912	-1	1115136	5151	0	0	5226
2541750	1683448	-1	581632	2764	0	0	2764
2549813	1287336	-1	971776	6039	0	0	6039
2557717	-1	-1	59392	361	0	0	361
2565717	1963608	-1	1042432	4247	0	0	4247
2574721	-1	-1	0	0	0	0	0
2583723	1756480	-1	1096704	4995	0	0	4995
2584716	-1	-1	0	0	0	0	0
2593790	-1	-1	0	0	0	0	0
2601742	-1	-1	0	0	0	0	0
2609716	1414536	-1	966656	5467	0	0	5494
2618716	1569296	-1	1106944	5643	0	0	5643
2626715	1265976	-1	774144	4892	0	0	4892
2636716	2221320	-1	160768	579	0	0	579
2643716	1478184	-1	1061888	5747	0	0	5747
2650758	-1	-1	28672	166	0	0	166
2660727	1107112	-1	702464	5076	0	0	5076
2667716	1683152	-1	516096	2453	0	0	2453
2677740	-1	-1	0	0	0	0	0
2685717	-1	-1	0	0	0	0	0
2691742	2370184	-1	1452032	4901	0	0	4937
2701724	2358256	-1	721920	2449	0	0	2449
2707717	1840720	-1	1177600	5118	0	0	5118
2715715	1746456	-1	142336	652	0	0	652
2724716	1970280	-1	941056	3821	0	0	3821
2734716	-1	-1	0	0	0	0	0
2743727	2640768	-1	962560	2916	0	0	2916
2748767	-1	-1	0	0	0	0	0
2757720	2696448	-1	1102848	3272	0	0	3272
2764715	-1	-1	0	0	0	0	0
2772782	1278376	-1	807936	5056	0	0	5056
2782770	1987800	-1	322272	1297	0	0	1297
2791725	2546920	-1	884736	2779	0	0	2779
2800716	-1	-1	0	0	0	0	0
2806719	1097536	-1	668672	4874	0	0	4874
2813823	1915424	-1	247808	1035	0	0	1035
2822762	2862080	-1	973824	2722	0	0	2722
2830715	-1	-1	0	0	0	0	0
2839732	-1	-1	0	0	0	0	0
2847716	2146648	-1	139264	519	0	0	549
2852735	2178304	-1	1074176	3945	0	0	3945
2860716	-1	-1	0	0	0	0	0
2868715	2310472	-1	1268736	4393	0	0	4393
2878715	-1	-1	0	0	0	0	0
2887717	2047544	-1	1143808	4469	0	0	4469
2897724	-1	-1	0	0	0	0	0
2904748	1977072	-1	906240	3667	0	0	3667
2909718	-1	-1	0	0	0	0	0
2917716	2040376	-1	890880	3493	0	0	3493
2926722	-1	-1	0	0	0	0	0
2935717	2198384	-1	823296	2996	0	0	2996
2942721	-1	-1	0	0	0	0	0
2951761	-1	-1	0	0	0	0	0
2959755	-1	-1	0	0	0	0	92
2964768	3185536	-1	1479680	3716	0	0	3716
2971718	-1	-1	0	0	0	0	0
2979716	2719888	-1	1808384	5319	0	0	5319
2988716	-1	-1	75776	176	0	0	176
2997718	-1	-1	0	0	0	0	0
2999715	-1	-1	0	0	0	0	0
3007716	2691032	-1	1390592	4134	0	0	4134
3015716	2189896	-1	501760	1833	0	0	1833
3018734	2015544	-1	302080	1199	0	0	1199
3026716	-1	-1	0	0	0	0	0
3033770	-1	-1	0	0	0	0	0
3042716	2762008	-1	962560	2788	0	0	2868
3045715	2347880	-1	517120	1762	0	0	1762
3054715	-1	-1	0	0	0	0	0
3063792	1093128	-1	779264	5703	0	0	5703
3069732	530944	-1	303104	4567	0	0	4567
3106015	1542968	-1	1105920	5734	0	0	5734
3111015	1266072	-1	328704	2077	0	0	2077
3120017	-1	-1	0	0	0	0	0
3127015	-1	-1	0	0	0	0	0
3134054	-1	-1	0	0	0	0	0
3141018	-1	-1	0	0	0	0	0
3144031	-1	-1	0	0	0	0	0
3152080	-1	-1	0	0	0	0	0
3159022	-1	-1	0	0	0	0	0
3163018	-1	-1	0	0	0	0	0
3172060	-1	-1	0	0	0	0	0
3180050	1645784	-1	1188052	5775	0	0	5775
3185038	1055056	-1	352256	2671	0	0	2671
3192047	1178672	-1	719872	4886	0	0	4886
3201024	-1	-1	110592	1275	0	0	1275
3206024	1302752	-1	817152	5018	0	0	5018
3215015	1593536	-1	210944	1059	0	0	1059
3222091	2289216	-1	991232	3464	0	0	3464
3231015	-1	-1	0	0	0	0	0
3241038	2819304	-1	846848	2403	0	0	2403
3248042	-1	-1	0	0	0	0	0
3255019	2669888	-1	629760	1887	0	0	1887
3261033	-1	-1	0	0	0	0	0
3268060	2122264	-1	1265664	4771	0	0	5037
3277017	1403224	-1	183296	1045	0	0	1045
3287044	-1	-1	0	0	0	0	0
3289017	-1	-1	0	0	0	0	0
3298091	1412416	-1	998400	5655	0	0	5751
3303033	3141080	-1	919552	2342	0	0	2342
3309015	-1	-1	0	0	0	0	0
3317024	3443016	-1	1098752	2553	0	0	2605
3320024	2555904	-1	958464	3000	0	0	3000
3328133	2084704	-1	145408	558	0	0	558
3336033	-1	-1	0	0	0	0	0
3344020	-1	-1	0	0	0	0	0
3350252	2164312	-1	1614848	5969	0	0	6007
3358022	2016416	-1	849920	3372	0	0	3372
3366017	-1	-1	0	0	0	0	0
3374020	2551912	-1	847872	2658	0	0	2714
3377066	2537296	-1	958464	3022	0	0	3022
3386017	3164512	-1	253952	642	0	0	642
3394112	-1	-1	0	0	0	0	0
3403016	-1	-1	0	0	0	0	0
3409022	2291208	-1	1582080	5524	0	0	5524
3415058	1920984	-1	406528	1693	0	0	1693
3424020	2131520	-1	1391616	5223	0	0	5330
3434018	2409296	-1	1287168	4274	0	0	4274
3443016	2593576	-1	1117184	3446	0	0	3446
3453018	-1	-1	0	0	0	0	0
3462060	-1	-1	0	0	0	0	0
3466020	-1	-1	0	0	0	0	0
3472032	2351960	-1	1541120	5242	0	0	5255
3476071	2668120	-1	1193984	3580	0	0	3580
3484015	2317048	-1	1585152	5473	0	0	5473
3493018	2372856	-1	258048	870	0	0	870
3502018	3282168	-1	1879040	4580	0	0	4580
3511017	-1	-1	0	0	0	0	0
3519049	-1	-1	0	0	0	0	0
3524020	-1	-1	0	0	0	0	0
3533016	2880864	-1	1780736	4945	0	0	5121
3542016	2799448	-1	930816	2660	0	0	2660
3552020	2218344	-1	1522336	5490	0	0	5490
3561018	-1	-1	64512	194	0	0	194
3569038	2679912	-1	1712128	5111	0	0	5111
3578016	-1	-1	0	0	0	0	0
3587022	2471896	-1	1150976	3725	0	0	3725
3597016	-1	-1	0	0	0	0	0
3605120	2197280	-1	859136	3128	0	0	3128
3613038	2419040	-1	468992	1551	0	0	1551
3616024	-1	-1	0	0	0	0	0
3624020	-1	-1	0	0	0	0	0
3633016	2319728	-1	976896	3369	0	0	3369
3641015	-1	-1	0	0	0	0	0
3650016	2965248	-1	828416	2235	0	0	2235
3657016	-1	-1	0	0	0	0	0
3664015	2842576	-1	650240	1830	0	0	1830
3669020	-1	-1	0	0	0	0	0
3679015	2900640	-1	1159168	3197	0	0	3197
3685017	-1	-1	0	0	0	0	0
3689037	-1	-1	0	0	0	0	0
3698046	2413856	-1	621568	2060	27648	150828	2138
3701029	2083880	462696	713728	2740	169984	2939	2740
3710015	-1	729024	0	0	821248	9012	0
3718016	-1	779024	0	0	782336	8033	0
3728023	-1	761208	0	0	950272	9987	0
3734086	-1	711384	0	0	524288	5895	0
3738344	-1	773072	0	0	429056	4440	0
3748022	-1	867536	0	0	1038336	9575	0
3757038	-1	1065728	0	0	441344	3312	0
3763016	-1	-1	0	0	0	0	0
3771104	-1	-1	23552	269	0	0	391
3776019	2276696	-1	792576	2785	0	0	2785
3784016	-1	-1	0	0	0	0	0
3792015	2445016	-1	1154048	3776	0	0	3776
3799098	-1	-1	0	0	0	0	0
3806017	2129440	-1	1184768	4451	0	0	4451
3816031	-1	-1	0	0	0	0	0
3824063	3006968	-1	1556480	4141	0	0	4141
3834056	-1	-1	0	0	0	0	0
3842017	2274944	-1	1277952	4494	0	0	4494
3852020	-1	-1	0	0	0	0	0
3861018	-1	-1	0	0	0	0	0
3866022	-1	-1	0	0	0	0	49
3871032	2530536	-1	1566720	4953	0	0	4953
3877038	2919288	-1	232448	637	0	0	637
3885016	3221488	-1	1765376	4384	0	0	4384
3895018	-1	-1	0	0	0	0	0
3901017	2812560	-1	1676288	4768	0	0	4768
3910064	-1	-1	0	0	0	0	0
3918044	2795704	-1	1291264	3695	0	0	3695
3928056	-1	-1	0	0	0	0	0
3938015	2750376	-1	1667072	4849	0	0	4849
3946016	-1	-1	0	0	0	0	0
