11358	884920	-1	978944	8850	0	0	9000
18357	447376	-1	385024	6885	0	0	6998
24358	720648	-1	548864	6093	0	0	6093
33357	2038040	-1	2147328	8429	0	0	8429
34357	-1	-1	0	0	0	0	0
43358	3008776	-1	590848	1571	0	0	1571
52356	-1	-1	0	0	0	0	0
62357	3122944	-1	627712	1608	0	0	1608
69356	-1	-1	0	0	0	0	0
76357	3396328	-1	715776	1686	0	0	1686
81357	-1	-1	0	0	0	0	0
90357	-1	-1	0	0	0	0	5602
98357	3106344	-1	1134592	2922	0	0	4896
107357	2820392	-1	965632	2739	0	0	2739
115357	-1	-1	0	0	0	0	0
123358	-1	-1	0	0	0	0	0
129356	-1	-1	0	0	0	0	0
135356	725104	-1	498688	5502	0	0	5502
144357	939832	-1	686080	5840	0	0	5840
150357	-1	-1	122880	611	0	0	636
159357	1232040	-1	662528	4302	0	0	4302
168358	1054344	-1	582656	4421	0	0	4421
175362	1051352	-1	201728	1535	0	0	1535
183364	-1	-1	0	0	0	0	0
192358	1193048	-1	329728	2211	0	0	2211
201358	1144472	-1	758784	5304	0	0	5304
209357	-1	-1	74752	592	0	0	592
217356	-1	-1	24576	294	0	0	404
225357	677272	-1	653312	7717	0	0	7717
234357	-1	-1	0	0	0	0	0
236356	-1	-1	0	0	0	0	0
245357	1064440	-1	650240	4887	0	0	4977
253357	1128216	-1	764928	5424	0	0	5424
263363	-1	-1	0	0	0	0	0
267357	-1	-1	0	0	0	0	0
277358	904608	-1	623616	5515	0	0	5515
283357	1012008	-1	334848	2647	0	0	2647
292358	1049200	-1	261120	1991	0	0	1991
296357	-1	-1	0	0	0	0	0
303357	980752	-1	685056	5588	0	0	5588
312358	-1	-1	107356	790	0	0	790
316357	-1	-1	65536	1351	0	0	1362
324357	997672	-1	441344	3539	0	0	3539
330358	793040	-1	499712	5041	0	0	5041
336357	883288	-1	220160	1994	0	0	1994
346356	945544	-1	593920	5025	0	0	5025
352357	-1	-1	48128	405	0	0	405
359358	1117216	-1	409600	2933	0	0	2933
368358	1010536	-1	374784	2967	0	0	2967
371356	-1	-1	0	0	0	0	0
378356	-1	-1	57344	535	0	0	578
383357	820208	-1	498688	4864	0	0	4864
389357	1009160	-1	139264	1104	0	0	1104
398357	974016	-1	486400	3995	0	0	3995
407357	-1	-1	0	0	0	0	0
414357	1001568	-1	708608	5660	0	0	5660
423358	965528	-1	230400	1909	0	0	1909
433357	875144	-1	610304	5579	0	0	5579
440356	-1	-1	47104	381	0	0	381
449358	-1	-1	90112	1041	0	0	1041
456357	-1	-1	121856	1273	0	0	1273
461357	955424	-1	579584	4853	0	0	4853
469358	-1	-1	26624	175	0	0	175
479356	965832	-1	675840	5598	0	0	5598
488357	-1	-1	76800	498	0	0	498
498357	913944	-1	447488	3917	0	0	3917
506358	961248	-1	368640	3068	0	0	3068
512357	-1	-1	0	0	0	0	0
521356	-1	-1	49152	471	0	0	498
526357	1044632	-1	609280	4666	0	0	4924
535358	796160	-1	551936	5546	0	0	5546
544358	884032	-1	245760	2224	0	0	2224
553357	830136	-1	380928	3671	0	0	3671
555357	897216	-1	188416	1680	0	0	1680
564356	-1	-1	0	0	0	0	0
571357	927800	-1	576512	4971	0	0	4971
577358	-1	-1	0	0	0	0	0
586357	1008600	-1	678912	5385	0	0	5385
595358	1126808	-1	140288	996	0	0	996
598357	-1	-1	0	0	0	0	0
606357	974080	-1	267264	2195	0	0	2195
615357	806752	-1	524288	5199	0	0	5348
625357	875272	-1	1099776	10052	0	0	10052
633358	616400	-1	614400	7974	0	0	7974
639357	549200	-1	391168	5698	0	0	5698
649357	843280	-1	1064960	10103	0	0	10103
659358	1374808	-1	817152	4755	0	0	4755
667356	1130112	-1	654336	4632	0	0	4632
675356	-1	-1	0	0	0	0	0
684357	877440	-1	614096	5599	0	0	5843
694357	1088944	-1	424960	3122	0	0	3122
702358	1131880	-1	327680	2316	0	0	2316
710357	1106496	-1	812032	5871	0	0	5871
718357	-1	-1	0	0	0	0	0
726357	973888	-1	544768	4475	0	0	4475
734357	1053968	-1	693248	5262	0	0	5262
740364	1126880	-1	208896	1483	0	0	1483
748356	966664	-1	381952	3161	0	0	3161
757356	1053816	-1	303104	2301	0	0	2375
760357	1137864	-1	390144	2743	0	0	2971
768358	1112952	-1	337920	2429	0	0	2429
777357	1057320	-1	722944	5470	0	0	5590
786356	1079048	-1	707584	5246	0	0	5246
795357	1037104	-1	678912	5237	0	0	5237
802357	1030096	-1	692224	5376	0	0	5376
809356	889320	-1	532480	4790	0	0	4792
817356	589072	-1	570368	7746	0	0	7746
823357	409456	-1	294912	5762	0	0	5762
832357	438240	-1	490496	8954	0	0	8954
837358	456344	-1	294912	5170	0	0	5170
844358	441384	-1	376832	6830	0	0	6830
851357	560160	-1	485376	6932	0	0	6932
855357	-1	-1	90112	972	0	0	972
864358	880416	-1	547840	4978	0	0	5200
871357	1151976	-1	671744	4665	0	0	4665
881358	-1	-1	0	0	0	0	0
887357	-1	-1	0	0	0	0	0
895356	1095312	-1	662528	4839	0	0	4974
903357	1155904	-1	293888	2034	0	0	2034
912356	1364536	-1	291840	1711	0	0	1711
917357	-1	-1	0	0	0	0	0
926358	1178448	-1	274432	1863	0	0	-1
933358	-1	-1	0	0	0	0	-1
942357	1286088	-1	290816	1809	0	0	-1
943357	1831152	-1	155648	680	0	0	-1
952358	1555512	-1	561152	2886	0	0	-1
961357	1177848	-1	364544	2476	0	0	-1
970357	925304	-1	530432	4586	0	0	-1
978357	-1	-1	75776	477	0	0	-1
993610	296112	-1	253952	6861	0	0	24287
1002610	1003336	-1	1081344	8622	0	0	8622
1011609	652400	-1	658432	8074	0	0	8074
1017610	-1	-1	0	0	0	0	0
1024609	-1	-1	0	0	0	0	0
1031610	910872	-1	637952	5603	0	0	5727
1038609	1068128	-1	598016	4479	0	0	4479
1043609	1170552	-1	633856	4332	0	0	4332
1051609	-1	-1	24576	428	0	0	505
1056610	963768	-1	587776	4879	0	0	4879
1065610	-1	-1	84992	674	0	0	674
1073610	584736	-1	417792	5716	0	0	5805
1081609	890656	-1	450560	4047	0	0	4047
1098610	317744	-1	398336	10029	0	0	10029
1106610	265216	-1	182272	5498	0	0	5498
1109609	-1	-1	114688	5476	0	0	5476
1116610	200600	-1	177152	7065	0	0	7065
1125611	159320	-1	171008	8587	0	0	8707
1133610	262304	-1	270336	8245	0	0	8245
1136609	-1	-1	99328	2474	0	0	2474
1144611	205544	-1	212992	8290	0	0	8290
1154609	171976	-1	221184	10289	0	0	10289
1163611	-1	-1	122880	8825	0	0	8994
1172611	415464	-1	475136	9149	0	0	9149
1180611	480952	-1	468992	7801	0	0	7999
1183609	513672	-1	196608	3062	0	0	3062
1192610	532160	-1	598016	8990	0	0	9001
1200611	563336	-1	561152	7969	0	0	8000
1209610	563344	-1	604608	8586	0	0	8998
1216610	-1	-1	90112	7199	0	0	7199
1226610	600656	-1	761856	10147	0	0	10147
1234609	605288	-1	600064	7931	0	0	7999
1242609	611040	-1	614400	8044	0	0	8044
1252610	567696	-1	711680	10029	0	0	10029
1261611	604440	-1	444416	5882	0	0	5882
1267610	614800	-1	470016	6116	0	0	6116
1276609	606536	-1	414720	5470	0	0	5470
1281610	548688	-1	336896	4912	0	0	4912
1287609	522128	-1	386048	5915	0	0	5915
1292609	586664	-1	225280	3072	0	0	3072
1297610	598744	-1	376832	5035	0	0	5035
1306610	529904	-1	592896	8951	0	0	8951
1315610	534896	-1	598016	8944	0	0	8944
1321610	524880	-1	310272	4729	0	0	4729
1327610	584136	-1	425984	5834	0	0	5841
1333609	599344	-1	441344	5891	0	0	5891
1343610	-1	-1	86016	1029	0	0	1029
1351610	-1	-1	0	0	0	0	0
1357610	922872	-1	630784	5468	0	0	5472
1367609	991072	-1	909312	7340	0	0	7340
1374611	910880	-1	630784	5540	0	0	5540
1381610	811176	-1	372736	3676	0	0	3676
1390610	983416	-1	648192	5273	0	0	5273
1397609	926912	-1	404480	3491	0	0	3491
1407610	-1	-1	90112	4314	0	0	5246
1416610	-1	-1	131072	8972	0	0	9000
1426610	148696	-1	196608	10578	0	0	10578
1436610	-1	-1	16384	783	0	0	9999
1441610	-1	-1	0	0	0	0	4999
1450609	430544	-1	188416	3501	0	0	8999
1458610	452200	-1	450560	7971	0	0	8000
1463610	513136	-1	318464	4965	0	0	4999
1472610	414600	-1	466944	9010	0	0	9010
1481610	-1	-1	90112	8149	0	0	8999
1487611	202096	-1	172032	6810	0	0	6810
1495610	489376	-1	491520	8035	0	0	8035
1501609	495400	-1	368640	5953	0	0	5999
1506609	527560	-1	327680	4969	0	0	4999
1512610	472024	-1	360448	6109	0	0	6109
1517610	464608	-1	286720	4937	0	0	4999
1526609	483592	-1	545792	9029	0	0	9029
1536609	472040	-1	583680	9892	0	0	10000
1545610	540472	-1	606208	8973	0	0	9000
1550609	479416	-1	304128	5075	0	0	5075
1559610	513832	-1	573440	8928	0	0	9000
1564610	475976	-1	295936	4974	0	0	5000
1573610	480664	-1	533660	8882	0	0	8999
1583610	483128	-1	606208	10038	0	0	10038
1589609	443264	-1	327680	5914	0	0	5914
1598609	463184	-1	522240	9020	0	0	9020
1603610	483320	-1	303104	5017	0	0	5017
1611610	469680	-1	465920	7936	0	0	7936
1619609	486216	-1	480256	7902	0	0	7902
1628609	489824	-1	557056	9098	0	0	9098
1634609	485752	-1	355328	5852	0	0	5852
1640610	513368	-1	385024	6000	0	0	6000
1648610	492504	-1	449536	7302	0	0	7302
1658610	493704	-1	430080	6969	0	0	6969
1666610	-1	-1	0	0	0	0	0
1673610	-1	-1	24576	425	0	0	504
1678610	584784	-1	360448	4931	0	0	5000
1687609	552536	-1	624640	9044	0	0	9044
1695610	662440	-1	475136	5738	0	0	5738
1702609	-1	-1	51200	453	0	0	453
1705609	-1	-1	0	0	0	0	0
1712610	-1	-1	0	0	0	0	0
1719610	918248	-1	585728	5103	0	0	5196
1728610	730664	-1	348160	3812	0	0	3812
1736609	889144	-1	566272	5095	0	0	5095
1742609	-1	-1	21504	151	0	0	151
1749610	-1	-1	0	0	0	0	0
1754611	-1	-1	0	0	0	0	0
1762609	467000	-1	319488	5473	0	0	5480
1770610	469552	-1	467968	7973	0	0	8000
1780611	491616	-1	614400	9998	0	0	9998
1789609	387120	-1	260096	5375	0	0	5375
1798611	253536	-1	395264	12472	0	0	12472
1806610	433120	-1	368640	6809	0	0	7999
1812610	251480	-1	204800	6515	0	0	6515
1822610	293368	-1	311296	8489	0	0	10000
1829610	298536	-1	344064	9220	0	0	9220
1837611	482904	-1	483328	8007	0	0	8007
1846610	132984	-1	134144	8070	0	0	8999
1850609	-1	-1	122880	4660	0	0	4660
1858610	-1	-1	122880	7575	0	0	8001
1867610	-1	-1	16384	2185	0	0	8999
1896610	1286704	-1	921600	5730	0	0	28999
1905609	4026912	-1	4804608	9545	0	0	9545
1914610	5740168	-1	1018880	1420	0	0	1420
1922610	3847056	-1	1360896	2830	0	0	2830
1930610	-1	-1	0	0	0	0	0
1937610	3652096	-1	1324340	2901	0	0	2901
1941610	-1	-1	0	0	0	0	0
1949609	4897280	-1	1455104	2377	0	0	2377
1957610	-1	-1	0	0	0	0	0
1966610	4648384	-1	685056	1179	0	0	1179
1976610	-1	-1	0	0	0	0	0
1983609	5693368	-1	1264640	1777	0	0	1777
1989609	-1	-1	0	0	0	0	0
1998609	4100328	-1	970752	1894	0	0	1894
2006609	-1	-1	0	0	0	0	0
2011609	4003456	-1	1439744	2877	0	0	2877
2019611	-1	-1	0	0	0	0	0
2029609	4135584	-1	909312	1759	0	0	1759
2033610	-1	-1	0	0	0	0	0
2040610	-1	-1	0	0	0	0	0
2044610	-1	-1	0	0	0	0	0
2050609	4719640	-1	1398784	2371	0	0	2371
2059610	-1	-1	0	0	0	0	0
2066609	4017952	-1	606208	1207	0	0	1207
2071610	-1	-1	0	0	0	0	0
2080610	-1	-1	0	0	0	0	5740
2089611	1278104	-1	842752	5275	0	0	6103
2095609	3947904	-1	2074624	4204	0	0	4204
2103610	-1	-1	0	0	0	0	0
2110609	4027816	-1	1240064	2463	0	0	2463
2119609	-1	-1	0	0	0	0	0
2129609	3313552	-1	572416	1382	0	0	1382
2133609	-1	-1	0	0	0	0	0
2140610	3001888	-1	389120	1037	0	0	1037
2149610	-1	-1	0	0	0	0	0
2155609	4310920	-1	708608	1315	0	0	1315
2164610	-1	-1	0	0	0	0	0
2173610	3114528	-1	609280	1565	0	0	1565
2181611	-1	-1	0	0	0	0	0
2190609	4503288	-1	996352	1770	0	0	1770
2198610	-1	-1	0	0	0	0	0
2204610	4265120	-1	529408	993	0	0	993
2208610	-1	-1	0	0	0	0	0
2218610	3867488	-1	1031168	2133	0	0	2133
2225609	-1	-1	0	0	0	0	0
2233609	-1	-1	0	0	0	0	0
2241610	-1	-1	0	0	0	0	0
2247611	4725744	-1	914432	1548	0	0	1548
2252609	-1	-1	0	0	0	0	0
2258609	-1	-1	0	0	0	0	0
2263609	-1	-1	0	0	0	0	0
2270610	5093976	-1	851968	1338	0	0	1338
2276610	3749320	-1	448512	957	0	0	957
2280610	5132832	-1	256000	399	0	0	399
2290611	-1	-1	0	0	0	0	0
2299610	3840000	-1	445440	928	0	0	928
2308609	-1	-1	0	0	0	0	0
2315610	2985592	-1	917696	2459	0	0	2459
2322609	-1	-1	0	0	0	0	0
2328610	3199776	-1	689152	1723	0	0	1723
2336609	-1	-1	0	0	0	0	0
2346610	3337040	-1	578560	1387	0	0	1387
2353611	-1	-1	0	0	0	0	0
2362611	-1	-1	0	0	0	0	0
2368610	-1	-1	24576	139	0	0	147
2373609	4494464	-1	785408	1398	0	0	1398
2380609	3603824	-1	896000	1989	0	0	1989
2383610	-1	-1	0	0	0	0	0
2392609	-1	-1	0	0	0	0	0
2401610	3515784	-1	940032	2139	0	0	2139
2409610	-1	-1	0	0	0	0	0
2417610	-1	-1	0	0	0	0	0
2425610	3309472	-1	1120256	2708	0	0	2799
2428609	5070912	-1	753664	1189	0	0	1189
2437610	-1	-1	0	0	0	0	0
2445609	4819136	-1	934912	1552	0	0	1552
2451610	-1	-1	0	0	0	0	0
2461610	5653832	-1	1243136	1759	0	0	1759
2471610	-1	-1	0	0	0	0	0
2478610	-1	-1	0	0	0	0	0
2483609	-1	-1	0	0	0	0	0
2491609	4088872	-1	2056192	4023	0	0	4023
2500610	-1	-1	0	0	0	0	0
2510610	3687584	-1	799744	1735	0	0	1735
2518610	-1	-1	0	0	0	0	0
2524610	3849456	-1	1159168	2409	0	0	2409
2531610	-1	-1	0	0	0	0	0
2541610	-1	-1	0	0	0	0	0
2549610	-1	-1	0	0	0	0	0
2556610	4297216	-1	951296	1771	0	0	1771
2560610	-1	-1	0	0	0	0	0
2566610	3653944	-1	1273856	2789	0	0	2789
2574610	-1	-1	0	0	0	0	0
2581610	4250928	-1	800768	1507	0	0	1507
2590610	-1	-1	0	0	0	0	0
2599610	3785488	-1	1566720	3311	0	0	3311
2608609	-1	-1	0	0	0	0	0
2617610	3476584	-1	727040	1673	0	0	1673
2626609	-1	-1	0	0	0	0	0
2636610	3425816	-1	913408	2133	0	0	2133
2645611	-1	-1	0	0	0	0	0
2654610	3491792	-1	991232	2271	0	0	2271
2659611	-1	-1	0	0	0	0	0
2667609	-1	-1	0	0	0	0	0
2675609	-1	-1	0	0	0	0	0
2682610	3214464	-1	1451732	3613	0	0	3613
2689610	-1	-1	0	0	0	0	0
2697610	-1	-1	0	0	0	0	0
2704610	-1	-1	0	0	0	0	0
2711610	4455920	-1	1033216	1855	0	0	1855
2717610	-1	-1	0	0	0	0	0
2727610	3936336	-1	656384	1334	0	0	1334
2735611	-1	-1	0	0	0	0	0
2745609	4673712	-1	1288192	2205	0	0	2205
2755610	-1	-1	0	0	0	0	0
2765609	-1	-1	0	0	0	0	0
2773610	-1	-1	0	0	0	0	0
2779610	5025024	-1	1733632	2760	0	0	2760
2787609	-1	-1	0	0	0	0	0
2795609	4701232	-1	787456	1340	0	0	1340
2803609	-1	-1	0	0	0	0	0
2813610	2639648	-1	653312	1980	0	0	1980
2822610	-1	-1	0	0	0	0	0
2832610	2933064	-1	1167360	3184	0	0	3184
2842609	3087912	-1	770048	1995	0	0	1995
2845609	-1	-1	0	0	0	0	0
2854610	-1	-1	0	0	0	0	0
2863609	3445544	-1	848896	1971	0	0	1971
2871609	-1	-1	0	0	0	0	0
2878611	-1	-1	0	0	0	0	0
2884610	-1	-1	0	0	0	0	0
2892610	3564240	-1	1523712	3420	0	0	3420
2900610	-1	-1	0	0	0	0	0
2910609	3059256	-1	368640	964	0	0	5427
2915610	-1	-1	0	0	0	0	5000
2924611	2657200	-1	1963008	5910	0	0	-1
2933609	-1	-1	0	0	0	0	-1
2942610	2817176	-1	689152	1957	0	0	-1
2944609	-1	-1	0	0	0	0	-1
2953610	3009384	-1	818176	2175	0	0	-1
2961609	-1	-1	0	0	0	0	-1
2971610	3431272	-1	1305600	3044	0	0	-1
2981609	-1	-1	0	0	0	0	-1
2989610	-1	-1	0	0	0	0	-1
2994610	-1	-1	0	0	0	0	-1
3009195	1870160	-1	2097152	8971	0	0	12888
3019196	3265664	-1	360448	883	0	0	883
3025196	2948008	-1	976896	2651	0	0	2651
3034195	-1	-1	0	0	0	0	0
3042196	3191960	-1	1556480	3901	0	0	3901
3051196	-1	-1	0	0	0	0	0
3061196	4754528	-1	1630208	2743	0	0	2743
3069196	-1	-1	0	0	0	0	0
3076196	3208784	-1	753664	1879	0	0	1879
3083196	-1	-1	0	0	0	0	0
3092196	3400544	-1	726016	1708	0	0	1708
3101197	-1	-1	0	0	0	0	0
3104196	-1	-1	0	0	0	0	0
3113197	3490192	-1	1383424	3171	0	0	3171
3114196	-1	-1	0	0	0	0	0
3123197	-1	-1	0	0	0	0	0
3131196	-1	-1	0	0	0	0	0
3138196	-1	-1	0	0	0	0	0
3145195	3555192	-1	1184768	2666	0	0	2666
3150196	-1	-1	0	0	0	0	0
3157196	3375032	-1	985088	2335	0	0	2335
3166196	-1	-1	0	0	0	0	0
3176196	3828040	-1	972800	2033	0	0	2033
3185195	-1	-1	98304	273	0	0	282
3190196	2945920	-1	490496	1332	0	0	1332
3199196	2963368	-1	212992	575	0	0	605
3204196	2432368	-1	837648	2755	0	0	2755
3214195	-1	-1	0	0	0	0	0
3221197	3833904	-1	906240	1891	0	0	1891
3228196	-1	-1	0	0	0	0	0
3235197	3565688	-1	1246208	2796	0	0	2796
3244195	-1	-1	0	0	0	0	0
3254196	-1	-1	0	0	0	0	0
3262196	3100160	-1	887808	2291	0	0	2291
3265196	-1	-1	84992	154	0	0	154
3274196	-1	-1	0	0	0	0	0
3282195	-1	-1	0	0	0	0	0
3290196	3246944	-1	712704	1756	0	0	1758
3294196	3243944	-1	1354752	3341	0	0	3341
3303195	-1	-1	0	0	0	0	0
3311196	3184952	-1	873472	2194	0	0	2194
3319196	-1	-1	0	0	0	0	0
3328197	3342040	-1	556032	1331	0	0	1331
3335196	-1	-1	0	0	0	0	0
3344196	3455536	-1	593920	1375	0	0	1375
3350196	2307608	-1	163840	568	0	0	633
3355196	3335080	-1	632832	1518	0	0	1518
3361197	-1	-1	0	0	0	0	0
3370196	4101872	-1	715776	1396	0	0	1396
3380196	-1	-1	0	0	0	0	0
3387195	3764376	-1	645120	1371	0	0	1371
3391196	-1	-1	0	0	0	0	0
3400196	-1	-1	0	0	0	0	0
3404196	-1	-1	0	0	0	0	0
3412195	3187240	-1	743424	1866	0	0	1866
3419196	-1	-1	0	0	0	0	0
3425197	3013384	-1	447488	1188	0	0	1188
3434196	-1	-1	0	0	0	0	0
3443196	3392728	-1	449536	1060	0	0	1060
3448195	-1	-1	0	0	0	0	0
3456195	4271856	-1	596992	1118	0	0	1118
3465195	-1	-1	0	0	0	0	0
3471196	4589792	-1	661504	1153	0	0	1153
3478196	-1	-1	0	0	0	0	0
3488196	-1	-1	0	0	0	0	0
3497195	-1	-1	0	0	0	0	1
3502195	4117960	-1	1152000	2238	0	0	2238
3508195	-1	-1	0	0	0	0	0
3517196	3542488	-1	507904	1147	0	0	1147
3526196	-1	-1	0	0	0	0	0
3535196	4386448	-1	982016	1791	0	0	1791
3544196	-1	-1	0	0	0	0	0
3554196	-1	-1	0	0	0	0	0
3563196	-1	-1	0	0	0	0	0
3568195	3703576	-1	1171256	2530	0	0	2530
3576195	-1	-1	0	0	0	0	0
3582196	3599456	-1	998400	2219	0	0	2219
3589196	-1	-1	0	0	0	0	0
3595196	5194056	-1	1041408	1604	0	0	1604
3601196	-1	-1	0	0	0	0	0
3611195	5890536	-1	1189888	1616	0	0	1616
3619196	-1	-1	0	0	0	0	0
3626195	5653160	-1	1368064	1936	0	0	1936
3635195	-1	-1	0	0	0	0	0
3643196	5180024	-1	2187264	3378	0	0	3378
3648195	-1	-1	0	0	0	0	0
3656196	5252352	-1	1158144	1764	0	0	1764
3665196	-1	-1	0	0	0	0	0
3674196	5705360	-1	965632	1354	0	0	1354
3683195	-1	-1	0	0	0	0	0
3692196	-1	-1	0	0	0	0	0
3701196	2371200	-1	385024	1299	0	0	1342
3705196	2912760	-1	1463296	4019	0	0	4019
3714195	3240288	-1	145408	359	0	0	359
3723196	2437728	-1	979968	3216	0	0	3216
3731196	-1	-1	0	0	0	0	0
3739196	2488712	-1	933888	3002	0	0	3002
3749195	-1	-1	0	0	0	0	0
3758196	-1	-1	0	0	0	0	0
3762195	-1	-1	0	0	0	0	0
3771196	2816496	-1	1265664	3595	0	0	3595
3781196	-1	-1	0	0	0	0	0
3789195	2999240	-1	933888	2491	0	0	2491
3797196	-1	-1	0	0	0	0	0
3804195	2793384	-1	988160	2830	0	0	2830
3814197	-1	-1	0	0	0	0	0
3823195	2567920	-1	560128	1745	0	0	1745
3832195	2001904	-1	155648	622	0	0	665
3837196	2902080	-1	826368	2278	0	0	2278
3844196	-1	-1	0	0	0	0	0
3851195	3114144	-1	1078272	2770	0	0	2770
3858196	-1	-1	0	0	0	0	0
3867196	2870368	-1	974848	2717	0	0	2717
3875196	-1	-1	0	0	0	0	0
3885195	-1	-1	0	0	0	0	0
3892196	-1	-1	0	0	0	0	0
3898195	2851936	-1	1348608	3783	0	0	3783
3907196	-1	-1	0	0	0	0	0
3915196	2803952	-1	953344	2720	0	0	2720
3925196	-1	-1	0	0	0	0	0
3934196	3024096	-1	729564	1930	0	0	1930
3943195	-1	-1	0	0	0	0	0
3952195	1703120	-1	512000	2405	0	0	2405
3957196	-1	-1	0	0	0	0	0
3966195	2680896	-1	404480	1207	0	0	1207
3976196	2451024	-1	610304	1992	0	0	1992
3979196	-1	-1	0	0	0	0	0
3988195	-1	-1	0	0	0	0	0
3997196	1820448	-1	616448	2709	0	0	2709
4006196	-1	-1	0	0	0	0	0
4012195	2551960	-1	487424	1528	0	0	1528
4020196	-1	-1	0	0	0	0	0
4028197	-1	-1	0	0	0	0	0
4034196	-1	-1	0	0	0	0	0
4039195	2569440	-1	1202176	3743	0	0	3743
4046196	-1	-1	0	0	0	0	0
4055196	-1	-1	0	0	0	0	0
4059195	-1	-1	0	0	0	0	0
4068195	2589296	-1	1069056	3303	0	0	3303
4077196	-1	-1	0	0	0	0	0
4081195	-1	-1	0	0	0	0	0
4090195	-1	-1	0	0	0	0	0
4096196	2349464	-1	849920	2894	0	0	2894
4102196	-1	-1	0	0	0	0	0
4111195	1852408	-1	659456	2848	0	0	2848
4121196	-1	-1	0	0	0	0	0
4130196	2261808	-1	1188864	4205	0	0	4205
4139197	-1	-1	0	0	0	0	0
4149195	2079056	-1	908288	3495	0	0	3495
4152197	-1	-1	0	0	0	0	0
4162196	1851400	-1	421888	1823	0	0	1823
4171195	-1	-1	0	0	0	0	0
4178196	1045912	-1	714752	5467	0	0	5467
4183196	-1	-1	23552	150	0	0	150
4189196	-1	-1	0	0	0	0	0
4195196	-1	-1	0	0	0	0	0
4204196	1082728	-1	736256	5440	0	0	5440
4208196	-1	-1	35840	242	0	0	242
4214196	1073824	-1	540672	4028	0	0	4028
4223196	-1	-1	0	0	0	0	0
4233196	1048504	-1	739328	5641	0	0	5641
4238195	1157184	-1	374784	2591	0	0	2591
4247196	1183416	-1	738304	4991	0	0	4991
4256196	-1	-1	124928	829	0	0	829
4265196	-1	-1	0	0	0	0	0
4274195	1109304	-1	404480	2917	0	0	3039
4276195	1204704	-1	286720	1904	0	0	1999
4284196	1072472	-1	628736	4690	0	0	4690
4292196	1091616	-1	684032	5013	0	0	5013
4301195	1179224	-1	182780	1240	0	0	1240
4311196	-1	-1	0	0	0	0	0
4314197	-1	-1	0	0	0	0	0
4322196	907656	-1	563200	4964	0	0	5090
4331195	1135592	-1	708608	4992	0	0	4992
4340195	1095984	-1	744448	5434	0	0	5434
4349196	-1	-1	75776	486	0	0	486
4358196	1155984	-1	780288	5400	0	0	5400
4368197	1136544	-1	679936	4786	0	0	4786
4377196	1152000	-1	691200	4800	0	0	4800
4386196	-1	-1	0	0	0	0	0
4396195	1395584	-1	582656	3340	0	0	3340
4402195	-1	-1	0	0	0	0	0
4411196	2579848	-1	1763328	5468	0	0	5468
4419195	2925712	-1	343040	938	0	0	938
4428196	-1	-1	0	0	0	0	0
4433196	-1	-1	0	0	0	0	0
4442195	3006888	-1	1430528	3806	0	0	3806
4452196	-1	-1	49152	199	0	0	211
4457195	2713000	-1	524288	1546	0	0	1546
4465195	-1	-1	0	0	0	0	0
4471195	2943712	-1	1315840	3576	0	0	3576
4480195	-1	-1	0	0	0	0	0
4486196	2854784	-1	918528	2574	0	0	2574
4495195	-1	-1	0	0	0	0	0
4502196	3139808	-1	812032	2069	0	0	2069
4511195	-1	-1	0	0	0	0	0
4518196	-1	-1	0	0	0	0	0
4524196	2334360	-1	329728	1130	0	0	1227
4528195	2443448	-1	795648	2605	0	0	2605
4534196	-1	-1	0	0	0	0	0
4540196	2666744	-1	1367040	4101	0	0	4101
4549197	-1	-1	0	0	0	0	0
4559196	-1	-1	0	0	0	0	0
4564196	-1	-1	0	0	0	0	0
4573195	2646624	-1	1795072	5426	0	0	5426
4581196	-1	-1	0	0	0	0	0
4588196	2707072	-1	783360	2315	0	0	2315
4594196	-1	-1	0	0	0	0	0
4603196	-1	-1	0	0	0	0	0
4608196	-1	-1	0	0	0	0	0
4616195	2714384	-1	1024000	3018	0	0	3018
4623196	-1	-1	0	0	0	0	0
4632196	2577520	-1	677888	2104	0	0	2104
4639195	-1	-1	0	0	0	0	0
4648197	-1	-1	0	0	0	0	0
4651196	-1	-1	0	0	0	0	0
4659196	2351784	-1	889856	3027	0	0	3027
4669196	-1	-1	0	0	0	0	0
4676196	-1	-1	0	0	0	0	0
4681196	-1	-1	0	0	0	0	0
4687195	2277800	-1	1191004	4183	0	0	4183
4696196	-1	-1	0	0	0	0	0
4706197	2851984	-1	930816	2611	0	0	2611
4715198	3054824	-1	887808	2325	0	0	2347
4718196	2871832	-1	666624	1857	0	0	1857
4728196	-1	-1	0	0	0	0	0
4731196	-1	-1	0	0	0	0	0
4740196	3028792	-1	565248	1493	0	0	1500
4744196	2909480	-1	1310720	3604	0	0	3604
4753197	2454056	-1	708608	2310	0	0	2327
4756196	2974992	-1	353280	950	0	0	950
4765196	-1	-1	0	0	0	0	0
4772196	2614992	-1	979968	2998	0	0	2998
4781196	-1	-1	0	0	0	0	0
4790196	3451064	-1	1241088	2877	0	0	2877
4799196	3416312	-1	586752	1374	0	0	1374
4803195	3607736	-1	136192	302	0	0	302
4812196	-1	-1	0	0	0	0	0
4821195	3344832	-1	1570816	3757	0	0	3757
4828196	-1	-1	0	0	0	0	0
4835196	3078008	-1	1049600	2728	0	0	2728
4841195	-1	-1	0	0	0	0	0
4851196	3087376	-1	1361920	3529	0	0	3529
4859196	-1	-1	0	0	0	0	0
4868196	-1	-1	0	0	0	0	0
4875196	3267328	-1	565248	1384	0	0	1429
4879196	3974936	-1	1008640	2030	0	0	2030
4888196	-1	-1	0	0	0	0	0
4897195	2931224	-1	778240	2124	0	0	2124
4905196	-1	-1	0	0	0	0	0
4915195	2849072	-1	788480	2214	0	0	2214
4922195	-1	-1	0	0	0	0	0
4931196	-1	-1	0	0	0	0	0
4934196	-1	-1	0	0	0	0	0
4943195	3352560	-1	1939456	4628	0	0	4628
4952196	-1	-1	0	0	0	0	0
4961195	3391008	-1	1179648	2783	0	0	2783
4970196	-1	-1	0	0	0	0	0
4979196	3373552	-1	1071104	2540	0	0	2540
4987195	-1	-1	0	0	0	0	0
4997196	2814944	-1	1105920	3143	0	0	3143
5006196	-1	-1	0	0	0	0	0
5013196	3662392	-1	523264	1143	0	0	-1
5021195	-1	-1	0	0	0	0	-1
5030196	2801760	-1	1573888	4494	0	0	-1
5039195	-1	-1	96256	224	0	0	-1
5048196	3210520	-1	1240064	3090	0	0	-1
5058195	-1	-1	0	0	0	0	-1
5066196	3737080	-1	1060864	2271	0	0	-1
5075195	-1	-1	0	0	0	0	-1
5093490	2908888	-1	2200576	6052	0	0	24299
5097490	-1	-1	0	0	0	0	0
5107489	-1	-1	0	0	0	0	0
5115489	-1	-1	0	0	0	0	0
5124489	-1	-1	0	0	0	0	0
5133489	2932448	-1	1880064	5129	0	0	5129
5140490	2577064	-1	463872	1440	0	0	1440
5149488	-1	-1	0	0	0	0	0
5154490	-1	-1	0	0	0	0	0
5163489	1858280	-1	1318912	5678	0	0	5733
5173489	1857448	-1	771072	3321	0	0	3321
5178489	2406248	-1	1238016	4116	0	0	4116
5187489	-1	-1	0	0	0	0	0
5196490	1686656	-1	765952	3633	0	0	3633
5206489	-1	-1	0	0	0	0	0
5214488	1465792	-1	893952	4879	0	0	4879
5223489	2668376	-1	2046976	6137	0	0	6137
5226489	3708424	-1	431104	930	0	0	930
5235489	-1	-1	0	0	0	0	0
5244489	3723336	-1	1166336	2506	0	0	2506
5254490	-1	-1	0	0	0	0	0
5264490	-1	-1	0	0	0	0	0
5272488	3365232	-1	1122304	2668	0	0	2686
5275490	3643624	-1	1221524	2682	0	0	2682
5284489	-1	-1	0	0	0	0	0
5292489	2474832	-1	647168	2092	0	0	2092
5301489	-1	-1	0	0	0	0	0
5308490	3549352	-1	701440	1581	0	0	1581
5317488	-1	-1	0	0	0	0	0
5326489	3667256	-1	696320	1519	0	0	1519
5332489	-1	-1	0	0	0	0	0
5341489	3230648	-1	602112	1491	0	0	1491
5350490	-1	-1	0	0	0	0	0
5356490	3184616	-1	1245184	3128	0	0	3128
5363489	-1	-1	0	0	0	0	0
5372490	3333496	-1	1047552	2514	0	0	2514
5380489	-1	-1	0	0	0	0	0
5390490	-1	-1	0	0	0	0	0
5399489	-1	-1	0	0	0	0	0
5406489	3521120	-1	1505280	3420	0	0	3420
5414489	-1	-1	0	0	0	0	0
5421489	3627888	-1	666624	1470	0	0	1470
5430490	-1	-1	0	0	0	0	0
5437490	3140904	-1	501760	1278	0	0	1278
5447489	-1	-1	0	0	0	0	0
5456490	3927064	-1	726016	1479	0	0	1479
5465490	-1	-1	0	0	0	0	0
5474490	3798944	-1	464896	979	0	0	979
5484489	-1	-1	0	0	0	0	0
5491489	3264344	-1	375808	921	0	0	921
5500488	3509832	-1	502784	1146	0	0	1146
5504490	-1	-1	114688	216	0	0	216
5511490	-1	-1	0	0	0	0	0
5515490	-1	-1	0	0	0	0	0
5524488	4621440	-1	770048	1333	0	0	1388
5528488	3832192	-1	565248	1180	0	0	1180
5536490	-1	-1	0	0	0	0	0
5543490	-1	-1	0	0	0	0	0
5551490	-1	-1	0	0	0	0	53
5556489	4690000	-1	1006592	1717	0	0	1717
5561489	-1	-1	0	0	0	0	0
5570490	5453840	-1	1242112	1822	0	0	1822
5579489	-1	-1	0	0	0	0	0
5583490	-1	-1	0	0	0	0	0
5591489	2257928	-1	743424	2634	0	0	2680
5594489	2288712	-1	445440	1557	0	0	1557
5601489	-1	-1	0	0	0	0	0
5608489	-1	-1	0	0	0	0	0
5616489	2788768	-1	147456	423	0	0	438
5621489	3561072	-1	1192960	2680	0	0	2680
5628490	-1	-1	0	0	0	0	0
5637489	-1	-1	0	0	0	0	0
5640489	-1	-1	0	0	0	0	0
5649489	3698592	-1	730472	1580	0	0	1602
5657490	-1	-1	0	0	0	0	0
5663490	-1	-1	0	0	0	0	5133
5672488	805736	-1	398336	3955	0	0	8998
5681489	961808	-1	916480	7623	0	0	7623
5690490	551592	-1	620544	9000	0	0	9000
5693489	628344	-1	245760	3129	0	0	3129
5702489	613072	-1	684032	8926	0	0	8926
5711490	555448	-1	622592	8967	0	0	9001
5719489	667824	-1	671744	8047	0	0	8047
5721489	725760	-1	163840	1806	0	0	1999
5730489	1271624	-1	1442816	9077	0	0	9077
5736488	3007512	-1	978944	2604	0	0	3379
5742489	988192	-1	1155072	9351	0	0	9351
5751489	2332088	-1	1971200	6762	0	0	6762
5760489	-1	-1	0	0	0	0	0
5769489	1346128	-1	825344	4905	0	0	4905
5778489	-1	-1	0	0	0	0	0
5787488	677712	-1	466944	5512	0	0	5695
5796489	589624	-1	663552	9003	0	0	9003
5804490	625368	-1	607232	7768	0	0	7768
5813490	627888	-1	720896	9185	0	0	9185
5821489	684392	-1	676864	7912	0	0	7912
5830489	685592	-1	699392	8161	0	0	8161
5838489	-1	-1	0	0	0	0	0
5844489	2557040	-1	221184	692	0	0	704
5849489	2858144	-1	1017856	2849	0	0	2849
5858489	-1	-1	0	0	0	0	0
5866489	1841872	-1	850944	3696	0	0	3696
5873488	-1	-1	0	0	0	0	0
5883489	1890952	-1	610304	2582	0	0	2582
5891490	-1	-1	0	0	0	0	0
5899489	2888528	-1	1005568	2785	0	0	2785
5902489	-1	-1	0	0	0	0	0
5911488	3635136	-1	1869824	4115	0	0	4115
5920489	-1	-1	0	0	0	0	0
5926489	2677008	-1	919552	2748	0	0	2748
5935489	-1	-1	0	0	0	0	0
5943489	2487832	-1	514048	1653	0	0	1653
5951488	-1	-1	0	0	0	0	0
5958489	2502624	-1	876544	2802	0	0	2802
5967489	-1	-1	0	0	0	0	0
5973490	3120408	-1	429056	1100	0	0	1100
5978489	-1	-1	0	0	0	0	0
5988489	3939112	-1	719872	1462	0	0	1462
5996488	-1	-1	0	0	0	0	0
6004489	-1	-1	0	0	0	0	0
6011488	-1	-1	0	0	0	0	199
6016490	3504520	-1	1120132	2557	0	0	2557
6021490	-1	-1	0	0	0	0	0
6028490	-1	-1	0	0	0	0	0
6036488	-1	-1	0	0	0	0	2873
6039489	-1	-1	0	0	0	0	3000
6048490	3126672	-1	1676288	4289	0	0	8178
6050488	-1	-1	0	0	0	0	0
6059489	-1	-1	0	0	0	0	0
6068489	3800976	-1	850944	1791	0	0	1791
6074489	-1	-1	0	0	0	0	0
6083488	-1	-1	0	0	0	0	4992
6091490	2806904	-1	691200	1970	0	0	1970
6097490	-1	-1	0	0	0	0	0
6101490	-1	-1	0	0	0	0	0
6107489	3581480	-1	1090560	2436	0	0	2436
6116489	-1	-1	0	0	0	0	0
6125489	3557256	-1	1166336	2623	0	0	2623
6129489	-1	-1	0	0	0	0	0
6138489	3818208	-1	661504	1386	0	0	1386
6147489	-1	-1	0	0	0	0	0
6155489	3855056	-1	712704	1479	0	0	1479
6162489	-1	-1	0	0	0	0	0
6171488	3461568	-1	636928	1472	0	0	1472
6180489	-1	-1	0	0	0	0	0
6187489	3477464	-1	624640	1437	0	0	1437
6194489	-1	-1	0	0	0	0	0
6203489	3772208	-1	477184	1012	0	0	1012
6212489	3567480	-1	552960	1240	0	0	1240
6216489	-1	-1	0	0	0	0	0
6224490	-1	-1	0	0	0	0	0
6230489	4020152	-1	759808	1512	0	0	1512
6238489	-1	-1	0	0	0	0	0
6247490	-1	-1	0	0	0	0	0
6255489	-1	-1	0	0	0	0	0
6264489	3766536	-1	907264	1927	0	0	1927
6273489	-1	-1	0	0	0	0	0
6277491	-1	-1	0	0	0	0	0
6283489	-1	-1	0	0	0	0	0
6289490	3852016	-1	1907712	3962	0	0	3962
6297489	-1	-1	0	0	0	0	0
6305490	-1	-1	0	0	0	0	0
6314490	-1	-1	0	0	0	0	0
6321489	4163824	-1	1131520	2174	0	0	2174
6331488	-1	-1	0	0	0	0	0
6340489	3572896	-1	741376	1660	0	0	1660
6350490	-1	-1	90112	292	0	0	318
6355489	3598216	-1	729088	1621	0	0	1621
6363489	-1	-1	0	0	0	0	0
6372489	1039120	-1	624640	4809	0	0	4809
6382489	1066224	-1	206848	1552	0	0	1552
6392489	2130248	-1	630820	2369	0	0	2369
6401489	-1	-1	0	0	0	0	0
6408489	1337920	-1	683008	4084	0	0	4084
6418489	-1	-1	0	0	0	0	0
6426490	3504176	-1	1688576	3855	0	0	3855
6435490	-1	-1	0	0	0	0	0
6445489	-1	-1	0	0	0	0	0
6453489	-1	-1	0	0	0	0	0
6459489	1085192	-1	753664	5556	0	0	5806
6468488	-1	-1	65536	8828	0	0	8998
6476489	264920	-1	278528	8411	0	0	8411
6486489	-1	-1	73728	9375	0	0	10000
6495489	1493984	-1	1779712	9530	0	0	9530
6500489	2164024	-1	410624	1518	0	0	1518
6509489	2021560	-1	508928	2014	0	0	2014
6514490	-1	-1	0	0	0	0	0
6523488	-1	-1	0	0	0	0	5063
6531488	826496	-1	742400	7186	0	0	7186
6540489	-1	-1	0	0	0	0	0
6545490	-1	-1	0	0	0	0	0
6554489	2246520	-1	1016832	3621	0	0	3621
6556489	-1	-1	0	0	0	0	0
6565489	-1	-1	0	0	0	0	0
6572490	-1	-1	40960	212	0	0	220
6577489	3169992	-1	948224	2393	0	0	2393
6586490	-1	-1	0	0	0	0	0
6595490	2558112	-1	1042432	3260	0	0	3260
6598488	-1	-1	0	0	0	0	0
6607490	2423448	-1	1445888	4773	0	0	4773
6615490	-1	-1	0	0	0	0	0
6624489	1500392	-1	919552	4903	0	0	4903
6633490	1897368	-1	151552	639	0	0	639
6635489	-1	-1	0	0	0	0	0
6644489	2918688	-1	1155072	3166	0	0	3193
6646489	2414488	-1	602112	1995	0	0	1995
6655489	-1	-1	48128	120	0	0	120
6662489	2719072	-1	1600512	4709	0	0	4709
6669488	-1	-1	0	0	0	0	0
6677489	2405560	-1	714752	2377	0	0	2377
6685488	-1	-1	0	0	0	0	0
6690490	-1	-1	0	0	0	0	0
6699489	-1	-1	0	0	0	0	0
6705489	2531296	-1	1828864	5780	0	0	5878
6714489	2556112	-1	1599488	5006	0	0	5006
6723489	2566496	-1	683008	2129	0	0	2129
6729489	-1	-1	0	0	0	0	0
6738489	-1	-1	0	0	0	0	0
6746489	-1	-1	0	0	0	0	0
6755489	1399856	-1	863884	4937	0	0	4937
6763488	764032	-1	338944	3549	0	0	3549
6771489	2437456	-1	1251328	4107	0	0	4107
6780488	-1	-1	0	0	0	0	0
6788490	995672	-1	593920	4772	0	0	4772
6797490	575632	-1	518144	7201	0	0	7201
6806489	1991624	-1	750592	3015	0	0	3015
6812489	-1	-1	0	0	0	0	0
6821490	-1	-1	0	0	0	0	0
6830489	1927528	-1	188416	782	0	0	788
6835489	2630784	-1	1222656	3718	0	0	3718
6845488	-1	-1	0	0	0	0	0
6849490	-1	-1	0	0	0	0	0
6856489	-1	-1	90112	1102	0	0	1124
6860489	1035816	-1	516096	3986	0	0	3999
6869489	816816	-1	912384	8936	0	0	8936
6878489	517120	-1	581632	8998	0	0	8998
6887488	441824	-1	497664	9011	0	0	9011
6896490	2152920	-1	1171456	4353	0	0	4353
6905489	-1	-1	0	0	0	0	0
6914489	2832632	-1	948224	2678	0	0	2678
6918489	-1	-1	0	0	0	0	0
6927488	-1	-1	0	0	0	0	0
6929489	-1	-1	0	0	0	0	0
6938489	2733248	-1	1446912	4235	0	0	4235
6941488	-1	-1	0	0	0	0	0
6950489	2298224	-1	547840	1907	0	0	1907
6959490	-1	-1	0	0	0	0	0
6965490	2043656	-1	361472	1415	0	0	1415
6973489	-1	-1	0	0	0	0	0
6982490	2063920	-1	564224	2187	0	0	2187
6991488	-1	-1	0	0	0	0	0
6997490	1809384	-1	856064	3785	0	0	3785
7006490	-1	-1	0	0	0	0	0
7015489	1091480	-1	472064	3460	0	0	3460
7024489	-1	-1	0	0	0	0	0
7031489	2045632	-1	885760	3464	0	0	3464
7036490	-1	-1	0	0	0	0	0
7043489	1775784	-1	606208	2731	0	0	-1
7053488	-1	-1	0	0	0	0	-1
7059489	-1	-1	0	0	0	0	-1
7064489	-1	-1	0	0	0	0	-1
7071490	1991504	-1	1254400	5039	0	0	-1
7077490	2647920	-1	262144	792	0	0	-1
7083488	-1	-1	0	0	0	0	-1
7089488	-1	-1	0	0	0	0	-1
7098489	2543000	-1	1637376	5151	0	0	-1
7107488	-1	-1	96256	278	0	0	-1
7116489	-1	-1	0	0	0	0	-1
7133035	1182960	-1	1474560	9972	0	0	9972
7141036	3234560	-1	297984	737	0	0	737
7150036	-1	-1	0	0	0	0	51
7155035	2964056	-1	1040384	2808	0	0	2808
7161034	-1	-1	0	0	0	0	0
7168034	2877064	-1	925696	2574	0	0	2574
7174035	-1	-1	0	0	0	0	0
7181035	-1	-1	0	0	0	0	0
7188035	2697624	-1	390144	1157	0	0	1201
7192036	3338488	-1	1385472	3320	0	0	3320
7200034	-1	-1	0	0	0	0	0
7210035	-1	-1	0	0	0	0	0
7211036	-1	-1	0	0	0	0	0
7220034	-1	-1	0	0	0	0	5095
7228035	1107024	-1	307200	2220	0	0	8000
7237035	1514888	-1	1846272	9750	0	0	9750
7245035	755632	-1	432128	4575	0	0	4575
7253035	2785832	-1	723968	2079	0	0	2079
7259035	-1	-1	0	0	0	0	0
7268034	2570040	-1	1327104	4131	0	0	4131
7277034	-1	-1	0	0	0	0	0
7287035	1459016	-1	959488	5261	0	0	5261
7295035	-1	-1	121856	594	0	0	594
7303034	1294632	-1	603136	3727	0	0	3727
7309034	-1	-1	0	0	0	0	0
7317036	-1	-1	0	0	0	0	0
7320036	-1	-1	0	0	0	0	0
7329034	1796208	-1	1109832	4943	0	0	4943
7339035	2367944	-1	354304	1197	0	0	1197
7357034	1162152	-1	710656	4892	0	0	4892
7366035	1900568	-1	696320	2931	0	0	2931
7375035	-1	-1	0	0	0	0	27
7380034	1760536	-1	605184	2750	0	0	2750
7386034	-1	-1	0	0	0	0	0
7395034	1059488	-1	642048	4848	0	0	4848
7398035	-1	-1	109568	608	0	0	608
7405035	-1	-1	0	0	0	0	0
7411034	-1	-1	0	0	0	0	42
7416035	2183664	-1	1368064	5012	0	0	5012
7426035	-1	-1	94208	303	0	0	303
7433034	2091616	-1	1104896	4226	0	0	4226
7441034	-1	-1	122880	607	0	0	640
7446034	2452664	-1	457728	1493	0	0	1493
7454035	-1	-1	0	0	0	0	0
7462034	2088408	-1	1150976	4409	0	0	4409
7470036	-1	-1	0	0	0	0	0
7479034	-1	-1	0	0	0	0	0
7488035	-1	-1	0	0	0	0	0
7494035	1320960	-1	924672	5600	0	0	5600
7503034	1542272	-1	299008	1551	0	0	1551
7509034	-1	-1	0	0	0	0	0
7515035	-1	-1	0	0	0	0	584
7520035	419336	-1	286720	5470	0	0	5470
7529035	781232	-1	876544	8976	0	0	8976
7538035	1531280	-1	1516544	7923	0	0	7923
7545034	2748480	-1	368640	1073	0	0	1073
7553035	1539640	-1	1082368	5624	0	0	5624
7562034	1322512	-1	716800	4336	0	0	4336
7570034	2402464	-1	1499136	4992	0	0	4992
7580035	-1	-1	28672	58	0	0	58
7586034	2232424	-1	827392	2965	0	0	2965
7593034	-1	-1	0	0	0	0	0
7601035	-1	-1	0	0	0	0	0
7608034	-1	-1	0	0	0	0	0
7613035	1244528	-1	757760	4871	0	0	4939
7620034	1769136	-1	349184	1579	0	0	1579
7630034	1465576	-1	788480	4304	0	0	4304
7636034	-1	-1	0	0	0	0	0
7643034	2107112	-1	720896	2737	0	0	2737
7650034	-1	-1	0	0	0	0	0
7659034	1608880	-1	781312	3885	0	0	3885
7666034	-1	-1	0	0	0	0	0
7674035	1021600	-1	600064	4699	0	0	4699
7684035	-1	-1	0	0	0	0	0
7692034	1037400	-1	465792	3592	0	0	3592
7700035	-1	-1	0	0	0	0	0
7707034	472824	-1	311296	5267	0	0	5280
7713035	710240	-1	164864	1857	0	0	1857
7718035	803960	-1	507904	5054	0	0	5054
7728035	916224	-1	729088	6366	0	0	6366
7735034	1716696	-1	781312	3641	0	0	3641
7744034	-1	-1	0	0	0	0	0
7752034	-1	-1	0	0	0	0	0
7761034	1752704	-1	471040	2150	0	0	2180
7764034	1796272	-1	659456	2937	0	0	2937
7772034	-1	-1	0	0	0	0	0
7778034	1507864	-1	785408	4167	0	0	4167
7787035	2667160	-1	458752	1376	0	0	1376
7791034	2748992	-1	409600	1192	0	0	1192
7800034	-1	-1	0	0	0	0	0
7809034	942384	-1	573440	4868	0	0	4868
7817035	1407752	-1	362496	2060	0	0	2060
7824034	-1	-1	0	0	0	0	0
7830034	-1	-1	0	0	0	0	0
7839034	3136960	-1	1359872	3468	0	0	3468
7849035	-1	-1	0	0	0	0	0
7855034	2566232	-1	500736	1561	0	0	1561
7864034	-1	-1	0	0	0	0	0
7873034	2858280	-1	787456	2204	0	0	2204
7880034	-1	-1	0	0	0	0	0
7890035	1879504	-1	850944	3622	0	0	3622
7898034	-1	-1	0	0	0	0	0
7905033	-1	-1	0	0	0	0	0
7912034	-1	-1	0	0	0	0	0
7918034	3333280	-1	1232896	2959	0	0	2959
7924034	-1	-1	0	0	0	0	0
7932034	1419408	-1	860160	4848	0	0	4848
7941034	-1	-1	0	0	0	0	0
7950034	2544840	-1	1224704	3850	0	0	3850
7960035	-1	-1	0	0	0	0	0
7969034	2743032	-1	1059840	3091	0	0	3091
7974034	-1	-1	0	0	0	0	0
7982035	-1	-1	0	0	0	0	0
7985034	-1	-1	0	0	0	0	0
7993034	1448520	-1	1063936	5876	0	0	5876
8002034	1535544	-1	431104	2246	0	0	2246
8010034	2424360	-1	888832	2933	0	0	2933
8013035	-1	-1	0	0	0	0	0
8020034	-1	-1	0	0	0	0	0
8030034	-1	-1	0	0	0	0	0
8037034	1257192	-1	827392	5265	0	0	5265
8046034	1315376	-1	301056	1831	0	0	1831
8050035	-1	-1	0	0	0	0	0
8056035	-1	-1	81920	681	0	0	707
8061034	1112656	-1	689152	4955	0	0	4999
8070035	1380024	-1	137140	795	0	0	795
8079034	1646344	-1	1018880	4951	0	0	4951
8087035	2080104	-1	248832	957	0	0	957
8095034	858928	-1	573440	5341	0	0	5359
8104034	720512	-1	789504	8766	0	0	8766
8113034	579904	-1	663552	9154	0	0	9154
8123034	571728	-1	707584	9901	0	0	9901
8131035	514104	-1	516096	8031	0	0	8031
8133035	-1	-1	114688	1991	0	0	1999
8142034	522872	-1	581632	8899	0	0	8999
8150035	452808	-1	458752	8105	0	0	8105
8157034	1014696	-1	879616	6935	0	0	6999
8161034	2090176	-1	1040384	3982	0	0	4000
8170035	1931616	-1	2137088	8851	0	0	8851
8179034	2592000	-1	414720	1280	0	0	1280
8188035	-1	-1	0	0	0	0	0
8197034	-1	-1	0	0	0	0	0
8204034	2816472	-1	1915904	5442	0	0	5442
8213035	-1	-1	0	0	0	0	0
8222035	2905928	-1	1052672	2898	0	0	2898
8228034	-1	-1	0	0	0	0	0
8237034	1299728	-1	862208	5307	0	0	5307
8246035	-1	-1	77824	520	0	0	520
8254034	695312	-1	450560	5184	0	0	5201
8263035	457408	-1	453632	7934	0	0	7934
8271035	-1	-1	0	0	0	0	0
8279034	-1	-1	0	0	0	0	0
8286035	1664176	-1	1044480	5021	0	0	5158
8294035	739872	-1	737280	7972	0	0	7972
8303034	2068352	-1	832512	3220	0	0	3220
8311034	-1	-1	0	0	0	0	0
8320034	2184784	-1	1173504	4297	0	0	4297
8329035	-1	-1	0	0	0	0	0
8337034	2125512	-1	533504	2008	0	0	2008
8346034	-1	-1	0	0	0	0	0
8353034	2135088	-1	1311744	4915	0	0	4915
8361034	2441728	-1	204800	671	0	0	671
8367034	-1	-1	0	0	0	0	0
8372034	-1	-1	0	0	0	0	0
8381035	1020512	-1	636928	4993	0	0	5135
8390035	1023432	-1	1155072	9029	0	0	9029
8393034	2612264	-1	594944	1822	0	0	1822
8402034	-1	-1	98304	969	0	0	1005
8406034	1040512	-1	524288	4031	0	0	4031
8415034	1268264	-1	1230848	7764	0	0	7764
8424034	1948704	-1	1078364	4427	0	0	4427
8432035	-1	-1	0	0	0	0	0
8441034	930056	-1	608256	5232	0	0	5232
8451036	2326576	-1	389120	1338	0	0	1338
8459034	1715240	-1	1152000	5373	0	0	5373
8466034	-1	-1	100352	373	0	0	373
8476034	672016	-1	419840	4998	0	0	4998
8486035	579776	-1	339968	4691	0	0	4691
8494034	2077680	-1	680960	2622	0	0	2622
8503035	-1	-1	0	0	0	0	0
8513034	2750552	-1	424960	1236	0	0	1236
8521034	-1	-1	40960	166	0	0	195
8526034	2199544	-1	650240	2365	0	0	2365
8532035	-1	-1	0	0	0	0	0
8541034	1081768	-1	541696	4006	0	0	4006
8550034	-1	-1	0	0	0	0	0
8558034	1877160	-1	1167360	4975	0	0	4975
8567035	-1	-1	0	0	0	0	0
8575034	-1	-1	0	0	0	0	0
8583035	-1	-1	0	0	0	0	103
8588035	835424	-1	532480	5099	0	0	5099
8598034	2156608	-1	2129920	7901	0	0	7901
8607034	417424	-1	262144	5024	0	0	5048
8614034	1323104	-1	748544	4526	0	0	4526
8623035	2178280	-1	903168	3317	0	0	3317
8632034	-1	-1	0	0	0	0	0
8641034	-1	-1	0	0	0	0	0
8649035	2272616	-1	352256	1240	0	0	1259
8653034	2629456	-1	1303552	3966	0	0	3999
8663034	2420560	-1	2301952	7608	0	0	7608
8673034	-1	-1	0	0	0	0	0
8681034	-1	-1	0	0	0	0	0
8689034	912304	-1	598016	5244	0	0	5372
8698034	1187496	-1	1352704	9113	0	0	9113
8707034	3261608	-1	1318912	3235	0	0	3235
8713035	-1	-1	0	0	0	0	0
8722034	2540008	-1	1537024	4841	0	0	4841
8731034	3096584	-1	693248	1791	0	0	1791
8741035	2789408	-1	1037312	2975	0	0	2975
8750035	-1	-1	0	0	0	0	0
8760034	1779744	-1	1193984	5367	0	0	5367
8769035	2264704	-1	759808	2684	0	0	2684
8772034	3583192	-1	565248	1262	0	0	1262
8781034	-1	-1	0	0	0	0	0
8791036	1608472	-1	748744	3724	0	0	3724
8800034	-1	-1	0	0	0	0	0
8809035	2651744	-1	1089536	3287	0	0	3287
8814034	-1	-1	0	0	0	0	0
8821034	-1	-1	0	0	0	0	0
8825034	-1	-1	0	0	0	0	0
8834034	3664352	-1	2025472	4422	0	0	4422
8843035	-1	-1	0	0	0	0	0
