21167	565536	-1	978944	13848	0	0	14013
31168	1249568	-1	1540096	9860	0	0	10000
40167	1625624	-1	1823744	8975	0	0	8999
49160	1455544	-1	1018880	5600	0	0	5626
59157	1855424	-1	1243136	5360	0	0	5360
66156	-1	-1	0	0	0	0	0
76155	1499008	-1	438272	2339	0	0	2339
82168	-1	-1	0	0	0	0	0
92166	1801280	-1	1229824	5462	0	0	5462
101155	-1	-1	0	0	0	0	0
111163	1945008	-1	1092608	4494	0	0	4494
119169	-1	-1	0	0	0	0	0
126160	-1	-1	0	0	0	0	0
134156	1994632	-1	641024	2571	0	0	2598
142161	1725480	-1	1095680	5080	0	0	5080
149165	1455520	-1	515072	2831	0	0	2831
158156	1782816	-1	937984	4209	0	0	4209
165164	1337728	-1	215040	1286	0	0	1286
174158	1553056	-1	871264	4488	0	0	4758
184161	1607360	-1	477184	2375	0	0	2375
194153	1572560	-1	963584	4902	0	0	4902
204159	1468784	-1	978944	5332	0	0	5332
213161	1562160	-1	940032	4814	0	0	4814
222159	1340360	-1	329728	1968	0	0	1968
229166	-1	-1	0	0	0	0	0
231153	-1	-1	0	0	0	0	0
240173	1516400	-1	906240	4781	0	0	4918
250155	1226120	-1	1146880	7483	0	0	7483
260164	1296760	-1	913408	5635	0	0	5767
269166	1232568	-1	871424	5656	0	0	5656
279166	1388104	-1	967680	5577	0	0	5577
287161	1633432	-1	336896	1650	0	0	1650
297155	1276464	-1	808960	5070	0	0	5070
305162	1539240	-1	212992	1107	0	0	1107
314161	1640768	-1	992256	4838	0	0	4838
324163	1252808	-1	342016	2184	0	0	2184
333157	1514232	-1	1063936	5621	0	0	5621
341169	1697256	-1	253952	1197	0	0	1197
350164	1742104	-1	1042432	4787	0	0	4787
359161	2236800	-1	318464	1139	0	0	1139
368160	1705224	-1	857088	4021	0	0	4021
377161	-1	-1	0	0	0	0	0
385171	1670648	-1	880640	4217	0	0	4217
394167	-1	-1	0	0	0	0	0
404153	1574760	-1	988160	5020	0	0	5020
414153	1701584	-1	314368	1478	0	0	1478
422161	-1	-1	0	0	0	0	0
431167	2201656	-1	491520	1786	0	0	1876
435153	1562608	-1	717824	3675	0	0	3675
443160	1443688	-1	355328	1969	0	0	1969
453169	-1	-1	0	0	0	0	0
458161	-1	-1	0	0	0	0	0
467164	1766184	-1	1092608	4949	0	0	4949
471159	-1	-1	0	0	0	0	0
480163	-1	-1	0	0	0	0	0
485168	-1	-1	0	0	0	0	0
494161	1700472	-1	1217536	5728	0	0	5728
503155	-1	-1	69632	343	0	0	343
512166	-1	-1	0	0	0	0	0
519164	1481464	-1	500736	2704	0	0	2704
523159	2249240	-1	598016	2127	0	0	2127
532160	-1	-1	0	0	0	0	0
541157	2034088	-1	603108	2372	0	0	2372
550159	-1	-1	0	0	0	0	0
558164	1739896	-1	1056768	4859	0	0	4859
568161	-1	-1	0	0	0	0	0
577157	1871072	-1	1223680	5232	0	0	5232
586169	-1	-1	0	0	0	0	0
595165	-1	-1	0	0	0	0	0
599158	-1	-1	0	0	0	0	0
609161	1778120	-1	1094656	4925	0	0	4925
617165	1439272	-1	448512	2493	0	0	2493
622155	-1	-1	0	0	0	0	0
629154	1160144	-1	385024	2655	0	0	2655
636154	1902208	-1	561152	2360	0	0	2360
645155	2108128	-1	610304	2316	0	0	2316
647157	-1	-1	0	0	0	0	0
656158	3024736	-1	196608	520	0	0	532
661156	1500824	-1	811008	4323	0	0	4323
670168	-1	-1	0	0	0	0	0
679154	2193592	-1	462848	1688	0	0	1688
686168	-1	-1	113664	846	0	0	846
695158	1954192	-1	666624	2729	0	0	2729
705168	705592	-1	241664	2740	0	0	2740
711180	-1	-1	0	0	0	0	0
719179	1564112	-1	551936	2823	0	0	2823
724166	5125720	-1	229376	358	0	0	470
731158	1399504	-1	321536	1838	0	0	1838
736175	1653232	-1	707584	3424	0	0	3424
743184	985592	-1	331776	2693	0	0	2693
749175	1514696	-1	636928	3364	0	0	3364
758184	1175584	-1	324608	2209	0	0	2209
767179	-1	-1	0	0	0	0	0
770187	-1	-1	0	0	0	0	0
779182	1376704	-1	888832	5165	0	0	5657
788186	1136232	-1	292864	2062	0	0	2062
798155	1153240	-1	564224	3914	0	0	4213
808179	-1	-1	0	0	0	0	0
816180	1388448	-1	789504	4549	0	0	4549
826198	1163432	-1	397312	2732	0	0	2732
832182	-1	-1	0	0	0	0	0
836179	-1	-1	0	0	0	0	0
843177	1424896	-1	943104	5295	0	0	5295
850186	1745840	-1	133120	610	0	0	610
859154	2111344	-1	332800	1261	0	0	1261
865164	-1	-1	0	0	0	0	0
874197	1485360	-1	574464	3094	0	0	3094
882199	-1	-1	0	0	0	0	0
891158	1677752	-1	829440	3955	0	0	3955
900167	-1	-1	0	0	0	0	0
909164	1545288	-1	935672	4844	0	0	4844
918192	1011080	-1	230400	1823	0	0	1823
926153	1471432	-1	684032	3719	0	0	3719
933160	-1	-1	0	0	0	0	0
942154	2259048	-1	490496	1737	0	0	1737
951182	-1	-1	0	0	0	0	0
959178	1736232	-1	1104896	5091	0	0	5091
964189	-1	-1	0	0	0	0	0
973161	1445648	-1	651264	3604	0	0	3604
980176	-1	-1	0	0	0	0	0
987163	1859808	-1	602112	2590	0	0	2590
994180	-1	-1	0	0	0	0	0
1001164	2019848	-1	293888	1164	0	0	1237
1006159	-1	-1	0	0	0	0	0
1014199	1726064	-1	842752	3906	0	0	3906
1022192	-1	-1	0	0	0	0	0
1031177	1762336	-1	503808	2287	0	0	2287
1038190	-1	-1	29696	616	0	0	616
1045170	3365632	-1	349184	830	0	0	947
1052170	1254752	-1	284672	1815	0	0	1815
1058199	-1	-1	0	0	0	0	0
1064180	-1	-1	0	0	0	0	0
1073160	1862096	-1	1246208	5354	0	0	5354
1079180	1375112	-1	503808	2931	0	0	2931
1087186	-1	-1	0	0	0	0	0
1093161	2012304	-1	620544	2467	0	0	2467
1099183	1837016	-1	882688	3844	0	0	3844
1108180	-1	-1	0	0	0	0	0
1118168	1806448	-1	1116160	4943	0	0	4943
1123200	1367392	-1	566272	3313	0	0	3313
1132182	-1	-1	0	0	0	0	0
1135186	-1	-1	0	0	0	0	0
1144172	1588944	-1	1019904	5135	0	0	5329
1154196	2413328	-1	519168	1721	0	0	1721
1160184	1786736	-1	1260544	5644	0	0	5795
1169170	1617264	-1	673792	3333	0	0	3333
1179180	-1	-1	0	0	0	0	0
1183181	-1	-1	0	0	0	0	0
1192166	1804232	-1	1241088	5503	0	0	5600
1200183	1252352	-1	471040	3009	0	0	3009
1210208	-1	-1	0	0	0	0	0
1213163	-1	-1	0	0	0	0	0
1220179	1873824	-1	1206272	5150	0	0	5150
1229179	880136	-1	199680	1815	0	0	1815
1238178	1738888	-1	1084416	4989	0	0	4989
1243178	-1	-1	0	0	0	0	0
1251183	1510344	-1	915456	4849	0	0	5070
1260177	1965640	-1	366592	1492	0	0	1492
1266188	1761944	-1	678568	3081	0	0	3081
1276176	-1	-1	0	0	0	0	0
1285174	2438216	-1	489472	1606	0	0	1606
1293160	-1	-1	0	0	0	0	0
1303168	1994848	-1	1104896	4431	0	0	4431
1308169	-1	-1	0	0	0	0	0
1317161	2991656	-1	524288	1402	0	0	1402
1325161	-1	-1	0	0	0	0	0
1332177	2208456	-1	655360	2374	0	0	2374
1341176	-1	-1	0	0	0	0	0
1346186	-1	-1	0	0	0	0	0
1354157	2035816	-1	556032	2185	0	0	2258
1357165	1779792	-1	587776	2642	0	0	2642
1364176	1743144	-1	674816	3097	0	0	3097
1373164	-1	-1	0	0	0	0	0
1380171	-1	-1	122880	589	0	0	621
1385172	1915760	-1	1157120	4832	0	0	4832
1393172	1514960	-1	248832	1314	0	0	1314
1402156	1769592	-1	1069056	4833	0	0	4833
1406189	1655600	-1	473088	2286	0	0	2286
1415155	1767984	-1	885760	4008	0	0	4008
1425162	-1	-1	0	0	0	0	0
1433156	1959224	-1	163840	669	0	0	685
1442183	1952360	-1	809984	3319	0	0	3319
1447176	2219768	-1	516096	1860	0	0	1878
1456170	1553272	-1	575488	2964	0	0	2964
1465159	2103416	-1	456704	1737	0	0	1737
1474197	-1	-1	0	0	0	0	0
1480169	1806448	-1	1248256	5528	0	0	5528
1488172	1530016	-1	719872	3764	0	0	3764
1498199	-1	-1	0	0	0	0	0
1505164	-1	-1	0	0	0	0	0
1513174	1757544	-1	1154048	5253	0	0	5253
1518187	1648768	-1	488448	2370	0	0	2370
1526159	1884464	-1	1014784	4308	0	0	4308
1531155	-1	-1	0	0	0	0	0
1541170	1673872	-1	840704	4018	0	0	4018
1549174	-1	-1	0	0	0	0	0
1558190	-1	-1	0	0	0	0	0
1567185	2062376	-1	844800	3277	0	0	3277
1575179	-1	-1	0	0	0	0	0
1578168	-1	-1	0	0	0	0	0
1587177	1876232	-1	1163264	4960	0	0	4962
1597161	1475112	-1	1359872	7375	0	0	7375
1606156	-1	-1	0	0	0	0	0
1609183	-1	-1	0	0	0	0	0
1618188	1565560	-1	1104896	5646	0	0	5646
1627167	2113584	-1	585728	2217	0	0	2217
1633172	-1	-1	0	0	0	0	0
1641169	1611464	-1	578112	2870	0	0	2870
1648171	1910568	-1	868352	3636	0	0	3636
1657168	-1	-1	0	0	0	0	0
1666177	2042096	-1	885760	3470	0	0	3470
1675191	-1	-1	0	0	0	0	0
1683182	1990944	-1	839680	3374	0	0	3374
1691179	-1	-1	0	0	0	0	0
1697171	-1	-1	0	0	0	0	0
1702163	2185992	-1	612352	2241	0	0	2241
1705166	1521144	-1	491520	2585	0	0	2585
1714156	2182944	-1	281600	1032	0	0	1032
1719186	1535400	-1	491520	2561	0	0	2643
1727182	1759816	-1	498688	2267	0	0	2267
1736177	2487992	-1	360448	1159	0	0	1159
1746188	1895544	-1	881664	3721	0	0	3721
1748171	-1	-1	0	0	0	0	0
1757163	-1	-1	0	0	0	0	0
1766193	1902696	-1	1102848	4637	0	0	4637
1776170	-1	-1	107520	334	0	0	334
1786194	2011920	-1	728064	2895	0	0	2895
1792177	-1	-1	0	0	0	0	0
1801166	-1	-1	0	0	0	0	0
1806153	-1	-1	0	0	0	0	0
1815166	1745152	-1	1031168	4727	0	0	4727
1819165	-1	-1	0	0	0	0	0
