42270	3519648	-1	6559744	14910	0	0	15001
51268	3649936	-1	2936832	6437	0	0	6437
60270	1697960	-1	1056768	4979	0	0	5055
69269	1957992	-1	813056	3322	0	0	3322
82175	2958688	-1	2914304	7880	0	0	7880
99344	3623464	-1	2603008	5747	0	0	5747
109895	1515280	-1	1507328	7958	0	0	7999
118894	1980048	-1	2200576	8891	0	0	8999
127965	3263896	-1	2797568	6857	0	0	8332
136966	3639464	-1	3489792	7671	0	0	7671
145968	-1	-1	0	0	0	0	0
156591	3666816	-1	4055040	8847	0	0	8847
165590	3661592	-1	1428480	3121	0	0	3121
174592	-1	-1	0	0	0	0	0
183590	2889248	-1	1019904	2824	0	0	2824
192592	-1	-1	0	0	0	0	0
201589	3488560	-1	846848	1942	0	0	1942
210590	-1	-1	0	0	0	0	0
219590	3613456	-1	824320	1825	0	0	1825
228590	-1	-1	0	0	0	0	0
237590	3575408	-1	745472	1668	0	0	1668
246590	-1	-1	0	0	0	0	0
255592	3520528	-1	851968	1936	0	0	1936
264589	-1	-1	0	0	0	0	0
273590	1842104	-1	687104	2984	0	0	2984
282591	-1	-1	0	0	0	0	0
291590	3314056	-1	692224	1671	0	0	1671
300591	-1	-1	0	0	0	0	0
309589	2795232	-1	753664	2157	0	0	2157
318591	-1	-1	0	0	0	0	0
327590	2513136	-1	741376	2360	0	0	2360
336590	-1	-1	0	0	0	0	0
345590	1825240	-1	866304	3797	0	0	3797
354590	-1	-1	0	0	0	0	0
363590	2908752	-1	752640	2070	0	0	2070
372590	-1	-1	0	0	0	0	0
381591	3615864	-1	871424	1928	0	0	1928
400590	-1	-1	0	0	0	0	0
409590	2570040	-1	802816	2499	0	0	2499
418589	-1	-1	0	0	0	0	0
427590	2408024	-1	835584	2776	0	0	2776
436589	-1	-1	0	0	0	0	0
445590	2668392	-1	1510308	4528	0	0	4528
454590	-1	-1	0	0	0	0	0
463590	2349080	-1	727040	2476	0	0	2476
472589	-1	-1	0	0	0	0	0
481589	3614992	-1	746496	1652	0	0	1652
490591	-1	-1	0	0	0	0	0
499589	3609960	-1	863232	1913	0	0	1913
508590	-1	-1	0	0	0	0	0
517590	3222640	-1	1108992	2753	0	0	2753
526590	-1	-1	0	0	0	0	0
535590	1845800	-1	1217536	5277	0	0	5277
544590	888784	-1	287744	2590	0	0	2590
619590	688952	-1	1375232	15969	0	0	15969
628590	-1	-1	0	0	0	0	0
637590	1788136	-1	1215488	5438	0	0	5438
646589	1965608	-1	171008	696	0	0	696
766591	2790088	-1	1474560	4228	0	0	4228
775590	-1	-1	0	0	0	0	0
784590	1574376	-1	1042432	5297	0	0	5297
793590	505592	-1	520192	8231	0	0	8231
802590	1760952	-1	1212416	5508	0	0	5508
974590	1869520	-1	316416	1354	0	0	1354
983590	2817744	-1	1292288	3669	0	0	3669
992590	-1	-1	0	0	0	0	0
1001590	3547856	-1	1262592	2847	0	0	2847
1010590	-1	-1	0	0	0	0	0
1019590	1089592	-1	640000	4699	0	0	4699
1028591	543064	-1	543744	8010	0	0	8010
1037590	403792	-1	245760	4869	0	0	5198
1046590	463048	-1	524288	9058	0	0	9058
1118822	334760	-1	1589248	37979	0	0	37979
1127590	-1	-1	0	0	0	0	0
1136590	983664	-1	708608	5763	0	0	5763
1145590	1258536	-1	949248	6034	0	0	6034
1154590	1632328	-1	1156096	5666	0	0	5666
1163590	1136672	-1	321536	2263	0	0	2263
1172592	978496	-1	688128	5626	0	0	5626
1181589	758088	-1	301056	3177	0	0	3177
1190590	1795040	-1	1286144	5732	0	0	5732
1199591	1971816	-1	337920	1371	0	0	1371
1208590	918464	-1	671744	5851	0	0	5878
1217591	824000	-1	913408	8868	0	0	8868
1226590	976200	-1	689444	5650	0	0	5926
1235592	311736	-1	437248	11221	0	0	11221
1244589	319552	-1	385024	9639	0	0	9639
1253590	1368440	-1	1429504	8357	0	0	8357
1262592	2483072	-1	2266112	7301	0	0	7301
1271590	-1	-1	0	0	0	0	0
1280593	1764904	-1	1062912	4818	0	0	4818
1289590	1343008	-1	420864	2507	0	0	2507
1298590	832816	-1	588800	5656	0	0	5656
1307589	575672	-1	417792	5806	0	0	5806
1316590	2871960	-1	1019904	2841	0	0	2841
1325590	-1	-1	0	0	0	0	0
1334590	2606080	-1	778240	2389	0	0	2389
1343590	-1	-1	0	0	0	0	0
1352590	1122328	-1	797696	5686	0	0	5686
1361591	-1	-1	81920	486	0	0	486
1370590	1705944	-1	905216	4245	0	0	4245
1379590	-1	-1	0	0	0	0	0
1388590	2020368	-1	1329152	5263	0	0	5263
1397590	1912440	-1	267264	1118	0	0	1118
1406590	3696824	-1	1180672	2555	0	0	2555
1415590	-1	-1	0	0	0	0	0
1424590	1709832	-1	1220608	5711	0	0	5711
1433589	3373824	-1	313344	743	0	0	743
1442590	2507624	-1	1642496	5240	0	0	5240
1451592	-1	-1	0	0	0	0	0
1460590	1921840	-1	1384448	5763	0	0	5763
1469591	1381936	-1	227328	1316	0	0	1316
1478590	866464	-1	630784	5824	0	0	5878
1487591	1134992	-1	926720	6532	0	0	6532
1556221	810376	-1	1110016	10958	0	0	28947
1565220	932896	-1	1048576	8992	0	0	8999
1574220	927584	-1	1039360	8964	0	0	8999
1583219	962384	-1	1089536	9057	0	0	9057
1592221	1500152	-1	1644544	8770	0	0	9001
1601219	1293240	-1	1466368	9071	0	0	9071
1610221	1129256	-1	1240064	8785	0	0	9001
1619219	909040	-1	1048576	9228	0	0	9228
1628220	1818696	-1	1421312	6252	0	0	6252
1637220	2322032	-1	824320	2840	0	0	2840
1646219	-1	-1	0	0	0	0	0
1655221	1550880	-1	907264	4680	0	0	4680
1664219	-1	-1	0	0	0	0	0
1673220	705872	-1	446464	5060	0	0	5127
1682220	778688	-1	531456	5460	0	0	5460
1691220	1142624	-1	731136	5119	0	0	5119
1700220	-1	-1	45056	388	0	0	388
1717450	1293232	-1	1444864	8938	0	0	11843
1726449	2248320	-1	2531328	9007	0	0	9007
1735450	1872160	-1	918528	3925	0	0	3925
1744451	665152	-1	450560	5419	0	0	5466
1753449	596864	-1	666624	8935	0	0	8935
1762450	752152	-1	811008	8626	0	0	8626
1771449	957248	-1	840704	7026	0	0	7026
1780450	849352	-1	409600	3858	0	0	5528
1789449	524216	-1	491520	7501	0	0	8999
1798450	359168	-1	544768	12134	0	0	12134
1807450	299352	-1	313344	8374	0	0	8374
1816449	437320	-1	458752	8392	0	0	8999
1825450	807584	-1	1010688	10012	0	0	10012
1834449	475600	-1	524288	8819	0	0	8999
1843450	614128	-1	703488	9164	0	0	9164
1852449	914552	-1	1033216	9038	0	0	9038
1861450	732856	-1	770048	8406	0	0	8406
1870452	706368	-1	836608	9475	0	0	9475
1879450	495104	-1	557056	9001	0	0	9001
1888450	559008	-1	622592	8910	0	0	9000
1897449	494208	-1	545792	8835	0	0	8999
1906451	533088	-1	516096	7745	0	0	9001
1915449	696536	-1	831488	9550	0	0	9550
1924450	693424	-1	753664	8695	0	0	8695
1933451	862232	-1	1087488	10090	0	0	10090
1960030	398888	-1	942080	18894	0	0	20402
1973030	404232	-1	655360	12970	0	0	12999
1983031	895976	-1	1130496	10094	0	0	10094
1992030	597688	-1	665600	8909	0	0	8998
2001030	674952	-1	761856	9030	0	0	9030
2010029	615840	-1	688128	8939	0	0	8999
2019030	476832	-1	540672	9071	0	0	9071
2028032	628872	-1	695296	8845	0	0	9001
2040031	391064	-1	589824	12066	0	0	12066
2056030	485448	-1	974848	16065	0	0	16065
2066030	776200	-1	966656	9963	0	0	9999
2075030	797704	-1	892928	8955	0	0	8999
2084031	1061264	-1	1191936	8985	0	0	9001
2093038	803080	-1	892928	8895	0	0	9007
2102030	443928	-1	494592	8913	0	0	8991
2111031	354408	-1	401408	9061	0	0	9061
2120030	356136	-1	401408	9017	0	0	9017
2129030	688784	-1	778240	9039	0	0	9039
2138030	882800	-1	977920	8862	0	0	8999
2147030	963064	-1	1082368	8991	0	0	9000
2155036	760808	-1	761856	8011	0	0	8011
2159030	630312	-1	311296	3951	0	0	3993
