23166	617904	-1	2252800	29167	0	0	29167
32163	-1	-1	76800	678	0	0	678
41180	-1	-1	0	0	0	0	0
50172	1641104	-1	1368064	6669	0	0	6669
59174	-1	-1	0	0	0	0	0
68171	1105808	-1	1003520	7260	0	0	7260
77170	1501528	-1	1667072	8882	0	0	8882
86177	-1	-1	0	0	0	0	0
95178	2153984	-1	1732608	6435	0	0	6435
104177	2416408	-1	582656	1929	0	0	1929
113169	1718848	-1	1553408	7230	0	0	7230
122171	-1	-1	0	0	0	0	0
131166	1538608	-1	1282048	6666	0	0	6666
140167	3127336	-1	672768	1721	0	0	1721
149178	1711504	-1	1222656	5715	0	0	5715
158172	-1	-1	0	0	0	0	0
167167	1745152	-1	1453056	6661	0	0	6661
176168	-1	-1	0	0	0	0	0
185169	1839024	-1	1486848	6468	0	0	6468
194171	-1	-1	0	0	0	0	0
203169	1961728	-1	1088512	4439	0	0	4439
212175	-1	-1	0	0	0	0	0
221169	3034760	-1	1001472	2640	0	0	2640
230163	-1	-1	0	0	0	0	0
239176	1307328	-1	630784	3860	0	0	3860
248175	-1	-1	0	0	0	0	0
257172	1468704	-1	955392	5204	0	0	5204
266166	-1	-1	0	0	0	0	0
275166	894176	-1	963584	8621	0	0	8621
284169	5493176	-1	235520	343	0	0	343
293164	1587928	-1	728064	3668	0	0	3668
302165	-1	-1	0	0	0	0	0
311173	1186976	-1	780288	5259	0	0	5259
320167	-1	-1	0	0	0	0	0
329171	1592800	-1	828057	4159	29696	4171	4159
338180	-1	383880	0	0	431104	8984	0
347171	-1	795464	0	0	894976	9000	0
356165	3393832	1272248	148480	350	1421312	8937	479
365168	-1	1440872	0	0	1607680	8926	0
374169	3035616	1369936	149504	394	1563648	9131	465
383168	-1	1610672	0	0	1809408	8987	0
392176	1097280	1229792	149504	1090	1185792	7713	1090
401168	-1	728896	0	0	937984	10294	0
410171	2080056	1292440	149504	575	1453056	8994	658
419162	-1	1566920	0	0	1760256	8987	0
428171	1167984	1371400	148480	1017	1532928	8942	1219
437169	-1	1787568	0	0	2023424	9055	0
446174	2151136	1848264	149504	556	2081792	9010	590
455178	-1	2036016	0	0	2289664	8996	0
464171	2931448	1953544	149504	408	1044480	4277	568
473168	-1	686304	0	0	1173504	13679	0
482167	2736960	1436016	148480	434	1614848	8996	584
491166	-1	1838264	0	0	2071552	9015	0
500175	1935328	2002840	149504	618	2254848	9006	618
509177	-1	1792928	0	0	1346560	6008	0
518168	2762200	940400	149504	433	1392640	11847	581
527168	-1	1859576	0	0	2070528	8907	0
536170	1521672	1757528	149504	786	1995776	9084	786
545172	-1	2126296	0	0	2143232	8063	0
554168	2523272	-1	149504	474	0	0	662
563167	-1	-1	0	0	0	0	0
572169	3384160	-1	148480	351	0	0	492
581174	-1	-1	0	0	0	0	0
590169	2098304	-1	149504	570	0	0	679
599170	-1	-1	0	0	0	0	0
608167	2787952	-1	149504	429	0	0	474
617169	-1	-1	0	0	0	0	0
626162	2356824	-1	148480	504	0	0	504
635165	-1	-1	0	0	0	0	0
644177	3747128	-1	148480	317	0	0	473
653174	-1	-1	0	0	0	0	0
662168	1341008	-1	150528	898	0	0	898
671172	-1	-1	0	0	0	0	0
680180	3920264	-1	148480	303	0	0	479
689171	-1	-1	0	0	0	0	0
698167	3528120	-1	149504	339	0	0	565
707168	-1	-1	0	0	0	0	0
716163	3723640	-1	148480	319	0	0	485
725174	-1	-1	0	0	0	0	0
734172	4054344	-1	149504	295	0	0	495
743177	-1	-1	0	0	0	0	0
752171	2640248	-1	149504	453	0	0	485
761168	-1	-1	0	0	0	0	0
770165	1842560	-1	369664	1605	0	0	1605
779173	-1	-1	0	0	0	0	0
788165	1320504	-1	1221632	7401	0	0	7401
797178	-1	-1	0	0	0	0	0
806176	1128344	-1	1278976	9068	0	0	9068
815174	2454080	-1	1926144	6279	0	0	6279
824170	1247104	-1	617472	3961	0	0	3961
833164	1283448	-1	1131520	7053	0	0	7053
842175	-1	-1	0	0	0	0	0
851164	1044960	4296	963584	7377	164864	306884	7377
860168	-1	378200	0	0	398336	8425	0
869168	651464	-1	787456	9670	6144	3401	9670
878167	1345400	-1	1290240	7672	0	0	7672
887171	-1	-1	0	0	0	0	0
896165	1967720	-1	1374208	5587	0	0	5587
905166	-1	-1	0	0	0	0	0
914164	1491864	-1	1555456	8341	0	0	8341
923170	-1	-1	0	0	0	0	0
932170	1837624	-1	1375232	5987	0	0	5987
941173	-1	-1	0	0	0	0	0
950174	1009632	-1	1286144	10191	0	0	10191
959172	-1	-1	0	0	0	0	0
968168	1272912	-1	1678336	10548	0	0	10548
977169	-1	-1	0	0	0	0	0
986167	786728	-1	1096704	11152	0	0	11152
994179	1786720	-1	693248	3104	0	0	3104
1004172	1302056	-1	1292288	7940	0	0	7940
1013168	331744	-1	203776	4914	0	0	4914
1022168	1449736	-1	1858560	10256	0	0	10256
1031173	-1	-1	0	0	0	0	0
1040171	973832	-1	1083392	8900	0	0	8900
1049174	1693832	-1	732160	3458	0	0	3458
1058172	1439528	-1	1208121	6714	0	0	6714
1067179	-1	119384	0	0	136192	9126	0
1076167	1836968	145728	1214464	5289	184320	10118	5289
1085167	-1	160192	0	0	157696	7875	0
1094163	2498704	167568	1338368	4285	209920	10021	4285
1103166	-1	178384	0	0	178176	7990	0
1112167	1320320	140656	1211392	7340	182272	10366	7340
1121171	-1	161280	89088	433	166912	8279	433
1130176	1961056	188288	1166336	4758	221184	9397	4758
1139169	-1	186848	0	0	188416	8067	0
1148163	3128256	191128	1017856	2603	238592	9986	2603
1157169	-1	203168	0	0	200704	7903	0
1166176	2409760	178456	825344	2740	231424	10374	2740
1175172	-1	260864	0	0	251904	7725	0
1184164	2448456	231752	1152000	3764	288768	9968	3764
1193163	-1	240384	0	0	241664	8042	0
1202170	2000376	252984	1225728	4902	316416	10005	4902
1211176	-1	260912	0	0	262144	8037	0
1220168	2189088	272872	1147904	4195	342016	10027	4195
1229180	-1	283080	0	0	282624	7987	0
1238172	-1	293808	0	0	367616	10009	0
1247179	1513488	238704	727040	3843	261120	8751	3843
1256172	-1	252472	0	0	284672	9020	0
1265169	1386800	238896	1047552	6043	245760	8229	6043
1274163	-1	297192	0	0	368640	9923	0
1283172	2571968	304416	536576	1669	305152	8019	1669
1292171	-1	313200	0	0	393216	10043	0
1301172	1019792	230808	310272	2434	265216	9192	2434
1310179	-1	414896	0	0	454656	8766	0
1319173	1995184	301120	870400	3490	332800	8841	3490
1328176	-1	296456	0	0	348160	9395	0
1337168	959128	393712	149504	1247	416768	8468	1247
1346172	-1	320320	0	0	379904	9488	0
1355167	1891544	432512	687104	2906	421888	7803	2906
1364176	-1	289104	0	0	358400	9917	0
1373162	1309224	369960	358400	2190	411648	8901	2190
1382164	-1	384600	0	0	451584	9393	0
1391173	2794464	280032	149504	428	315392	9010	593
1400166	-1	316200	0	0	324608	8212	0
1409168	2435912	459312	149504	491	466944	8132	504
1418168	-1	380760	0	0	468992	9853	0
1427171	2617136	381488	149504	457	385024	8074	612
1436173	-1	328152	0	0	418816	10210	0
1445166	2834200	493968	149504	422	483328	7827	506
1454167	-1	419032	0	0	522240	9970	0
1463163	2266872	388088	148480	524	428032	8823	635
1472177	-1	386360	0	0	452608	9371	0
1481170	1377920	600112	149504	868	649216	8654	868
1490170	-1	475312	0	0	546816	9203	0
1499172	2249696	394080	148480	528	394240	8003	528
1508169	-1	377272	0	0	476160	10096	0
1517177	2975200	566936	149504	402	559104	7889	526
1526174	-1	384640	0	0	487424	10137	0
1534179	1860080	597928	149504	643	586752	7850	643
1544167	-1	381248	0	0	483328	10142	0
1553166	2454216	576504	148480	484	563200	7815	620
1562165	-1	391352	0	0	496640	10152	0
1571162	2359040	614336	149504	507	615424	8014	629
1580166	-1	487040	0	0	604160	9923	0
1589161	1817640	425720	147456	649	484352	9101	649
1598177	-1	371448	0	0	401408	8645	0
1607172	2699848	634664	149504	443	618496	7796	518
1616167	-1	499592	0	0	631808	10117	0
1625163	1693704	504464	150528	711	503808	7989	829
1634167	-1	525408	0	0	656384	9994	0
1643167	2216120	520648	148480	536	528384	8118	643
1652167	-1	532288	0	0	660480	9926	0
1661165	803248	600744	149504	1489	641024	8536	1718
1670176	-1	533208	0	0	628736	9433	0
1679176	1218296	506112	148480	975	505856	7995	975
1688167	-1	433904	0	0	530432	9779	0
1697167	1500664	500216	149504	797	509952	8155	797
1706165	-1	524560	0	0	660480	10072	0
1715178	1689312	523008	149504	708	524288	8019	708
1724170	-1	438112	0	0	547840	10003	0
1733164	2051536	646232	148480	579	641024	7935	619
1742178	-1	529448	0	0	660480	9979	0
1751164	1983472	533800	149504	603	528384	7918	739
1760168	-1	735728	0	0	937984	10199	0
1769172	1202040	534000	149504	995	602112	9020	995
1778169	-1	418240	0	0	447488	8559	0
1787166	1828792	579304	149504	654	573440	7918	659
1796169	-1	402040	0	0	506880	10086	0
1805164	2220264	516840	148480	535	524288	8115	535
1814167	-1	534008	0	0	660480	9894	0
1823166	2523272	522576	149504	474	528384	8088	627
1832167	-1	540064	0	0	660480	9783	0
1841165	2347512	529688	148480	506	528384	7980	664
1850168	-1	436152	0	0	550912	10105	0
1859171	2460968	581536	149504	486	637952	8776	525
1868177	-1	470040	0	0	545792	9289	0
1877166	1354512	583520	149504	883	643072	8816	1078
1886164	-1	582144	0	0	665600	9146	0
1895172	1291128	494968	148480	920	497664	8043	920
1904176	-1	443328	0	0	551936	9959	0
1913166	1393976	531168	149504	858	600064	9037	858
1922167	-1	649152	0	0	714752	8808	0
1931174	1506576	517928	147456	783	528384	8161	979
1940166	-1	436280	0	0	539648	9895	0
1949167	2840928	657392	149504	421	649216	7900	560
1958168	-1	426952	0	0	538624	10092	0
1966175	1377920	622944	149504	868	629760	8087	868
1976164	-1	512104	0	0	636928	9949	0
1985162	2882008	550728	149504	415	548864	7972	524
1994163	-1	329856	0	0	416768	10107	0
2003169	1434088	593688	149504	834	576512	7768	878
2012165	-1	397984	0	0	506880	10188	0
2021171	1682184	622496	149504	711	613376	7882	711
2030175	-1	487736	0	0	619520	10161	0
2039162	2155792	396328	148480	551	424960	8577	775
2048166	-1	505488	0	0	594944	9415	0
2057177	3005104	515864	149504	398	579584	8988	544
2066163	-1	587360	0	0	503808	6862	0
2074178	2854488	437984	149504	419	528384	9651	544
2084176	-1	491512	0	0	618496	10066	0
2092171	1788912	574032	148480	664	570368	7948	858
2102167	-1	527496	0	0	660480	10016	0
2111172	2187552	448848	148480	543	513024	9143	543
2120172	-1	477448	0	0	537600	9007	0
2129166	2223104	591536	149504	538	604160	8170	538
2138167	-1	387208	0	0	475136	9816	0
2147163	2663768	643232	149504	449	641024	7972	559
2156164	-1	435088	0	0	545792	10035	0
2165167	2820832	475888	149504	424	532480	8951	516
2174166	-1	619696	0	0	700416	9042	0
2182175	2191584	421000	148480	542	405504	7705	739
2192168	-1	426632	0	0	546816	10253	0
2201166	1151136	534432	149504	1039	527360	7894	1039
2210167	-1	519872	0	0	656384	10100	0
2219167	1117088	454264	147456	1056	513024	9034	1056
2228166	-1	596808	0	0	666624	8935	0
2237167	2020512	440240	150528	596	427008	7759	649
2246168	-1	589680	0	0	753664	10224	0
2255166	1579960	518760	149504	757	509952	7864	757
2264166	-1	331072	0	0	422912	10219	0
2273170	1154472	597528	149504	1036	634880	8500	1036
2282165	-1	565872	0	0	660480	9337	0
2291168	2718168	520136	148480	437	528384	8126	543
2300169	-1	442984	0	0	555008	10023	0
2309167	2967824	637976	149504	403	632832	7935	528
2318167	-1	527392	0	0	661504	10034	0
2327167	2471144	519072	149504	484	528384	8143	534
2336169	-1	536048	0	0	660480	9857	0
2345169	1148784	534464	148480	1034	528384	7908	1034
2354178	-1	526296	0	0	660480	10039	0
2363164	3169008	346224	150528	380	157696	3643	661
2372170	-1	389568	0	0	660480	13563	0
2381174	2354392	512000	149504	508	528384	8256	548
2390168	-1	543840	0	0	660480	9715	0
2399173	2167592	523648	148480	548	528384	8072	631
2408166	-1	530496	0	0	660480	9960	0
2416171	1766664	523896	149504	677	528384	8068	677
2426166	-1	499592	0	0	626688	10035	0
2435162	2460968	569072	149504	486	562176	7903	649
2444167	-1	552680	0	0	690176	9990	0
2453173	2273824	465216	149504	526	503808	8663	634
2462162	-1	452880	0	0	521216	9207	0
2471168	1069160	556680	148480	1111	566272	8137	1282
2479175	-1	526744	0	0	528384	8024	0
2489163	2396856	462232	149504	499	642048	11112	548
2498165	-1	498288	0	0	559104	8976	0
2507166	2151888	601824	148480	552	642048	8534	563
2516169	-1	564416	0	0	660480	9361	0
2524176	1320120	513200	149504	906	520192	8109	1099
2534177	-1	545240	0	0	668672	9811	0
2543162	2124936	520304	148480	559	528384	8124	682
2552174	-1	533808	0	0	660480	9898	0
2561171	1143256	560624	148480	1039	641024	9147	1039
2569175	-1	1351680	0	0	1348608	7981	0
2579169	2455920	1270488	149504	487	1586176	9987	693
2588172	-1	1011008	0	0	1138688	9010	0
2597167	2549016	566656	148480	466	632832	8934	552
2606164	-1	591968	0	0	660480	8925	0
2615166	1645208	489456	148480	722	528384	8636	722
2624176	-1	486736	0	0	556032	9138	0
2632177	2622880	415880	149504	456	396288	7623	596
2642166	-1	530616	0	0	660480	9957	0
2651167	2062224	509632	148480	576	528384	8294	665
2660174	-1	539944	0	0	660480	9785	0
2669171	2331448	531816	149504	513	528384	7948	539
2678165	-1	525616	0	0	660480	10052	0
2687177	1155488	522560	148480	1028	528384	8089	1028
2696172	-1	535328	0	0	660480	9870	0
2705167	1694496	510728	148480	701	547840	8581	701
2714167	-1	546280	0	0	646144	9462	0
2723167	1392352	518288	149504	859	523264	8076	859
2732166	-1	533472	0	0	660480	9904	0
2741173	2182544	528872	149504	548	264192	3996	690
2750172	-1	362648	0	0	641024	14141	0
2759166	2967824	495288	149504	403	483328	7806	672
2768174	-1	474608	0	0	592896	9993	0
2777166	2663768	487184	149504	449	485376	7970	560
2786169	-1	477032	0	0	608256	10200	0
2795169	1307136	524976	149504	915	517120	7880	915
2804169	-1	510912	0	0	644096	10085	0
2813163	1953688	513136	148480	608	526336	8205	608
2822167	-1	1036976	0	0	1276928	9851	0
2831164	1677192	1967232	150528	718	2210816	8990	974
2840164	-1	2113336	0	0	2357248	8923	0
2849175	740552	1856376	148480	1604	2099200	9046	1604
2858170	-1	995784	0	0	1054720	8473	0
2867179	743336	1421064	149504	1609	1598464	8998	1609
2875175	-1	1395848	0	0	1210368	6936	0
2885163	2828192	517544	148480	420	643072	9940	571
2894166	-1	519936	0	0	653312	10052	0
2903165	2781472	534272	149504	430	528384	7911	687
2912167	-1	497544	0	0	628736	10109	0
2921164	2549016	567544	148480	466	559104	7881	576
2929176	-1	517744	0	0	525312	8116	0
2939163	2718256	526040	149504	440	660480	10044	573
2947173	-1	513288	0	0	528384	8235	0
2957163	2560000	524968	148480	464	660480	10065	677
2966165	-1	547792	0	0	660480	9645	0
2975166	1093776	533344	148480	1086	528384	7925	1086
2984166	-1	531704	0	0	660480	9937	0
2992174	2749496	520512	149504	435	528384	8120	537
3002175	-1	531712	0	0	660480	9937	0
3011163	2166728	523200	149504	552	528384	8079	578
3020172	-1	532272	0	0	660480	9926	0
3029163	1741704	516640	148480	682	528384	8181	858
3037173	-1	523152	0	0	528384	8080	0
3047173	2788360	411800	148480	426	507904	9866	686
3056169	-1	472792	0	0	584704	9893	0
3064177	2781472	542512	149504	430	541696	7987	578
3073171	-1	515784	0	0	516096	8004	0
3082179	893112	440968	148480	1330	555008	10068	1330
3092176	-1	580464	0	0	722944	9963	0
3101165	2267840	532904	150528	531	528384	7932	688
3110169	-1	526464	0	0	660480	10036	0
3119167	2539344	528312	149504	471	528384	8001	562
3128166	-1	517512	0	0	652288	10083	0
3137168	2821472	541152	148480	421	536576	7932	561
3145171	-1	535296	0	0	528384	7896	0
3155171	2406504	524368	149504	497	660480	10076	668
3164168	-1	530152	0	0	660480	9966	0
3173167	2600072	503184	149504	460	528384	8400	672
3182167	-1	554440	0	0	660480	9530	0
3191162	2020328	517432	149504	592	528384	8169	679
3200166	-1	535376	0	0	660480	9869	0
3209168	2693512	512248	148480	441	528384	8252	615
3218166	-1	543464	0	0	660480	9722	0
3227167	2326912	528624	149504	514	528384	7996	710
3235173	-1	517368	0	0	528384	8170	0
3245171	2210784	532136	149504	541	660480	9929	794
3254169	-1	533784	0	0	660480	9898	0
3263165	2444112	528072	148480	486	528384	8004	566
3271173	-1	1990736	0	0	2271232	9127	0
3281168	1081400	1531432	149504	1106	1915904	10008	1106
3290165	-1	2791816	0	0	3145728	9014	0
3299162	1018728	1978216	148480	1166	2220032	8977	1166
3308171	-1	677776	0	0	757760	8944	0
3317171	1417096	509496	149504	844	375808	5900	844
3326164	-1	1478432	0	0	2131968	11536	0
3335165	833472	1653856	149504	1435	1888256	9133	1435
3344169	-1	2994056	0	0	3355648	8966	0
3353168	1996368	2450936	148480	595	2707456	8837	696
3362166	-1	2411184	0	0	2761728	9163	0
3371166	2640248	2330664	149504	453	2626560	9015	668
3380169	-1	2835792	0	0	3186688	8989	0
3389174	2003400	2904864	149504	597	3262464	8984	783
3398161	-1	3061328	0	0	3445760	9004	0
3407162	2663320	2466688	148480	446	2772992	8993	691
3416164	-1	2629984	0	0	2950144	8973	0
3425172	1173728	1512928	149504	1019	1702912	9004	1019
3434165	-1	2635072	0	0	2966528	9006	0
3442173	1579576	2240296	148480	752	2238464	7993	1015
3451172	-1	1958032	0	0	2191360	8953	0
3461168	1192456	2377768	149504	1003	2982912	10036	1003
3470164	-1	2700784	0	0	3036160	8993	0
3478176	1443304	2296392	148480	823	2290688	7980	1020
3488167	-1	3193496	0	0	3990528	9996	0
3497167	2699640	1825912	148480	440	2050048	8982	587
3506163	-1	1998608	0	0	2252800	9017	0
3515166	863256	2245072	148480	1376	2521088	8983	1376
3524165	-1	2468368	0	0	2778112	9003	0
3533166	1915872	2762872	148480	620	3100672	8978	688
3542165	-1	3116712	0	0	3505152	8997	0
3551173	1203248	2271360	149504	994	2552832	8991	1009
3560168	-1	2549728	0	0	2852864	8951	0
3569168	1185472	1991928	148480	1002	2251776	9043	1002
3578173	-1	3439616	0	0	3854336	8964	0
3587171	1563440	2540632	149504	765	2772992	8731	998
3596170	-1	2894288	0	0	3326976	9195	0
3605169	1330168	1938360	148480	893	2200576	9082	898
3614167	-1	3689688	0	0	3752960	8137	0
3623174	2705952	-1	149504	442	36864	922	697
3632169	-1	-1	0	0	0	0	0
3640175	3180936	-1	149504	376	0	0	566
3650162	-1	-1	0	0	0	0	0
3659162	1427696	-1	148480	832	0	0	1032
3667175	-1	-1	0	0	0	0	0
3677164	2875080	-1	149504	416	0	0	690
3686164	-1	-1	0	0	0	0	0
3694171	-1	-1	91136	4397	0	0	4397
3704169	-1	-1	58368	1270	0	0	1270
3713164	2511288	-1	148480	473	0	0	687
3722163	-1	-1	0	0	0	0	0
3730171	1371600	-1	149504	872	0	0	1113
3740163	-1	-1	0	0	0	0	0
3748175	1389120	-1	149504	861	0	0	1129
3758162	-1	38016	0	0	684032	143939	0
3767166	1390912	1149968	148480	854	1285120	8940	854
3776162	-1	1213952	0	0	1369088	9022	0
3784175	3232520	1197384	149504	370	1198080	8004	568
3794165	-1	1302336	0	0	1625088	9982	0
3803167	2069256	1287264	149504	578	1452032	9023	805
3812166	-1	1344520	0	0	1513472	9005	0
3821166	2834200	1424520	149504	422	1579008	8867	566
3829174	-1	1305008	0	0	384000	2354	0
3839171	2241208	-1	148480	530	0	0	824
3848175	-1	-1	0	0	0	0	0
3857161	1857192	-1	149504	644	0	0	702
3866163	-1	-1	0	0	0	0	0
3875165	787384	-1	149504	1519	0	0	1782
3884165	-1	-1	0	0	0	0	0
3893166	1874656	-1	149504	638	0	0	920
3901166	-1	-1	0	0	0	0	0
3911164	1187840	-1	148480	1000	0	0	1240
3920163	-1	-1	0	0	0	0	0
3928173	599512	-1	149504	1995	0	0	2117
3938162	-1	-1	0	0	0	0	0
3947169	681488	-1	148480	1743	0	0	1985
3956164	-1	-1	0	0	0	0	0
3965163	1365336	-1	148480	870	0	0	1126
3974166	-1	-1	0	0	0	0	0
3983164	2087312	-1	149504	573	0	0	812
3992166	-1	-1	0	0	0	0	0
4001162	289664	-1	149504	4129	0	0	4129
4010174	-1	-1	0	0	0	0	0
4018167	1136688	-1	148480	1045	0	0	1214
4027170	-1	-1	0	0	0	0	0
4037166	1485752	-1	149504	805	0	0	1049
4046164	-1	-1	0	0	0	0	0
4054173	987072	-1	581632	4714	0	0	4714
4063165	-1	-1	0	0	0	0	0
4073165	1664720	-1	1632256	7844	0	0	7844
4081168	-1	-1	0	0	0	0	0
4091162	1554040	-1	1565696	8060	0	0	8060
4100165	-1	-1	104448	3461	0	0	3461
4108167	1398264	-1	1029120	5888	0	0	5888
4117177	898624	-1	722944	6436	0	0	6436
4126166	1889368	-1	679936	2879	0	0	2879
4136166	-1	-1	0	0	0	0	0
4145165	851512	-1	607232	5705	0	0	5705
4153170	-1	-1	0	0	0	0	0
4163169	3245464	-1	148480	366	0	0	595
4172166	-1	-1	0	0	0	0	0
4181164	3215136	-1	149504	372	0	0	589
4189171	-1	-1	0	0	0	0	0
4199167	913696	-1	149504	1309	0	0	1309
4208165	-1	-1	0	0	0	0	0
4217167	1052840	-1	331776	2521	0	0	2521
4225166	-1	-1	0	0	0	0	0
4235168	1182800	-1	774144	5236	0	0	5236
4244162	-1	-1	0	0	0	0	0
4253172	1077504	-1	742400	5512	0	0	5512
4262167	-1	-1	0	0	0	0	0
4270165	2232656	-1	1089536	3904	0	0	3904
4280162	-1	-1	0	0	0	0	0
4289167	1345440	-1	1015808	6040	0	0	6040
4298162	-1	-1	0	0	0	0	0
4307170	1452176	-1	884736	4874	0	0	4874
4316171	-1	-1	0	0	0	0	0
4325166	1522664	7904	482304	2534	495616	501634	2534
4334166	-1	968376	0	0	1027072	8484	0
4343167	2044472	1586136	148480	581	1748992	8821	698
4352166	-1	1670984	0	0	1900544	9099	0
4360172	1374752	1684568	149504	870	1702912	8087	930
4370166	-1	1807976	0	0	2252800	9968	0
4379165	1847344	1778856	148480	643	1996800	8980	738
4387169	-1	1840680	0	0	1849344	8037	0
4396165	1527496	-1	149504	783	36864	206	1038
4406166	-1	-1	0	0	0	0	0
4415172	1510144	-1	149504	792	0	0	1038
4424166	-1	-1	0	0	0	0	0
4432173	953592	-1	175104	1469	0	0	1469
4442170	-1	-1	0	0	0	0	0
4450171	1033944	-1	412672	3193	0	0	3193
4460166	-1	-1	0	0	0	0	0
4468170	1592224	-1	409600	2058	0	0	2058
4477164	-1	-1	0	0	0	0	0
4487169	945712	-1	385024	3257	0	0	3257
4496162	-1	-1	0	0	0	0	0
4505166	3528120	-1	149504	339	0	0	654
4514166	-1	-1	0	0	0	0	0
4523164	2868184	-1	149504	417	0	0	631
4532167	-1	-1	0	0	0	0	0
4540164	1346760	-1	148480	882	0	0	952
4550168	-1	-1	0	0	0	0	0
4558170	1517480	-1	393216	2073	0	0	2073
4568165	-1	-1	0	0	0	0	0
4576169	1727016	-1	1325056	6138	0	0	6138
4586168	-1	-1	0	0	0	0	0
4594168	1412544	-1	1516544	8589	0	0	8589
4604166	-1	-1	0	0	0	0	0
4613162	1430464	-1	1577984	8825	0	0	8825
4622173	1017904	-1	1475584	11597	0	0	11597
4631162	-1	-1	0	0	0	0	0
4640163	1262424	-1	1316864	8345	0	0	8345
4649169	-1	-1	0	0	0	0	0
4658173	1661160	-1	702464	3383	0	0	3383
4666167	-1	-1	0	0	0	0	0
4676166	1298928	-1	1091584	6723	0	0	6723
4685167	-1	-1	0	0	0	0	0
4693210	820160	-1	960512	9369	0	0	9369
4702170	1139888	-1	2150400	15092	103424	314678	15092
4711164	-1	938712	0	0	1008640	8595	0
4721167	2876128	563120	148480	413	698368	9921	709
4730169	-1	1272024	0	0	350208	2202	0
4738167	2605736	-1	149504	459	0	0	737
4747164	-1	-1	0	0	0	0	0
4756168	2582264	-1	148480	460	0	0	733
4766163	-1	-1	0	0	0	0	0
4774167	3388192	-1	149504	353	0	0	609
4784168	-1	-1	0	0	0	0	0
4792166	1189712	-1	250880	1687	0	0	1687
4802173	-1	-1	0	0	0	0	0
4810168	1233528	-1	707584	4589	0	0	4589
4819167	-1	-1	0	0	0	0	0
4828167	1000304	-1	351232	2809	0	0	2809
4837169	-1	-1	0	0	0	0	0
4846168	1596472	-1	506880	2540	0	0	2540
4856165	-1	-1	0	0	0	0	0
4864169	2367096	-1	313344	1059	0	0	1059
4873166	-1	-1	0	0	0	0	0
4883165	3900016	-1	407552	836	0	0	836
4892167	-1	-1	0	0	0	0	0
4900173	1628936	-1	916480	4501	0	0	4501
4909172	-1	-1	0	0	0	0	0
4918167	1025736	-1	984064	7675	0	0	7675
4927167	2976032	-1	674816	1814	0	0	1814
4936164	1784360	-1	1389568	6230	0	0	6230
4945164	-1	-1	67584	82	0	0	82
4954163	1983952	-1	1546240	6235	0	0	6235
4963162	1799064	-1	382976	1703	0	0	1703
4972165	1903704	-1	1472512	6188	0	0	6188
4981163	2500776	-1	456704	1461	0	0	1461
4990167	1641976	-1	846848	4126	0	0	4126
4999170	-1	-1	0	0	0	0	0
5008164	1081864	-1	837632	6194	0	0	6194
5017166	-1	-1	0	0	0	0	0
5026165	1825552	-1	1138688	4990	0	0	4990
5035167	-1	-1	0	0	0	0	0
5044162	1330600	4984	594944	3577	199680	320660	3577
5053165	-1	1387576	0	0	1585152	9139	0
5062163	2925712	837704	204800	560	943104	9006	589
5071165	-1	919232	0	0	405504	3529	0
5080170	3085296	-1	148480	385	0	0	640
5089163	-1	-1	0	0	0	0	0
5098168	3241280	-1	149504	369	0	0	647
5107167	-1	-1	0	0	0	0	0
5116164	2990080	-1	149504	400	0	0	779
5125171	-1	-1	0	0	0	0	0
5134171	1393696	-1	176128	1011	0	0	1011
5143171	-1	-1	0	0	0	0	0
5152168	1678496	-1	805888	3841	0	0	3841
5161162	-1	-1	0	0	0	0	0
5170171	1947864	-1	727040	2986	0	0	2986
5179167	-1	-1	0	0	0	0	0
5188167	1421824	-1	880640	4955	0	0	4955
5197167	-1	-1	0	0	0	0	0
5206164	1601584	-1	445440	2225	0	0	2225
5215163	-1	-1	0	0	0	0	0
5224167	1449872	-1	722944	3989	0	0	3989
5233163	-1	-1	0	0	0	0	0
5242167	1645680	-1	740352	3599	0	0	3599
5251164	-1	-1	0	0	0	0	0
5260172	1700552	-1	1518592	7144	0	0	7144
5269167	1734688	-1	483328	2229	0	0	2229
5278166	2377896	-1	1845248	6208	0	0	6208
5287164	-1	-1	0	0	0	0	0
5296162	2275000	-1	1852416	6514	0	0	6514
5305162	2778000	-1	320512	923	0	0	923
5314168	2518448	-1	1555456	4941	0	0	4941
5323165	-1	-1	0	0	0	0	0
5332167	2207096	-1	1115136	4042	0	0	4042
5341164	-1	-1	0	0	0	0	0
5350169	691296	-1	656384	7596	0	0	7596
5359165	2614856	-1	1186816	3631	0	0	3631
5368166	1175224	-1	940032	6399	0	0	6399
5377164	2783400	43192	756736	2175	1678336	310879	2175
5386168	-1	2464032	0	0	2770944	8996	0
5395165	1045480	2947896	149504	1144	196608	533	1285
5404165	-1	-1	0	0	0	0	0
5413164	1711584	-1	148480	694	0	0	924
5422170	-1	-1	0	0	0	0	0
5431166	1758872	-1	149504	680	0	0	1000
5440167	-1	-1	0	0	0	0	0
5449167	1414096	-1	148480	840	0	0	1075
5458162	-1	-1	0	0	0	0	0
5467162	879480	-1	273408	2487	0	0	2487
5476167	-1	-1	0	0	0	0	0
5485168	1835952	-1	972597	4238	17408	2037	4238
5494168	-1	2240832	0	0	2530304	9033	0
5503165	800528	1177536	886784	8862	1293312	8786	8862
5512166	2688400	-1	325632	969	35840	6367	969
5521162	1450552	-1	1176576	6489	3072	3003	6489
5530164	-1	1147584	0	0	2558976	17839	0
5539168	1226976	1322120	1310720	8546	1036288	6270	8546
5548163	816352	908816	322560	3161	1329152	11700	3161
5557164	1055760	1790472	714752	5416	2007040	8967	5416
5566167	-1	2513912	0	0	2695168	8576	0
5575167	1239384	1073664	989184	6385	1267712	9445	6385
5584166	-1	1663032	0	0	1574912	7576	0
5593166	1174032	-1	870400	5931	32768	10004	5931
5602168	-1	2683648	0	0	3161088	9423	0
5611163	1578656	1574592	1293312	6554	1762304	8953	6554
5620167	-1	2436896	0	0	2746368	9015	0
5629168	-1	2798720	0	0	3145728	8991	0
5638163	923720	1784720	1067008	9241	1184768	5310	9241
5647167	3058584	900992	175104	458	1420288	12610	458
5656167	1171072	1853632	436224	2980	1618944	6987	2980
5665162	-1	-1	0	0	11264	4972	0
5674163	1200504	-1	430080	2866	0	0	2866
5683162	-1	-1	0	0	0	0	0
5692168	728920	-1	334848	3675	0	0	3675
5701165	-1	-1	0	0	0	0	0
5710162	2297080	-1	424960	1480	0	0	1480
5719168	-1	-1	0	0	0	0	0
5728172	1100792	-1	449536	3267	0	0	3267
5737167	-1	-1	0	0	0	0	0
5746168	1062968	-1	502784	3784	0	0	3784
5755167	-1	-1	0	0	0	0	0
5764170	1420040	-1	624640	3519	0	0	3519
5773167	-1	-1	0	0	0	0	0
5782167	2181696	-1	630784	2313	0	0	2313
5791162	-1	-1	0	0	0	0	0
5800168	2182992	-1	484352	1775	0	0	1775
5809166	-1	-1	0	0	0	0	0
5818168	1390496	-1	584704	3364	0	0	3364
5827167	-1	-1	0	0	0	0	0
5836164	1621024	-1	668672	3300	0	0	3300
5845161	-1	-1	0	0	0	0	0
5854162	1298496	-1	314885	1940	0	0	1940
5863166	-1	-1	0	0	0	0	0
5872168	1201632	-1	364544	2427	0	0	2427
5881165	-1	-1	0	0	0	0	0
5890162	1089944	-1	192512	1413	0	0	1413
5899168	-1	-1	0	0	0	0	0
5908168	1365336	-1	488448	2862	0	0	2862
5917166	-1	-1	0	0	0	0	0
5926166	1992552	-1	551936	2216	0	0	2216
5935169	-1	-1	0	0	0	0	0
5944163	1425648	-1	399360	2241	0	0	2241
5953163	-1	-1	0	0	0	0	0
5962162	2327944	-1	566272	1946	0	0	1946
5971164	-1	-1	0	0	0	0	0
5980167	1329832	-1	473088	2846	0	0	2846
5989167	-1	-1	0	0	0	0	0
5998162	600984	-1	496640	6611	0	0	6611
6007167	-1	-1	0	0	0	0	0
6016165	1251088	-1	491520	3143	0	0	3143
6025168	-1	-1	0	0	0	0	0
6034167	1015216	-1	458752	3615	0	0	3615
6043163	-1	-1	0	0	0	0	0
6052164	879800	-1	355328	3231	0	0	3231
6061166	-1	-1	0	0	0	0	0
6070168	1165176	-1	233472	1603	0	0	1603
6079169	-1	-1	0	0	0	0	0
6088162	1260048	-1	386048	2451	0	0	2451
6097163	-1	-1	0	0	0	0	0
6106162	828592	-1	451584	4360	0	0	4360
6115168	-1	-1	0	0	0	0	0
6124163	1007408	-1	660480	5245	0	0	5245
6133166	-1	-1	0	0	0	0	0
6142168	1650856	-1	542720	2630	0	0	2630
6151165	-1	-1	0	0	0	0	0
6160167	1457216	-1	462848	2541	0	0	4884
6169166	351872	-1	287744	6542	0	0	6542
6178168	1288416	-1	343040	2130	0	0	2130
6187167	-1	-1	0	0	0	0	0
6196167	716760	-1	231424	2583	0	0	2583
6205167	-1	-1	0	0	0	0	0
6214168	929400	-1	601088	5174	0	0	5174
6223167	-1	-1	0	0	0	0	0
6232168	1696648	-1	669114	3155	0	0	3155
6241167	-1	-1	0	0	0	0	0
6250163	1146568	-1	1053696	7352	0	0	7352
6259166	-1	-1	0	0	0	0	0
6268168	1396456	-1	1026048	5878	0	0	5878
6277168	-1	-1	41984	552	0	0	552
6286166	1631800	-1	759808	3725	0	0	3725
6295162	-1	-1	0	0	0	0	0
6304164	1179744	-1	839680	5694	0	0	5694
6313162	-1	-1	0	0	0	0	0
6322167	1085960	-1	1070080	7883	0	0	7883
6331165	-1	-1	0	0	0	0	0
6340164	1357168	-1	822272	4847	0	0	4847
6349167	-1	-1	0	0	0	0	0
6358164	1436088	-1	886784	4940	0	0	4940
6367166	-1	-1	0	0	0	0	0
6376162	1161048	-1	716800	4939	0	0	4939
6385163	-1	-1	0	0	0	0	0
6394167	1571784	-1	1169408	5952	0	0	5952
6403167	2443912	-1	1152000	3771	0	0	3771
6412166	1711424	-1	1334272	6237	0	0	6237
6421165	1787112	-1	713728	3195	0	0	3195
6430168	2129376	-1	1520640	5713	0	0	5713
6439166	2613640	-1	343040	1050	0	0	1050
6448167	2169656	-1	1324032	4882	0	0	4882
6457168	2710136	-1	901120	2660	0	0	2660
6466170	1669360	-1	1336320	6404	0	0	6404
6475168	1655368	-1	1997824	9655	0	0	9655
6484167	935504	-1	303104	2592	0	0	2592
6493163	1831720	-1	1164288	5085	0	0	5085
6502164	1894984	-1	2444288	10319	0	0	10319
6511164	-1	-1	0	0	0	0	0
6520165	2018656	-1	1338368	5304	0	0	5304
6529169	-1	-1	0	0	0	0	0
6538166	1001712	-1	920576	7352	0	0	7352
6547168	2000520	-1	323584	1294	0	0	1294
6556167	1775280	-1	1216512	5482	0	0	5482
6565167	1919232	-1	1003520	4183	0	0	4183
6574168	2000808	-1	1465344	5859	0	0	5859
6583167	1797472	-1	872448	3883	0	0	3883
6592170	1895640	-1	1210368	5108	0	0	5108
6601166	1125536	-1	391265	2781	0	0	2781
6610164	1596680	-1	1520640	7619	0	0	7619
6619169	-1	-1	0	0	0	0	0
6628165	1495064	-1	1587200	8493	0	0	8493
6637166	2655696	-1	882688	2659	0	0	2659
6646167	1287712	-1	1288192	8003	0	0	8003
6655168	899584	-1	654336	5819	0	0	5819
6664164	1717432	-1	1504256	7007	0	0	7007
6673162	826184	-1	411648	3986	0	0	3986
6682163	1442896	-1	1454080	8062	0	0	8062
6691165	843784	-1	260096	2466	0	0	2466
6700164	1469008	-1	1424384	7757	0	0	7757
6709167	1020360	-1	789504	6190	0	0	6190
6718165	2479944	-1	1272832	4106	0	0	4897
6727166	850456	-1	1947648	18321	0	0	18321
6736165	-1	-1	0	0	0	0	0
6745163	842560	-1	912384	8663	0	0	8663
6754164	-1	-1	0	0	0	0	0
6763164	1206272	-1	1044480	6927	0	0	6927
6772164	714208	-1	307200	3441	0	0	3441
6781166	1201408	-1	1304576	8687	0	0	8687
6790163	1647272	-1	570368	2770	0	0	2770
6799164	1065960	-1	630784	4734	0	0	4876
6808168	578912	-1	523264	7231	0	0	7231
6817166	931096	-1	1045504	8983	0	0	8983
6826165	1518912	-1	1012736	5334	0	0	5334
6835163	1884224	-1	1714176	7278	0	0	7278
6844168	781880	-1	384000	3929	0	0	3929
6853163	1193648	-1	777216	5209	0	0	5209
6862169	-1	-1	0	0	0	0	0
6871164	2716384	-1	649216	1912	0	0	1912
6880163	-1	-1	0	0	0	0	0
6889165	1051936	-1	477184	3629	0	0	3629
6898164	-1	-1	0	0	0	0	0
6907169	1489976	-1	1328128	7131	0	0	7131
6916165	-1	-1	90112	507	0	0	507
6925163	2103352	-1	1420288	5402	0	0	5402
6934168	-1	-1	0	0	0	0	0
6943166	1665072	-1	1585152	7616	0	0	7616
6952168	2883368	-1	219136	608	0	0	608
6961214	1614112	-1	1805785	8950	0	0	8950
6970163	2138440	-1	817152	3057	0	0	3057
6979168	-1	-1	0	0	0	0	0
6988167	2058720	-1	688128	2674	0	0	2674
6997163	-1	-1	0	0	0	0	0
7006165	1063232	-1	1002496	7543	0	0	7543
7015163	4710744	-1	349184	593	0	0	593
7024166	1290648	-1	934912	5795	0	0	5795
7033163	1382456	-1	151552	877	0	0	877
7042164	1456568	-1	931840	5118	0	0	5118
7051164	649608	-1	675840	8323	0	0	8323
7060163	1018360	-1	994304	7811	0	0	7811
7069167	-1	-1	115712	133	0	0	133
7078162	1716800	-1	1264640	5893	0	0	5893
7087163	-1	-1	0	0	0	0	0
7096164	1287704	-1	1106944	6877	0	0	6877
7105166	-1	-1	0	0	0	0	0
7114167	1185184	-1	802816	5419	0	0	5419
7123163	-1	-1	0	0	0	0	0
7132166	1623640	-1	630784	3108	0	0	3108
7141163	-1	-1	0	0	0	0	0
7150169	1596936	-1	583680	2924	0	0	2924
7159166	-1	-1	0	0	0	0	0
7168167	1373736	-1	892928	5200	0	0	5200
7177173	-1	-1	0	0	0	0	0
7186163	1604968	-1	1111040	5538	0	0	5538
7195164	739592	-1	160768	1739	0	0	1739
7204167	1319944	-1	1101824	6678	0	0	6678
7213167	1308840	-1	1771520	10828	0	0	10828
7222167	1648624	-1	528384	2564	0	0	2564
7231163	1159144	-1	547840	3781	0	0	3781
7240163	-1	-1	0	0	0	0	0
7249163	793672	-1	760832	7669	0	0	7669
7258167	963880	-1	504832	4190	0	0	4190
7267164	1383136	-1	1020928	5905	0	0	5905
7276166	1427544	-1	669696	3753	0	0	3753
7285167	1530560	-1	1098752	5743	0	0	5743
7294177	1465336	-1	2030592	11086	0	0	11086
7303166	-1	-1	0	0	0	0	0
7312167	1065064	-1	507904	3815	0	0	3815
7321178	-1	-1	0	0	0	0	0
7330162	1497888	-1	1041408	5562	0	0	5562
7339162	1750736	-1	1591639	7273	0	0	7273
7348165	-1	-1	0	0	0	0	0
7357166	1086288	-1	1165312	8582	0	0	8582
7366162	-1	-1	0	0	0	0	0
7375168	1693240	-1	1264640	5975	0	0	5975
7384162	-1	-1	0	0	0	0	0
7393163	848600	-1	803840	7578	0	0	7578
7402163	2084856	-1	304128	1167	0	0	1167
7411163	1290512	-1	844800	5237	0	0	5237
7420167	-1	-1	0	0	0	0	0
7429169	1382680	-1	1496064	8656	0	0	8656
7438162	1613192	-1	917504	4550	0	0	4550
7447168	1531872	-1	1472512	7690	0	0	7690
7456171	-1	-1	0	0	0	0	0
7465175	1015304	-1	672768	5301	0	0	5301
7474166	-1	-1	0	0	0	0	0
7483173	1528768	-1	622592	3258	0	0	3258
7492166	-1	-1	0	0	0	0	0
7501172	1249448	-1	489472	3134	0	0	3134
7510166	-1	-1	0	0	0	0	0
7519166	1903880	-1	514048	2160	0	0	2160
7528165	-1	-1	0	0	0	0	0
7537166	1190904	-1	506880	3405	0	0	3405
7546162	-1	-1	0	0	0	0	0
7555163	1393408	-1	1312768	7537	0	0	7537
7564162	-1	-1	0	0	0	0	0
7573166	956696	-1	880640	7364	0	0	7364
7582168	785880	-1	256000	2606	0	0	2606
7591165	1092392	-1	586752	4297	0	0	4297
7600168	-1	-1	0	0	0	0	0
7609166	1361168	-1	1171456	6885	0	0	6885
7618166	-1	-1	0	0	0	0	0
7627162	1049896	-1	1146880	8739	0	0	8739
7636176	-1	-1	0	0	0	0	0
7645166	1500312	-1	1234944	6585	0	0	6585
7654179	-1	-1	0	0	0	0	0
7663163	1465384	-1	1167360	6373	0	0	6373
7672179	-1	-1	0	0	0	0	0
7681175	1614912	-1	1351680	6696	0	0	6696
7690166	-1	-1	0	0	0	0	0
7699168	1367304	-1	1354317	7924	0	0	7924
7708169	-1	-1	0	0	0	0	0
7717181	1605496	-1	1278976	6373	0	0	6373
7726168	-1	-1	60416	959	0	0	959
7735176	1122880	-1	758784	5406	0	0	5406
7744181	1366048	-1	326656	1913	0	0	1913
7753165	1016696	-1	819200	6446	0	0	6446
7762166	1472872	-1	677888	3682	0	0	3682
7837015	2609928	-1	1866752	5722	0	0	13389
8006966	2671888	-1	1924096	5761	0	0	24397
8015962	2968240	-1	1036288	2793	0	0	2793
8024960	-1	-1	0	0	0	0	0
8033964	2911992	-1	1101824	3027	0	0	3027
8041957	-1	-1	0	0	0	0	0
8050951	1918816	-1	1247232	5200	0	0	5200
8059965	-1	-1	0	0	0	0	0
8068966	1820240	-1	1010688	4442	0	0	4442
8077953	-1	-1	0	0	0	0	0
8161247	1309312	-1	1104896	6751	0	0	33684
8171243	-1	-1	0	0	0	0	0
8181241	-1	-1	0	0	0	0	0
8189245	1050712	-1	548864	4179	0	0	5769
8198243	1327216	-1	1723392	10388	0	0	10388
8208244	2710136	-1	630784	1862	0	0	1862
8218243	-1	-1	0	0	0	0	0
8226243	-1	-1	0	0	0	0	0
8229245	-1	-1	0	0	0	0	0
8388103	1406592	-1	1390592	7909	0	0	65863
8474857	2321824	-1	1829888	6305	0	0	33125
8631459	1538968	-1	1591296	8272	0	0	45964
8640460	1210232	-1	837632	5537	0	0	5537
8649461	2165704	-1	282624	1044	0	0	1044
8658456	1415312	-1	879616	4972	0	0	4972
8667458	1153128	-1	147456	1023	0	0	1023
8676460	1945280	-1	1386496	5702	0	0	5702
8685459	1981176	-1	258048	1042	0	0	1042
8694457	1241120	-1	856064	5518	0	0	5518
8703459	1309728	-1	217088	1326	0	0	1326
8712457	2270632	-1	1154048	4066	0	0	4066
8721458	-1	-1	0	0	0	0	0
8730457	1146640	-1	787456	5494	0	0	5494
8739458	1433528	-1	498688	2783	0	0	2783
8748457	1690416	-1	1158144	5481	0	0	5481
8757460	-1	-1	0	0	0	0	0
8766456	1058424	-1	755712	5712	0	0	5712
8775457	3798736	-1	621568	1309	0	0	1309
8784460	1599424	-1	1134592	5675	0	0	5675
8793457	-1	-1	0	0	0	0	0
8802459	1587968	-1	1063936	5360	0	0	5360
8811459	941360	-1	220160	1871	0	0	1871
8820456	1344376	-1	919552	5472	0	0	5472
8829456	650352	-1	606208	7457	0	0	7457
8924636	2587416	-1	1196032	3698	0	0	11745
