10381421	1933888	-1	1739776	7197	0	0	7197
10384420	2140680	-1	786432	2939	0	0	2998
10393420	2126504	-1	1338368	5035	0	0	5035
10399420	2256912	-1	1349632	4784	0	0	4784
10408420	-1	-1	0	0	0	0	0
10416419	2284304	-1	1395712	4888	0	0	4888
10425427	1888720	-1	683008	2893	0	0	2893
10434421	2052816	-1	1308672	5100	0	0	5100
10436425	1778832	-1	466944	2100	0	0	2100
10445424	2303032	-1	1516544	5268	0	0	5268
10454419	2172288	-1	496640	1829	0	0	1829
10464419	-1	-1	0	0	0	0	0
10471420	-1	-1	0	0	0	0	0
10478420	2031224	-1	1270784	5005	0	0	5042
10486419	2205240	-1	1752064	6356	0	0	6356
10494419	2115064	-1	1469440	5558	0	0	5558
10502420	2578960	-1	417792	1296	0	0	1296
10511420	2045096	-1	1263616	4943	0	0	4943
10521419	2348600	-1	428032	1458	0	0	1458
10529419	2067304	-1	1343488	5199	0	0	5217
10538420	2145608	-1	647168	2413	0	0	2413
10548419	2509904	-1	1218560	3884	0	0	3884
10555420	-1	-1	0	0	0	0	0
10562422	2278736	-1	1018880	3577	0	0	3577
10571426	-1	-1	0	0	0	0	0
10580419	2245736	-1	1375232	4899	0	0	4899
10589420	1808144	-1	301056	1332	0	0	1332
10598424	-1	-1	0	0	0	0	0
10602419	-1	-1	0	0	0	0	0
10611420	2297608	-1	1564672	5448	0	0	5491
10619420	2093328	-1	1644308	6284	0	0	6284
10628420	2274648	-1	1423360	5006	0	0	5006
10637419	2517784	-1	771072	2450	0	0	2450
10646422	2137040	-1	1327104	4968	0	0	4968
10655419	-1	-1	88064	354	0	0	354
10664420	-1	-1	0	0	0	0	0
10668420	-1	-1	0	0	0	0	0
10677420	2699688	-1	1695744	5025	0	0	5028
10686419	2094304	-1	1204224	4600	0	0	4600
10693419	2277240	-1	1309696	4601	0	0	4601
10702421	-1	-1	0	0	0	0	0
10711422	2327160	-1	1446912	4974	0	0	4974
10718421	-1	-1	0	0	0	0	0
10727419	1871632	-1	1127424	4819	0	0	4819
10736419	-1	-1	52224	194	0	0	194
10744422	-1	-1	0	0	0	0	0
10752419	3081824	-1	401408	1042	0	0	1065
10756420	2389160	-1	1179648	3950	0	0	3950
10765420	2454336	-1	385024	1255	0	0	1255
10773420	2157528	-1	1069056	3964	0	0	3964
10779419	-1	-1	0	0	0	0	0
10788419	2445232	-1	1032192	3377	0	0	3377
10797419	-1	-1	0	0	0	0	0
10807420	2699528	-1	1183744	3508	0	0	3508
10810420	-1	-1	0	0	0	0	0
10819422	-1	-1	0	0	0	0	0
10820419	-1	-1	0	0	0	0	0
10829419	2341232	-1	1563648	5343	0	0	5374
10837420	2124648	-1	305152	1149	0	0	1149
10846419	2119888	-1	1034240	3903	0	0	3903
10852419	-1	-1	0	0	0	0	0
10858420	-1	-1	0	0	0	0	0
10865419	-1	-1	0	0	0	0	0
10873419	2274488	-1	1449984	5100	0	0	5103
10881421	2179152	-1	1492992	5481	0	0	5481
10890420	2180656	-1	1190912	4369	0	0	4369
10895420	-1	-1	0	0	0	0	0
10905419	-1	-1	0	0	0	0	0
10907419	-1	-1	0	0	0	0	0
10915420	2340096	-1	1449984	4957	0	0	5129
10923419	2477840	-1	1391616	4493	0	0	4493
10931419	-1	-1	0	0	0	0	0
10940419	2820240	-1	1192960	3384	0	0	3471
10942419	1993864	-1	499712	2005	0	0	2005
10951420	2286568	-1	507904	1777	0	0	1777
10958419	3031232	-1	1132544	2989	0	0	2989
10966420	-1	-1	0	0	0	0	0
10976420	2048872	-1	1366596	5336	0	0	5394
10984419	2175208	-1	1321984	4862	0	0	4862
10994419	2572272	-1	1086464	3379	0	0	3379
11004420	-1	-1	0	0	0	0	0
11011420	1966680	-1	934912	3803	0	0	3803
11018420	-1	-1	0	0	0	0	0
11027420	2041608	-1	736256	2885	0	0	2885
11036420	2533272	-1	394240	1245	0	0	1294
11040421	2208528	-1	1105920	4006	0	0	4006
11049419	-1	-1	90112	361	0	0	361
11058421	2471912	-1	1715200	5551	0	0	5551
11064420	2392464	-1	195584	654	0	0	654
11073419	-1	-1	0	0	0	0	0
11082419	-1	-1	40960	310	0	0	335
11087420	2410768	-1	1497088	4968	0	0	5000
11092420	2173848	-1	1083392	3987	0	0	3987
11098420	2260704	-1	1610752	5700	0	0	5700
11105419	2297760	-1	141312	492	0	0	492
11113419	2063448	-1	1230848	4772	0	0	4772
11121419	2032248	-1	1156096	4551	0	0	4551
11130419	-1	-1	0	0	0	0	0
11137419	-1	-1	0	0	0	0	0
11146419	2321536	-1	1444864	4979	0	0	5065
11155419	2266328	-1	1745920	6163	0	0	6163
11160420	-1	-1	0	0	0	0	0
11167420	-1	-1	0	0	0	0	0
11175419	2265056	-1	1447936	5114	0	0	5263
11184419	2209912	-1	517120	1872	0	0	1872
11188420	-1	-1	0	0	0	0	0
11197419	2110432	-1	882688	3346	0	0	3422
11199420	2449032	-1	614400	2007	0	0	2007
11208419	2268344	-1	1180672	4164	0	0	4164
11210419	2163608	-1	522240	1931	0	0	1931
11219419	-1	-1	0	0	0	0	0
11228421	1966944	-1	1217536	4952	0	0	4952
11238419	-1	-1	0	0	0	0	0
11244419	2622200	-1	1130496	3449	0	0	3449
11253420	-1	-1	0	0	0	0	0
11262420	2339344	-1	1671168	5715	0	0	5715
11271419	2136248	-1	2162688	8099	0	0	8099
11279419	2260440	-1	1386496	4907	0	0	4907
11287419	2253496	-1	1075200	3817	0	0	3817
11294419	-1	-1	0	0	0	0	0
11300420	-1	-1	0	0	0	0	0
11306419	2464288	-1	1547264	5023	0	0	5156
11315419	2181304	-1	1152000	4225	0	0	4225
11323419	2015984	-1	1192960	4734	0	0	4813
11332422	2003016	-1	1037312	4143	0	0	4143
11341421	1935912	-1	1117504	4618	0	0	4849
11350420	2216744	-1	934912	3374	0	0	3374
11359420	2210976	-1	1312768	4750	0	0	4750
11368421	2359008	-1	879616	2983	0	0	2983
11375419	-1	-1	0	0	0	0	0
11384420	-1	-1	0	0	0	0	0
11391419	2081256	-1	1441792	5542	0	0	5686
11394419	2174384	-1	819200	3014	0	0	3014
11403423	2276608	-1	1473536	5178	0	0	5178
11409419	-1	-1	55296	122	0	0	122
11418420	2547456	-1	1741824	5470	0	0	5470
11423421	2184128	-1	365568	1339	0	0	1339
11432420	-1	-1	0	0	0	0	0
11441420	-1	-1	0	0	0	0	0
11448419	2303392	-1	1449984	5036	0	0	5081
11457419	2295328	-1	1380352	4811	0	0	4811
11463421	2348824	-1	1499136	5106	0	0	5145
11472422	2235368	-1	1230848	4405	0	0	4405
11481419	2410392	-1	1631232	5414	0	0	5414
11490419	1877216	-1	346112	1475	0	0	1475
11500419	2154200	-1	1241088	4609	0	0	4609
11507420	-1	-1	0	0	0	0	0
11516420	2128744	-1	1073152	4033	0	0	4033
11525419	-1	-1	32768	163	0	0	176
11530419	2127616	-1	1306624	4913	0	0	4913
11539420	2475464	-1	1191936	3852	0	0	3852
11549420	-1	-1	0	0	0	0	0
11558419	2893592	-1	303104	838	0	0	909
11563427	2229112	-1	1392640	4998	0	0	5007
11572420	2083576	-1	1589248	6102	0	0	6102
11579420	1969800	-1	1257472	5107	0	0	5107
11588419	2224960	-1	1033216	3715	0	0	3715
11595420	-1	-1	0	0	0	0	0
11605419	2996536	-1	696320	1859	0	0	1876
11609419	2337656	-1	1171456	4009	0	0	4009
11618449	1973544	-1	2219008	8995	0	0	8995
11627420	-1	-1	0	0	0	0	0
11634429	-1	-1	0	0	0	0	9
11639420	1993912	-1	1179648	4733	0	0	4733
11648419	2011632	-1	736256	2928	0	0	2928
11652420	1896240	-1	956416	4035	0	0	4035
11660419	2272528	-1	513024	1806	0	0	1806
11668420	2126304	-1	1383424	5205	0	0	5205
11677420	-1	-1	0	0	0	0	0
11686419	-1	-1	0	0	0	0	0
11694419	-1	-1	0	0	0	0	0
11702419	1835056	-1	1171456	5107	0	0	5115
11712421	1996040	-1	2434424	9757	0	0	9757
11716419	1891424	-1	927744	3924	0	0	3924
11726421	2142832	-1	757760	2829	0	0	2829
11733420	2202784	-1	1417216	5147	0	0	5150
11743419	2079656	-1	437248	1682	0	0	1682
11752419	2295272	-1	1371136	4779	0	0	4779
11762419	2165512	-1	396288	1464	0	0	1464
11771419	1683200	-1	823296	3913	0	0	3913
11779419	-1	-1	0	0	0	0	0
11788419	2235992	-1	919552	3290	0	0	3290
11797420	4204200	-1	139264	265	0	0	289
11802419	2200056	-1	822272	2990	0	0	2990
11811420	1950152	-1	581632	2386	0	0	2386
11814420	2000792	-1	455680	1822	0	0	1822
11823419	-1	-1	0	0	0	0	0
11829419	-1	-1	0	0	0	0	0
11837419	6401192	-1	172032	215	0	0	251
11842419	1950952	-1	1193984	4896	0	0	4896
11850420	2056424	-1	562176	2187	0	0	2187
11859419	-1	-1	0	0	0	0	0
11862420	-1	-1	0	0	0	0	0
11871420	2034712	-1	1489920	5858	0	0	5858
11876419	2336000	-1	224256	768	0	0	768
11885420	-1	-1	0	0	0	0	0
11894420	2202648	-1	630784	2291	0	0	2376
11897419	1829336	-1	678912	2969	0	0	2969
11906420	1949288	-1	561152	2303	0	0	2303
11913420	2244288	-1	1323008	4716	0	0	4716
11922419	-1	-1	0	0	0	0	0
11930419	-1	-1	0	0	0	0	0
11937420	1885928	-1	360448	1529	0	0	1552
11941420	1990000	-1	957440	3849	0	0	3849
11948419	1847424	-1	358400	1552	0	0	1552
11954419	2853896	-1	648192	1817	0	0	1817
11958420	-1	-1	0	0	0	0	0
11968419	2013032	-1	1385472	5506	0	0	5630
11977420	2082032	-1	1064960	4092	0	0	4092
11986420	2577680	-1	1184768	3677	0	0	3677
11994419	-1	-1	0	0	0	0	0
12002419	-1	-1	0	0	0	0	0
12007420	-1	-1	0	0	0	0	0
12016419	2427880	-1	1488896	4906	0	0	4971
12021419	1895240	-1	1187840	5014	0	0	5014
12027420	2194856	-1	1626112	5927	0	0	5927
12035433	2064680	-1	2059264	7979	0	0	7979
12044419	-1	-1	0	0	0	0	0
12050419	-1	-1	0	0	0	0	0
12059420	1991056	-1	1449984	5826	0	0	5840
12069420	2208136	-1	2746368	9950	0	0	9950
12077419	2211736	-1	210944	763	0	0	763
12086420	4930608	-1	196608	319	0	0	330
12091420	2170328	-1	1322000	4873	0	0	4999
12101420	2000960	-1	2504704	10014	0	0	10014
12109419	2138800	-1	2116608	7917	0	0	7917
12117419	-1	-1	0	0	0	0	0
12125420	1994880	-1	1384448	5552	0	0	5606
12134419	2114768	-1	2383872	9018	0	0	9018
12143419	2060072	-1	2315264	8991	0	0	8991
12146420	2096456	-1	786432	3001	0	0	3001
12154419	1972928	-1	1957888	7939	0	0	7939
12163419	1930520	-1	2174976	9013	0	0	9013
12171420	2125400	-1	1876992	7065	0	0	7065
12181419	2079520	-1	1705984	6563	0	0	6563
12184419	1980544	-1	729088	2945	0	0	2999
12193420	2236336	-1	1158144	4143	0	0	4143
12203419	-1	-1	0	0	0	0	0
12204419	-1	-1	0	0	0	0	0
12213420	2150184	-1	1384448	5151	0	0	5210
12221419	2012304	-1	1977344	7861	0	0	7861
12230420	1974176	-1	2197504	8905	0	0	8905
12240420	2111056	-1	1714176	6496	0	0	6496
12244419	1812736	-1	909312	4013	0	0	4013
12251420	2230056	-1	1812480	6502	0	0	6502
12258420	2123792	-1	1384448	5215	0	0	5222
12265419	2162728	-1	1394688	5159	0	0	5159
12274419	1860504	-1	1188864	5112	0	0	5112
12283426	-1	-1	0	0	0	0	0
12291420	2344352	-1	1543168	5266	0	0	5266
12299420	2014368	-1	613376	2436	0	0	2436
12306419	2164192	-1	1416192	5235	0	0	5235
12316419	-1	-1	0	0	0	0	0
12323421	1946640	-1	1312768	5395	0	0	5395
12329420	-1	-1	0	0	0	0	0
12338420	2074808	-1	1485824	5729	0	0	5729
12339442	2245784	-1	270336	963	0	0	963
12348420	2031576	-1	2279424	8976	0	0	8976
12351419	1797072	-1	306176	1363	0	0	1363
12360419	1935480	-1	1246208	5151	0	0	5280
12369420	2127696	-1	1489920	5602	0	0	5602
12377419	-1	-1	0	0	0	0	0
12382419	-1	-1	0	0	0	0	0
12391419	2280552	-1	1584128	5557	0	0	5557
12397420	1962488	-1	358400	1461	0	0	1461
12407419	2026376	-1	1391616	5494	0	0	5494
12413420	3093400	-1	259072	670	0	0	670
12418419	1943592	-1	1100800	4531	0	0	4531
12427419	-1	-1	0	0	0	0	0
12436419	2037824	-1	1384448	5435	0	0	5443
12445419	1988408	-1	1623040	6530	0	0	6530
12453419	1946432	-1	1103872	4537	0	0	-1
12461419	-1	-1	0	0	0	0	-1
12468420	1667336	-1	719872	3454	0	0	-1
12474420	1906736	-1	1458176	6118	0	0	-1
12483420	1956584	-1	312320	1277	0	0	-1
12490419	-1	-1	0	0	0	0	-1
12497419	2430120	-1	1548288	5097	0	0	-1
12506420	2129400	-1	2357248	8856	0	0	-1
12515419	2001464	-1	1640448	6557	0	0	-1
12520420	2020960	-1	363520	1439	0	0	-1
12527297	-1	-1	131072	5015	0	0	19779
12537298	1657616	-1	2260992	10912	0	0	10912
12544298	2049720	-1	1217536	4752	0	0	4752
12551300	1917024	-1	1318912	5504	0	0	5504
12559299	-1	-1	28672	102	0	0	102
12567300	2205944	-1	1287168	4668	0	0	4668
12572306	-1	-1	0	0	0	0	0
12578299	2135952	-1	1305600	4890	0	0	4890
12587298	-1	-1	53248	171	0	0	171
12595298	1843872	-1	1128448	4896	0	0	4896
12604299	2013888	-1	816128	3242	0	0	3242
12612298	2179880	-1	1375232	5047	0	0	5047
12620298	1536000	-1	215040	1120	0	0	1120
12626305	-1	-1	0	0	0	0	0
12633303	-1	-1	0	0	0	0	0
12642302	2415040	-1	1446912	4793	0	0	4793
12648298	1761328	-1	349184	1586	0	0	1586
12653350	1872968	-1	1172480	5008	0	0	5051
12663298	1973912	-1	722944	2930	0	0	2930
12670309	2178544	-1	1465344	5381	0	0	5381
12675298	2209296	-1	347136	1257	0	0	1257
12684299	2240328	-1	1154048	4121	0	0	4292
12692297	1265944	-1	795648	5028	0	0	5028
12700307	-1	-1	0	0	0	0	0
12705303	-1	-1	0	0	0	0	0
12714300	2102456	-1	1304576	4964	0	0	5079
12724300	2104904	-1	1761280	6694	0	0	6694
12731299	1799144	-1	960744	4272	0	0	4272
12741297	-1	-1	0	0	0	0	0
12750299	1859936	-1	1286144	5532	0	0	5687
12759300	2136536	-1	1321984	4950	0	0	4950
12768298	2158280	-1	1447936	5367	0	0	5367
12777302	3396224	-1	186368	439	0	0	439
12785301	2104072	-1	1258496	4785	0	0	4785
12787307	-1	-1	0	0	0	0	0
12796298	-1	-1	0	0	0	0	0
12801304	-1	-1	0	0	0	0	0
12807298	2047576	-1	1227776	4797	0	0	4842
12816297	2007576	-1	1652736	6586	0	0	6586
12823297	-1	-1	0	0	0	0	0
12830299	-1	-1	0	0	0	0	0
12836297	2232688	-1	1528832	5478	0	0	5478
12845301	2179584	-1	330752	1214	0	0	1214
12854303	2168168	-1	1311744	4840	0	0	4840
12860299	-1	-1	91136	340	0	0	340
12869298	-1	-1	0	0	0	0	0
12873298	-1	-1	0	0	0	0	0
12881297	2480144	-1	1588224	5123	0	0	5123
12890297	1866264	-1	546816	2344	0	0	2344
12897297	2573248	-1	708608	2203	0	0	2203
12904304	-1	-1	0	0	0	0	0
12912304	1979704	-1	1320960	5338	0	0	5338
12920300	-1	-1	0	0	0	0	0
12924300	-1	-1	0	0	0	0	0
12933297	-1	-1	0	0	0	0	0
12940297	2331456	-1	1646592	5650	0	0	5650
12947297	-1	-1	30720	106	0	0	106
12950298	-1	-1	0	0	0	0	0
12959297	-1	-1	0	0	0	0	199
12964297	1865536	-1	1190912	5107	0	0	5107
12971306	2287320	-1	508928	1780	0	0	1780
12979298	2034472	-1	1308672	5146	0	0	5146
12982305	-1	-1	0	0	0	0	0
12991300	-1	-1	0	0	0	0	0
12993302	-1	-1	0	0	0	0	0
13002301	2076024	-1	1308672	5043	0	0	5043
13006297	2018320	-1	226304	897	0	0	897
13015297	2155592	-1	1154048	4283	0	0	4283
13019297	-1	-1	0	0	0	0	0
13028298	-1	-1	0	0	0	0	0
13033297	-1	-1	0	0	0	0	0
13040299	1837072	-1	1219584	5311	0	0	5311
13050299	2466176	-1	235520	764	0	0	764
13057299	2117160	-1	1355776	5123	0	0	5123
13066301	-1	-1	0	0	0	0	0
13075297	2388064	-1	963584	3228	0	0	3228
13085298	-1	-1	0	0	0	0	0
13094298	-1	-1	0	0	0	0	0
13096298	-1	-1	0	0	0	0	0
13105299	2219448	-1	1174364	4233	0	0	4233
13108299	-1	-1	0	0	0	0	0
13117300	-1	-1	0	0	0	0	0
13119302	-1	-1	0	0	0	0	0
13128297	2306744	-1	1426432	4947	0	0	4947
13132298	-1	-1	0	0	0	0	0
13141298	2164176	-1	1154048	4266	0	0	4266
13150298	-1	-1	0	0	0	0	0
13159298	-1	-1	0	0	0	0	0
13161297	-1	-1	0	0	0	0	0
13170297	2355080	-1	1519616	5162	0	0	5162
13179299	2077640	-1	412672	1589	0	0	1589
13185308	2289784	-1	1391616	4862	0	0	4862
13192300	-1	-1	0	0	0	0	0
13201300	-1	-1	0	0	0	0	0
13202301	-1	-1	0	0	0	0	0
13211299	2030080	-1	1247232	4915	0	0	5022
13221298	2044632	-1	1397760	5469	0	0	5469
13230298	-1	-1	0	0	0	0	0
13235297	-1	-1	0	0	0	0	0
13242299	2294576	-1	1496064	5216	0	0	5216
13251298	-1	-1	0	0	0	0	0
13260297	2120416	-1	1499136	5656	0	0	5656
13270300	-1	-1	17408	60	0	0	60
13279298	-1	-1	0	0	0	0	0
13284297	-1	-1	0	0	0	0	0
13293297	2017904	-1	1235968	4900	0	0	5021
13300298	2366528	-1	1146880	3877	0	0	3877
13308297	-1	-1	0	0	0	0	0
13315299	2571976	-1	425984	1325	0	0	1349
13319298	2319912	-1	1133568	3909	0	0	3909
13328298	-1	-1	102400	544	0	0	544
13338298	-1	-1	0	0	0	0	0
13344301	2554816	-1	441344	1382	0	0	1450
13348318	1773920	-1	659456	2974	0	0	2974
13356297	-1	-1	0	0	0	0	0
13365298	1946272	-1	925696	3805	0	0	3805
13375297	-1	-1	0	0	0	0	0
13383298	2101128	-1	901120	3431	0	0	3431
13390298	-1	-1	0	0	0	0	0
13395299	-1	-1	0	0	0	0	0
13404297	2005696	-1	655360	2614	0	0	2650
13407301	1926376	-1	705536	2930	0	0	3003
13416298	2043072	-1	2122752	8312	0	0	8312
13425298	2091952	-1	1449984	5545	0	0	5565
13434298	2166848	-1	1731584	6393	0	0	6393
13443297	-1	-1	0	0	0	0	0
13449297	-1	-1	0	0	0	0	0
13458298	2108200	-1	1497088	5681	0	0	5771
13468297	1922016	-1	1214472	5055	0	0	5055
13477300	1754504	-1	1111040	5066	0	0	5066
13483298	2185184	-1	460800	1687	0	0	1687
13492298	2213504	-1	1444864	5222	0	0	5222
13501298	2201032	-1	173056	629	0	0	629
13510298	2153880	-1	1400832	5203	0	0	5203
13519299	-1	-1	110592	528	0	0	528
13529298	-1	-1	0	0	0	0	0
13533297	-1	-1	0	0	0	0	0
13539304	2073152	-1	1456128	5619	0	0	5747
13548300	2034920	-1	1792000	7045	0	0	7045
13556299	2365768	-1	1456128	4924	0	0	4924
13565299	2174592	-1	716800	2637	0	0	2637
13573298	1901544	-1	1013760	4265	0	0	4265
13580298	-1	-1	0	0	0	0	0
13589298	2378416	-1	864256	2907	0	0	2907
13595298	-1	-1	0	0	0	0	0
13604300	2505136	-1	1797120	5739	0	0	5739
13613297	3262304	-1	138240	339	0	0	339
13621299	1928624	-1	1269760	5267	0	0	5267
13630298	1995224	-1	706560	2833	0	0	2833
13637298	2278112	-1	1573888	5527	0	0	5527
13643297	1780872	-1	143360	644	0	0	644
13651297	-1	-1	0	0	0	0	0
13655297	-1	-1	0	0	0	0	0
13664298	1976200	-1	1303552	5277	0	0	5444
13672303	1885168	-1	1852416	7861	0	0	7861
13682300	2193064	-1	1509376	5506	0	0	5506
13690300	2085152	-1	1336320	5127	0	0	5127
13697297	1832512	-1	1105920	4828	0	0	4880
13707303	2012112	-1	1622016	6449	0	0	6449
13716298	2062104	-1	823296	3194	0	0	3194
13725325	1923920	-1	706560	2938	0	0	2973
13727304	2332472	-1	589824	2023	0	0	2023
13736297	2311496	-1	325632	1127	0	0	1127
13742302	-1	-1	0	0	0	0	0
13750298	-1	-1	0	0	0	0	0
13759299	2156984	-1	1362944	5055	0	0	5055
13765297	2009728	-1	524288	2087	0	0	2087
13774297	-1	-1	0	0	0	0	0
13777297	-1	-1	0	0	0	0	0
13785298	2197144	-1	1391616	5067	0	0	5160
13788298	1898912	-1	371712	1566	0	0	1566
13798299	2134336	-1	911360	3416	0	0	3416
13801298	-1	-1	0	0	0	0	0
13810298	2079752	-1	1291264	4967	0	0	4967
13817303	1854792	-1	380928	1643	0	0	1643
13826302	-1	-1	0	0	0	0	0
13836302	2091952	-1	840704	3215	0	0	3253
13838298	1583952	-1	393216	1986	0	0	1995
13847297	2069648	-1	1110884	4294	0	0	4294
13854297	-1	-1	0	0	0	0	0
13858297	-1	-1	0	0	0	0	0
13866299	2105768	-1	1325056	5034	0	0	5146
13869299	2176784	-1	575488	2115	0	0	2115
13878297	-1	-1	0	0	0	0	0
13883298	-1	-1	0	0	0	0	0
13892298	2124984	-1	1349632	5081	0	0	5185
13899298	2014760	-1	806912	3204	0	0	3204
13908297	2239736	-1	1351680	4828	0	0	4981
13917297	1998240	-1	1058816	4239	0	0	4239
13926298	2210600	-1	1256448	4547	0	0	4547
13935299	-1	-1	0	0	0	0	0
13944297	2077968	-1	1277952	4920	0	0	4920
13953303	1916760	-1	321536	1342	0	0	1342
13963301	-1	-1	0	0	0	0	0
13972298	1976864	-1	270336	1094	0	0	1120
13976298	2064552	-1	1021952	3960	0	0	3999
13986298	1983744	-1	1122304	4526	0	0	4526
13991297	-1	-1	0	0	0	0	0
13998299	-1	-1	0	0	0	0	0
14007298	2090016	-1	1375232	5264	0	0	5437
14012298	1938864	-1	1164288	4804	0	0	4804
14021299	1695736	-1	1217536	5744	0	0	5744
14030298	1586816	-1	371712	1874	0	0	1874
14038297	2103808	-1	1409024	5358	0	0	5358
14048298	-1	-1	0	0	0	0	0
14057297	2315920	-1	1429504	4938	0	0	4938
14067297	2103072	-1	733184	2789	0	0	2789
14076298	-1	-1	0	0	0	0	0
14084298	-1	-1	0	0	0	0	0
14094297	1922376	-1	1257472	5233	0	0	5233
14102297	1902840	-1	557056	2342	0	0	2342
14110297	1853632	-1	1232896	5321	0	0	5321
14118297	-1	-1	0	0	0	0	0
14126298	2065968	-1	1295360	5016	0	0	5016
14135298	1845072	-1	681984	2957	0	0	2957
14145298	1930392	-1	1260544	5224	0	0	5224
14155298	1941256	-1	749568	3089	0	0	3089
14163299	-1	-1	0	0	0	0	0
14172299	-1	-1	0	0	0	0	0
14179297	2009544	-1	1230848	4900	0	0	4951
14188297	1923976	-1	2021376	8405	0	0	8405
14195298	1752704	-1	1221632	5576	0	0	5576
14202297	2106752	-1	1826816	6937	0	0	6937
14212298	1679584	-1	1238064	5897	0	0	5897
14222297	1998488	-1	2407424	9637	0	0	9637
14230298	2211792	-1	1462272	5289	0	0	5289
14239298	2619632	-1	773120	2361	0	0	2361
14249298	2024128	-1	1432576	5662	0	0	5662
14254298	-1	-1	0	0	0	0	0
14263297	-1	-1	0	0	0	0	0
14264302	-1	-1	0	0	0	0	0
14273297	1507248	-1	1080320	5734	0	0	5858
14282299	1363848	-1	940032	5514	0	0	5514
14291298	1564432	-1	1091584	5582	0	0	5582
14299298	2045472	-1	413696	1618	0	0	1618
14305302	2456800	-1	1261568	4108	0	0	4108
14312298	-1	-1	0	0	0	0	0
14321298	1567680	-1	953344	4865	0	0	4997
14330298	1311824	-1	1167360	7119	0	0	7119
14337297	-1	-1	0	0	0	0	0
14345299	1391912	-1	294912	1695	0	0	1723
14349297	1196400	-1	589824	3944	0	0	3998
14358298	2091168	-1	2021376	7733	0	0	7733
14367298	2482616	-1	1595392	5141	0	0	5141
14372297	2823696	-1	352256	998	0	0	998
14380298	2159448	-1	1304576	4833	0	0	4833
14382297	-1	-1	0	0	0	0	0
14391299	2584224	-1	1228800	3804	0	0	3804
14399298	-1	-1	0	0	0	0	0
14406298	2330368	-1	1470464	5048	0	0	5048
14413297	2276704	-1	902144	3170	0	0	3170
14422298	-1	-1	0	0	0	0	0
14426297	-1	-1	0	0	0	0	0
14433297	2647752	-1	1842176	5566	0	0	5566
14440298	2569216	-1	499712	1556	0	0	1556
14447299	2437936	-1	1523712	5000	0	0	5000
14454297	-1	-1	112640	269	0	0	269
14463297	2874320	-1	764928	2129	0	0	2129
14469297	-1	-1	0	0	0	0	0
14476297	2537816	-1	1522688	4800	0	0	4800
14485298	-1	-1	0	0	0	0	0
14493298	2200320	-1	1360896	4948	0	0	4948
14502297	2159128	-1	174080	645	0	0	645
14511298	2066952	-1	1060864	4106	0	0	4106
14518300	-1	-1	0	0	0	0	0
14524301	-1	-1	0	0	0	0	0
14529298	-1	-1	0	0	0	0	0
14537298	2164200	-1	1540096	5693	0	0	5851
14545298	2046856	-1	916480	3582	0	0	3582
14555297	2224344	-1	1178624	4239	0	0	4239
14559298	-1	-1	0	0	0	0	0
14569297	-1	-1	0	0	0	0	0
14574298	-1	-1	0	0	0	0	0
14581298	1886776	-1	1341260	5687	0	0	5767
14587298	1919832	-1	1261568	5257	0	0	5257
14593299	2125536	-1	1291264	4860	0	0	4860
14600298	1966736	-1	489472	1991	0	0	1991
14609297	-1	-1	0	0	0	0	0
14618302	-1	-1	8192	244	0	0	250
14623298	1872456	-1	1146880	4900	0	0	4996
14633298	1796280	-1	1463296	6517	0	0	6517
14640297	2006304	-1	1281024	5108	0	0	5108
14648298	2479616	-1	657408	2121	0	0	2121
14656297	2354000	-1	1435648	4879	0	0	4879
14666298	2005280	-1	408576	1630	0	0	1630
14675297	1943424	-1	1222656	5033	0	0	5033
14681297	-1	-1	57344	124	0	0	124
14690298	-1	-1	0	0	0	0	0
14693298	-1	-1	0	0	0	0	0
14701298	2119728	-1	1286144	4854	0	0	4936
14711297	1858192	-1	2313216	9959	0	0	9959
14721297	2057768	-1	1456128	5661	0	0	5661
14729297	-1	-1	80896	355	0	0	355
14738298	2027424	-1	1311744	5176	0	0	5176
14745297	1923736	-1	305152	1269	0	0	1269
14754297	-1	-1	0	0	0	0	0
14763299	2413584	-1	836608	2773	0	0	2858
14766298	1821056	-1	679936	2987	0	0	2987
14775297	2557480	-1	519168	1624	0	0	1624
14784297	1778024	-1	1001472	4506	0	0	4506
14790298	-1	-1	0	0	0	0	0
14798298	2759640	-1	1170432	3393	0	0	3393
14808298	1815640	-1	172032	758	0	0	879
14813298	2132424	-1	1028096	3857	0	0	3857
14822297	-1	-1	0	0	0	0	0
14831299	1989320	-1	1058816	4258	0	0	4258
14836298	-1	-1	0	0	0	0	0
14845298	2049592	-1	1318912	5148	0	0	5148
14851298	-1	-1	95232	299	0	0	299
14860298	-1	-1	0	0	0	0	0
14862297	-1	-1	0	0	0	0	0
14871297	2097136	-1	1420288	5418	0	0	5418
14877298	1854792	-1	356352	1537	0	0	1537
14886298	-1	-1	0	0	0	0	0
14893298	-1	-1	0	0	0	0	0
14903299	2016608	-1	1414144	5610	0	0	5637
14909298	2377128	-1	722944	2433	0	0	2433
14918298	2207560	-1	1420288	5147	0	0	5193
14927298	2145224	-1	175104	653	0	0	653
14936298	1934240	-1	1336320	5527	0	0	5549
14945298	2135008	-1	885760	3319	0	0	3319
14954297	-1	-1	0	0	0	0	0
14962299	-1	-1	0	0	0	0	0
14968298	2668856	-1	825344	2474	0	0	-1
14976298	-1	-1	0	0	0	0	-1
14983298	1689872	-1	806912	3820	0	0	-1
14991298	1650512	-1	1646592	7981	0	0	-1
14994297	1801240	-1	661504	2938	0	0	-1
15003297	2072520	-1	1146880	4427	0	0	-1
15012298	1363152	-1	958464	5625	0	0	-1
15019297	1900520	-1	610304	2569	0	0	-1
15025958	2107656	-1	1564672	5939	0	0	39069
15030959	1734664	-1	1081344	4987	0	0	4987
15039959	2452288	-1	330752	1079	0	0	1079
15048959	-1	-1	0	0	0	0	0
15053958	-1	-1	0	0	0	0	0
15062959	2064704	-1	1297408	5027	0	0	5027
15066959	-1	-1	0	0	0	0	0
15074961	2005976	-1	1295360	5166	0	0	5166
15083959	-1	-1	0	0	0	0	0
15092960	1837912	-1	1281024	5576	0	0	5576
15100968	-1	-1	81920	358	0	0	358
15109959	1979528	-1	1332224	5384	0	0	5384
15111959	-1	-1	80896	351	0	0	351
15120958	-1	-1	0	0	0	0	0
15129961	-1	-1	0	0	0	0	0
15136959	1800552	-1	1246208	5537	0	0	5736
15143959	1867192	-1	1649664	7068	0	0	7068
15152959	1990696	-1	1351680	5432	0	0	5491
15161959	1906520	-1	1393664	5848	0	0	5848
15170959	2180840	-1	1449984	5319	0	0	5439
15177958	2138320	-1	818176	3061	0	0	3061
15186966	1421008	-1	892928	5027	0	0	5044
15196960	1687936	-1	1018880	4829	0	0	4829
15206958	2388464	-1	1524736	5107	0	0	5107
15216961	-1	-1	0	0	0	0	0
15224966	2051632	-1	1302528	5079	0	0	5087
15233959	1669280	-1	1714140	8215	0	0	8215
15241958	1962744	-1	1302528	5309	0	0	5316
15249959	2047704	-1	1790976	6997	0	0	6997
15252959	1930200	-1	696320	2886	0	0	3000
15262958	1966304	-1	714752	2908	0	0	2908
15271959	1779088	-1	1287168	5788	0	0	5788
15275964	1457080	-1	729088	4003	0	0	4003
15284965	1329120	-1	1490944	8974	0	0	8974
15289960	1275016	-1	785408	4928	0	0	4928
15298964	2094312	-1	2234368	8535	0	0	8535
15300959	1790192	-1	444416	1986	0	0	1986
15309959	2301928	-1	1951744	6783	0	0	6783
15319958	-1	-1	0	0	0	0	0
15328958	2360632	-1	894976	3033	0	0	3033
15331958	-1	-1	0	0	0	0	0
15340961	1952936	-1	1162240	4761	0	0	4761
15349959	-1	-1	0	0	0	0	0
15358972	1999256	-1	1323008	5294	0	0	5294
15367961	-1	-1	0	0	0	0	0
15373959	2233608	-1	1087488	3895	0	0	3895
15382973	-1	-1	0	0	0	0	0
15389959	-1	-1	0	0	0	0	0
15397958	-1	-1	0	0	0	0	0
15403958	1552232	-1	1114112	5742	0	0	5852
15409959	1473256	-1	1067008	5794	0	0	5794
15413959	1625976	-1	589824	2902	0	0	2902
15420958	-1	-1	0	0	0	0	0
15430959	1977432	-1	1405952	5688	0	0	5688
15439959	-1	-1	46080	224	0	0	224
15445958	2404592	-1	1142784	3802	0	0	3802
15454958	-1	-1	0	0	0	0	0
15463958	1589688	-1	1129472	5684	0	0	5684
15468958	1455624	-1	272384	1497	0	0	1497
15478959	-1	-1	0	0	0	0	0
15483959	-1	-1	0	0	0	0	0
15491959	2297256	-1	1613824	5620	0	0	5630
15500961	2079336	-1	1613824	6209	0	0	6209
15509960	1972672	-1	1287168	5220	0	0	5220
15516959	-1	-1	105472	395	0	0	395
15524959	2286096	-1	1356800	4748	0	0	4748
15533959	-1	-1	0	0	0	0	0
15542959	2009736	-1	1425408	5674	0	0	5674
15549959	-1	-1	30720	119	0	0	119
15555958	2136968	-1	1303552	4880	0	0	4880
15564959	1282392	-1	274432	1712	0	0	1712
15573958	2733208	-1	1467392	4295	0	0	4295
15579958	-1	-1	0	0	0	0	0
15588959	2790752	-1	1347584	3863	0	0	3863
15595971	-1	-1	0	0	0	0	0
15604959	1957328	-1	1264432	5168	0	0	5168
15610960	2092256	-1	266240	1018	0	0	1018
15619958	1833032	-1	1259520	5497	0	0	5497
15621958	2002272	-1	212992	851	0	0	851
15630959	-1	-1	0	0	0	0	0
15636959	-1	-1	0	0	0	0	0
15645958	1749600	-1	1208320	5525	0	0	5525
15651958	1586376	-1	505856	2551	0	0	2551
15659959	-1	-1	0	0	0	0	0
15665958	2586336	-1	458752	1419	0	0	1438
15669959	1744120	-1	868352	3983	0	0	3983
15672958	1708864	-1	630784	2953	0	0	2953
15679960	1473608	-1	1177600	6393	0	0	6393
15686959	1670912	-1	189440	907	0	0	907
15696958	1639576	-1	1144832	5586	0	0	5586
15702959	-1	-1	89088	664	0	0	664
15711958	2011600	-1	1160192	4614	0	0	4614
15721959	-1	-1	0	0	0	0	0
15730959	-1	-1	0	0	0	0	0
15737958	1051608	-1	204800	1558	0	0	1625
15741959	1224376	-1	609280	3981	0	0	4000
15749960	1635424	-1	1238016	6056	0	0	6056
15758958	2325880	-1	1204224	4142	0	0	4142
15766958	-1	-1	0	0	0	0	0
15774961	1774288	-1	1128448	5088	0	0	5088
15779958	1336472	-1	505856	3028	0	0	3028
15788975	-1	-1	0	0	0	0	0
15792961	-1	-1	0	0	0	0	0
15800958	1503816	-1	974848	5186	0	0	5218
15809959	1487624	-1	1660928	8932	0	0	8932
15818958	1347536	-1	1499136	8900	0	0	8900
15827958	1279608	-1	1352704	8457	0	0	8457
15834958	2323008	-1	1528832	5265	0	0	5265
15843959	2528608	-1	598016	1892	0	0	1904
15846959	2005296	-1	552960	2206	0	0	2206
15854958	-1	-1	0	0	0	0	0
15862959	1786760	-1	1134592	5080	0	0	5080
15868958	1719984	-1	1057792	4920	0	0	4920
15877958	1375264	-1	827392	4813	0	0	4920
15886959	1696944	-1	759808	3582	0	0	3582
15895958	-1	-1	0	0	0	0	0
15904961	1546352	-1	172032	890	0	0	930
15908959	1301288	-1	655360	4029	0	0	4029
15917958	1410056	-1	1582080	8976	0	0	8976
15922958	1270600	-1	787456	4958	0	0	4958
15931975	1272952	-1	1110016	6976	0	0	6976
15940959	-1	-1	0	0	0	0	0
15943970	-1	-1	0	0	0	0	0
15952959	1651424	-1	1064960	5159	0	0	5216
15959959	1639504	-1	607232	2963	0	0	2963
15968958	1485272	-1	925696	4986	0	0	5029
15978959	1073104	-1	1070692	7982	0	0	7982
15987963	1949352	-1	1355776	5564	0	0	5564
15994959	1998048	-1	337920	1353	0	0	1353
15998958	1649064	-1	823296	3994	0	0	3994
16007958	2020696	-1	303104	1200	0	0	1200
16013958	-1	-1	0	0	0	0	0
16021960	2546392	-1	466944	1467	0	0	1507
16025960	2004232	-1	996352	3977	0	0	3977
16034958	2286408	-1	1018880	3565	0	0	3565
16037959	1564000	-1	589824	3017	0	0	3017
16044959	-1	-1	30720	202	0	0	202
16053960	2334296	-1	1306624	4478	0	0	4478
16062958	-1	-1	0	0	0	0	0
16072958	2016256	-1	1463296	5806	0	0	5806
16079959	-1	-1	0	0	0	0	0
16086962	-1	-1	0	0	0	0	0
16093960	-1	-1	0	0	0	0	0
16099959	1757296	-1	1238016	5636	0	0	5754
16108958	1587448	-1	580608	2926	0	0	2926
16118958	1541552	-1	870400	4517	0	0	4517
16120959	-1	-1	0	0	0	0	0
16129961	2029728	-1	852992	3362	0	0	3362
16134959	-1	-1	0	0	0	0	0
16143959	1811664	-1	1291264	5702	0	0	5702
16153958	2285424	-1	763904	2674	0	0	2674
16154958	-1	-1	0	0	0	0	0
16163961	-1	-1	0	0	0	0	0
16170958	-1	-1	0	0	0	0	0
16178959	2097448	-1	466944	1781	0	0	1799
16182958	1928264	-1	948224	3934	0	0	3934
16191959	2384912	-1	1495040	5015	0	0	5015
16193959	1888000	-1	362496	1536	0	0	1536
16202966	-1	-1	0	0	0	0	0
16211958	-1	-1	0	0	0	0	0
16220958	-1	-1	0	0	0	0	0
16227958	2115104	-1	1549312	5860	0	0	5860
16232962	2334232	-1	538624	1846	0	0	1846
16241959	2180728	-1	1526784	5601	0	0	5601
16250959	1586368	-1	512000	2582	0	0	2582
16259959	2353568	-1	979968	3331	0	0	3331
16268958	-1	-1	0	0	0	0	0
16278960	2112032	-1	1511424	5725	0	0	5725
16286959	1643880	-1	184320	897	0	0	897
16295959	1764720	-1	972800	4410	0	0	4410
16302960	-1	-1	0	0	0	0	0
16311960	1216056	-1	835584	5497	0	0	5497
16316961	1399480	-1	412672	2359	0	0	2359
16324959	-1	-1	0	0	0	0	0
16330959	-1	-1	0	0	0	0	180
16335959	1078992	-1	688128	5102	0	0	5102
16344958	1054248	-1	1100372	8350	0	0	8489
16350958	1126712	-1	926720	6580	0	0	6580
16359959	1188672	-1	1049600	7064	0	0	7064
16363958	1213864	-1	594944	3921	0	0	3999
16371960	1272240	-1	991232	6233	0	0	6233
16377958	-1	-1	0	0	0	0	0
16386959	3065616	-1	368640	962	0	0	1116
16390959	2052000	-1	1049600	4092	0	0	4092
16399959	2116384	-1	1418240	5361	0	0	5361
16406958	2305144	-1	1285120	4460	0	0	4460
16415961	-1	-1	0	0	0	0	0
16425959	2705856	-1	1786880	5283	0	0	5283
16433959	2944000	-1	259072	704	0	0	704
16442960	-1	-1	0	0	0	0	0
16446965	-1	-1	0	0	0	0	0
16453959	2668944	-1	1712128	5132	0	0	5198
16462958	2287176	-1	1735680	6071	0	0	6071
16472958	2332792	-1	1446912	4962	0	0	4962
16481958	-1	-1	0	0	0	0	0
16491958	2645544	-1	1771520	5357	0	0	5357
16500958	2336704	-1	530432	1816	0	0	1816
16509960	3076272	-1	1658880	4314	0	0	4314
16518958	-1	-1	0	0	0	0	0
16527959	2451848	-1	1527808	4985	0	0	4985
16536958	-1	-1	97280	514	0	0	514
16542959	2258096	-1	1265664	4484	0	0	4484
16551958	-1	-1	0	0	0	0	0
16557958	2253224	-1	1079296	3832	0	0	3832
16565959	-1	-1	0	0	0	0	0
16574958	-1	-1	0	0	0	0	0
16577966	-1	-1	0	0	0	0	0
16584959	2349840	-1	1446912	4926	0	0	4926
16591959	2168960	-1	133120	491	0	0	491
16595959	-1	-1	0	0	0	0	0
16604959	2736512	-1	1277952	3736	0	0	3979
16605958	2010304	-1	286720	1141	0	0	1141
16614958	2342152	-1	650240	2221	0	0	2221
16623958	-1	-1	0	0	0	0	0
16632959	-1	-1	0	0	0	0	0
16639958	2476888	-1	1735680	5606	0	0	5606
16646959	-1	-1	84992	321	0	0	321
16649959	-1	-1	0	0	0	0	0
16658958	-1	-1	0	0	0	0	0
16666959	2594456	-1	1898496	5854	0	0	5931
16673959	2525048	-1	897024	2842	0	0	2842
16682958	2764144	-1	1662976	4813	0	0	4813
16691958	2627536	-1	1165312	3548	0	0	3548
16699959	2263760	-1	1339016	4732	0	0	4732
16708958	-1	-1	0	0	0	0	0
16716959	2616440	-1	750592	2295	0	0	2295
16725958	5041232	-1	229376	364	0	0	404
16730958	2255552	-1	461824	1638	0	0	1638
16738959	2642912	-1	524288	1587	0	0	1616
16742959	2250352	-1	518144	1842	0	0	1842
16751958	2306448	-1	603136	2092	0	0	2092
16754959	1997120	-1	753664	3019	0	0	3019
16763958	3010984	-1	524288	1393	0	0	1393
16769958	2351792	-1	1379328	4692	0	0	4692
16777958	-1	-1	0	0	0	0	0
16782960	2159256	-1	804864	2982	0	0	2982
16789959	-1	-1	0	0	0	0	0
16795959	2050016	-1	1302528	5083	0	0	5137
16800964	1971440	-1	1219584	4949	0	0	4949
16809985	-1	-1	26624	97	0	0	97
16816003	-1	-1	0	0	0	0	0
16821969	2160112	-1	1455104	5389	0	0	5389
16831958	2456384	-1	1033216	3365	0	0	3365
16835959	2325888	-1	1135616	3906	0	0	3906
16844958	-1	-1	106496	326	0	0	326
16848960	-1	-1	0	0	0	0	0
16856958	2673232	-1	1016832	3043	0	0	3146
16858958	1996848	-1	499712	2002	0	0	2002
16867959	1971904	-1	610304	2476	0	0	2476
16873958	2680672	-1	1153024	3441	0	0	3441
16879958	-1	-1	0	0	0	0	0
16886959	2569048	-1	1817600	5660	0	0	5660
16895958	1559232	-1	330752	1697	0	0	1697
16904959	2125984	-1	1284096	4832	0	0	4832
16913959	-1	-1	60416	184	0	0	184
16923959	1950480	-1	701440	2877	0	0	2877
16925967	-1	-1	0	0	0	0	0
16934963	1805040	-1	1266688	5614	0	0	5614
16943960	1927968	-1	530432	2201	0	0	2201
16947960	-1	-1	0	0	0	0	0
16955960	2069336	-1	794624	3072	0	0	3135
16957959	2284424	-1	571392	2001	0	0	2001
16966958	2022888	-1	1464320	5791	0	0	5791
16974959	2394896	-1	1470464	4912	0	0	4912
16982959	2510848	-1	729088	2323	0	0	2323
16992965	-1	-1	0	0	0	0	0
16994963	-1	-1	0	0	0	0	0
17002963	2362232	-1	1483776	5025	0	0	5235
17012963	2419792	-1	1586176	5244	0	0	5244
17020960	2395816	-1	1687552	5635	0	0	5635
17028958	1897936	-1	339968	1433	0	0	1433
17036958	2254976	-1	1514496	5373	0	0	5373
17038958	2187896	-1	532480	1947	0	0	1947
17047968	2365448	-1	2002944	6774	0	0	6774
17054963	-1	-1	0	0	0	0	0
17063959	2496136	-1	796268	2552	0	0	2552
17071962	-1	-1	0	0	0	0	0
17080961	2134328	-1	1436672	5385	0	0	5385
17087961	2051184	-1	825344	3219	0	0	3219
17096958	3070592	-1	1119232	2916	0	0	2916
17103958	-1	-1	0	0	0	0	0
17112958	2287568	-1	1332224	4659	0	0	4659
17118958	-1	-1	0	0	0	0	0
17126959	-1	-1	0	0	0	0	0
17135959	2084584	-1	1064960	4087	0	0	4170
17136958	1792776	-1	221184	987	0	0	999
17146961	2438760	-1	1206272	3957	0	0	3957
17150962	2529360	-1	1025024	3242	0	0	3242
17159959	3212552	-1	532480	1326	0	0	1359
17163962	2400320	-1	1192960	3976	0	0	3976
17172960	-1	-1	0	0	0	0	0
17181958	2156016	-1	1016832	3773	0	0	3773
17189964	-1	-1	0	0	0	0	0
17198964	2379880	-1	1514496	5091	0	0	5091
17205960	-1	-1	0	0	0	0	0
17211964	3072000	-1	1096704	2856	0	0	2856
17220958	-1	-1	0	0	0	0	0
17226961	2228576	-1	1443840	5183	0	0	5247
17235958	2552392	-1	601088	1884	0	0	1884
17244959	-1	-1	0	0	0	0	0
17250959	-1	-1	0	0	0	0	0
17256989	2084544	-1	1518592	5828	0	0	5865
17265960	1962296	-1	849920	3465	0	0	3465
17273965	3017152	-1	1366016	3622	0	0	3622
17279965	-1	-1	0	0	0	0	0
17285961	2415968	-1	1598464	5293	0	0	5293
17293962	2723768	-1	673792	1979	0	0	1979
17301959	-1	-1	0	0	0	0	0
17306960	-1	-1	98304	416	0	0	421
17311958	2114912	-1	1318912	4989	0	0	4998
17320958	1977176	-1	343040	1388	0	0	1388
17326958	-1	-1	0	0	0	0	0
17333961	2292200	-1	360448	1258	0	0	1354
17337959	2546384	-1	1268736	3986	0	0	3986
17346960	2511624	-1	637952	2032	0	0	2032
17354964	-1	-1	0	0	0	0	0
17357964	-1	-1	0	0	0	0	0
17365961	2222792	-1	1380352	4968	0	0	5111
17375958	2565440	-1	1388544	4330	0	0	4330
17385959	-1	-1	0	0	0	0	0
17387959	-1	-1	0	0	0	0	0
17396958	2354392	-1	1495040	5080	0	0	5080
17405959	1788664	-1	909312	4067	0	0	4067
17412960	2181984	-1	1400832	5136	0	0	5136
17418960	-1	-1	0	0	0	0	0
17427959	2348680	-1	1143808	3896	0	0	3896
17432964	-1	-1	0	0	0	0	0
17440959	1991472	-1	1262592	5072	0	0	5072
17443969	1940632	-1	740352	3052	0	0	3052
17451958	-1	-1	0	0	0	0	0
17456959	-1	-1	0	0	0	0	0
17464975	2124640	-1	816128	3073	0	0	-1
17473963	-1	-1	0	0	0	0	-1
17482968	1599496	-1	681984	3411	0	0	-1
17489958	1927808	-1	1679360	6969	0	0	-1
17496961	2310016	-1	1979392	6855	0	0	-1
17499966	2575088	-1	983040	3054	0	0	-1
17508958	2029728	-1	1478656	5828	0	0	-1
17517959	1941728	-1	1515520	6244	0	0	-1
17525756	1602416	-1	1368064	6830	0	0	44888
17534756	2006976	-1	2166784	8637	0	0	8637
17540756	-1	-1	0	0	0	0	0
17549755	-1	-1	0	0	0	0	0
17557756	2212632	-1	1338368	4839	0	0	4839
17563756	-1	-1	28672	55	0	0	55
17572757	2050840	-1	1292288	5041	0	0	5041
17582756	2751512	-1	360448	1048	0	0	1048
17589755	2012072	-1	1275904	5073	0	0	5073
17598755	2490368	-1	272384	875	0	0	875
17605755	1971248	-1	1374208	5577	0	0	5577
17611756	2241640	-1	447488	1597	0	0	1597
17620756	-1	-1	0	0	0	0	0
17626756	-1	-1	0	0	0	0	0
17634757	2008960	-1	1462272	5823	0	0	5862
17641756	2134856	-1	1478656	5541	0	0	5541
17651755	2164744	-1	1485824	5491	0	0	5491
17661755	-1	-1	77824	331	0	0	331
17667756	2226264	-1	1518592	5457	0	0	5457
17676756	2377592	-1	864256	2908	0	0	2908
17685755	2345128	-1	1582080	5397	0	0	5397
17694756	-1	-1	125952	281	0	0	281
17702755	-1	-1	0	0	0	0	0
17710756	2350016	-1	655360	2231	0	0	2291
17713756	1939832	-1	684032	2821	0	0	3000
17722758	1974976	-1	1363968	5525	0	0	5525
17726755	1768256	-1	363376	1644	0	0	1644
17735755	-1	-1	98304	645	0	0	679
17740756	1830784	-1	1147904	5016	0	0	5016
17749756	-1	-1	0	0	0	0	0
17757757	2721696	-1	1553408	4566	0	0	4566
17765756	-1	-1	0	0	0	0	0
17775756	1898928	-1	1059840	4465	0	0	4465
17784756	-1	-1	0	0	0	0	0
17789756	-1	-1	0	0	0	0	0
17798756	2179136	-1	1101824	4045	0	0	4084
17799757	2657744	-1	335872	1011	0	0	1011
17808755	2149960	-1	377856	1406	0	0	1406
17817756	1828888	-1	1059840	4636	0	0	4636
17826756	-1	-1	0	0	0	0	0
17829756	-1	-1	0	0	0	0	0
17838756	10737536	-1	237568	177	0	0	220
17843755	2068568	-1	1261568	4879	0	0	4879
17852755	1883120	-1	1777664	7552	0	0	7552
17860755	2024472	-1	1343488	5309	0	0	5350
17869755	1905712	-1	757760	3181	0	0	3181
17878755	-1	-1	0	0	0	0	0
17884756	-1	-1	0	0	0	0	0
17893757	1883336	-1	1165312	4950	0	0	4950
17899756	2448696	-1	168960	552	0	0	552
17908755	2117640	-1	918528	3470	0	0	3470
17911756	-1	-1	0	0	0	0	0
17918756	1879864	-1	1187840	5055	0	0	5078
17927755	1991728	-1	1196032	4804	0	0	4804
17936756	-1	-1	0	0	0	0	0
17945756	-1	-1	0	0	0	0	0
17953756	2147232	-1	1501184	5593	0	0	5739
17958755	1995760	-1	1242112	4979	0	0	4979
17966756	2018696	-1	1745920	6919	0	0	6919
17971755	-1	-1	0	0	0	0	0
17978830	2798408	-1	1410048	4031	0	0	4031
17986756	-1	-1	0	0	0	0	0
17995755	2231304	-1	1371136	4916	0	0	4916
18005756	2219400	-1	1816576	6548	0	0	6548
18008756	2091648	-1	650240	2487	0	0	2487
18015756	-1	-1	0	0	0	0	0
18025755	1790480	-1	1094656	4891	0	0	4891
18034756	2518160	-1	808960	2570	0	0	2570
18043755	-1	-1	0	0	0	0	0
18046755	-1	-1	0	0	0	0	0
18055755	2198528	-1	1458176	5306	0	0	5425
18064755	2149136	-1	1218560	4536	0	0	4536
18074756	-1	-1	0	0	0	0	0
18079755	-1	-1	0	0	0	0	0
18088755	1946712	-1	1234944	5075	0	0	5075
18097756	1991528	-1	1277816	5133	0	0	5133
18098755	2478048	-1	210944	681	0	0	681
18107756	-1	-1	0	0	0	0	0
18113755	2640296	-1	1525760	4623	0	0	4623
18122756	-1	-1	0	0	0	0	0
18132755	2588000	-1	1461248	4517	0	0	4517
18141756	-1	-1	0	0	0	0	0
18150756	2383816	-1	1419264	4763	0	0	4763
18159755	-1	-1	0	0	0	0	0
18165756	-1	-1	0	0	0	0	0
18174755	3185104	-1	270336	679	0	0	686
18179756	2362256	-1	1466368	4966	0	0	5000
18184755	2079952	-1	1283072	4935	0	0	4999
18194755	2289584	-1	2850816	9961	0	0	10000
18195756	2238424	-1	294912	1054	0	0	1054
18204755	2330856	-1	2596864	8913	0	0	8913
18214756	2442384	-1	936960	3069	0	0	3069
18222756	2059704	-1	1351680	5250	0	0	5267
18231755	2110816	-1	1737728	6586	0	0	6586
18240756	1907288	-1	1214464	5094	0	0	5094
18249755	-1	-1	0	0	0	0	0
18258755	2282768	-1	1565696	5487	0	0	5487
18267756	2434176	-1	787456	2588	0	0	2588
18271756	-1	-1	0	0	0	0	0
18278755	-1	-1	0	0	0	0	0
18285756	2026888	-1	1253376	4947	0	0	4949
18295755	2231472	-1	1148928	4119	0	0	4119
18298756	-1	-1	0	0	0	0	0
18307757	2886160	-1	1488896	4127	0	0	4197
18308757	2557504	-1	327680	1025	0	0	1025
18317755	2350288	-1	814080	2771	0	0	2771
18327755	-1	-1	0	0	0	0	0
18329756	-1	-1	0	0	0	0	0
18338756	1795848	-1	1104896	4922	0	0	5209
18342756	2058976	-1	1056768	4106	0	0	4106
18351755	2051416	-1	921600	3594	0	0	3594
18360757	3595120	-1	393216	875	0	0	908
18364756	2315400	-1	1157120	3998	0	0	3999
18371756	2179208	-1	1900544	6977	0	0	6977
18380756	2006392	-1	2222080	8860	0	0	8860
18388755	2030824	-1	1846272	7273	0	0	7273
18397755	2350664	-1	1499136	5102	0	0	5102
18407755	2560992	-1	989184	3090	0	0	3090
18416756	-1	-1	0	0	0	0	0
18425755	2151928	-1	1081344	4020	0	0	4092
18426756	1843784	-1	242688	1053	0	0	1053
18435755	2088016	-1	2351104	9008	0	0	9008
18444757	2072864	-1	2305024	8896	0	0	8896
18446756	2424832	-1	227328	750	0	0	750
18455814	2154264	-1	1525760	5666	0	0	5851
18460756	1733064	-1	948204	4377	0	0	4377
18469756	1706488	-1	1231872	5775	0	0	5775
18478755	2403856	-1	677888	2256	0	0	2256
18487755	2192376	-1	1049600	3830	0	0	3830
18490755	-1	-1	0	0	0	0	0
18499755	2698776	-1	953344	2826	0	0	2826
18508755	-1	-1	0	0	0	0	0
18516756	2065376	-1	1095680	4244	0	0	4244
18526755	-1	-1	0	0	0	0	0
18531755	-1	-1	0	0	0	0	0
18537756	-1	-1	0	0	0	0	0
18546764	2524632	-1	1831936	5805	0	0	5805
18554756	-1	-1	24576	63	0	0	63
18562755	1877480	-1	1104896	4708	0	0	4708
18571758	-1	-1	0	0	0	0	0
18580757	2691520	-1	1173504	3488	0	0	3488
18589756	-1	-1	0	0	0	0	0
18597755	-1	-1	0	0	0	0	0
18604755	-1	-1	0	0	0	0	0
18612755	2629040	-1	1359872	4138	0	0	4138
18620773	2957952	-1	630784	1706	0	0	1717
18624756	2328848	-1	1133568	3894	0	0	3894
18632757	2673608	-1	335872	1005	0	0	1005
18641756	-1	-1	0	0	0	0	0
18647755	-1	-1	0	0	0	0	0
18656756	2414744	-1	1690624	5601	0	0	5601
18662755	2211024	-1	222208	804	0	0	804
18671755	1677896	-1	1122304	5351	0	0	5372
18677755	2101416	-1	1158144	4409	0	0	4409
18686756	-1	-1	0	0	0	0	0
18691755	-1	-1	0	0	0	0	0
18700755	2057328	-1	1354752	5268	0	0	5306
18709755	2167008	-1	1519616	5610	0	0	5610
18713757	2313432	-1	1122304	3881	0	0	3881
18722755	-1	-1	53248	210	0	0	210
18728755	2577488	-1	1556480	4831	0	0	4831
18738755	3158360	-1	524288	1328	0	0	1342
18742756	2356240	-1	814080	2764	0	0	2764
18750755	-1	-1	0	0	0	0	0
18760756	2254560	-1	1215488	4313	0	0	4313
18769756	-1	-1	0	0	0	0	0
18776755	2154888	-1	1027072	3813	0	0	3813
18779756	-1	-1	0	0	0	0	0
18788755	2811336	-1	868352	2471	0	0	2471
18794756	-1	-1	0	0	0	0	0
18803756	-1	-1	0	0	0	0	0
18811756	2064472	-1	385024	1492	0	0	1636
18815756	2508272	-1	1008640	3217	0	0	3217
18821756	-1	-1	0	0	0	0	0
18828756	2230952	-1	1476612	5295	0	0	5295
18838755	2196288	-1	140288	511	0	0	511
18843755	-1	-1	0	0	0	0	0
18852755	-1	-1	98304	158	0	0	187
18857757	2268656	-1	1402880	4947	0	0	5001
18866759	3031040	-1	189440	500	0	0	500
18872756	2077376	-1	1122304	4322	0	0	4322
18879755	-1	-1	0	0	0	0	0
18885755	2107560	-1	824320	3129	0	0	3129
18892755	-1	-1	0	0	0	0	0
18899756	2356584	-1	1593344	5409	0	0	5409
18908756	-1	-1	0	0	0	0	0
18913755	-1	-1	0	0	0	0	0
18920755	-1	-1	0	0	0	0	0
18929756	2281424	-1	1613824	5659	0	0	5717
18931756	2227392	-1	549888	1975	0	0	1999
18940755	2346400	-1	2532352	8634	0	0	8634
18946796	-1	-1	131072	182	0	0	183
18951755	2315960	-1	1431552	4945	0	0	4945
18958756	2264144	-1	429056	1516	0	0	1516
18963756	2548056	-1	1024000	3215	0	0	3215
18972755	-1	-1	0	0	0	0	0
18981755	2359112	-1	1452032	4924	0	0	4924
18990756	2227104	-1	146432	526	0	0	526
18999756	2718512	-1	1603584	4719	0	0	4719
19006760	-1	-1	0	0	0	0	0
19013756	2216312	-1	1547264	5585	0	0	5585
19022756	2630728	-1	997376	3033	0	0	3033
19030755	-1	-1	0	0	0	0	0
19037755	-1	-1	0	0	0	0	0
19043756	2500680	-1	1670144	5343	0	0	5415
19050755	2625256	-1	535552	1632	0	0	1632
19059755	2823072	-1	1136640	3221	0	0	3221
19068765	-1	-1	0	0	0	0	0
19075756	2375312	-1	1460224	4918	0	0	4918
19084755	2237240	-1	136192	487	0	0	487
19093755	-1	-1	0	0	0	0	0
19102755	2546776	-1	1318912	4143	0	0	4171
19103755	2201600	-1	264192	960	0	0	999
19112756	2507496	-1	1837056	5861	0	0	5861
19120755	2396384	-1	1595392	5326	0	0	5326
19129756	1893880	-1	305152	1289	0	0	1289
19137756	2126224	-1	883712	3325	0	0	3325
19146758	-1	-1	0	0	0	0	0
19154756	2204184	-1	1409024	5114	0	0	5206
19163755	2292896	-1	2181120	7610	0	0	7610
19170755	2129576	-1	1269760	4770	0	0	4770
19180756	2272152	-1	417792	1471	0	0	1471
19188756	2079888	-1	1302528	5010	0	0	5011
19194756	2095288	-1	1174932	4486	0	0	4486
19203758	2112816	-1	1343488	5087	0	0	5101
19210758	2159088	-1	1870848	6932	0	0	6932
19215767	2188448	-1	1336320	4885	0	0	4885
19225756	2078568	-1	348160	1340	0	0	1340
19234755	1840592	-1	956416	4157	0	0	4157
19238755	-1	-1	0	0	0	0	0
19247756	2231456	-1	1220608	4376	0	0	4376
19255756	-1	-1	0	0	0	0	0
19263756	2537144	-1	1704960	5376	0	0	5376
19272757	-1	-1	0	0	0	0	0
19281756	-1	-1	0	0	0	0	0
19286760	-1	-1	0	0	0	0	0
19295756	2767568	-1	1280000	3700	0	0	3700
19297755	-1	-1	0	0	0	0	0
19306756	2669344	-1	1634304	4898	0	0	4898
19315755	-1	-1	25600	99	0	0	99
19324755	2499184	-1	1175552	3763	0	0	3763
19330755	-1	-1	0	0	0	0	0
19338756	1931552	-1	781312	3236	0	0	3236
19347760	3370480	-1	677888	1609	0	0	1690
19351759	2324416	-1	189440	652	0	0	652
19360755	2580928	-1	947200	2936	0	0	2936
19362755	1963136	-1	491520	2003	0	0	2003
19370757	1815376	-1	407552	1796	0	0	1796
19379755	-1	-1	0	0	0	0	0
19384755	-1	-1	0	0	0	0	0
19391756	2171232	-1	1303552	4803	0	0	4967
19400756	2015088	-1	564224	2240	0	0	2240
19409773	-1	-1	0	0	0	0	0
19411756	-1	-1	0	0	0	0	0
19420760	2093456	-1	872448	3334	0	0	3334
19422763	-1	-1	0	0	0	0	0
19431755	2425504	-1	1361920	4492	0	0	4492
19438755	-1	-1	0	0	0	0	0
19447760	2133016	-1	1368064	5131	0	0	5201
19454757	2394784	-1	1538048	5138	0	0	5138
19463755	-1	-1	0	0	0	0	0
19471755	2251504	-1	532480	1892	0	0	1900
19474757	2385536	-1	884736	2967	0	0	3001
19483759	2392560	-1	2685952	8981	0	0	8981
19486761	2147288	-1	802816	2991	0	0	2991
19494756	2884304	-1	1243136	3448	0	0	3448
19498756	2382488	-1	1172480	3937	0	0	4000
19507756	2194776	-1	2457600	8958	0	0	8958
19516755	2320720	-1	2616320	9019	0	0	9019
19526756	2506824	-1	1016832	3245	0	0	3245
19535756	2578992	-1	1816576	5635	0	0	5635
19544766	-1	-1	0	0	0	0	0
19550761	-1	-1	0	0	0	0	0
19556764	-1	-1	0	0	0	0	0
19565756	2281496	-1	1463296	5131	0	0	5233
19574756	2211464	-1	2450580	8865	0	0	8865
19582755	2421240	-1	1159168	3830	0	0	3830
19589756	-1	-1	0	0	0	0	0
19595756	2301856	-1	1409024	4897	0	0	4897
19605755	2976296	-1	318464	856	0	0	856
19615757	2412336	-1	1489920	4941	0	0	4941
19624834	2214752	-1	350208	1265	0	0	1265
19629759	2443168	-1	1508352	4939	0	0	4939
19636759	2797272	-1	229376	656	0	0	656
19645756	-1	-1	0	0	0	0	0
19651755	-1	-1	0	0	0	0	0
19657755	2447992	-1	1486848	4859	0	0	4859
19666755	2591192	-1	1414144	4366	0	0	4366
19670756	2665616	-1	1230848	3694	0	0	3694
19677759	-1	-1	0	0	0	0	0
19686757	2584912	-1	1095680	3391	0	0	3391
19694763	-1	-1	0	0	0	0	0
19704761	2363480	-1	1630208	5518	0	0	5526
19711756	2382960	-1	781312	2623	0	0	2623
19720756	-1	-1	0	0	0	0	0
19725756	-1	-1	0	0	0	0	0
19733755	2874688	-1	1887232	5252	0	0	5378
19742755	2197160	-1	950272	3460	0	0	3460
19750755	2330344	-1	1633280	5607	0	0	5607
19757756	1877936	-1	401408	1710	0	0	1710
19762756	2185448	-1	1302528	4768	0	0	4799
19770761	2174792	-1	1005568	3699	0	0	3699
19779755	2715096	-1	1606656	4734	0	0	4734
19784756	-1	-1	0	0	0	0	0
19794755	2315712	-1	1335296	4613	0	0	4613
19801755	-1	-1	0	0	0	0	0
19811756	2436056	-1	1701888	5589	0	0	5589
19818756	2034240	-1	1135616	4466	0	0	4466
19826756	2776728	-1	1728512	4980	0	0	4980
19835762	2700432	-1	396288	1174	0	0	1174
19843763	-1	-1	0	0	0	0	0
19849755	-1	-1	0	0	0	0	0
19856756	2498400	-1	1718272	5502	0	0	5502
19862755	3890512	-1	290816	598	0	0	598
19867782	2379424	-1	1137664	3825	0	0	3825
19877755	-1	-1	0	0	0	0	0
19882755	2983592	-1	1067008	2861	0	0	2861
19892756	-1	-1	0	0	0	0	0
19900757	2283664	-1	1426432	4997	0	0	4997
19909758	2352896	-1	418816	1424	0	0	1424
19918755	2502240	-1	901120	2881	0	0	2881
19927755	-1	-1	0	0	0	0	0
19936756	2364608	-1	1064960	3603	0	0	3603
19945756	-1	-1	0	0	0	0	0
19953756	2534848	-1	1038336	3277	0	0	-1
19959756	-1	-1	0	0	0	0	-1
19965756	2209672	-1	1158144	4193	0	0	-1
19974764	2526504	-1	439296	1391	0	0	-1
19983755	2748032	-1	1242112	3616	0	0	-1
19989756	-1	-1	0	0	0	0	-1
19998755	-1	-1	0	0	0	0	-1
20006755	-1	-1	0	0	0	0	-1
20011755	2411712	-1	1453056	4820	0	0	-1
20016756	-1	-1	0	0	0	0	-1
20022935	1838880	-1	1089536	4740	0	0	8914
20027935	2728768	-1	491520	1441	0	0	1441
20036934	-1	-1	0	0	0	0	0
20045934	2921704	-1	746496	2044	0	0	2044
20053935	-1	-1	0	0	0	0	0
20060934	2336184	-1	701440	2402	0	0	2402
20067934	-1	-1	0	0	0	0	0
20076934	2802776	-1	902144	2575	0	0	2575
20084934	-1	-1	0	0	0	0	0
20088934	-1	-1	0	0	0	0	0
20096934	-1	-1	32768	420	0	0	475
20101935	2001864	-1	1232896	4927	0	0	5000
20107935	2172552	-1	705536	2598	0	0	2598
20116935	-1	-1	0	0	0	0	0
20122935	-1	-1	0	0	0	0	0
20129959	2117944	-1	1333248	5036	0	0	5168
20137934	2363240	-1	854016	2891	0	0	2891
20147935	2096272	-1	1311744	5006	0	0	5006
20153935	-1	-1	37888	173	0	0	173
20161934	2602360	-1	1128448	3469	0	0	3469
20170935	-1	-1	0	0	0	0	0
20179934	-1	-1	0	0	0	0	0
20188936	-1	-1	0	0	0	0	0
20194935	2322888	-1	1460224	5029	0	0	5139
20203935	2176960	-1	1158144	4256	0	0	4256
20211935	2006816	-1	885760	3531	0	0	3531
20220934	-1	-1	0	0	0	0	0
20229934	2047104	-1	907124	3545	0	0	3545
20236935	-1	-1	0	0	0	0	0
20246934	-1	-1	0	0	0	0	0
20248935	-1	-1	0	0	0	0	0
20257939	1440184	-1	873472	4852	0	0	4962
20260940	2293216	-1	347136	1211	0	0	1211
20269934	2485096	-1	1499136	4826	0	0	4826
20278935	-1	-1	53248	157	0	0	157
20284935	2635640	-1	1003520	3046	0	0	3046
20293934	-1	-1	0	0	0	0	0
20302935	2492624	-1	1304576	4187	0	0	4187
20308934	-1	-1	0	0	0	0	0
20317934	-1	-1	0	0	0	0	0
20326939	2209520	-1	458752	1661	0	0	1728
20330939	1829184	-1	905216	3959	0	0	3959
20338934	2576496	-1	929792	2887	0	0	2887
20341934	2088600	-1	658432	2522	0	0	2522
20350934	-1	-1	0	0	0	0	0
20357934	2733032	-1	788480	2308	0	0	2308
20364934	-1	-1	0	0	0	0	0
20373935	2206480	-1	1112064	4032	0	0	4032
20376934	-1	-1	0	0	0	0	0
20385934	-1	-1	0	0	0	0	0
20386934	-1	-1	0	0	0	0	0
20395935	2074000	-1	1347584	5198	0	0	5198
20404934	2379344	-1	772096	2596	0	0	2596
20407934	-1	-1	0	0	0	0	0
20416934	-1	-1	0	0	0	0	0
20422934	2353184	-1	1283072	4362	0	0	4362
20427934	-1	-1	0	0	0	0	0
20433934	2840928	-1	1046528	2947	0	0	2947
20441935	-1	-1	0	0	0	0	0
20449934	2235536	-1	1077248	3855	0	0	3855
20458934	-1	-1	0	0	0	0	0
20466935	2441976	-1	1440768	4720	0	0	4720
20474934	-1	-1	0	0	0	0	0
20481934	-1	-1	0	0	0	0	0
20490934	2369416	-1	360448	1217	0	0	1245
20494935	2026088	-1	994304	3926	0	0	3926
20503934	2418568	-1	1192960	3946	0	0	3946
20512935	-1	-1	0	0	0	0	0
20518934	-1	-1	0	0	0	0	0
20527934	2642480	-1	1779712	5388	0	0	5388
20535939	2919624	-1	701440	1922	0	0	1922
20539936	2303600	-1	920576	3197	0	0	3197
20548934	2031960	-1	778240	3064	0	0	3332
20550934	1745720	-1	499712	2290	0	0	2290
20559934	2338984	-1	432128	1478	0	0	1478
20563934	-1	-1	0	0	0	0	0
20569934	-1	-1	0	0	0	0	0
20578934	2345856	-1	1689600	5762	0	0	5762
20585935	2552688	-1	357376	1120	0	0	1120
20593934	-1	-1	0	0	0	0	0
20598934	-1	-1	0	0	0	0	0
20604962	2228200	-1	1342492	4820	0	0	4820
20611939	2670552	-1	712704	2135	0	0	2135
20621934	2813104	-1	1991680	5664	0	0	5664
20630934	2125456	-1	302080	1137	0	0	1137
20637934	-1	-1	0	0	0	0	0
20642934	-1	-1	0	0	0	0	0
20651935	2287736	-1	1570816	5493	0	0	5493
20656934	2785816	-1	534528	1535	0	0	1535
20661934	1953592	-1	1191936	4881	0	0	4881
20670945	2473304	-1	193536	626	0	0	626
20675937	2433152	-1	1487872	4892	0	0	4892
20684934	-1	-1	0	0	0	0	0
20693934	2418608	-1	1600512	5294	0	0	5294
20702934	-1	-1	0	0	0	0	0
20711934	2468552	-1	1661952	5386	0	0	5386
20719934	-1	-1	0	0	0	0	0
20724934	-1	-1	0	0	0	0	0
20730934	-1	-1	0	0	0	0	0
20737934	2342264	-1	1619968	5533	0	0	5612
20746942	1977928	-1	1011712	4092	0	0	4092
20755934	2469144	-1	1620992	5252	0	0	5252
20763934	2187776	-1	368640	1348	0	0	1348
20769934	-1	-1	0	0	0	0	0
20773934	-1	-1	0	0	0	0	0
20782934	2334088	-1	1474560	5054	0	0	5061
20792963	2176528	-1	2692096	9895	0	0	9895
20795934	1991248	-1	745472	2995	0	0	2995
20804934	2036528	-1	1500160	5893	0	0	5893
20811934	2469288	-1	1709056	5537	0	0	5537
20819937	2126464	-1	339968	1279	0	0	1279
20825934	2325512	-1	1581056	5439	0	0	5443
20834935	2357696	-1	724992	2460	0	0	2460
20841934	2176928	-1	1543168	5671	0	0	5671
20850934	2251904	-1	1798144	6388	0	0	6388
20856934	2611992	-1	1630208	4993	0	0	5016
20865934	2242576	-1	2162688	7715	0	0	7715
20871936	2181016	-1	1523712	5589	0	0	5589
20879942	2306296	-1	964608	3346	0	0	3346
20889934	2263104	-1	1529856	5408	0	0	5408
20899934	2694576	-1	1376256	4086	0	0	4086
20903934	2316672	-1	1134592	3918	0	0	3918
20911934	2050456	-1	214016	835	0	0	835
20920933	2101832	-1	1299456	4946	0	0	4946
20929934	2321024	-1	920576	3173	0	0	3173
20939934	-1	-1	0	0	0	0	0
20942934	-1	-1	0	0	0	0	0
20950943	2204800	-1	1418240	5146	0	0	5278
20959941	2291304	-1	2251776	7862	0	0	7862
20967934	2355816	-1	1182620	4016	0	0	4016
20973934	-1	-1	0	0	0	0	0
20981934	1773352	-1	1092608	4929	0	0	5011
20990934	2028352	-1	1691648	6672	0	0	6672
20997934	-1	-1	0	0	0	0	0
21000934	-1	-1	0	0	0	0	0
21009935	2192360	-1	1376256	5022	0	0	5060
21018973	1962544	-1	1910784	7789	0	0	7789
21027961	-1	-1	0	0	0	0	0
21032942	-1	-1	0	0	0	0	45
21037934	2092272	-1	1306624	4996	0	0	4996
21045934	2359184	-1	834560	2830	0	0	2830
21054934	2183344	-1	1499136	5493	0	0	5525
21063934	2501192	-1	851968	2725	0	0	2725
21072963	-1	-1	0	0	0	0	0
21078074	-1	-1	0	0	0	0	0
21086935	2165896	-1	1443840	5333	0	0	5333
21095941	1717872	-1	889856	4144	0	0	4144
21102935	2305808	-1	1426432	4949	0	0	4949
21108934	-1	-1	80896	274	0	0	274
21115934	2048664	-1	791552	3091	0	0	3091
21119934	-1	-1	0	0	0	0	0
21128935	2511736	-1	1582080	5039	0	0	5039
21137935	2674072	-1	322560	965	0	0	965
21144934	2561592	-1	1235968	3860	0	0	3860
21152936	-1	-1	0	0	0	0	0
21161937	2204096	-1	1323008	4802	0	0	4802
21171941	-1	-1	0	0	0	0	0
21177937	-1	-1	0	0	0	0	0
21182934	-1	-1	0	0	0	0	0
21188935	2041864	-1	1447936	5673	0	0	5787
21197934	2416880	-1	467968	1549	0	0	1549
21206934	2252848	-1	1157120	4109	0	0	4109
21215934	-1	-1	0	0	0	0	0
21223940	1936040	-1	1137664	4701	0	0	4701
21233953	-1	-1	0	0	0	0	0
21239936	2324760	-1	1139712	3922	0	0	3922
21248937	-1	-1	0	0	0	0	0
21257934	2250112	-1	1393664	4955	0	0	4955
21267934	2178720	-1	409600	1504	0	0	1504
21275935	1952336	-1	768000	3147	0	0	3147
21284934	-1	-1	0	0	0	0	0
21293934	2117456	-1	928768	3509	0	0	3509
21299935	-1	-1	0	0	0	0	0
21308937	2101664	-1	1243136	4732	0	0	4732
21317937	-1	-1	0	0	0	0	0
21323935	-1	-1	0	0	0	0	0
21332934	2382640	-1	1275904	4284	0	0	4284
21333934	2335832	-1	166720	571	0	0	571
21342934	-1	-1	0	0	0	0	0
21348934	1989504	-1	1314816	5287	0	0	5287
21355934	3126856	-1	175104	448	0	0	448
21359935	-1	-1	0	0	0	0	0
21367937	2051944	-1	532480	2076	0	0	2083
21370935	2117528	-1	787456	2975	0	0	2975
21379950	2107592	-1	516096	1959	0	0	1959
21386935	2519632	-1	1210368	3843	0	0	3843
21395938	-1	-1	0	0	0	0	0
21401934	-1	-1	0	0	0	0	0
21407934	1936792	-1	869376	3591	0	0	3666
21409934	2356424	-1	565248	1919	0	0	1999
21418934	2147680	-1	970752	3616	0	0	3616
21427935	-1	-1	0	0	0	0	0
21433935	3250792	-1	204800	504	0	0	604
21438941	2234512	-1	1251328	4480	0	0	4480
21447939	2036632	-1	229376	901	0	0	939
21451939	2580728	-1	1163264	3606	0	0	3606
21460934	-1	-1	0	0	0	0	0
21469934	-1	-1	0	0	0	0	0
21472935	-1	-1	0	0	0	0	0
21481934	2224728	-1	1511424	5435	0	0	5435
21490935	1997880	-1	295936	1185	0	0	1185
21499935	2191768	-1	1510400	5513	0	0	5513
21507947	-1	-1	110592	255	0	0	255
21513934	2291720	-1	1379328	4815	0	0	4815
21523934	2225384	-1	1130496	4064	0	0	4064
21525936	2315952	-1	440320	1521	0	0	1521
21534935	-1	-1	0	0	0	0	0
21543934	-1	-1	0	0	0	0	0
21551934	-1	-1	0	0	0	0	0
21560934	2501904	-1	1821696	5825	0	0	5825
21564935	2478408	-1	134144	433	0	0	433
21573942	-1	-1	0	0	0	0	0
21579937	-1	-1	0	0	0	0	0
21588934	2475960	-1	1629184	5264	0	0	5264
21593935	1904336	-1	291840	1226	0	0	1226
21602935	2016472	-1	1408000	5586	0	0	5586
21611934	1785576	-1	168960	757	0	0	757
21620934	3054720	-1	1357824	3556	0	0	3556
21630934	-1	-1	0	0	0	0	0
21639940	2193512	-1	1451008	5292	0	0	5292
21647938	-1	-1	0	0	0	0	0
21656940	2196536	-1	1336320	4867	0	0	4867
21663938	2116896	-1	1234944	4667	0	0	4667
21673934	-1	-1	0	0	0	0	0
21681934	-1	-1	0	0	0	0	0
21689934	2283608	-1	1548288	5424	0	0	5424
21696934	2101888	-1	1187040	4518	0	0	4518
21700937	2476752	-1	582656	1882	0	0	1882
21708940	-1	-1	0	0	0	0	0
21718940	2751136	-1	1192960	3469	0	0	3469
21727934	3428040	-1	139264	325	0	0	340
21732941	2230960	-1	1223680	4388	0	0	4388
21741935	-1	-1	0	0	0	0	0
21750935	2095296	-1	1349632	5153	0	0	5153
21758934	1616224	-1	283648	1404	0	0	1404
21767934	-1	-1	0	0	0	0	0
21769934	-1	-1	0	0	0	0	0
21778934	2368840	-1	1716224	5796	0	0	5796
21787938	-1	-1	21504	39	0	0	39
21793935	2469832	-1	1509376	4889	0	0	4889
21802942	-1	-1	0	0	0	0	0
21811934	-1	-1	0	0	0	0	0
21817935	1587600	-1	204800	1032	0	0	1068
21821934	2273824	-1	1121280	3945	0	0	3998
21830934	1824488	-1	564224	2474	0	0	2474
21837934	2172160	-1	1258496	4635	0	0	4635
21846935	-1	-1	19456	103	0	0	103
21855938	2062304	-1	775168	3007	0	0	3007
21862934	-1	-1	0	0	0	0	37
21867938	2544192	-1	1555456	4891	0	0	4891
21876934	-1	-1	0	0	0	0	0
21885935	-1	-1	0	0	0	0	0
21890934	-1	-1	0	0	0	0	0
21899933	1972800	-1	1262592	5120	0	0	5196
21908934	2356416	-1	696320	2364	0	0	2364
21916940	2056024	-1	918528	3574	0	0	3574
21925939	-1	-1	0	0	0	0	0
21929935	-1	-1	0	0	0	0	0
21938937	2689504	-1	401408	1194	0	0	1212
21942934	2392744	-1	1167360	3903	0	0	3903
21950940	1653720	-1	486400	2353	0	0	2353
21957935	-1	-1	0	0	0	0	0
21960935	-1	-1	0	0	0	0	0
21969934	2680816	-1	1743872	5204	0	0	5204
21976933	-1	-1	35840	134	0	0	134
21984935	-1	-1	0	0	0	0	0
21993939	2272048	-1	737280	2596	0	0	2754
21996937	2322168	-1	756736	2607	0	0	2607
22005940	-1	-1	0	0	0	0	0
22015934	3009240	-1	914432	2431	0	0	2431
22024934	-1	-1	0	0	0	0	0
22031934	2671344	-1	1629184	4879	0	0	4879
22040934	-1	-1	0	0	0	0	0
22049935	2843504	-1	1118208	3146	0	0	3146
22056935	-1	-1	0	0	0	0	0
22061940	-1	-1	0	0	0	0	0
22069936	-1	-1	0	0	0	0	0
22076934	2653336	-1	1707088	5147	0	0	5147
22083934	3073384	-1	284672	741	0	0	741
22090934	-1	-1	0	0	0	0	0
22097934	4664480	-1	327680	562	0	0	580
22102934	1958064	-1	1220608	4987	0	0	4987
22110933	2103264	-1	643072	2446	0	0	2446
22118936	-1	-1	0	0	0	0	0
22127937	-1	-1	0	0	0	0	0
22133937	2303808	-1	1558528	5412	0	0	5541
22137934	2175872	-1	1097728	4036	0	0	4036
22147935	2308384	-1	2056192	7126	0	0	7126
22155934	-1	-1	108544	458	0	0	458
22164934	2266576	-1	1550336	5472	0	0	5472
22173934	-1	-1	0	0	0	0	0
22183934	2241352	-1	1338368	4777	0	0	4777
22191934	-1	-1	37888	147	0	0	147
22200939	2162536	-1	1053696	3898	0	0	3898
22208934	-1	-1	0	0	0	0	0
22215935	2672848	-1	1309696	3920	0	0	3920
22225934	-1	-1	0	0	0	0	0
22228934	-1	-1	0	0	0	0	0
22235934	-1	-1	0	0	0	0	0
22244934	2289640	-1	1433600	5009	0	0	5009
22253935	1941408	-1	438272	1806	0	0	1806
22257935	2452176	-1	1018880	3324	0	0	3324
22264934	-1	-1	0	0	0	0	0
22273936	-1	-1	0	0	0	0	0
22278935	-1	-1	0	0	0	0	0
22287935	2321696	-1	1637376	5642	0	0	5642
22295934	2582696	-1	262144	812	0	0	812
22304934	2150984	-1	1085440	4037	0	0	4037
22309934	-1	-1	0	0	0	0	0
22318934	1936952	-1	1152000	4758	0	0	4758
22327935	1840624	-1	311296	1353	0	0	1353
22337934	2270240	-1	996352	3511	0	0	3511
22346937	-1	-1	0	0	0	0	0
22355934	2272336	-1	1125376	3962	0	0	3962
22364934	-1	-1	0	0	0	0	0
22371935	2064032	-1	1252352	4854	0	0	4854
22381934	-1	-1	97280	316	0	0	316
22383934	-1	-1	0	0	0	0	0
22392935	-1	-1	0	0	0	0	0
22398935	1829736	-1	1120256	4898	0	0	4979
22406934	2186480	-1	844800	3091	0	0	3091
22415935	2232872	-1	794624	2847	0	0	2847
22422934	-1	-1	0	0	0	0	0
22431934	2309000	-1	1508352	5226	0	0	5226
22440934	-1	-1	0	0	0	0	0
22449934	2384040	-1	1171456	3931	0	0	-1
22454934	-1	-1	0	0	0	0	-1
22463933	1508904	-1	808960	4289	0	0	-1
22473934	1850952	-1	1070080	4625	0	0	-1
22480938	-1	-1	0	0	0	0	-1
22483937	-1	-1	0	0	0	0	-1
22492939	1826744	-1	1122304	4915	0	0	-1
22499935	1808024	-1	1325056	5863	0	0	-1
22503934	-1	-1	0	0	0	0	-1
22512934	2769808	-1	942080	2721	0	0	-1
22515934	2059520	-1	778240	3023	0	0	-1
22522361	2388528	-1	1777664	5954	0	0	13350
22523360	2371152	-1	294912	995	0	0	995
22532360	2466896	-1	951296	3085	0	0	3085
22541360	-1	-1	0	0	0	0	0
22550360	-1	-1	0	0	0	0	0
22557360	2525288	-1	1745920	5531	0	0	5531
22565362	2300168	-1	249856	869	0	0	869
22574361	2344384	-1	1439744	4913	0	0	4913
22582360	2602288	-1	740352	2276	0	0	2276
22591359	2655456	-1	1301504	3921	0	0	3921
