6754	12076568	-1	7369728	4882	0	0	5270
17484	14734784	131000	3906560	2121	162816	9943	2184
26485	-1	1496304	0	0	1680384	8984	0
35482	-1	1587640	0	0	1798144	9060	0
40482	-1	1782368	8192	214	1113088	4996	332
48484	-1	1886280	0	0	1884160	7991	0
57484	-1	1950304	0	0	2177024	8930	0
63483	-1	1910592	0	0	1444864	6049	0
67514	-1	2298896	0	0	1157120	4026	0
76484	-1	2242856	0	0	1831936	6534	0
84485	-1	-1	0	0	0	0	0
94486	-1	-1	0	0	0	0	0
102485	-1	-1	0	0	0	0	0
111483	-1	-1	0	0	0	0	0
114485	-1	-1	0	0	0	0	0
123483	-1	-1	0	0	0	0	0
131483	-1	-1	0	0	0	0	0
135483	-1	-1	0	0	0	0	0
141483	-1	-1	0	0	0	0	0
151483	-1	-1	0	0	0	0	0
157488	-1	-1	0	0	84992	83441	0
163485	-1	-1	0	0	89088	5947	0
171485	17507376	-1	2074624	948	114688	8054	948
180485	-1	845304	0	0	950272	8993	0
188483	11966744	1569480	1373184	918	1565696	7980	918
197483	-1	1696840	0	0	1911808	9013	0
202482	-1	474960	0	0	162816	2742	0
208482	-1	1018704	0	0	972800	7639	0
214492	-1	2555144	0	0	1920000	6011	0
222483	-1	3312304	0	0	3316736	8010	0
231482	-1	3468472	0	0	3886080	8963	0
239484	-1	3374368	0	0	3384320	8023	0
244486	-1	3829464	0	0	2361344	4933	0
253484	-1	1019232	0	0	1154048	9058	0
262483	-1	801928	0	0	901120	8989	0
269483	-1	555120	0	0	462848	6670	0
279483	-1	448120	0	0	558080	9963	0
287483	-1	388240	0	0	282624	5823	0
292482	-1	186872	0	0	161792	6926	0
301482	-1	243008	0	0	288768	9506	0
310482	-1	417304	0	0	459776	8814	0
318483	-1	402864	0	0	416768	8276	0
327485	-1	281112	0	0	317440	9033	0
336485	-1	604480	0	0	679936	8998	0
341484	-1	1142808	0	0	665600	4659	0
350510	-1	597416	0	0	699392	9365	0
355482	-1	1267600	0	0	780288	4924	0
362482	-1	732776	0	0	552960	6036	0
367482	-1	-1	0	0	74752	5939	0
373482	-1	440960	0	0	333824	6056	0
379482	-1	527312	0	0	396288	6012	0
384482	-1	555760	0	0	346112	4982	0
393483	-1	604128	0	0	680960	9017	0
403483	-1	628480	0	0	505856	6439	0
412485	-1	-1	0	0	0	0	0
421485	-1	-1	0	0	0	0	0
431484	-1	-1	0	0	0	0	0
437482	-1	-1	0	0	0	0	0
441483	-1	-1	0	0	0	0	0
449484	-1	-1	0	0	0	0	0
457483	2188208	-1	1546240	5653	0	0	5653
466482	2245864	-1	787456	2805	0	0	2805
472482	4226008	-1	1248256	2363	12288	72557	2363
481482	-1	471352	0	0	529408	8985	0
490484	3510856	541352	2365440	5390	609280	9003	5390
496486	3262640	843352	1982464	4861	618496	5866	4861
502487	1873040	652104	940032	4015	465920	5715	4015
509484	-1	799920	0	0	720896	7209	0
517483	2781232	628432	281600	810	633856	8069	810
526483	4802720	861272	988160	1646	971776	9026	1646
529483	-1	794120	0	0	305152	3074	0
538483	-1	644384	0	0	714752	8873	0
547483	4280680	657632	2515968	4702	748544	9105	4702
551483	-1	-1	0	0	89088	2047	0
560484	4963960	366040	1730560	2789	502784	10988	2789
563514	-1	627152	0	0	208896	2664	0
571486	-1	485184	0	0	492544	8121	0
580486	3520440	382048	967680	2199	433152	9070	2199
583488	-1	684536	52224	474	265216	3099	474
590484	-1	320952	0	0	250880	6253	0
598483	982584	386224	352256	2868	392192	8123	2868
603483	1009912	297744	495616	3926	197632	5310	3926
612482	1350152	338304	849920	5036	384000	9080	5036
621482	1417640	365872	948224	5351	415744	9090	5351
631482	-1	664760	0	0	800768	9636	0
635483	-1	488272	0	0	264192	4328	0
644482	1550232	375048	975872	5036	414720	8846	5036
645482	-1	-1	0	0	54272	1166	0
654486	1010528	311792	614400	4864	339968	8722	4864
657486	999904	661008	339968	2720	239616	2900	2720
666484	777248	406768	901120	9275	476160	9364	9275
673484	1176728	565216	1015808	6906	484352	6855	6906
682484	1430880	585552	1628160	9103	670720	9163	9103
690483	4131264	475312	1679360	3252	196608	3309	3252
699483	3142160	-1	2126848	5415	0	0	5415
709483	-1	-1	0	0	0	0	0
717491	2277536	-1	1437696	5050	0	0	5176
727482	3499096	-1	522240	1194	0	0	1194
736486	2967352	-1	1099776	2965	0	0	2965
744485	-1	-1	0	0	0	0	0
750485	2096576	-1	950272	3626	0	0	3626
760484	-1	-1	0	0	0	0	0
769484	2524240	-1	822272	2606	0	0	2606
776483	-1	-1	0	0	0	0	0
785483	2774056	-1	982016	2832	0	0	2832
794482	-1	-1	0	0	0	0	0
803483	-1	-1	0	0	0	0	0
808483	-1	-1	0	0	0	0	0
814486	2757984	-1	1102848	3199	0	0	3199
823485	-1	-1	0	0	0	0	0
832487	1862080	-1	661504	2842	0	0	2842
841484	-1	-1	0	0	0	0	0
848484	2706848	-1	620544	1834	0	0	1834
853482	-1	-1	0	0	0	0	0
861483	1756688	-1	1018880	4640	0	0	4640
869484	-1	-1	0	0	0	0	0
878484	2815608	-1	690176	1961	0	0	1961
885483	-1	-1	0	0	0	0	0
892482	3426144	-1	319488	746	0	0	862
899483	1652240	-1	415744	2013	0	0	2013
908485	-1	-1	0	0	0	0	0
913485	-1	-1	0	0	0	0	0
922486	3278808	-1	1337344	3263	0	0	3263
926484	-1	-1	0	0	0	0	0
935482	1709632	-1	221184	1035	0	0	1660
942484	-1	-1	66560	4192	0	0	4192
951484	1995768	-1	939008	3764	0	0	3764
960482	-1	-1	0	0	0	0	0
968483	1816384	-1	1189276	5238	0	0	5238
974484	-1	-1	9216	2249	0	0	2249
983486	1663304	-1	1148928	5526	0	0	5526
992485	-1	-1	49152	128	0	0	181
997484	1854832	-1	902144	3891	0	0	3891
1005484	-1	-1	0	0	0	0	0
1014484	1699296	-1	422912	1991	0	0	1991
1022483	2154152	-1	212992	791	0	0	895
1027483	721112	-1	443392	4919	0	0	4919
1036483	-1	-1	24576	502	0	0	502
1045483	1954664	-1	841728	3445	0	0	3668
1050483	1017784	-1	712704	5602	0	0	5602
1059487	1257728	-1	961536	6116	0	0	6116
1068485	-1	-1	0	0	0	0	0
1075487	1277672	-1	614400	3847	0	0	3847
1080487	-1	-1	0	0	0	0	0
1089483	1885336	-1	492544	2090	0	0	2090
1094483	-1	-1	0	0	0	0	0
1103484	1800168	-1	1191936	5297	0	0	5297
1112483	1462224	-1	169984	930	0	0	930
1120482	1532496	-1	1007616	5260	0	0	5260
1129483	1367912	-1	1177600	6887	0	0	6887
1135484	1139680	-1	768000	5391	0	0	5391
1144483	2164280	-1	466944	1726	0	0	1759
1148483	1961552	-1	941056	3838	0	0	3838
1154485	1570520	-1	559104	2848	0	0	2848
1163483	1140768	-1	401408	2815	0	0	5220
1172484	429464	-1	301056	5608	0	0	5608
1179482	3284624	-1	688128	1676	0	0	1676
1187482	-1	-1	0	0	0	0	0
1196482	1127432	-1	685056	4861	0	0	4861
1205484	-1	-1	86016	943	0	0	943
1212482	1266224	-1	758784	4794	0	0	4794
1217482	-1	-1	0	0	0	0	0
1226483	2336296	-1	319488	1094	0	0	1109
1232486	1236800	-1	435200	2815	0	0	2815
1238487	1126128	-1	637952	4532	0	0	4532
1247483	1827360	-1	330752	1448	0	0	1448
1252484	-1	-1	0	0	0	0	0
1260487	1653584	-1	914432	4424	0	0	4424
1265483	2477608	-1	1293312	4176	0	0	4176
1272482	-1	-1	7168	3800	0	0	3800
1281483	-1	-1	0	0	0	0	0
1287484	-1	-1	98304	141	0	0	886
1292483	1937544	-1	1351680	5581	0	0	5581
1301483	1377816	-1	1036288	6017	0	0	6017
1310483	2077120	-1	1405952	5415	0	0	5415
1319488	1295080	-1	783360	4839	0	0	4839
1328485	1514032	-1	974848	5151	0	0	5167
1338483	1955256	-1	461440	1888	0	0	1888
1344482	2579608	-1	1515520	4700	0	0	4700
1353482	-1	-1	0	0	0	0	0
1362484	3132784	-1	1550336	3959	0	0	3959
1366482	-1	-1	0	0	0	0	0
1375482	3795464	-1	1603584	3380	0	0	3380
1384482	-1	-1	0	0	0	0	0
1394486	3975960	-1	1119232	2252	0	0	2252
1397485	-1	-1	0	0	0	0	0
1405485	2545512	-1	1191936	3746	0	0	3746
1413483	-1	-1	62464	197	0	0	197
1419484	-1	-1	0	0	0	0	0
1426482	7144672	-1	705536	790	0	0	1035
1430483	4033280	-1	428032	849	0	0	849
1439482	-1	-1	0	0	0	0	0
1446483	3355704	-1	2186240	5212	0	0	5212
1452483	4132904	-1	458752	888	0	0	888
1461483	5689136	-1	656384	923	0	0	923
1470484	-1	-1	0	0	0	0	0
1477486	3084640	-1	936960	2430	0	0	2430
1486484	-1	-1	0	0	0	0	0
1495483	1398984	-1	893952	5112	0	0	5112
1500484	-1	-1	0	0	0	0	0
1507483	2335648	-1	694272	2378	0	0	2378
1515482	4271824	-1	335872	629	0	0	725
1520482	2637368	-1	1505280	4566	0	0	4566
1530482	-1	-1	0	0	0	0	0
1539483	2558000	-1	1638400	5124	0	0	5124
1546483	4538344	-1	404480	713	0	0	713
1551482	4838704	-1	557056	921	0	0	1083
1560485	3154968	-1	355328	901	0	0	901
1566486	4557920	-1	1065984	1871	0	0	1871
1570488	-1	-1	0	0	0	0	0
1579485	-1	-1	0	0	0	0	0
1586484	3382064	-1	664576	1572	0	0	1572
1589483	-1	-1	78848	200	0	0	200
1598482	-1	-1	0	0	0	0	0
1607482	2358088	-1	866304	2939	0	0	2939
1616484	-1	-1	0	0	0	0	0
1623483	1577832	-1	533504	2705	0	0	2705
1632483	-1	-1	0	0	0	0	0
1639482	3271336	-1	980992	2399	0	0	2399
1648485	-1	-1	0	0	0	0	0
1655485	3128312	-1	888832	2273	0	0	2273
1663484	18382048	-1	188416	82	0	0	82
1672482	2973440	-1	1316864	3543	0	0	3543
1679482	-1	-1	0	0	0	0	0
1687482	4617312	-1	825344	1430	0	0	1430
1693483	-1	-1	0	0	0	0	0
