18897	840824	-1	1242112	11818	0	0	12001
27903	707480	-1	802816	9078	0	0	9078
36897	726160	-1	753664	8303	0	0	8994
45897	647840	-1	663552	8194	0	0	8999
55910	509360	-1	729088	11451	0	0	11451
63898	492560	-1	483328	7850	0	0	7988
68898	2193008	-1	1413120	5155	0	0	5155
77897	3597528	-1	1906688	4240	0	0	4240
83899	3908952	-1	738304	1511	0	0	1511
89905	-1	-1	0	0	0	0	0
96901	5315720	-1	959488	1444	0	0	1444
102902	-1	-1	0	0	0	0	0
111897	4756864	-1	726016	1221	0	0	1221
120905	-1	-1	0	0	0	0	0
127897	1631888	-1	513024	2515	0	0	2515
136903	-1	-1	0	0	0	0	0
141896	2662816	-1	977920	2938	0	0	2938
150906	-1	-1	0	0	0	0	0
157897	3320936	-1	1278976	3081	0	0	3081
167905	-1	-1	0	0	0	0	0
176901	2989232	-1	808960	2165	0	0	2165
184896	-1	-1	0	0	0	0	0
193903	3045072	-1	651264	1711	0	0	1711
195904	-1	-1	0	0	0	0	0
204898	-1	-1	0	0	0	0	0
211907	1365336	-1	188416	1104	0	0	1418
215896	3909992	-1	1054720	2158	0	0	2158
224904	-1	-1	0	0	0	0	0
261898	198912	-1	172032	6919	0	0	6919
269904	4628104	-1	2578432	4457	0	0	4457
279897	4473832	-1	533504	954	0	0	954
285904	-1	-1	0	0	0	0	0
294898	3770864	-1	1033216	2192	0	0	2192
303908	-1	-1	0	0	0	0	0
311900	2489728	-1	507904	1632	0	0	1632
313902	-1	-1	0	0	0	0	0
321896	4792496	-1	975872	1629	0	0	1629
328899	-1	-1	0	0	0	0	0
337912	3372016	-1	1051648	2495	0	0	2495
339896	-1	-1	0	0	0	0	0
348907	2930296	-1	701440	1915	0	0	1915
356900	-1	-1	0	0	0	0	0
365909	2139632	-1	992256	3710	0	0	3710
374903	-1	-1	0	0	0	0	0
381909	2088200	-1	904192	3464	0	0	3464
390903	-1	-1	0	0	0	0	0
502644	520440	-1	1413120	21722	0	0	46667
511637	-1	-1	0	0	0	0	0
519628	2828216	-1	1593344	4507	0	0	4507
528636	-1	-1	0	0	0	0	0
537631	-1	-1	0	0	0	0	0
538631	-1	-1	0	0	0	0	0
547642	2408752	-1	1312768	4360	0	0	4360
553634	-1	-1	0	0	0	0	0
562640	2888592	-1	643072	1781	0	0	1793
571636	-1	-1	0	0	0	0	0
580642	2873864	-1	1390592	3871	0	0	3871
589638	-1	-1	0	0	0	0	0
598631	2838904	-1	626688	1766	0	0	1766
604637	-1	-1	0	0	0	0	0
613631	-1	-1	0	0	0	0	0
621641	2714304	-1	736256	2170	0	0	2170
623641	-1	-1	0	0	0	0	0
631632	2594136	-1	642048	1980	0	0	1980
633635	-1	-1	0	0	0	0	0
642631	-1	-1	0	0	0	0	0
650640	2834008	-1	926720	2616	0	0	2616
657630	-1	-1	0	0	0	0	0
666640	2979176	-1	1051648	2824	0	0	2824
675633	-1	-1	0	0	0	0	0
683628	3283824	-1	1053696	2567	0	0	2567
692636	-1	-1	0	0	0	0	0
696640	-1	-1	0	0	0	0	0
705633	2546600	-1	486400	1528	0	0	1697
709634	2216152	-1	732160	2643	0	0	2643
716640	2533488	-1	434176	1371	0	0	1416
720632	2789304	-1	454656	1304	0	0	1304
726638	-1	-1	0	0	0	0	0
735633	2677104	-1	750592	2243	0	0	2243
744641	-1	-1	0	0	0	0	0
753636	2708472	-1	1166336	3445	0	0	3445
761636	-1	-1	0	0	0	0	0
769637	-1	-1	0	0	0	0	0
776627	-1	-1	0	0	0	0	0
783632	2613192	-1	1609728	4928	0	0	5067
792642	2924192	-1	701440	1919	0	0	1919
802636	-1	-1	0	0	0	0	0
809631	-1	-1	0	0	0	0	0
818631	2876072	-1	1809408	5033	0	0	5033
827633	3954032	-1	385024	779	0	0	779
837641	-1	-1	0	0	0	0	0
838641	-1	-1	0	0	0	0	0
967734	254024	-1	1252352	39440	0	0	39440
976745	4766256	-1	524288	880	0	0	880
986734	-1	-1	0	0	0	0	0
987741	-1	-1	0	0	0	0	0
996737	3307464	-1	1391616	3366	0	0	3366
1005746	-1	-1	0	0	0	0	0
1015741	3605760	-1	922624	2047	0	0	2047
1022748	-1	-1	0	0	0	0	0
1031737	3300864	-1	1292288	3132	0	0	3132
1040737	-1	-1	0	0	0	0	0
1049745	2695840	-1	1056768	3136	0	0	3136
1058738	-1	-1	0	0	0	0	0
1066740	2880592	-1	1167360	3242	0	0	3242
1074739	-1	-1	0	0	0	0	0
1083746	-1	-1	0	0	0	0	0
1092735	3722120	-1	912384	1961	0	0	1993
1095744	-1	-1	0	0	0	0	0
1102735	3255536	-1	815104	2003	0	0	2003
1105741	-1	-1	37888	61	0	0	61
1114750	-1	-1	0	0	0	0	0
1120739	3170656	-1	954368	2408	0	0	2408
1129750	-1	-1	0	0	0	0	0
1138741	4166328	-1	879616	1689	0	0	1689
1146735	-1	-1	0	0	0	0	0
1152740	-1	-1	0	0	0	0	0
1160738	3870032	-1	762880	1577	0	0	1723
1164734	3307360	-1	687104	1662	0	0	1662
1173748	-1	-1	0	0	0	0	0
1180739	3796016	-1	1386496	2922	0	0	2922
1186744	-1	-1	0	0	0	0	0
1194738	-1	-1	0	0	0	0	0
1199739	-1	-1	0	0	0	0	0
1206750	3999104	-1	1627136	3255	0	0	3255
1215744	-1	-1	0	0	0	0	0
1218737	-1	-1	0	0	0	0	0
1226740	3843904	-1	975872	2031	0	0	2031
1228744	-1	-1	0	0	0	0	0
1237743	3110096	-1	1379328	3548	0	0	3548
1239738	-1	-1	12288	30	0	0	30
1248745	-1	-1	0	0	0	0	0
1257739	3797216	-1	1229824	2591	0	0	2591
1265748	-1	-1	0	0	0	0	0
1275740	3208176	-1	765952	1910	0	0	1910
1282735	-1	-1	0	0	0	0	0
1401299	264528	-1	811008	24527	0	0	51198
1410293	1025200	-1	436224	3404	0	0	3404
1419302	2531840	-1	1012736	3200	0	0	3200
1425289	-1	-1	0	0	0	0	0
1434300	3847384	-1	966656	2010	0	0	2010
1443293	-1	-1	0	0	0	0	0
1447299	-1	-1	0	0	0	0	0
1456293	-1	-1	0	0	0	0	0
1462295	3873776	-1	1695744	3502	0	0	3502
1469287	-1	-1	0	0	0	0	0
1478289	-1	-1	0	0	0	0	0
1481288	-1	-1	0	0	0	0	0
1490294	3540416	-1	1278976	2890	0	0	2890
1497294	-1	-1	0	0	0	0	0
1504295	3361088	-1	988160	2352	0	0	2352
1512304	-1	-1	0	0	0	0	0
1522287	-1	-1	0	0	0	0	0
1523299	-1	-1	0	0	0	0	0
1532289	5257720	-1	943104	1435	0	0	1435
1536297	-1	-1	0	0	0	0	0
1544297	3612176	-1	672768	1490	0	0	1490
1553299	4332680	-1	918528	1696	0	0	1696
1557288	-1	-1	0	0	0	0	0
1566295	-1	-1	0	0	0	0	0
1573294	3958848	-1	1093632	2210	0	0	2210
1582298	-1	-1	0	0	0	0	0
1589290	-1	-1	0	0	0	0	0
1597298	4180520	-1	658432	1260	0	0	1318
1601303	3473648	-1	1297408	2988	0	0	2988
1610290	-1	-1	0	0	0	0	0
1620287	4272360	-1	1103872	2067	0	0	2067
1629289	-1	-1	0	0	0	0	0
1637294	3175664	-1	964608	2430	0	0	2430
1645288	-1	-1	0	0	0	0	0
1652289	2893248	-1	801792	2217	0	0	2217
1662288	-1	-1	0	0	0	0	0
1671296	3359240	-1	1393664	3319	0	0	3319
1680288	-1	-1	0	0	0	0	0
1687297	-1	-1	0	0	0	0	0
1693303	-1	-1	0	0	0	0	0
1699293	3784584	-1	1711104	3617	0	0	3617
1708303	-1	-1	0	0	0	0	0
1716296	-1	-1	0	0	0	0	0
1725289	-1	-1	0	0	0	0	0
1733294	4318504	-1	1411072	2614	0	0	2614
1735298	-1	-1	0	0	0	0	0
1744289	-1	-1	0	0	0	0	0
1753303	3594184	-1	858112	1910	0	0	1912
1756287	4068568	-1	455680	896	0	0	896
1765287	-1	-1	0	0	0	0	0
1877840	2029448	-1	1680384	6624	0	0	9727
1886847	-1	-1	0	0	0	0	0
1895842	3726856	-1	646144	1387	0	0	1387
1904852	-1	-1	0	0	0	0	0
1913846	2577288	-1	934912	2902	0	0	2902
1922839	-1	-1	0	0	0	0	0
1931848	-1	-1	0	0	0	0	0
1937853	-1	-1	0	0	0	0	0
1945848	3332384	-1	1289216	3095	0	0	3095
1952855	-1	-1	0	0	0	0	0
1960848	-1	-1	0	0	0	0	0
1966853	-1	-1	0	0	0	0	0
1973839	3030576	-1	1741824	4598	0	0	4598
1979851	-1	-1	0	0	0	0	0
1988843	2332696	-1	650240	2230	0	0	2230
1997841	-1	-1	0	0	0	0	0
2007850	2467920	-1	955392	3097	0	0	3097
2015842	-1	-1	0	0	0	0	0
2024839	2984680	-1	866304	2322	0	0	2322
2033839	-1	-1	90112	356	0	0	478
2038840	1180752	-1	742400	5030	0	0	5030
2043853	1007632	-1	181248	1439	0	0	1439
2052839	-1	-1	0	0	0	0	0
2057855	-1	-1	0	0	0	0	0
2066848	3396632	-1	1648640	3883	0	0	3883
2075840	-1	-1	0	0	0	0	0
2084850	529944	-1	319488	4823	0	0	5538
2093844	1794800	-1	820224	3656	0	0	3656
2102854	3063504	-1	1061888	2773	0	0	2773
2111847	-1	-1	0	0	0	0	0
2120854	3416624	-1	885760	2074	0	0	2074
2128850	-1	-1	0	0	0	0	0
2134839	-1	-1	0	0	0	0	0
2143849	3199504	-1	1127424	2819	0	0	2819
2144851	-1	-1	0	0	0	0	0
2153842	3772072	-1	906240	1922	0	0	1922
2155842	-1	-1	0	0	0	0	0
2164853	-1	-1	0	0	0	0	0
2173849	3609920	-1	1114112	2469	0	0	2469
2182840	-1	-1	0	0	0	0	0
2191852	801032	-1	442368	4418	0	0	5489
2198839	945016	-1	528384	4473	0	0	4473
2207842	1800976	-1	526336	2338	0	0	2338
2216846	-1	-1	0	0	0	0	0
2223854	2594056	-1	1691648	5217	0	0	5217
2233845	-1	-1	126976	309	0	0	309
2242841	3195344	-1	1349632	3379	0	0	3379
2251839	-1	-1	0	0	0	0	0
2260844	3289672	-1	889856	2164	0	0	2164
2269854	-1	-1	0	0	0	0	0
2276846	-1	-1	80220	209	0	0	-1
2280847	-1	-1	0	0	0	0	-1
2289841	877808	-1	354304	3229	0	0	-1
2298840	1260120	-1	527360	3348	0	0	-1
2304843	1959688	-1	1016832	4151	0	0	-1
2313840	-1	-1	0	0	0	0	-1
2322840	2787872	-1	881664	2530	0	0	-1
2331840	-1	-1	0	0	0	0	-1
2339847	-1	-1	0	0	0	0	-1
2373541	941696	-1	1228800	10439	0	0	32886
2382544	-1	-1	0	0	0	0	0
2391542	2597648	-1	1386496	4270	0	0	4270
2399546	-1	-1	0	0	0	0	0
2408541	2445104	-1	561152	1836	0	0	1836
2417547	-1	-1	0	0	0	0	0
2424540	2914976	-1	1112064	3052	0	0	3052
2431548	-1	-1	0	0	0	0	0
2438544	3775136	-1	873472	1851	0	0	1851
2446549	-1	-1	0	0	0	0	0
2454541	3861584	-1	784384	1625	0	0	1625
2463551	-1	-1	0	0	0	0	0
2470542	-1	-1	0	0	0	0	0
2474546	-1	-1	0	0	0	0	0
2481554	4135120	-1	1840128	3560	0	0	3560
2490546	-1	-1	0	0	0	0	0
2499541	3570432	-1	1060864	2377	0	0	2377
2507540	-1	-1	0	0	0	0	0
2513542	1147712	-1	676864	4718	0	0	4718
2522550	-1	-1	40960	167	0	0	167
2531541	2774288	-1	1193984	3443	0	0	3443
2540551	-1	-1	49152	334	0	0	369
2545541	4158216	-1	1231872	2370	0	0	2370
2551546	-1	-1	0	0	0	0	0
2561543	-1	-1	0	0	0	0	0
2571551	-1	-1	0	0	0	0	0
2577542	4397464	-1	1934336	3519	0	0	3519
2581542	-1	-1	0	0	0	0	0
2590541	3391432	-1	951296	2244	0	0	2244
2600552	-1	-1	0	0	0	0	0
2609541	2163176	-1	1278976	4730	0	0	4730
2618551	-1	-1	0	0	0	0	0
2628549	-1	-1	0	0	0	0	0
2636541	-1	-1	0	0	0	0	366
2641547	2800184	-1	1581056	4517	0	0	4517
2649552	-1	-1	0	0	0	0	0
2656545	3382728	-1	896000	2119	0	0	2119
2664554	-1	-1	0	0	0	0	0
2672548	2897624	-1	882688	2437	0	0	2437
2676552	-1	-1	0	0	0	0	0
2682547	3230880	-1	1210368	2997	0	0	2997
2692540	-1	-1	0	0	0	0	0
2701541	3781416	-1	1200128	2539	0	0	2539
2708551	-1	-1	0	0	0	0	0
2718546	1867432	-1	510976	2189	0	0	2189
2726540	-1	-1	0	0	0	0	0
2731546	-1	-1	0	0	0	0	0
2741540	-1	-1	62876	309	0	0	-1
2744543	-1	-1	0	0	0	0	-1
2753553	-1	-1	0	0	0	0	-1
2762542	2393232	-1	1256448	4200	0	0	-1
2771555	3097648	-1	1267712	3274	0	0	-1
2774541	-1	-1	0	0	0	0	-1
2781550	-1	-1	0	0	0	0	-1
2789543	3317456	-1	835584	2015	0	0	-1
2795550	-1	-1	0	0	0	0	-1
2813664	-1	-1	0	0	0	0	34567
2822660	2067192	-1	2040832	7898	0	0	8648
2831658	2209704	-1	941056	3407	0	0	3407
2836662	-1	-1	0	0	0	0	0
2844671	-1	-1	0	0	0	0	0
2851662	1230144	-1	655360	4262	0	0	4262
2857662	2447856	-1	437248	1429	0	0	1429
2861658	1587904	-1	489472	2466	0	0	2466
2870665	1420104	-1	495616	2792	0	0	2792
2880661	-1	-1	24576	10883	0	0	10883
2888669	1491264	-1	384000	2060	0	0	2060
2891658	-1	-1	0	0	0	0	0
2899664	5067552	-1	1273856	2011	0	0	2011
2907671	4869304	-1	499712	821	0	0	821
2911661	-1	-1	0	0	0	0	0
2920671	-1	-1	0	0	0	0	0
2927662	5909856	-1	1020928	1382	0	0	1382
2935666	-1	-1	0	0	0	0	0
2942660	4886632	-1	490496	803	0	0	803
2951672	-1	-1	0	0	0	0	0
2959664	4223928	-1	929792	1761	0	0	1761
2965670	-1	-1	0	0	0	0	0
2974663	5332528	-1	989184	1484	0	0	1484
2979668	-1	-1	0	0	0	0	0
2986660	-1	-1	0	0	0	0	0
2989663	-1	-1	0	0	0	0	0
2998670	3504840	-1	1107968	2529	0	0	2529
3007664	4823696	-1	1252352	2077	0	0	2077
3009666	-1	-1	0	0	0	0	0
3018660	-1	-1	0	0	0	0	0
3027672	3743112	-1	1091584	2333	0	0	2333
3035664	-1	-1	0	0	0	0	0
3044657	-1	-1	0	0	0	0	0
3051664	-1	-1	0	0	0	0	0
3061659	3710544	-1	1794048	3868	0	0	3868
3069665	-1	-1	0	0	0	0	0
3076659	3806016	-1	752640	1582	0	0	1582
3085669	-1	-1	0	0	0	0	0
3092660	5185712	-1	1040384	1605	0	0	1605
3101669	-1	-1	0	0	0	0	0
3111665	3553992	-1	1000448	2252	0	0	2252
3119658	-1	-1	0	0	0	0	0
3128664	2716696	-1	796672	2346	0	0	2346
3133672	-1	-1	0	0	0	0	0
