25989	2116224	-1	3112960	11768	0	0	12003
34985	1649856	-1	1857536	9007	0	0	9007
43989	5755376	-1	4776960	6640	0	0	6640
50989	-1	-1	0	0	0	0	0
60984	5135952	-1	824320	1284	0	0	1284
68998	5979816	-1	885760	1185	0	0	1185
71990	-1	-1	0	0	0	0	0
80983	-1	-1	0	0	0	0	0
89996	6742424	-1	723968	859	0	0	859
96982	-1	-1	0	0	0	0	0
103991	4008720	-1	658432	1314	0	0	1314
111982	3137360	-1	147456	376	0	0	416
116999	9688408	-1	908288	750	0	0	750
125987	-1	-1	0	0	0	0	0
133984	5178512	-1	906240	1400	0	0	1400
141991	-1	-1	0	0	0	0	0
149983	1864328	-1	932864	4003	0	0	4003
159003	-1	-1	0	0	0	0	0
167984	-1	-1	0	0	0	0	0
171990	-1	-1	0	0	0	0	0
177991	9851608	-1	2188288	1777	0	0	1779
186996	-1	-1	0	0	0	0	0
194984	7321824	-1	1456128	1591	0	0	1591
202999	-1	-1	0	0	0	0	0
210986	4710680	-1	1283072	2179	0	0	2179
214989	-1	-1	0	0	0	0	0
223987	5061176	-1	1079296	1706	0	0	1706
233989	-1	-1	0	0	0	0	0
242992	6058560	-1	1797120	2373	0	0	2430
249988	-1	-1	0	0	0	0	0
258982	5418072	-1	1368064	2020	0	0	2020
268026	-1	-1	0	0	0	0	0
273992	8207392	-1	1638400	1597	0	0	1597
283981	-1	-1	0	0	0	0	0
291983	5482960	-1	1817600	2652	0	0	2652
301006	-1	-1	0	0	0	0	0
301987	-1	-1	0	0	0	0	0
310998	5936616	-1	2293760	3091	0	0	3091
319983	7896440	-1	1512168	1532	0	0	1532
328992	-1	-1	0	0	0	0	0
336982	5655624	-1	3477504	4919	0	0	4919
343992	-1	-1	0	0	0	0	0
352997	-1	-1	0	0	0	0	0
361983	6046480	-1	761856	1008	0	0	1021
365989	5271320	-1	2528256	3837	0	0	3837
375993	-1	-1	51200	39	0	0	39
381988	4643392	-1	1385472	2387	0	0	2387
385982	-1	-1	0	0	0	0	0
394999	2598344	-1	221184	681	0	0	5091
404010	3914936	-1	1405952	2873	0	0	7202
412988	5139648	-1	2176000	3387	0	0	3387
417990	-1	-1	0	0	0	0	0
426981	-1	-1	0	0	0	0	0
436989	7210384	-1	827392	918	0	0	920
440982	8918872	-1	1394688	1251	0	0	1251
449989	-1	-1	0	0	0	0	0
456995	7901584	-1	2145280	2172	0	0	2172
465023	-1	-1	0	0	0	0	0
470987	4156288	-1	1800192	3465	0	0	3465
479985	-1	-1	0	0	0	0	0
489984	7561848	-1	1142784	1209	0	0	1209
492984	-1	-1	0	0	0	0	0
499986	7696128	-1	2352128	2445	0	0	2445
508987	-1	-1	0	0	0	0	0
516994	2950800	-1	1798144	4875	0	0	4875
525981	5166344	-1	442368	685	0	0	685
534993	6337600	-1	2187264	2761	0	0	2761
543990	-1	-1	0	0	0	0	0
553982	5594976	-1	1914880	2738	0	0	2738
562985	-1	-1	0	0	0	0	0
570993	5930464	-1	625664	844	0	0	844
580982	3337312	-1	1490944	3574	0	0	3574
581982	-1	-1	0	0	0	0	0
590990	-1	-1	0	0	0	0	0
600981	6074128	-1	2002944	2638	0	0	2638
610984	-1	-1	0	0	0	0	0
619986	4742736	-1	551936	931	0	0	1049
626991	-1	-1	0	0	0	0	0
633981	4833368	-1	2842624	4705	0	0	4705
641995	-1	-1	0	0	0	0	0
651983	6421920	-1	1378304	1717	0	0	1717
659986	-1	-1	0	0	0	0	0
666983	5696712	-1	1222656	1717	0	0	1717
674981	-1	-1	0	0	0	0	0
680984	4426096	-1	487424	881	0	0	881
685992	-1	-1	0	0	0	0	0
692995	7009888	-1	1560576	1781	0	0	1781
699981	-1	-1	0	0	0	0	0
708983	3440904	-1	532480	1238	0	0	1238
712985	6553600	-1	184320	225	0	0	225
721986	3183488	-1	1264640	3178	0	0	3178
728982	-1	-1	0	0	0	0	0
736987	1219968	-1	466944	3062	0	0	3062
821034	3477424	-1	2555904	5880	0	0	40856
830033	2804872	-1	967680	2760	0	0	2760
839021	-1	-1	0	0	0	0	0
846022	3704696	-1	746496	1612	0	0	1612
855028	-1	-1	0	0	0	0	0
864033	6339048	-1	865280	1092	0	0	1092
867032	-1	-1	0	0	0	0	0
876036	3693216	-1	915456	1983	0	0	1983
886027	-1	-1	0	0	0	0	0
893035	4675896	-1	912384	1561	0	0	1561
903023	-1	-1	0	0	0	0	0
911032	-1	-1	0	0	0	0	0
918024	-1	-1	0	0	0	0	0
924025	5108392	-1	1971200	3087	0	0	3087
933053	-1	-1	0	0	0	0	0
941025	3793264	-1	1501184	3166	0	0	3166
947033	-1	-1	0	0	0	0	0
956022	3190864	-1	927744	2326	0	0	2326
965027	-1	-1	0	0	0	0	0
975027	2035280	-1	532480	2093	0	0	2093
984039	-1	-1	0	0	0	0	0
992033	5366592	-1	2281472	3401	0	0	3401
1001022	-1	-1	0	0	0	0	0
1008034	-1	-1	0	0	0	0	0
1012024	-1	-1	0	0	0	0	0
1021034	4460224	-1	1122304	2013	0	0	2013
1031035	-1	-1	0	0	0	0	0
1038027	-1	-1	0	0	0	0	0
1043023	-1	-1	0	0	0	0	86
1048037	3455936	-1	1675264	3878	0	0	3878
1058038	-1	-1	0	0	0	0	0
1065036	-1	-1	0	0	0	0	0
1072023	-1	-1	0	0	0	0	0
1081022	2226328	-1	1556480	5593	0	0	5593
1090037	-1	-1	92160	349	0	0	349
1092022	-1	-1	0	0	0	0	0
1101026	-1	-1	0	0	0	0	302
1106023	3631848	-1	1725128	3800	0	0	3800
1114024	-1	-1	0	0	0	0	0
1124033	1272672	-1	867328	5452	0	0	5513
1133037	3502872	-1	577536	1319	0	0	1319
1140033	6794608	-1	1229824	1448	0	0	1448
1147036	-1	-1	0	0	0	0	0
1156031	-1	-1	0	0	0	0	0
1165022	1957840	-1	311296	1272	0	0	1287
1169024	2514648	-1	1227776	3906	0	0	3906
1176034	4420392	-1	1458176	2639	0	0	2639
1181035	-1	-1	0	0	0	0	0
1186038	-1	-1	0	0	0	0	0
1195022	5355680	-1	3027968	4523	0	0	4523
1204025	-1	-1	0	0	0	0	0
1214025	6889992	-1	2785280	3234	0	0	3234
1224033	-1	-1	0	0	0	0	0
1232023	5248104	-1	1604608	2446	0	0	2446
1238031	-1	-1	0	0	0	0	0
1247023	6012352	-1	1765376	2349	0	0	2349
1256031	-1	-1	0	0	0	0	0
1266021	3626968	-1	2549760	5624	0	0	5624
1275025	4502848	-1	753664	1339	0	0	1339
1284025	3116632	-1	1876992	4818	0	0	4818
1293035	-1	-1	0	0	0	0	0
1302035	-1	-1	0	0	0	0	0
1307034	-1	-1	0	0	0	0	0
1318027	1282376	-1	155648	971	0	0	971
1327026	1226800	-1	816128	5322	0	0	5322
1335033	2007616	-1	178176	710	0	0	710
1342035	2248392	-1	1384448	4926	0	0	4926
1351027	1963024	-1	1105920	4507	0	0	4507
1358022	1978968	-1	1364992	5518	0	0	5518
1367021	1750008	-1	661504	3024	0	0	3024
1375023	-1	-1	0	0	0	0	0
1382023	-1	-1	49152	749	0	0	762
1387025	2009456	-1	1227776	4888	0	0	5001
1394033	1872192	-1	1646592	7036	0	0	7036
1400030	2183728	-1	185344	679	0	0	679
1407022	-1	-1	0	0	0	0	0
1413025	3316352	-1	2386944	5758	0	0	5831
1422027	1420512	-1	1572864	8858	0	0	8858
1432020	1428456	-1	1386496	7765	0	0	7765
1439034	2307696	-1	379904	1317	0	0	1317
1448026	1170520	-1	718848	4913	0	0	4913
1454026	546432	-1	246784	3613	0	0	3613
1463035	1509328	-1	898048	4760	0	0	4760
1473034	1891040	-1	512000	2166	0	0	2166
1480021	950464	-1	593920	4999	0	0	4999
1486031	795760	-1	598016	6012	0	0	6012
1495031	1127384	-1	764928	5428	0	0	5428
1505023	3193576	-1	652288	1634	0	0	1634
1513036	-1	-1	0	0	0	0	0
1517026	-1	-1	0	0	0	0	0
1523031	3154192	-1	1232896	3127	0	0	3127
1615696	5144568	-1	2599936	4043	0	0	29357
1624689	2082688	-1	1321984	5078	0	0	5078
1633706	3791336	-1	344064	726	0	0	726
1640684	2793816	-1	1797120	5146	0	0	5146
1650689	-1	-1	0	0	0	0	0
1658689	-1	-1	0	0	0	0	0
1661698	-1	-1	0	0	0	0	0
1670687	2494184	-1	1605632	5150	0	0	5150
1680685	-1	-1	0	0	0	0	0
1689692	2097496	-1	802816	3062	0	0	3062
1699685	-1	-1	0	0	0	0	0
1707685	3194392	-1	1667072	4175	0	0	4175
1716691	-1	-1	0	0	0	0	0
1725684	1409728	-1	796672	4521	0	0	4650
1733691	1664000	-1	785408	3776	0	0	3776
1738686	1128344	-1	751616	5329	0	0	5329
1747696	4004976	-1	180224	360	0	0	360
1754684	2566464	-1	1067008	3326	0	0	3326
1761683	-1	-1	0	0	0	0	0
1768689	-1	-1	0	0	0	0	0
1777685	-1	-1	0	0	0	0	0
1785689	1165280	-1	714752	4907	0	0	4986
1792684	1450080	-1	1025024	5655	0	0	5655
1800686	2288944	-1	992256	3468	0	0	3468
1808689	-1	-1	0	0	0	0	0
1818687	3105296	-1	978944	2522	0	0	2522
1827684	-1	-1	0	0	0	0	0
1837683	3093696	-1	1733632	4483	0	0	4483
1847686	-1	-1	0	0	0	0	0
1855682	1531888	-1	1048576	5476	0	0	5514
1864685	2350640	-1	1161216	3952	0	0	3952
1871692	2829528	-1	1572864	4447	0	0	4447
1879686	-1	-1	0	0	0	0	0
1888682	-1	-1	0	0	0	0	0
1891683	-1	-1	0	0	0	0	0
1900688	3118632	-1	2140160	5490	0	0	5536
1909694	744984	-1	797136	8560	0	0	8560
1918687	2736984	-1	2365440	6914	0	0	6914
1926685	4029608	-1	714752	1419	0	0	1419
1936682	3570176	-1	2280448	5110	0	0	5110
1945690	4183544	-1	464896	889	0	0	889
1951686	3165856	-1	1735680	4386	0	0	4386
1961694	-1	-1	0	0	0	0	0
1970685	-1	-1	0	0	0	0	0
1979685	2854912	-1	713728	2000	0	0	2058
1982681	3113552	-1	1179648	3031	0	0	3031
1992683	-1	-1	89088	188	0	0	188
2001684	2207776	-1	1478656	5358	0	0	5358
2010684	-1	-1	0	0	0	0	0
2020694	1956656	-1	1080320	4417	0	0	4417
2027682	-1	-1	0	0	0	0	0
2036685	-1	-1	0	0	0	0	0
2039690	-1	-1	0	0	0	0	0
2048683	3297480	-1	2351104	5704	0	0	5704
2055687	-1	-1	32768	55	0	0	55
2063701	3685416	-1	1337344	2903	0	0	2903
2073685	-1	-1	0	0	0	0	0
2080683	3595048	-1	1998848	4448	0	0	4448
2088692	-1	-1	0	0	0	0	0
2093697	-1	-1	0	0	0	0	0
2102684	-1	-1	0	0	0	0	0
2110684	2998056	-1	2215936	5913	0	0	5913
2117683	3337480	-1	382976	918	0	0	918
2126683	2319488	-1	1432576	4941	0	0	4941
2135690	-1	-1	0	0	0	0	0
2142687	2880416	-1	1707008	4741	0	0	4741
2152694	-1	-1	93184	313	0	0	313
2161684	2980312	-1	1780736	4780	0	0	4780
2171683	-1	-1	0	0	0	0	0
2179685	2351664	-1	1457152	4957	0	0	4957
2188695	-1	-1	0	0	0	0	0
2197688	2998312	-1	1869824	4989	0	0	4989
2205696	2329720	-1	785408	2697	0	0	2697
2214684	-1	-1	0	0	0	0	0
2221688	-1	-1	0	0	0	0	0
2228684	2708152	-1	1847296	5457	0	0	5476
2235684	3908384	-1	1205248	2467	0	0	2467
2243708	3268376	-1	794624	1945	0	0	1945
2252683	-1	-1	0	0	0	0	0
2260684	2873048	-1	1005568	2800	0	0	2800
2269684	-1	-1	0	0	0	0	0
2278683	2255496	-1	1221632	4333	0	0	4333
2286684	-1	-1	0	0	0	0	0
2294683	2873736	-1	1350656	3760	0	0	3760
2302692	-1	-1	0	0	0	0	0
2312681	2630560	-1	1228800	3737	0	0	3737
2320687	-1	-1	0	0	0	0	0
2327686	-1	-1	0	0	0	0	0
2332682	-1	-1	0	0	0	0	0
2410457	1027032	-1	1127424	8782	0	0	44520
2419455	1241248	-1	1067008	6877	0	0	6877
2428457	-1	-1	10240	145	0	0	145
2435463	1069760	-1	691200	5169	0	0	5169
2445458	1751576	-1	199680	912	0	0	912
2453462	1823216	-1	598016	2624	0	0	2624
2456469	-1	-1	0	0	0	0	0
2465458	1785040	-1	648192	2905	0	0	2905
2474468	-1	-1	0	0	0	0	0
2484456	2128552	-1	635904	2390	0	0	2390
2491463	-1	-1	0	0	0	0	0
2500456	1845816	-1	902144	3910	0	0	3910
2538470	-1	-1	0	0	0	0	8012
2559470	-1	-1	73728	3362	0	0	3362
2568464	1587784	-1	1805312	9096	0	0	9096
2576466	2195568	-1	1032192	3761	0	0	3761
2585463	-1	-1	0	0	0	0	0
2594469	2219992	-1	1034240	3727	0	0	3727
2604466	-1	-1	0	0	0	0	0
2611461	590208	-1	417792	5663	0	0	5705
2614463	766584	-1	277504	2896	0	0	2896
2622461	1178920	-1	1158144	7859	0	0	7859
2629455	1588752	-1	163840	825	0	0	825
2637460	1597872	-1	775168	3881	0	0	3881
2646461	-1	-1	0	0	0	0	0
2655468	1896776	-1	1017856	4293	0	0	4293
2663460	-1	-1	0	0	0	0	0
2672459	2492216	-1	1216512	3905	0	0	3905
2678456	-1	-1	0	0	0	0	0
2686458	860072	-1	577536	5372	0	0	5372
2695465	795688	-1	540672	5436	0	0	5436
2702468	336320	-1	220164	5237	0	0	5237
2711481	840816	-1	756736	7200	0	0	7200
2718459	756688	-1	524288	5543	0	0	5635
2726456	845728	-1	848896	8030	0	0	8030
2734459	1245624	-1	1243136	7984	0	0	7984
2744459	910040	-1	1130496	9938	0	0	9938
2751454	1413184	-1	1229824	6962	0	0	6962
2758462	966552	-1	835584	6916	0	0	6916
2767458	1560680	-1	1772544	9086	0	0	9086
2770466	1873072	-1	627712	2681	0	0	2681
2778456	1987000	-1	1334272	5372	0	0	5372
2787463	2591184	-1	164864	509	0	0	509
2796470	2128976	-1	1433600	5387	0	0	5387
2798461	2033648	-1	507904	1998	0	0	1998
2807468	1838072	-1	284672	1239	0	0	1239
2814460	-1	-1	0	0	0	0	0
2821457	1916864	-1	1320960	5513	0	0	5553
2827463	1401136	-1	1048576	5987	0	0	5987
2835460	1121160	-1	1115136	7957	0	0	7957
2841456	1311160	-1	983040	5998	0	0	5998
2848469	3768440	-1	1949696	4139	0	0	4139
2856491	-1	-1	0	0	0	0	0
2865456	5123816	-1	1720320	2686	0	0	2686
2872456	-1	-1	0	0	0	0	0
2881469	2744376	-1	956416	2788	0	0	2788
2888455	-1	-1	0	0	0	0	0
2897474	3854920	-1	1629184	3381	0	0	3381
2905461	-1	-1	0	0	0	0	0
2914466	7738872	-1	2221056	2296	0	0	2296
2922454	-1	-1	0	0	0	0	0
2928467	7343512	-1	1745920	1902	0	0	1902
2936455	-1	-1	0	0	0	0	0
2945471	-1	-1	0	0	0	0	0
2949465	-1	-1	0	0	0	0	0
2956457	1006616	-1	622592	4948	0	0	4993
2965464	744400	-1	837632	9002	0	0	9007
2974454	1426608	-1	1593344	8935	0	0	8990
2984460	3975944	-1	3306496	6653	0	0	6653
2993455	-1	-1	0	0	0	0	0
3000467	-1	-1	0	0	0	0	0
3009470	5694816	-1	3388416	4760	0	0	4760
3019454	-1	-1	0	0	0	0	0
3028462	6020672	-1	1524736	2026	0	0	2026
3037466	-1	-1	0	0	0	0	0
3045458	6412816	-1	848896	1059	0	0	1059
3052469	-1	-1	0	0	0	0	0
3060459	-1	-1	0	0	0	0	0
3064461	-1	-1	0	0	0	0	0
3073459	4856336	-1	2128896	3507	0	0	3507
3082462	-1	-1	0	0	0	0	0
3092457	3608160	-1	1404928	3115	0	0	3115
3101468	-1	-1	0	0	0	0	0
3109467	3164576	-1	1137664	2876	0	0	2876
3117454	-1	-1	0	0	0	0	0
