193825	24732112	-1	3406848	1102	0	0	1294
201818	-1	-1	0	0	0	0	0
210818	-1	-1	8192	1519	0	0	1768
214822	1470616	-1	748544	4072	0	0	4072
223818	7115392	-1	744448	837	0	0	837
232823	1004384	-1	229376	1827	0	0	1980
240815	3313456	-1	721920	1743	0	0	1743
249822	-1	-1	0	0	0	0	0
251821	-1	-1	0	0	0	0	0
260814	2095000	-1	1027072	3922	0	0	3932
266816	-1	-1	0	0	0	0	0
275822	3588928	-1	699392	1559	0	0	1559
281819	-1	-1	0	0	0	0	0
290829	-1	-1	8192	511	0	0	890
299817	3839200	-1	1385472	2887	0	0	2887
308815	-1	-1	106496	667	0	0	769
317822	3849184	-1	1421312	2954	0	0	2954
326820	1981592	-1	565248	2282	0	0	2319
332821	10048504	-1	1585152	1262	0	0	1262
342819	2089264	-1	868352	3325	0	0	3325
349814	-1	-1	0	0	0	0	0
358813	4575512	-1	2154496	3767	0	0	3767
367828	-1	-1	0	0	0	0	0
375818	737976	-1	447488	4851	0	0	4851
384820	-1	-1	0	0	0	0	0
393821	2061488	-1	1447936	5619	0	0	5706
402815	9728000	-1	914432	752	0	0	752
409828	2950904	-1	745472	2021	0	0	2021
418812	-1	-1	0	0	0	0	0
426822	5089296	-1	975872	1534	0	0	1563
435821	-1	-1	0	0	0	0	0
439815	-1	-1	0	0	0	0	0
445820	-1	-1	0	0	0	0	208
450820	1066704	-1	677888	5084	0	0	5084
459815	10861416	-1	1149952	847	0	0	847
469819	3480344	-1	850944	1956	0	0	2063
478814	-1	-1	0	0	0	0	0
487819	2263624	-1	699744	2473	0	0	2473
496813	-1	-1	0	0	0	0	0
505816	1214512	-1	835584	5504	0	0	5504
509847	9365928	-1	375808	321	0	0	321
517813	2235680	-1	972800	3481	0	0	3481
523821	-1	-1	0	0	0	0	0
532817	-1	-1	0	0	0	0	0
539852	-1	-1	0	0	0	0	0
546853	4045680	-1	1440768	2849	0	0	3130
551843	-1	-1	0	0	0	0	0
560848	1149600	-1	268288	1867	0	0	1867
569816	-1	-1	108544	1983	0	0	1983
571822	-1	-1	0	0	0	0	0
579815	1473744	-1	742400	4030	0	0	4030
582820	-1	-1	0	0	0	0	0
591813	599264	-1	297984	3978	0	0	4153
592819	7139552	-1	514048	576	0	0	576
601814	-1	-1	0	0	0	0	0
611816	1014008	-1	493568	3894	0	0	3894
613830	-1	-1	0	0	0	0	0
622816	949120	-1	538624	4540	0	0	4540
626822	-1	-1	0	0	0	0	0
634820	661280	-1	411648	4980	0	0	5054
644816	6221216	-1	433152	557	0	0	557
653817	-1	-1	8192	575	0	0	734
662814	1140416	-1	184320	1293	0	0	1293
670827	-1	-1	0	0	0	0	5328
678815	1302808	-1	323584	1987	0	0	6742
687810	2601776	-1	888832	2733	0	0	2733
694819	-1	-1	0	0	0	0	453
699816	3347160	-1	1022976	2445	0	0	2445
705820	-1	-1	0	0	0	0	0
714818	3664416	-1	1152000	2515	0	0	2515
721811	-1	-1	0	0	0	0	0
731825	3920712	-1	1248256	2547	0	0	2547
734821	-1	-1	0	0	0	0	0
743812	-1	-1	0	0	0	0	0
752818	3202296	-1	1091584	2727	0	0	2727
754811	-1	-1	0	0	0	0	0
763819	-1	-1	0	0	0	0	0
766818	-1	-1	0	0	0	0	0
775821	4401160	-1	1853440	3369	0	0	3369
776818	-1	-1	0	0	0	0	0
785814	-1	-1	0	0	0	0	0
794812	3609360	-1	1393664	3089	0	0	3089
804813	-1	-1	0	0	0	0	0
812817	1512680	-1	606208	3206	0	0	3206
822820	-1	-1	27648	60	0	0	60
831817	2847240	-1	1000448	2811	0	0	2811
840830	-1	-1	0	0	0	0	0
849841	4044640	-1	1224008	2421	0	0	2421
855813	-1	-1	0	0	0	0	0
864814	376952	-1	229376	4868	0	0	4902
873813	3870904	-1	1030144	2129	0	0	2129
882819	2304216	-1	1010688	3509	0	0	3509
890810	-1	-1	0	0	0	0	0
899812	1699800	-1	1003520	4723	0	0	4938
909838	9435432	-1	132096	112	0	0	112
917825	-1	-1	65536	2652	0	0	2652
921853	1044136	-1	345088	2644	0	0	2644
930812	2169288	-1	1195008	4407	0	0	4407
935817	-1	-1	0	0	0	0	0
944818	2209592	-1	1246208	4512	0	0	4512
953821	-1	-1	0	0	0	0	0
960816	-1	-1	0	0	0	0	0
969813	-1	-1	32768	308	0	0	752
974814	3633752	-1	1448960	3190	0	0	3190
982821	-1	-1	0	0	0	0	0
989810	574024	-1	351232	4895	0	0	4895
992810	-1	-1	0	0	0	0	0
1001833	1551472	-1	1027072	5296	0	0	5342
1010823	8328744	-1	686080	659	0	0	659
1019828	2884472	-1	1222656	3391	0	0	3391
1024822	-1	-1	0	0	0	0	0
1033817	-1	-1	0	0	0	0	0
1042816	1647496	-1	852992	4142	0	0	4142
1049818	1663136	-1	1018880	4901	0	0	5040
1058821	9891080	-1	834560	675	0	0	675
1067827	3342024	-1	1059840	2537	0	0	2537
1076812	-1	-1	0	0	0	0	0
1085811	5525632	-1	1496064	2166	0	0	2166
1094811	-1	-1	0	0	0	0	0
1103819	4720608	-1	2379776	4033	0	0	4033
1112811	-1	-1	0	0	0	0	0
1121821	4652784	-1	1536000	2641	0	0	2641
1125810	-1	-1	0	0	0	0	0
1133819	-1	-1	0	0	0	0	0
1142819	4225288	-1	1522688	2883	0	0	2883
1151813	1206680	-1	368640	2444	0	0	2456
1160819	4361048	-1	1002496	1839	0	0	1839
1169813	2716272	-1	644096	1897	0	0	1897
1177819	-1	-1	0	0	0	0	0
1185818	2265488	-1	896000	3164	0	0	3164
1193813	-1	-1	0	0	0	0	0
1198820	-1	-1	0	0	0	0	0
1208821	1041920	-1	580608	4458	0	0	4458
1216820	2148840	-1	900096	3351	0	0	3351
1219818	-1	-1	0	0	0	0	0
1228821	928832	-1	560204	4825	0	0	4825
1237811	-1	-1	0	0	0	0	766
1242816	1903624	-1	1309696	5504	0	0	5504
1251819	7098304	-1	338944	382	0	0	382
1260816	1444720	-1	562176	3113	0	0	3113
1268820	-1	-1	0	0	0	0	0
1275820	2113616	-1	1080320	4089	0	0	4089
1281816	-1	-1	0	0	0	0	0
1286849	1727520	-1	805888	3732	0	0	3732
1290817	-1	-1	0	0	0	0	0
1299816	3206760	-1	1912832	4772	0	0	4772
1308816	13622304	-1	449536	264	0	0	264
1317812	-1	-1	0	0	0	0	0
1326820	-1	-1	0	0	0	0	0
1332820	2064992	-1	1306624	5062	0	0	5412
1341821	6382328	-1	404480	507	0	0	507
1350819	3302368	-1	1587200	3845	0	0	3845
1359816	-1	-1	0	0	0	0	0
1369832	2286096	-1	1319936	4619	0	0	4619
1378821	-1	-1	0	0	0	0	0
1388815	-1	-1	0	0	0	0	0
1397823	-1	-1	0	0	0	0	42
1402813	479472	-1	155648	2597	0	0	4990
1408816	632488	-1	468992	5932	0	0	5932
1417821	3802456	-1	1140736	2400	0	0	2400
1426810	-1	-1	0	0	0	0	279
1431820	3171792	-1	1354752	3417	0	0	3417
1440810	-1	-1	0	0	0	0	0
1450826	-1	-1	73728	447	0	0	3573
1459815	2890568	-1	956416	2647	0	0	2647
1466812	6429080	-1	941056	1171	0	0	1186
1475820	-1	-1	0	0	0	0	0
1484811	3890640	-1	1067008	2194	0	0	2194
1488812	-1	-1	0	0	0	0	0
1497813	3746216	-1	756736	1616	0	0	1616
1506821	-1	-1	0	0	0	0	0
1515814	4470864	-1	1166336	2087	0	0	2087
1519813	-1	-1	0	0	0	0	0
1528821	-1	-1	106496	1352	0	0	1363
1537811	6003224	-1	1255424	1673	0	0	1673
1546821	-1	-1	0	0	0	0	0
1555817	5656032	-1	1189888	1683	0	0	2031
1558812	6813800	-1	632832	743	0	0	743
1567817	-1	-1	0	0	0	0	0
1577816	4824928	-1	1577148	2615	0	0	2615
1585847	-1	-1	0	0	0	0	0
1594814	5705936	-1	923648	1295	0	0	1295
1603811	-1	-1	0	0	0	0	0
1612818	8623160	-1	1167360	1083	0	0	1083
1621823	-1	-1	0	0	0	0	0
1631816	11148816	-1	1127424	809	0	0	809
1637812	-1	-1	0	0	0	0	0
1646810	-1	-1	0	0	0	0	0
1648840	-1	-1	0	0	0	0	0
1657829	4261984	-1	1222656	2295	0	0	2295
1658811	-1	-1	0	0	0	0	0
1667821	7712000	-1	987136	1024	0	0	1024
1676817	-1	-1	0	0	0	0	0
1685822	2310392	-1	716800	2482	0	0	2482
1694819	-1	-1	0	0	0	0	0
1703821	4571344	-1	2210816	3869	0	0	3869
1712817	-1	-1	0	0	0	0	0
1721821	3252088	-1	1428480	3514	0	0	3514
1731817	-1	-1	0	0	0	0	0
1738830	3645920	-1	1318912	2894	0	0	2894
1743811	-1	-1	0	0	0	0	0
1751811	-1	-1	0	0	0	0	0
1753811	-1	-1	0	0	0	0	0
1761821	4060344	-1	1807360	3561	0	0	3768
1766821	-1	-1	0	0	0	0	0
1774812	-1	-1	0	0	0	0	0
1784820	3718568	-1	1160192	2496	0	0	2496
1791822	-1	-1	0	0	0	0	0
1800832	-1	-1	0	0	0	0	0
1807818	3252112	-1	1888256	4645	0	0	4645
1816811	-1	-1	0	0	0	0	0
1826815	3343672	-1	1064960	2548	0	0	2548
1834820	-1	-1	0	0	0	0	0
1843810	750912	-1	282624	3011	0	0	3011
1852821	-1	-1	0	0	0	0	0
1858811	3553544	-1	1351680	3043	0	0	3043
1864812	-1	-1	0	0	0	0	0
1873809	2147048	-1	344064	1282	0	0	1285
1882820	6394848	-1	437248	547	0	0	547
1889815	2050760	-1	952320	3715	0	0	3715
1898818	-1	-1	0	0	0	0	0
1906812	845912	-1	155648	1472	0	0	1594
1915811	1991824	-1	735232	2953	0	0	2953
1920821	1398960	-1	212992	1218	0	0	1261
1929817	3413920	-1	494592	1159	0	0	1159
1938818	1894864	-1	576512	2434	0	0	2434
1943816	-1	-1	0	0	0	0	0
1952815	1419768	-1	793116	4469	0	0	4469
1960821	-1	-1	0	0	0	0	0
1969814	-1	-1	0	0	0	0	247
1978823	1165088	-1	655360	4500	0	0	4500
1984812	2771640	-1	1177600	3399	0	0	3399
1992817	-1	-1	0	0	0	0	0
1999819	1644360	-1	1130496	5500	0	0	5500
2008832	-1	-1	0	0	0	0	0
2017813	3749624	-1	1396736	2980	0	0	2980
2025812	-1	-1	0	0	0	0	0
2034812	2990104	-1	1093632	2926	0	0	2926
2044817	-1	-1	0	0	0	0	0
2052825	2786632	-1	1138688	3269	0	0	3269
2061813	-1	-1	0	0	0	0	0
2070812	6624080	-1	1713152	2069	0	0	2069
2079810	-1	-1	0	0	0	0	0
2088818	2804856	-1	1393664	3975	0	0	3975
2097817	-1	-1	0	0	0	0	0
2106822	1512512	-1	976896	5167	0	0	5167
2108819	6328000	-1	809984	1024	0	0	1024
2117813	1374896	-1	588800	3426	0	0	3426
2119812	-1	-1	0	0	0	0	0
2127821	2653400	-1	996352	3004	0	0	3004
2133818	-1	-1	0	0	0	0	0
2140812	3030080	-1	1063936	2809	0	0	2809
2147821	14381512	-1	242688	135	0	0	135
2154821	1984816	-1	659456	2658	0	0	2878
2163819	5908296	-1	288768	391	0	0	391
2172820	3245248	-1	1664000	4102	0	0	4102
2181810	-1	-1	0	0	0	0	0
2190823	2134480	-1	852992	3197	0	0	3197
2194819	-1	-1	0	0	0	0	0
2201813	2911344	-1	1600512	4398	0	0	4398
2210814	-1	-1	0	0	0	0	0
2219821	3861144	-1	1489920	3087	0	0	3087
2223813	-1	-1	0	0	0	0	0
2230812	-1	-1	0	0	0	0	0
2233811	-1	-1	0	0	0	0	0
2242811	5794144	-1	1479680	2043	0	0	2043
2247813	-1	-1	0	0	0	0	0
2253811	1842352	-1	669696	2908	0	0	2908
2263831	2674984	-1	1344512	4021	0	0	4021
2264811	-1	-1	0	0	0	0	0
2273813	-1	-1	0	0	0	0	0
2282817	3652192	-1	1617920	3544	0	0	3544
2290813	-1	-1	0	0	0	0	0
2299816	5468896	-1	1233920	1805	0	0	1805
2308822	-1	-1	0	0	0	0	0
2317812	2346712	-1	1033728	3524	0	0	3524
2326826	-1	-1	0	0	0	0	0
2335819	1458296	-1	854016	4685	0	0	4685
2338821	-1	-1	0	0	0	0	0
2345819	1577072	-1	221184	1122	0	0	1122
2354822	810224	-1	961536	9494	0	0	9494
2360822	-1	-1	0	0	0	0	0
2369811	2883144	-1	1129472	3134	0	0	3134
2376811	2756480	-1	801792	2327	0	0	2327
2383843	5153032	-1	439296	682	0	0	682
2389817	-1	-1	122880	467	0	0	501
2398819	6310872	-1	638976	810	0	0	810
2407820	4087064	-1	936960	1834	0	0	1834
2410810	-1	-1	0	0	0	0	0
2419817	2127432	-1	630784	2372	0	0	2372
2421813	-1	-1	0	0	0	0	0
2430817	2598744	-1	1674240	5154	0	0	5154
2439821	11616904	-1	257024	177	0	0	177
2448812	1249008	-1	313344	2007	0	0	2007
2450817	-1	-1	0	0	0	0	0
2459831	1605272	-1	387072	1929	0	0	1929
2465811	-1	-1	0	0	0	0	0
2473822	4402624	-1	1271808	2311	0	0	2311
2482810	-1	-1	0	0	0	0	0
2488811	-1	-1	0	0	0	0	0
2497816	2488352	-1	820224	2637	0	0	2637
2503813	-1	-1	0	0	0	0	0
2530812	2687472	-1	1953792	5816	0	0	5922
2537819	-1	-1	0	0	0	0	0
2546812	3600472	-1	1104896	2455	0	0	2455
2554813	-1	-1	0	0	0	0	0
2562821	3311064	-1	850944	2056	0	0	2056
2572814	-1	-1	0	0	0	0	0
2582817	2193776	-1	631808	2304	0	0	2304
2591813	-1	-1	0	0	0	0	0
2600812	4370152	-1	1926144	3526	0	0	3526
2605818	-1	-1	0	0	0	0	0
2614813	-1	-1	0	0	0	0	0
2620819	-1	-1	0	0	0	0	0
2627811	7328144	-1	2050048	2238	0	0	2238
2637813	-1	-1	0	0	0	0	0
2645822	5620640	-1	855040	1217	0	0	1217
2648813	-1	-1	0	0	0	0	0
2657814	3015856	-1	577536	1532	0	0	1532
2666817	-1	-1	0	0	0	0	0
2675838	7577328	-1	2158592	2279	0	0	2279
2681840	-1	-1	0	0	0	0	0
2690852	-1	-1	0	0	0	0	0
2692817	-1	-1	0	0	0	0	0
2701823	5084856	-1	1780972	2802	0	0	2802
2708824	-1	-1	0	0	0	0	0
2714816	-1	-1	32768	401	0	0	1856
2722813	-1	-1	0	0	0	0	0
2731820	2983008	-1	1694720	4545	0	0	4545
2741820	-1	-1	0	0	0	0	0
2746849	-1	-1	0	0	0	0	0
2751813	-1	-1	0	0	0	0	526
2756847	3509752	-1	931840	2124	0	0	2124
2765813	-1	-1	0	0	0	0	0
2774816	3059872	-1	1065984	2787	0	0	2787
2776813	-1	-1	0	0	0	0	0
2785823	3235792	-1	662528	1638	0	0	1638
2788813	-1	-1	0	0	0	0	0
2797813	4890552	-1	772096	1263	0	0	1263
2804818	3512096	-1	831488	1894	0	0	1894
2807818	6972728	-1	374784	430	0	0	430
2815812	-1	-1	0	0	0	0	0
2824822	7340712	-1	1686528	1838	0	0	1838
2827819	-1	-1	0	0	0	0	0
2836813	-1	-1	0	0	0	0	0
2842811	-1	-1	0	0	0	0	0
2851810	4587416	-1	1782784	3109	0	0	3109
2860825	-1	-1	0	0	0	0	0
2868832	7264696	-1	1548288	1705	0	0	1705
2876813	-1	-1	0	0	0	0	0
2885817	5644680	-1	1282048	1817	0	0	1817
2888814	-1	-1	0	0	0	0	0
2897823	5506192	-1	1005568	1461	0	0	1461
2906813	-1	-1	0	0	0	0	0
2915813	6518312	-1	1399808	1718	0	0	1718
2917812	-1	-1	0	0	0	0	0
2926816	4299784	-1	432128	804	0	0	804
2935819	-1	-1	0	0	0	0	0
2943812	4242712	-1	1451008	2736	0	0	2736
2952813	-1	-1	0	0	0	0	0
2959814	2785104	-1	977920	2809	0	0	2809
2968821	-1	-1	0	0	0	0	0
2977817	1759280	-1	968704	4405	0	0	4405
2984817	-1	-1	0	0	0	0	0
2990820	2707160	-1	1100800	3253	0	0	3253
2996812	-1	-1	0	0	0	0	0
3005812	-1	-1	0	0	0	0	0
3007812	-1	-1	0	0	0	0	0
3016824	2919856	-1	911360	2497	0	0	2587
3025813	1214736	-1	623616	4107	0	0	4107
3028813	5204960	-1	893952	1374	0	0	1374
3036814	-1	-1	0	0	0	0	0
3044841	3824152	-1	1073152	2245	0	0	2245
3053850	-1	-1	0	0	0	0	0
3062850	1426160	-1	344596	1933	0	0	1933
3069814	-1	-1	0	0	0	0	1754
3073811	3502912	-1	1354752	3094	0	0	3094
3082812	-1	-1	0	0	0	0	0
3088810	2898440	-1	1515520	4183	0	0	4183
3097814	-1	-1	0	0	0	0	0
3106813	1032336	-1	364544	2825	0	0	2842
3114850	4424824	-1	633856	1146	0	0	1146
3120823	3434616	-1	1542144	3592	0	0	3592
3129822	-1	-1	0	0	0	0	0
3138815	3091808	-1	1598464	4136	0	0	4136
3143823	-1	-1	0	0	0	0	0
3152815	1448232	-1	811008	4480	0	0	4480
3159810	-1	-1	0	0	0	0	0
3165824	2107080	-1	1314816	4992	0	0	4992
3171813	-1	-1	0	0	0	0	0
3180812	1621504	-1	707584	3491	0	0	3491
3183812	-1	-1	0	0	0	0	0
3192825	2755952	-1	1339392	3888	0	0	3888
3201819	-1	-1	0	0	0	0	0
3210814	2641480	-1	1112064	3368	0	0	3368
3219816	-1	-1	0	0	0	0	0
3227812	2569464	-1	990208	3083	0	0	3083
3236822	-1	-1	0	0	0	0	0
3244818	2842376	-1	1389568	3911	0	0	3911
3253814	-1	-1	0	0	0	0	0
3262816	1053048	-1	663552	5041	0	0	5059
3271812	2072480	-1	1473536	5688	0	0	5688
3280818	4197080	-1	1509376	2877	0	0	2877
3286811	-1	-1	0	0	0	0	0
3295818	815640	-1	516096	5062	0	0	5087
3304815	6701096	-1	2577408	3077	0	0	3077
3313811	-1	-1	0	0	0	0	0
3322814	478368	-1	163840	2740	0	0	2796
3325811	2579312	-1	983040	3049	0	0	3049
3333820	6532904	-1	2132992	2612	0	0	2612
3342814	-1	-1	0	0	0	0	0
3346815	-1	-1	0	0	0	0	0
3352817	1573248	-1	1073152	5457	0	0	5457
3360819	21367464	-1	961536	360	0	0	360
3362811	-1	-1	0	0	0	0	0
3371815	3022984	-1	1468416	3886	0	0	3886
3372810	10758528	-1	738304	549	0	0	549
3381824	-1	-1	114688	1480	0	0	1528
3385812	4840264	-1	1455104	2405	0	0	2405
3394814	-1	-1	0	0	0	0	0
