1618181	-1	-1	0	0	0	0	0
1627171	3151808	-1	717824	1822	0	0	1876
1631171	2783200	-1	795648	2287	0	0	2287
1637195	-1	-1	0	0	0	0	0
1645185	-1	-1	0	0	0	0	0
1653190	-1	-1	0	0	0	0	0
1659181	2747328	-1	1688576	4917	0	0	4917
1667172	-1	-1	0	0	0	0	0
1674176	-1	-1	0	0	0	0	0
1683173	1960920	-1	311296	1270	0	0	1275
1687167	2235168	-1	636744	2279	0	0	2279
1696167	-1	301200	0	0	394240	10471	0
1702176	-1	1061872	0	0	796672	6002	0
1712192	-1	1039928	0	0	1312768	10098	0
1717198	-1	928864	0	0	580608	5000	0
1722189	-1	968256	0	0	605184	5000	0
1731169	-1	1055704	0	0	1177600	8923	0
1740165	-1	891640	0	0	197632	1773	0
1749198	-1	-1	0	0	0	0	0
1756166	-1	-1	0	0	0	0	0
1761192	-1	-1	0	0	0	0	0
1768192	-1	-1	0	0	0	0	0
1774181	-1	-1	0	0	0	0	0
1781189	-1	-1	0	0	0	0	0
1789188	1692680	-1	593920	2807	0	0	2807
1794176	-1	-1	0	0	0	0	0
1804197	2458296	-1	720896	2346	0	0	2346
1812194	-1	-1	0	0	0	0	0
1820192	2129560	-1	608256	2285	0	0	2285
1827180	-1	-1	0	0	0	0	0
1835178	2224680	-1	828416	2979	0	0	2979
1845184	-1	-1	0	0	0	0	0
1854188	-1	-1	0	0	0	0	0
1855174	-1	-1	0	0	0	0	0
1864172	2123792	-1	1298432	4891	0	0	4891
1873175	-1	-1	35840	155	0	0	155
1881185	2322408	-1	766976	2642	0	0	2642
1891170	-1	-1	0	0	0	0	0
1899170	2289832	-1	1505280	5259	0	0	5259
1907170	1979384	-1	243712	985	0	0	985
1916192	2156928	-1	1226752	4550	0	0	4550
1921167	-1	-1	0	0	0	0	0
1930176	-1	-1	0	0	0	0	0
1935175	-1	-1	0	0	0	0	0
1943173	2201008	-1	1377280	5006	0	0	5089
1952161	2117088	-1	878592	3320	0	0	3320
1960193	2252160	-1	898048	3190	0	0	3190
1969161	-1	-1	0	0	0	0	0
1979167	-1	-1	0	0	0	0	0
1986185	-1	-1	0	0	0	0	0
1994176	2073624	-1	1263616	4875	0	0	4875
2000160	-1	-1	0	0	0	0	0
2005188	-1	-1	0	0	0	0	0
2010181	-1	-1	0	0	0	0	0
2019175	2669960	-1	1726464	5173	0	0	5173
2028197	-1	-1	59392	165	0	0	165
2038175	2351888	-1	1063936	3619	0	0	3619
2046187	-1	-1	0	0	0	0	0
2054186	-1	-1	0	0	0	0	0
2062174	-1	-1	0	0	0	0	0
2070176	2384840	-1	1470252	4932	0	0	4932
2080198	-1	-1	0	0	0	0	0
2089195	2375344	-1	1159168	3904	0	0	3904
2096193	-1	-1	0	0	0	0	0
2104170	2400264	-1	758784	2529	0	0	2529
2113196	-1	-1	0	0	0	0	0
2122177	2326552	-1	825344	2838	0	0	2838
2129186	-1	-1	0	0	0	0	0
2134176	-1	-1	0	0	0	0	0
2142175	-1	-1	0	0	0	0	0
2150177	2493088	-1	1697792	5448	0	0	5448
2159175	-1	-1	82944	302	0	0	302
2169174	1996800	69912	439296	1760	901120	103114	1760
2176165	-1	1115448	0	0	974848	6991	0
2184162	-1	834104	0	0	835584	8014	0
2192160	-1	916608	0	0	908288	7927	0
2200169	-1	948024	0	0	248832	2099	0
2209187	-1	-1	0	0	51200	14972	0
2215170	-1	700744	0	0	524288	5985	0
2222177	-1	1008024	0	0	883712	7013	0
2230176	-1	1108744	0	0	1106944	7987	0
2239178	-1	1202608	0	0	1329152	8841	0
2245185	-1	1019816	0	0	777216	6096	0
2251167	-1	942648	0	0	713728	6057	0
2256177	-1	1068096	0	0	669696	5016	0
2265168	-1	1151944	0	0	1294336	8988	0
2274178	-1	1106088	0	0	1235968	8939	0
2279168	-1	1273256	0	0	794624	4992	0
2288192	-1	1235224	0	0	1398784	9059	0
2290180	-1	1217080	0	0	288768	1898	0
2299162	-1	1431552	0	0	1628160	9098	0
2303180	-1	1426024	0	0	162816	913	0
2312192	-1	-1	0	0	0	0	0
2318178	-1	-1	0	0	0	0	0
2327169	-1	-1	0	0	0	0	0
2332197	-1	-1	0	0	0	0	0
2341186	-1	-1	0	0	0	0	0
2349184	-1	-1	0	0	0	0	0
2354174	-1	-1	0	0	0	0	0
2363178	-1	-1	0	0	0	0	0
2371169	-1	-1	0	0	0	0	0
2375168	-1	-1	0	0	0	0	0
2383168	-1	-1	0	0	0	0	0
2392192	-1	-1	0	0	0	0	0
2401189	-1	-1	0	0	0	0	0
2409185	-1	-1	0	0	0	0	0
2417184	-1	-1	0	0	0	0	0
2426177	-1	-1	0	0	0	0	0
2433184	2269448	-1	1036288	3653	0	0	3653
2442177	-1	-1	0	0	0	0	0
2451178	3009048	-1	734208	1952	0	0	1952
2457195	-1	-1	0	0	0	0	0
2463172	-1	-1	0	0	0	0	0
2468164	-1	-1	0	0	0	0	0
2476161	2730664	-1	1321984	3873	0	0	3873
2483168	-1	-1	0	0	0	0	0
2492192	-1	-1	0	0	0	0	0
2497188	-1	-1	0	0	0	0	0
2507171	2711968	-1	1881088	5549	0	0	5549
2513184	3036984	-1	632832	1667	0	0	1667
2522181	2537368	-1	1765376	5566	0	0	5566
2530181	-1	-1	56320	197	0	0	197
2539168	-1	-1	0	0	0	0	0
2543181	-1	-1	0	0	0	0	0
2549184	1606368	-1	1057792	5268	0	0	5268
2559181	1776464	-1	376832	1697	0	0	1697
2567173	1256128	-1	851968	5426	0	0	5462
2576207	1938920	-1	891904	3680	0	0	3680
2585169	2616520	-1	1001472	3062	0	0	3062
2594188	-1	-1	0	0	0	0	0
2602178	2191720	-1	874496	3192	0	0	3192
2611172	-1	-1	0	0	0	0	0
2620193	1210112	-1	822272	5436	0	0	5436
2628196	1111640	-1	626688	4510	0	0	4510
2632168	1772032	-1	866304	3911	0	0	3911
2641184	1956048	-1	239616	980	0	0	980
2650182	568000	-1	344064	4846	0	0	4998
2659180	529712	-1	570368	8614	0	0	8614
2666179	1502936	-1	933888	4971	0	0	5021
2673193	1528872	-1	1332224	6971	0	0	6971
2677175	1998152	-1	974848	3903	0	0	3903
2685193	2439584	-1	180224	591	0	0	591
2694162	1988448	7488	786432	3164	368640	393980	3164
2704170	-1	695168	0	0	870400	10016	0
2713197	-1	1058656	0	0	1187840	8976	0
2722185	-1	859960	0	0	970752	9030	0
2726184	-1	911224	0	0	454656	3991	0
2735168	-1	964728	0	0	723968	6003	0
2744177	-1	578112	0	0	849920	11761	0
2752165	-1	573912	0	0	576512	8036	0
2762188	-1	371872	0	0	432128	9296	0
2770176	-1	-1	0	0	64512	8572	0
2779183	-1	766776	0	0	873472	9113	0
2786186	-1	1087936	0	0	953344	7010	0
2794172	-1	1029112	0	0	1026048	7976	0
2803181	-1	144984	0	0	157696	8701	0
2812197	-1	178072	0	0	206848	9292	0
2819181	-1	159256	0	0	132096	6635	0
2828207	-1	324448	0	0	380928	9392	0
2837165	-1	152384	0	0	171008	8977	0
2844165	-1	509608	0	0	446464	7008	0
2853183	-1	666264	0	0	749568	9000	0
2863168	-1	555864	0	0	683008	9829	0
2867178	-1	540416	0	0	207872	3077	0
2875181	-1	124528	0	0	134144	8617	0
2884170	-1	-1	0	0	9216	4987	0
2892197	-1	-1	0	0	0	0	0
2901192	-1	-1	0	0	0	0	0
2909184	-1	-1	0	0	0	0	0
2917192	-1	-1	0	0	0	0	520
2922179	798472	-1	532480	5335	0	0	5335
2931168	3350968	-1	508928	1215	0	0	1215
2940192	1674096	-1	1085440	5187	0	0	5187
2948165	-1	-1	0	0	0	0	0
2957197	2232336	-1	1351680	4844	0	0	4844
2967168	-1	-1	0	0	0	0	0
2976163	-1	-1	0	0	0	0	0
2980162	-1	-1	0	0	0	0	0
2989184	3827616	-1	1730560	3617	0	0	3617
2994186	-1	-1	0	0	0	0	0
3003168	3860168	-1	1684480	3491	0	0	3491
3005194	-1	-1	0	0	0	0	0
3014187	-1	-1	0	0	0	0	0
3020192	-1	-1	0	0	0	0	0
3030178	3131368	-1	1309696	3346	0	0	3346
3034185	-1	-1	0	0	0	0	0
3043174	2877136	-1	1126400	3132	0	0	3132
3051175	-1	-1	0	0	0	0	0
3058186	2668512	-1	659456	1977	0	0	1977
3064167	-1	-1	0	0	0	0	0
3072192	1704944	-1	886784	4161	0	0	4161
3081164	-1	-1	0	0	0	0	0
3088160	2035216	-1	774144	3043	0	0	3043
3096192	-1	-1	0	0	0	0	0
3102187	803136	-1	532480	5304	0	0	5350
3111181	605088	-1	663552	8773	0	0	8773
3118184	415272	-1	367616	7082	0	0	7082
3125185	271432	-1	221184	6519	0	0	7000
3132201	-1	-1	90112	7192	0	0	7192
3142185	324088	-1	417792	10313	0	0	10313
3150177	1546400	-1	1542144	7978	0	0	7991
3155171	2868296	-1	668672	1865	0	0	1865
3164198	2730160	-1	1354160	3968	0	0	3968
3173167	-1	-1	0	0	0	0	0
3182176	-1	-1	0	0	0	0	0
3191174	3545792	-1	475136	1072	0	0	1253
3195168	4220120	-1	1044480	1980	0	0	1980
3202183	-1	-1	0	0	0	0	0
3211168	-1	-1	0	0	0	0	0
3218189	-1	-1	0	0	0	0	0
3227168	3731656	-1	1819648	3901	0	0	3901
3232199	-1	-1	0	0	0	0	0
3242185	3597104	-1	1018880	2266	0	0	2266
3252160	-1	-1	0	0	0	0	0
3261185	4106888	-1	1351680	2633	0	0	2633
3269188	-1	-1	0	0	0	0	0
3277197	-1	-1	0	0	0	0	0
3287178	-1	-1	40960	256	0	0	296
3292192	4105384	-1	1567744	3055	0	0	3055
3301198	3274768	-1	659456	1611	0	0	1611
3304161	-1	-1	0	0	0	0	0
3312168	-1	-1	0	0	0	0	0
3321195	3558104	-1	1002496	2254	0	0	2254
3326186	-1	-1	0	0	0	0	0
3334182	3633552	-1	901120	1984	0	0	1984
3343170	-1	-1	0	0	0	0	0
3352171	4140904	-1	849920	1642	0	0	1642
3360160	-1	-1	0	0	0	0	0
3368161	-1	-1	0	0	0	0	0
3372192	-1	-1	0	0	0	0	0
3379170	4342376	-1	866304	1596	0	0	1596
3383174	-1	-1	0	0	0	0	0
3389168	4137552	-1	968704	1873	0	0	1873
3398182	-1	-1	0	0	0	0	0
3407176	2767848	-1	965632	2791	0	0	2791
3416164	-1	-1	0	0	0	0	0
3425185	4082720	-1	1101824	2159	0	0	2159
3433185	-1	-1	0	0	0	0	0
3442187	3597400	-1	1581056	3516	0	0	3516
3452175	-1	-1	0	0	0	0	0
3461195	1195400	-1	800768	5359	0	0	5359
3471175	949312	-1	1182720	9967	0	0	9967
3480163	493368	-1	294912	4782	0	0	5111
3488161	442120	-1	458752	8301	0	0	8301
3498176	766232	-1	945152	9868	0	0	9868
3507170	910120	-1	1021952	8983	0	0	8983
3510179	812128	-1	293888	2895	0	0	2895
3519167	1800680	3384	2031616	9026	151552	358681	9026
3523168	856160	-1	427008	3990	83968	2098	3990
3531168	1990720	329040	911252	3662	253952	6174	3662
3537184	6425880	643088	1318912	1642	485376	6038	1642
3547181	-1	879640	0	0	1094656	9955	0
3556195	-1	1070744	0	0	1204224	8997	0
3561184	-1	1103168	0	0	197632	1433	0
3569168	-1	-1	0	0	0	0	0
3577183	-1	-1	0	0	0	0	0
3587182	4085288	-1	781312	1530	0	0	1530
3596198	-1	-1	0	0	0	0	0
3605196	9457368	-1	1324032	1120	0	0	1120
3614180	-1	-1	0	0	0	0	0
3623171	-1	-1	0	0	0	0	0
3632162	-1	-1	0	0	0	0	0
3638191	6442632	-1	2176000	2702	0	0	2702
3648191	-1	-1	0	0	0	0	0
3657186	6068928	-1	1179648	1555	0	0	1555
3664196	-1	-1	0	0	0	0	0
3671009	3203104	-1	925696	2312	0	0	2312
3679017	2284480	-1	655360	2295	0	0	2295
3687011	-1	-1	0	0	0	0	0
3695008	-1	-1	0	0	0	0	0
3700009	-1	-1	0	0	0	0	0
3708995	-1	-1	0	0	0	0	0
3718022	5578480	-1	1414144	2028	0	0	2028
3725008	-1	-1	0	0	0	0	0
3734016	6372720	-1	1248256	1567	0	0	1567
3743017	-1	-1	0	0	0	0	0
3750009	-1	-1	0	0	0	0	0
3753995	-1	-1	0	0	0	0	0
3760014	7474512	-1	1941504	2078	0	0	2078
3769029	5583016	-1	532480	763	0	0	764
3774020	4937640	-1	540672	876	0	0	876
3781006	-1	-1	0	0	0	0	0
3788000	6133712	-1	610304	796	0	0	796
3797008	-1	-1	0	0	0	0	0
3807020	7270192	-1	1356800	1493	0	0	1493
3812000	-1	-1	0	0	0	0	0
3817000	8262848	-1	955392	925	0	0	925
3826017	-1	-1	0	0	0	0	0
3835010	7554368	-1	715776	758	0	0	758
3844011	-1	-1	0	0	0	0	0
3853027	-1	-1	0	0	0	0	0
3859008	-1	-1	0	0	0	0	0
3864008	8138728	-1	1408000	1384	0	0	1384
3874031	-1	-1	0	0	0	0	0
3881032	-1	-1	0	0	0	0	0
3889025	-1	-1	0	0	0	0	0
3896011	4663920	-1	752640	1291	0	0	1291
3905038	5713040	-1	766976	1074	0	0	-1
3907014	-1	-1	0	0	0	0	-1
3916001	-1	-1	0	0	0	0	-1
3926016	2347208	-1	827392	2820	0	0	-1
3934998	-1	-1	0	0	0	0	-1
3942019	-1	-1	0	0	0	0	-1
3950016	5908984	-1	720896	976	0	0	-1
3954016	4671360	-1	349184	598	0	0	-1
3963008	-1	-1	0	0	0	0	-1
3971010	4074776	-1	589824	1158	0	0	-1
3980000	-1	-1	0	0	0	0	-1
3984001	-1	-1	0	0	0	0	-1
3989523	1665192	-1	827392	3975	0	0	5047
3995529	2589280	-1	537600	1661	0	0	1661
4004513	-1	-1	0	0	0	0	0
4013545	-1	-1	0	0	0	0	0
4022529	2117336	-1	727040	2747	0	0	2747
4031536	-1	-1	0	0	0	0	0
4039534	2245344	-1	524288	1868	0	0	1868
4048513	-1	-1	0	0	0	0	0
4056513	2580128	-1	795648	2467	0	0	2467
4064512	-1	-1	0	0	0	0	0
4073536	-1	-1	0	0	0	0	0
4081536	2781048	-1	376832	1084	0	0	1136
4085537	2526272	-1	738304	2338	0	0	2338
4093536	-1	-1	0	0	0	0	0
4102529	2357744	-1	1184768	4020	0	0	4020
4107520	-1	-1	0	0	0	0	0
4115531	-1	-1	0	0	0	0	0
4118535	-1	-1	0	0	0	0	0
4127520	2319712	-1	1171456	4040	0	0	4040
4135522	-1	-1	0	0	0	0	0
4143523	-1	-1	0	0	0	0	0
4152512	-1	-1	0	0	0	0	0
4158510	2466792	-1	1072128	3477	0	0	3477
4164521	-1	-1	0	0	0	0	0
4173518	2425000	-1	1058816	3493	0	0	3493
4182538	-1	-1	0	0	0	0	0
4191525	1659864	-1	568296	2739	0	0	2739
4199528	-1	-1	0	0	0	0	0
4208515	2746592	-1	1235968	3600	0	0	3600
4217546	-1	-1	0	0	0	0	0
4225541	2582904	-1	447488	1386	0	0	1386
4234543	-1	-1	0	0	0	0	0
4244518	1401072	-1	802816	4584	0	0	4584
4252522	1537856	-1	1221632	6355	0	0	6355
4260512	1158224	-1	196608	1358	0	0	5081
4268522	368568	-1	329728	7157	0	0	7157
4277545	1281600	-1	872448	5446	0	0	5446
4283520	1116320	-1	405504	2906	0	0	2906
4292515	-1	-1	0	0	0	0	0
4300512	1909320	-1	606208	2540	0	0	2540
4303512	2128072	-1	802816	3018	0	0	3018
4311531	-1	-1	98304	376	0	0	376
4317542	-1	-1	0	0	0	0	0
4321536	-1	-1	0	0	0	0	0
4327529	1977640	-1	1057792	4279	0	0	4279
4336522	-1	-1	32768	230	0	0	259
4341511	2039712	-1	693248	2719	0	0	2719
4349511	-1	-1	0	0	0	0	0
4358528	2042432	-1	844800	3309	0	0	3309
4368524	2548624	-1	458752	1440	0	0	1494
4372523	2807584	-1	373760	1065	0	0	1065
4378528	-1	-1	0	0	0	0	0
4385517	2306528	-1	1020928	3541	0	0	3541
4393544	-1	-1	0	0	0	0	0
4402517	2233040	-1	726016	2601	0	0	2601
4408526	-1	-1	0	0	0	0	0
4417513	1399912	-1	960512	5489	0	0	5489
4423524	3139120	-1	233472	595	0	0	595
4433537	-1	-1	0	0	0	0	0
4441518	1720752	-1	286720	1333	0	0	1357
4445545	1584032	-1	757760	3827	0	0	3827
