22684	2179136	-1	3187808	11703	0	0	11703
33564	-1	-1	0	0	0	0	0
45724	2228608	-1	1750016	6282	0	0	8342
54374	10835848	-1	5367808	3963	0	0	3963
63377	-1	-1	0	0	0	0	0
72369	-1	-1	0	0	0	0	0
79372	-1	-1	0	0	0	0	0
89380	-1	-1	0	0	0	0	0
97378	5458296	-1	1226752	1798	0	0	1798
107389	-1	-1	0	0	0	0	0
114376	4618896	-1	868352	1504	0	0	1504
124377	-1	-1	0	0	0	0	0
132381	3854888	-1	1342464	2786	0	0	2786
141417	-1	-1	0	0	0	0	0
150370	-1	-1	0	0	0	0	0
159369	-1	-1	40960	414	0	0	479
164375	1596016	-1	987136	4948	0	0	5005
171378	3478632	-1	1531904	3523	0	0	3523
175370	1338904	-1	449536	2686	0	0	2686
185377	-1	-1	0	0	0	0	0
193370	2992944	-1	615424	1645	0	0	1645
201381	-1	-1	0	0	0	0	0
207372	2800416	-1	1534976	4385	0	0	4385
215374	-1	-1	0	0	0	0	0
223369	4906176	-1	1336320	2179	0	0	2179
232376	-1	-1	0	0	0	0	0
240369	-1	-1	0	0	0	0	0
246372	-1	-1	0	0	0	0	0
255380	5450280	-1	2539832	3728	0	0	3728
259369	-1	-1	0	0	0	0	0
268382	5642416	-1	2531328	3589	0	0	3589
276384	-1	-1	0	0	0	0	0
286377	2948736	-1	1255424	3406	0	0	3406
296376	-1	-1	0	0	0	0	0
306372	4228592	-1	604160	1143	0	0	1143
314374	-1	-1	0	0	0	0	0
320377	5077408	-1	1083392	1707	0	0	1707
329379	-1	-1	0	0	0	0	0
338376	5451792	-1	780288	1145	0	0	1145
342371	-1	-1	0	0	0	0	0
352367	4532152	-1	734208	1296	0	0	1296
359366	-1	-1	0	0	0	0	0
368367	-1	-1	0	0	0	0	0
375367	-1	-1	0	0	0	0	0
381369	6083232	-1	1025024	1348	0	0	1348
386367	-1	-1	0	0	0	0	0
394371	6791136	-1	913408	1076	0	0	1076
401368	-1	-1	0	0	0	0	0
409375	5121456	-1	900096	1406	0	0	1406
417371	-1	-1	0	0	0	0	0
427376	-1	-1	0	0	0	0	0
435379	4838128	-1	1298432	2147	0	0	2147
437383	-1	-1	0	0	0	0	0
446377	-1	-1	0	0	0	0	0
455368	8079664	-1	957440	948	0	0	948
464375	-1	-1	0	0	0	0	0
472371	8312472	-1	706560	680	0	0	680
481367	-1	-1	0	0	0	0	0
488378	918952	-1	466944	4065	0	0	4065
498379	1188656	-1	312320	2102	0	0	2102
507378	3918208	-1	1173504	2396	0	0	2396
515370	-1	-1	0	0	0	0	0
524372	-1	-1	0	0	0	0	0
528370	-1	-1	0	0	0	0	0
537376	5314976	-1	2243584	3377	0	0	3377
544371	-1	-1	0	0	0	0	0
553373	-1	-1	0	0	0	0	0
555371	-1	-1	0	0	0	0	0
564369	6944208	-1	1048576	1208	0	0	1208
573374	-1	-1	0	0	0	0	0
579372	4835504	-1	646144	1069	0	0	1069
588374	-1	-1	0	0	0	0	0
596372	-1	-1	0	0	0	0	0
604375	2676208	-1	704512	2106	0	0	2217
607372	3760384	-1	823524	1752	0	0	1752
615375	-1	-1	0	0	0	0	0
624374	1703824	-1	512000	2404	0	0	2404
632373	-1	-1	0	0	0	0	0
640368	2871960	-1	339968	947	0	0	947
649372	-1	-1	0	0	0	0	0
658369	1947312	-1	539648	2217	0	0	2217
667381	-1	-1	0	0	0	0	0
672372	-1	-1	0	0	0	0	0
678367	3908752	-1	342016	700	0	0	742
683367	5093192	-1	486400	764	0	0	764
689373	-1	-1	0	0	0	0	0
698371	2942360	-1	517120	1406	0	0	1406
706367	-1	-1	0	0	0	0	0
715367	-1	-1	0	0	0	0	0
717371	-1	-1	0	0	0	0	0
726380	1278256	-1	516096	3230	0	0	3230
734372	1552984	-1	532480	2743	0	0	2743
736380	-1	-1	0	0	0	0	0
745375	-1	-1	0	0	0	0	0
752377	3139056	-1	886784	2260	0	0	2260
761378	-1	-1	0	0	0	0	0
771375	-1	-1	0	0	0	0	0
779367	4367112	-1	915456	1677	0	0	1771
783372	4715992	-1	475136	806	0	0	806
792367	4836032	-1	287744	476	0	0	623
797379	5585456	-1	307200	440	0	0	440
806372	-1	-1	0	0	0	0	0
813367	6724600	-1	595968	709	0	0	709
817375	-1	-1	0	0	0	0	0
826367	-1	-1	0	0	0	0	0
836401	7116712	-1	515072	579	0	0	661
841367	9665184	-1	718848	595	0	0	595
850366	-1	-1	0	0	0	0	0
858374	5153320	-1	593920	922	0	0	922
867376	-1	-1	0	0	0	0	0
876374	5529368	-1	610304	883	0	0	883
885382	-1	-1	0	0	0	0	0
891375	5910208	-1	485376	657	0	0	657
900371	-1	-1	0	0	0	0	0
905383	-1	-1	0	0	0	0	0
912367	6296576	-1	1098752	1396	0	0	1459
916367	5550080	-1	277504	400	0	0	400
924368	-1	-1	0	0	0	0	0
932367	-1	-1	0	0	0	0	0
940378	-1	-1	0	0	0	0	0
947374	5622144	-1	620544	883	0	0	883
954375	1662144	-1	344064	1656	0	0	1761
958379	2039056	-1	291840	1145	0	0	1145
966367	-1	-1	0	0	0	0	0
972375	2407800	-1	539648	1793	0	0	1793
981372	-1	-1	0	0	0	0	0
987368	2429040	-1	809780	2667	0	0	2667
991370	-1	-1	0	0	0	0	0
1000375	5895760	-1	680960	924	0	0	924
1008404	-1	-1	0	0	0	0	0
1017395	-1	-1	0	0	0	0	0
1027638	-1	-1	0	0	0	0	0
1034388	952064	-1	592896	4982	0	0	5253
1040368	1809712	-1	441344	1951	0	0	1951
1049379	1793696	-1	541696	2416	0	0	2416
1057369	-1	-1	0	0	0	0	0
1066392	2230808	-1	799744	2868	0	0	2868
1075375	-1	-1	0	0	0	0	0
1084377	-1	-1	0	0	0	0	0
1093383	8405752	-1	1489920	1418	0	0	1418
1096374	-1	-1	0	0	0	0	0
1105375	-1	-1	0	0	0	0	0
1114375	5437104	-1	765952	1127	0	0	1127
1122369	-1	-1	0	0	0	0	0
1129380	-1	-1	0	0	0	0	0
1134379	-1	-1	0	0	0	0	0
1143377	7423432	-1	1246208	1343	0	0	1454
1151374	-1	-1	0	0	0	0	0
1158382	5217832	-1	1024000	1570	0	0	1570
1167372	-1	-1	0	0	0	0	0
1176372	5600152	-1	1046528	1495	0	0	1495
1183377	-1	-1	0	0	0	0	0
1193370	1010488	-1	631808	5002	0	0	5002
1203381	2494616	-1	158720	509	0	0	509
1211384	6439752	-1	741376	921	0	0	921
1218380	-1	-1	0	0	0	0	0
1226375	-1	-1	0	0	0	0	0
1234378	-1	-1	0	0	0	0	0
1240384	9265808	-1	1404928	1213	0	0	1213
1249381	-1	-1	0	0	0	0	0
1259370	7952064	-1	712704	717	0	0	717
1268371	-1	-1	0	0	0	0	0
1275386	8339544	-1	1215488	1166	0	0	1166
1282371	-1	-1	0	0	0	0	0
1292383	-1	-1	0	0	0	0	0
1297377	-1	-1	0	0	0	0	0
1307374	7738528	-1	1345536	1391	0	0	1391
1310371	-1	-1	0	0	0	0	0
1319378	-1	-1	0	0	0	0	0
1325371	-1	-1	0	0	0	0	0
1334375	2515536	-1	858112	2729	0	0	2729
1341372	-1	-1	0	0	0	0	0
1350371	-1	-1	0	0	0	0	0
1360381	-1	-1	0	0	0	0	0
1367371	7960464	-1	1906532	1916	0	0	1971
1376380	-1	-1	0	0	0	0	0
1384367	5097712	-1	497664	781	0	0	781
1393370	-1	-1	0	0	0	0	0
1402369	1326088	-1	611328	3688	0	0	3688
1408377	-1	-1	0	0	0	0	0
1417368	779152	-1	549888	5646	0	0	5646
1419382	1778592	-1	174080	783	0	0	783
1428372	-1	-1	0	0	0	0	0
1437377	3141672	-1	380928	970	0	0	1028
1441378	3662400	-1	484352	1058	0	0	1058
1448369	-1	-1	0	0	0	0	0
1454374	3513096	-1	459776	1047	0	0	1047
1463366	-1	-1	0	0	0	0	0
1469367	6352288	-1	1538048	1937	0	0	1937
1478367	-1	-1	0	0	0	0	0
1487372	6849280	-1	982016	1147	0	0	1147
1496380	-1	-1	0	0	0	0	0
1502374	-1	-1	0	0	0	0	0
1511372	5358168	-1	567296	847	0	0	948
1515368	5170496	-1	327680	507	0	0	507
1522367	4055448	-1	204800	404	0	0	494
1527375	4147104	-1	1952768	3767	0	0	3767
1535375	-1	-1	0	0	0	0	0
1544375	-1	-1	0	0	0	0	0
1550380	-1	-1	0	0	0	0	0
1559373	2927768	-1	1353728	3699	0	0	3699
1567377	-1	-1	0	0	0	0	0
1576376	1592728	-1	842752	4233	0	0	4233
1579371	-1	-1	0	0	0	0	0
1586369	2375384	-1	748544	2521	0	0	2521
1595372	-1	-1	0	0	0	0	0
1603370	973624	-1	677888	5570	0	0	5570
1609380	-1	-1	56320	248	0	0	248
1618368	2256632	-1	542720	1924	0	0	1924
1626375	-1	-1	0	0	0	0	0
1634371	1653464	-1	517120	2502	0	0	2502
1641369	-1	-1	0	0	0	0	0
1650380	1418968	-1	374784	2113	0	0	2113
1659431	-1	-1	0	0	0	0	0
1665370	2581552	-1	927744	2875	0	0	2875
1674368	-1	-1	0	0	0	0	0
1683370	661456	-1	417792	5053	0	0	5192
1692379	213896	-1	226304	8464	0	0	8464
1700378	412176	-1	442368	8586	0	0	8586
1705372	1777864	-1	342016	1539	0	0	1539
1714370	-1	-1	0	0	0	0	0
1716366	-1	-1	0	0	0	0	0
1725366	2786808	-1	1004644	2884	0	0	2884
1733371	-1	-1	0	0	0	0	0
1739367	3377400	-1	625664	1482	0	0	1482
1744377	-1	-1	0	0	0	0	0
1754370	4123936	-1	377856	733	0	0	733
1757369	-1	-1	0	0	0	0	0
1766380	2901648	-1	590848	1629	0	0	1629
1775367	-1	-1	0	0	0	0	0
1785381	-1	-1	0	0	0	0	0
1786367	-1	-1	0	0	0	0	0
1795379	2431088	-1	553984	1823	0	0	1823
1800370	-1	-1	0	0	0	0	0
1809380	3291848	-1	358400	871	0	0	871
1816370	-1	-1	0	0	0	0	0
1825372	1568384	-1	344064	1755	0	0	1775
1830369	-1	-1	0	0	0	0	0
1838390	2592248	-1	1502208	4636	0	0	4636
1841375	-1	-1	0	0	0	0	0
1850374	-1	-1	0	0	0	0	0
1859376	4870920	-1	450560	740	0	0	762
1864371	4812672	-1	2403328	3995	0	0	3995
1872376	-1	-1	0	0	0	0	0
1879372	4183040	-1	1722368	3294	0	0	3294
1886377	-1	-1	0	0	0	0	0
1895378	-1	-1	0	0	0	0	0
1898369	-1	-1	0	0	0	0	0
1907381	6405672	-1	1986560	2481	0	0	2481
1915380	-1	-1	0	0	0	0	0
1924368	2639752	-1	862208	2613	0	0	2613
1933510	-1	-1	0	0	0	0	0
1941486	2195888	-1	1254400	4570	0	0	4570
1950378	2381696	-1	186368	626	0	0	626
1952372	-1	-1	0	0	0	0	0
1961373	1438456	-1	204800	1139	0	0	1167
1965371	2571496	-1	959488	2985	0	0	2985
1975367	2932768	-1	212992	581	0	0	589
1980376	2077568	-1	953344	3671	0	0	3671
1988375	-1	-1	0	0	0	0	0
1994377	3948728	-1	878592	1780	0	0	1780
2001372	-1	-1	0	0	0	0	0
2009373	1603616	-1	1029120	5134	0	0	5134
2018366	2717536	-1	635904	1872	0	0	1872
2027370	5014040	-1	1496064	2387	0	0	2387
2033381	-1	-1	0	0	0	0	0
2042369	3344800	-1	1057792	2530	0	0	2530
2051370	-1	-1	0	0	0	0	0
2057369	-1	-1	0	0	0	0	0
2062380	-1	-1	0	0	0	0	0
2070380	4498856	-1	2733056	4860	0	0	4860
2080367	-1	-1	0	0	0	0	0
2088381	2681152	-1	532544	1589	0	0	1589
2097379	-1	-1	0	0	0	0	0
2104375	3153672	-1	1112064	2821	0	0	2821
2114380	-1	-1	0	0	0	0	0
2121400	4383208	-1	2031616	3708	0	0	3708
2127369	-1	-1	0	0	0	0	0
2138663	4884536	-1	1826816	2992	0	0	2992
2146368	-1	-1	0	0	0	0	0
2154366	-1	-1	0	0	0	0	0
2156380	-1	-1	0	0	0	0	0
2163374	3924264	-1	1017856	2075	0	0	2075
2169371	-1	-1	0	0	0	0	0
2175381	1727760	-1	1219584	5647	0	0	5647
2184369	1798176	-1	643072	2861	0	0	2861
2194382	1947016	-1	932864	3833	0	0	3833
2203366	-1	-1	0	0	0	0	0
2213373	776152	-1	524288	5404	0	0	5452
2222370	649256	-1	679936	8378	0	0	8378
2230371	751040	-1	586752	6250	0	0	6250
2237373	394216	-1	359424	7294	0	0	7294
2245368	536944	-1	538624	8025	0	0	8025
2251370	655592	-1	231424	2824	0	0	2824
2257376	375560	-1	224256	4777	0	0	4777
2265373	446664	-1	343040	6144	0	0	6144
2274368	1072600	-1	655360	4888	0	0	4888
2281367	-1	-1	124928	1552	0	0	1552
2289371	1630864	-1	930816	4566	0	0	4566
2298401	-1	-1	0	0	0	0	0
2306370	1918184	-1	877568	3660	0	0	3660
2312367	-1	-1	0	0	0	0	0
2321366	-1	-1	0	0	0	0	0
2325368	-1	-1	0	0	0	0	0
2332378	1271944	-1	783360	4927	0	0	4953
2341367	795224	-1	139264	1401	0	0	1401
2350371	861112	-1	576512	5356	0	0	5356
2357369	-1	-1	0	0	0	0	0
2363380	-1	-1	0	0	0	0	0
2372378	-1	-1	0	0	0	0	0
2378367	384104	-1	237568	4948	0	0	5211
2387382	273632	-1	312320	9131	0	0	9131
2395371	491296	-1	490496	7987	0	0	7989
2398373	-1	-1	8192	310	0	0	3001
2406397	181072	-1	237568	10496	0	0	10496
2412373	476784	-1	360448	6048	0	0	6048
2422377	501416	-1	615424	9819	0	0	10003
2431374	801808	-1	764928	7632	0	0	7632
2434380	444416	-1	245760	4424	0	0	4424
2442375	813256	-1	350208	3445	0	0	3445
2451375	697840	-1	419840	4813	0	0	4813
2456394	-1	-1	70656	413	0	0	413
2464376	1383088	-1	771072	4460	0	0	4460
2473382	-1	-1	0	0	0	0	0
2480369	792176	-1	528384	5336	0	0	5336
2487370	503896	-1	425984	6763	0	0	6763
2496370	-1	-1	0	0	0	0	-1
2498367	-1	-1	0	0	0	0	-1
2507376	920448	-1	532480	4628	0	0	-1
2512366	370752	-1	245760	5303	0	0	-1
2521380	799904	-1	789504	7896	0	0	-1
2528375	179576	-1	172032	7664	0	0	-1
2534455	539336	-1	428032	6349	0	0	-1
2543383	1136744	-1	654336	4605	0	0	-1
2553126	-1	-1	0	0	0	0	31883
2561237	204352	-1	278528	10904	0	0	10904
2569206	476592	-1	466944	7838	0	0	7969
2578225	697928	-1	745472	8545	0	0	9018
2584235	698000	-1	563200	6455	0	0	6455
2592233	392576	-1	393216	8013	0	0	8013
2601199	523072	-1	577536	8833	0	0	8833
2608196	624608	-1	399360	5115	0	0	5115
2612228	663280	-1	332800	4014	0	0	4014
2619203	-1	-1	67584	750	0	0	750
2627195	707728	-1	443392	5012	0	0	5012
2636204	781272	-1	210944	2160	0	0	2160
2645200	775256	-1	505856	5220	0	0	5220
2654197	599712	-1	406528	5423	0	0	5423
2657196	909936	-1	360448	3169	0	0	3169
2665209	924056	-1	539648	4672	0	0	4672
2673195	1265784	-1	746496	4718	0	0	4718
2682197	-1	-1	0	0	0	0	0
2688201	-1	-1	0	0	0	0	0
2694198	-1	-1	49152	358	0	0	470
2699195	1524016	-1	944128	4956	0	0	4956
2705198	-1	-1	66560	370	0	0	370
2714236	-1	-1	0	0	0	0	0
2718230	-1	-1	0	0	0	0	0
2727197	668176	-1	401408	4806	0	0	5349
2729201	-1	-1	0	0	0	0	2003
2738239	246288	-1	309248	10045	0	0	10045
2747205	225464	-1	278528	9883	0	0	9883
2755208	332712	-1	344064	8273	0	0	8273
2764204	231816	-1	260096	8976	0	0	8996
2770197	2982456	-1	1428224	3831	0	0	3831
2779202	-1	-1	0	0	0	0	0
2787247	4014368	-1	856064	1706	0	0	1706
2794196	-1	-1	0	0	0	0	0
2800277	5761688	-1	929792	1291	0	0	1291
2808198	-1	-1	0	0	0	0	0
2814200	4565944	-1	840704	1473	0	0	1473
2823200	-1	-1	0	0	0	0	0
2832495	2977248	-1	1170432	3145	0	0	3145
2841203	-1	-1	0	0	0	0	0
2847320	-1	-1	0	0	0	0	0
2854194	-1	-1	0	0	0	0	0
2860234	5850096	-1	2573312	3519	0	0	3519
2869335	-1	-1	0	0	0	0	0
2876198	-1	-1	0	0	0	0	0
2879195	-1	-1	0	0	0	0	0
2887196	6769000	-1	1422336	1681	0	0	1681
2894206	-1	-1	0	0	0	0	0
2904206	4807744	-1	888832	1479	0	0	1479
2910240	-1	-1	0	0	0	0	0
2917195	-1	-1	0	0	0	0	0
2922195	-1	-1	0	0	0	0	0
2928248	6646152	-1	1382400	1664	0	0	1664
2938237	-1	-1	0	0	0	0	0
2947194	2626288	-1	798720	2433	0	0	2433
2956195	-1	-1	0	0	0	0	0
2964194	5853552	-1	1614848	2207	0	0	2207
2974197	-1	-1	0	0	0	0	0
2983198	5468232	-1	1352704	1979	0	0	1979
2991200	-1	-1	0	0	0	0	0
3000200	547048	-1	327680	4792	0	0	4933
3009202	527152	-1	587776	8920	0	0	8925
3018207	1308272	-1	1490944	9117	0	0	9117
3027196	3065560	-1	1218560	3180	0	0	3180
3036195	5538040	-1	1897472	2741	0	0	2741
3044194	-1	-1	0	0	0	0	0
3054246	3597880	-1	1161216	2582	0	0	2582
3060194	-1	-1	0	0	0	0	0
3069206	5637952	-1	969728	1376	0	0	1376
3078207	-1	-1	0	0	0	0	0
3087196	5276200	-1	1245184	1888	0	0	1888
3097206	-1	-1	0	0	0	0	0
3106195	2899056	-1	1304576	3600	0	0	3600
3116194	-1	-1	0	0	0	0	0
3125196	4229392	-1	1103872	2088	0	0	2088
3134228	3041552	-1	681308	1792	0	0	1941
3137196	6451504	-1	1074176	1332	0	0	1332
3146194	-1	-1	0	0	0	0	0
3155198	-1	-1	0	0	0	0	0
3158197	-1	-1	0	0	0	0	0
3167204	9364928	-1	1553408	1327	0	0	1327
3175198	-1	-1	0	0	0	0	0
3182359	4546368	-1	1199104	2110	0	0	2110
3188239	-1	-1	0	0	0	0	0
3197194	6363848	-1	2349056	2953	0	0	2953
3202199	-1	-1	0	0	0	0	0
3211224	-1	-1	0	0	0	0	0
3219203	-1	-1	0	0	0	0	0
3226195	3162240	-1	1780736	4505	0	0	4505
3235196	-1	-1	0	0	0	0	0
3244234	3043504	-1	1285120	3378	0	0	3378
3249198	-1	-1	0	0	0	0	0
3258194	-1	-1	0	0	0	0	0
3267197	4081536	-1	1300480	2549	0	0	2549
3268199	-1	-1	0	0	0	0	0
3277197	-1	-1	0	0	0	0	0
3286234	6009656	-1	561152	747	0	0	747
3293198	5624728	-1	693248	986	0	0	986
3297206	-1	-1	0	0	0	0	0
3304195	-1	-1	0	0	0	0	0
3311204	5042480	-1	1590272	2523	0	0	2523
3320194	-1	-1	0	0	0	0	0
3329199	1137080	-1	786432	5533	0	0	5533
3337204	7375432	-1	286720	311	0	0	311
3345198	2327400	-1	1317888	4530	0	0	4530
3353252	7688736	-1	844800	879	0	0	983
3357199	9495872	-1	738304	622	0	0	622
3366227	-1	-1	0	0	0	0	0
3373195	7938248	-1	1697792	1711	0	0	1711
3382194	-1	-1	0	0	0	0	0
3391234	-1	-1	0	0	0	0	0
3400194	-1	-1	0	0	0	0	0
3406194	2380416	-1	1503232	5052	0	0	5052
3413197	-1	-1	0	0	0	0	0
3422204	5075432	-1	1297408	2045	0	0	2045
3431205	-1	-1	0	0	0	0	0
3438199	-1	-1	0	0	0	0	0
3447197	4266144	-1	1745920	3274	0	0	3449
3448205	-1	-1	0	0	0	0	0
3457203	-1	-1	0	0	0	0	0
3466203	5170840	-1	911360	1410	0	0	1410
3475198	-1	-1	0	0	0	0	0
3481197	7706552	-1	1040384	1080	0	0	1080
3491198	-1	-1	0	0	0	0	0
3500231	4684496	-1	821544	1403	0	0	1403
3501199	-1	-1	0	0	0	0	0
3510232	-1	-1	0	0	0	0	0
3514194	-1	-1	0	0	0	0	0
3523197	3854776	-1	2462720	5111	0	0	5111
3528209	1120496	-1	490496	3502	0	0	3502
3536195	3925512	-1	1862656	3796	0	0	3796
3543194	-1	-1	0	0	0	0	0
3552240	-1	-1	0	0	0	0	0
3560207	-1	-1	0	0	0	0	0
3569199	3156256	-1	1630208	4132	0	0	4132
3574197	-1	-1	111616	3141	0	0	3141
3583205	1302368	-1	638976	3925	0	0	3925
3593199	-1	-1	0	0	0	0	0
3601196	1524712	-1	881664	4626	0	0	4626
3610194	1125456	-1	381952	2715	0	0	2715
3620195	1934680	-1	1254400	5187	0	0	5187
3629204	-1	-1	43008	65	0	0	65
3638209	-1	-1	0	0	0	0	0
3640194	-1	-1	0	0	0	0	0
3649194	2459592	-1	1517568	4936	0	0	4936
3656245	1875512	-1	197632	843	0	0	843
3665195	3199872	-1	800768	2002	0	0	2002
3674227	-1	-1	0	0	0	0	0
3683195	2313632	-1	515072	1781	0	0	1781
3691201	-1	-1	0	0	0	0	0
3700200	3903280	-1	653312	1339	0	0	1339
3707218	-1	-1	0	0	0	0	0
3716285	2472968	-1	560128	1812	0	0	1812
3725204	-1	-1	0	0	0	0	0
3730205	1366520	-1	393216	2302	0	0	2302
3738280	-1	-1	0	0	0	0	0
3745197	2233624	-1	1115136	3994	0	0	3994
3752195	-1	-1	0	0	0	0	0
3760195	3068624	-1	1047552	2731	0	0	2731
3767195	-1	-1	0	0	0	0	0
3776194	-1	-1	0	0	0	0	0
3785203	-1	-1	0	0	0	0	0
3791194	2061944	-1	1325056	5141	0	0	5141
3796195	-1	-1	119808	308	0	0	308
3803196	-1	-1	0	0	0	0	0
3808205	-1	-1	0	0	0	0	0
3817201	4218184	-1	1555456	2950	0	0	2950
3826215	-1	-1	0	0	0	0	0
3835199	4507280	-1	549888	976	0	0	976
3844198	-1	-1	0	0	0	0	0
3853201	3892088	-1	899072	1848	0	0	1848
3862223	-1	-1	0	0	0	0	0
3871233	2189048	-1	674228	2464	0	0	2464
3880199	-1	-1	0	0	0	0	0
3889193	-1	-1	0	0	0	0	0
3891204	-1	-1	0	0	0	0	0
3900196	915672	-1	573440	5010	0	0	5082
3904196	-1	-1	111616	3939	0	0	3939
3911206	346256	-1	303104	7003	0	0	7003
3920201	586392	-1	652288	8899	0	0	8899
3925195	286488	-1	179200	5004	0	0	5004
3934196	1474864	-1	997376	5410	0	0	5410
3938196	2864960	-1	327680	915	0	0	915
3947208	-1	-1	0	0	0	0	89
3952198	650496	-1	377856	4647	0	0	4647
3961208	-1	-1	0	0	0	0	753
3966202	1428400	-1	548864	3074	0	0	3074
3975218	-1	-1	0	0	0	0	51
3980209	3746296	-1	477184	1019	0	0	1019
3988208	-1	-1	0	0	0	0	0
3997195	1868280	-1	902144	3863	0	0	3863
4005209	-1	-1	0	0	0	0	0
4014210	4011184	-1	411648	821	0	0	821
4020217	-1	-1	0	0	0	0	66
4025195	3289752	-1	988160	2403	0	0	2403
4031206	-1	-1	0	0	0	0	0
4040207	4039472	-1	804864	1594	0	0	1594
4047213	-1	-1	0	0	0	0	0
4056276	5676544	-1	693248	977	0	0	977
4065200	-1	-1	0	0	0	0	0
4074199	-1	-1	0	0	0	0	0
4082194	1954856	-1	413696	1693	0	0	1703
4085214	1478328	-1	321536	1740	0	0	1740
4094207	3585160	-1	790528	1764	0	0	1764
4096202	-1	-1	0	0	0	0	0
4105327	-1	-1	0	0	0	0	0
4115208	5652816	-1	1199104	1697	0	0	1697
4122199	-1	-1	0	0	0	0	0
4131207	4228592	-1	898048	1699	0	0	1699
4138198	-1	-1	0	0	0	0	0
4142206	-1	-1	0	0	0	0	0
4148201	-1	-1	0	0	0	0	0
4157203	4447656	-1	1139712	2050	0	0	2050
4166204	-1	-1	0	0	0	0	0
4170202	-1	-1	0	0	0	0	0
4177194	-1	-1	0	0	0	0	0
4186198	2497384	-1	694272	2224	0	0	2224
4191207	-1	-1	0	0	0	0	0
4199195	2300936	-1	696320	2421	0	0	2421
4207203	-1	-1	0	0	0	0	0
4216194	2116896	-1	865280	3270	0	0	3270
4225209	3752640	-1	394496	841	0	0	841
4229200	-1	-1	0	0	0	0	0
4237204	-1	-1	0	0	0	0	0
4246199	2556536	-1	897024	2807	0	0	2807
4254195	-1	-1	0	0	0	0	0
4263202	2924712	-1	637952	1745	0	0	1745
4269206	-1	-1	0	0	0	0	0
4278205	4438288	-1	989184	1783	0	0	1783
4288194	-1	-1	0	0	0	0	0
4295214	-1	-1	0	0	0	0	0
4300202	-1	-1	0	0	0	0	0
4306201	4856688	-1	1954816	3220	0	0	3220
4308204	-1	-1	0	0	0	0	0
4317209	-1	-1	0	0	0	0	0
4325234	-1	-1	0	0	0	0	0
4332203	2049552	-1	1349632	5268	0	0	5268
4337201	2428880	-1	398336	1312	0	0	1312
4343204	1389408	-1	541696	3119	0	0	3119
4352198	-1	-1	0	0	0	0	0
4358195	3498568	-1	1166336	2667	0	0	2667
4366207	-1	-1	0	0	0	0	0
4375205	-1	-1	0	0	0	0	0
4384197	973264	-1	444416	3653	0	0	3653
4386210	905104	-1	221184	1955	0	0	1955
4394205	805536	-1	175104	1739	0	0	1739
4399204	-1	-1	0	0	0	0	0
4404203	-1	-1	0	0	0	0	0
4410194	1946064	-1	1353728	5565	0	0	5565
4416198	4319728	-1	257024	476	0	0	476
4423195	1517104	-1	847872	4471	0	0	4471
4432197	-1	-1	0	0	0	0	0
4442199	-1	-1	0	0	0	0	0
4451194	6144000	-1	1013760	1320	0	0	1412
4454201	-1	-1	0	0	0	0	0
4463218	-1	-1	0	0	0	0	0
4472206	6681744	-1	1196032	1432	0	0	1432
4478200	-1	-1	0	0	0	0	0
4488214	-1	-1	0	0	0	0	0
4497196	-1	-1	0	0	0	0	0
4505196	1390344	-1	863232	4967	0	0	5074
4514208	3513136	-1	225280	513	0	0	513
4522195	-1	-1	0	0	0	0	0
4527194	-1	-1	0	0	0	0	0
4534195	3946704	-1	622592	1262	0	0	1385
4538194	-1	-1	0	0	0	0	0
4547203	3268728	-1	580608	1421	0	0	1421
4556195	-1	-1	0	0	0	0	0
4562205	-1	-1	0	0	0	0	0
4569194	-1	-1	0	0	0	0	0
4578204	3893400	-1	2085888	4286	0	0	4286
4587193	-1	-1	0	0	0	0	0
4596205	3747496	-1	634264	1354	0	0	1354
4605194	-1	-1	0	0	0	0	0
4611270	3275464	-1	1506304	3679	0	0	3679
4620194	-1	-1	0	0	0	0	0
4629303	4646088	-1	601088	1035	0	0	1035
4638200	-1	-1	0	0	0	0	0
4645231	3598648	-1	707584	1573	0	0	1573
4654199	-1	-1	0	0	0	0	0
4660195	2894544	-1	536576	1483	0	0	1483
4669198	1673704	-1	504832	2413	0	0	2413
4671203	-1	-1	0	0	0	0	0
4681206	-1	-1	81920	1394	0	0	1403
4685196	995264	-1	390144	3136	0	0	3136
4693200	-1	-1	0	0	0	0	0
4700194	1691080	-1	828416	3919	0	0	3919
4703200	-1	-1	0	0	0	0	0
4712195	891680	-1	541696	4860	0	0	4860
4720194	-1	-1	38912	185	0	0	185
4729207	1678512	-1	625664	2982	0	0	2982
4733197	-1	-1	0	0	0	0	0
4741193	-1	-1	0	0	0	0	0
4746200	-1	-1	0	0	0	0	0
4752209	3277520	-1	1855488	4529	0	0	4529
4757194	-1	-1	0	0	0	0	0
4766196	-1	-1	0	0	0	0	0
4775200	4849288	-1	316416	522	0	0	577
4780203	7921272	-1	808960	817	0	0	817
4789209	6335808	-1	262144	331	0	0	469
4794195	4066408	-1	492544	969	0	0	969
4803202	-1	-1	0	0	0	0	0
4813209	-1	-1	0	0	0	0	0
4816206	-1	-1	0	0	0	0	0
4825204	3503592	-1	987136	2254	0	0	2254
4834194	-1	-1	0	0	0	0	0
4840197	3588936	-1	1116160	2488	0	0	2488
4849194	-1	-1	0	0	0	0	0
4858194	3480304	-1	549888	1264	0	0	1264
4867194	-1	-1	0	0	0	0	0
4876234	3326776	-1	695296	1672	0	0	1672
4885195	-1	-1	0	0	0	0	0
4891202	3824272	-1	389120	814	0	0	814
4901194	-1	-1	0	0	0	0	0
4907214	5515528	-1	903168	1310	0	0	1310
4916199	-1	-1	0	0	0	0	0
4926228	-1	-1	0	0	0	0	0
4931196	-1	-1	0	0	0	0	0
4940225	860424	-1	538624	5008	0	0	5039
4947194	-1	-1	37888	777	0	0	777
4952200	1545192	-1	699392	3621	0	0	3621
4959196	-1	-1	0	0	0	0	93
4964199	672992	-1	409600	4869	0	0	4869
4973213	424848	-1	435200	8195	0	0	8195
4981194	-1	-1	0	0	0	0	0
4984195	-1	-1	0	0	0	0	0
4992193	670080	-1	458752	5477	0	0	5679
4997209	1201048	-1	771072	5136	0	0	5136
5005202	-1	-1	116736	1731	0	0	-1
5008234	-1	-1	106496	918	0	0	-1
5016204	661120	-1	413696	5006	0	0	-1
5023215	725648	-1	293888	3240	0	0	-1
5027199	449424	-1	229376	4083	0	0	-1
5036201	470264	-1	531456	9041	0	0	-1
5045197	1699112	-1	470016	2213	0	0	-1
5054203	-1	-1	0	0	0	0	-1
5063400	661888	-1	581632	7030	0	0	21099
5065407	1095400	-1	286720	2094	0	0	2094
5075051	911152	-1	667648	5862	0	0	5862
5084056	540888	-1	337920	4998	0	0	4998
5093060	-1	-1	81920	1202	0	0	1202
5102056	421368	-1	262144	4977	0	0	5142
5111063	510872	-1	521216	8162	0	0	8162
5120059	-1	-1	21504	9371	0	0	9371
5129061	339808	-1	294912	6943	0	0	9001
5138052	815792	-1	1153024	11307	0	0	11307
5147055	3155760	-1	149504	379	0	0	379
5152060	2455640	-1	899072	2929	0	0	2929
5161051	-1	-1	122880	276	0	0	322
5166049	2242480	-1	528384	1885	0	0	1885
5175050	-1	-1	0	0	0	0	0
5183053	-1	-1	0	0	0	0	0
5192052	-1	-1	98304	1186	0	0	1325
5196051	875800	-1	434176	3966	0	0	3998
5204062	682520	-1	402432	4717	0	0	4717
5211052	327616	-1	209920	5126	0	0	5294
5220060	349552	-1	375808	8601	0	0	8601
5224058	297256	-1	139264	3748	0	0	3998
5233063	229200	-1	262144	9150	0	0	9150
5243059	390328	-1	494592	10137	0	0	10137
5252058	1001496	-1	546816	4368	0	0	4368
5257052	819536	-1	500736	4888	0	0	4888
5265052	-1	-1	93280	716	0	0	716
5274048	-1	-1	0	0	0	0	0
5278048	-1	-1	0	0	0	0	0
5287048	1308272	-1	809984	4953	0	0	4953
5295055	381760	-1	270336	5665	0	0	5665
5304059	580040	-1	399360	5508	0	0	5611
5313048	440688	-1	373760	6785	0	0	6785
5322050	680960	-1	442368	5197	0	0	5293
5331059	486424	-1	522240	8589	0	0	8589
5338052	-1	-1	108544	1736	0	0	1736
5342054	-1	-1	0	0	0	0	0
5351060	276176	-1	163840	4746	0	0	5695
5355048	-1	-1	90112	4891	0	0	4891
5364051	241944	-1	268288	8871	0	0	9003
5372057	202144	-1	204800	8105	0	0	8105
5381049	475272	-1	532480	8963	0	0	8992
5388047	451960	-1	391168	6924	0	0	6924
5393053	907784	-1	549888	4846	0	0	4846
5402050	888632	-1	482304	4342	0	0	4342
5411055	2675088	-1	739328	2211	0	0	2211
5417050	-1	-1	0	0	0	0	0
5426047	2224768	-1	637952	2294	0	0	2294
5435052	-1	-1	0	0	0	0	0
5444058	-1	-1	0	0	0	0	0
5449046	-1	-1	0	0	0	0	0
5455059	924144	-1	543744	4707	0	0	5230
5461058	1116728	-1	433152	3103	0	0	3103
5470046	1217072	-1	738304	4853	0	0	4853
5479046	-1	-1	0	0	0	0	0
5488051	1557216	-1	887808	4561	0	0	4561
5496056	-1	-1	0	0	0	0	0
5505049	2185336	-1	745472	2729	0	0	2729
5515066	-1	-1	0	0	0	0	0
5524091	-1	-1	0	0	0	0	0
5530110	-1	-1	90112	1038	0	0	1059
5534139	1040784	-1	507904	3904	0	0	4029
5543047	1552600	-1	311296	1604	0	0	1604
5551080	910384	-1	648192	5696	0	0	5696
5558053	2307304	-1	334848	1161	0	0	1161
5568049	1908296	-1	657408	2756	0	0	2756
5578046	-1	-1	0	0	0	0	0
5587057	5071240	-1	971776	1533	0	0	1533
5594047	-1	-1	0	0	0	0	0
5602047	3355328	-1	577536	1377	0	0	1377
5609056	-1	-1	0	0	0	0	0
5619057	1972008	-1	531456	2156	0	0	2156
5627049	-1	-1	90112	376	0	0	390
5632062	3222736	-1	690068	1713	0	0	1713
5642060	-1	-1	0	0	0	0	0
5651059	3520160	-1	719872	1636	0	0	1636
5659047	-1	-1	0	0	0	0	0
5666059	-1	-1	0	0	0	0	0
5674046	-1	-1	0	0	0	0	0
5680050	1423144	-1	978944	5503	0	0	5503
5686057	5409224	-1	177152	262	0	0	262
5695046	-1	-1	0	0	0	0	0
5704047	1578024	-1	353280	1791	0	0	2008
5707058	1050104	-1	360448	2746	0	0	2746
5715053	635976	-1	258048	3246	0	0	3246
5724047	596936	-1	385024	5160	0	0	5249
5730048	416520	-1	311296	5979	0	0	5979
5739050	1153056	-1	156672	1087	0	0	1087
5744049	-1	-1	0	0	0	0	0
5750048	1642768	-1	1079296	5256	0	0	5349
5759061	1693656	-1	577536	2728	0	0	2728
5768046	-1	-1	0	0	0	0	0
5774060	-1	-1	0	0	0	0	0
5783054	1419488	-1	849920	4790	0	0	4790
5792049	-1	-1	82944	446	0	0	446
5801047	2705064	-1	649216	1920	0	0	1920
5810053	-1	-1	0	0	0	0	0
5817052	2195264	-1	656384	2392	0	0	2392
5827048	-1	-1	0	0	0	0	0
5835046	4881808	-1	868352	1423	0	0	1423
5845053	-1	-1	0	0	0	0	0
5854052	5444432	-1	549888	808	0	0	808
5863056	-1	-1	0	0	0	0	0
5870055	522960	-1	335872	5138	0	0	5144
5880053	636376	-1	693248	8715	0	0	8715
5889061	-1	-1	0	0	0	0	0
5897053	-1	-1	16384	504	0	0	594
5902046	-1	-1	106496	5006	0	0	5006
5911051	198736	-1	208896	8409	0	0	9005
5919047	-1	-1	81920	5916	0	0	7995
5924055	163192	-1	155648	7630	0	0	7630
5933050	232504	-1	253952	8738	0	0	8994
5943050	248680	-1	300032	9652	0	0	10000
5948055	-1	-1	90112	5159	0	0	5159
5956054	242552	-1	253952	8376	0	0	8376
5965047	275552	-1	303104	8800	0	0	8993
5971049	254224	-1	196608	6187	0	0	6187
5979048	165352	-1	163840	7927	0	0	7999
5983048	-1	-1	98304	4129	0	0	4129
5992047	232624	-1	257024	8839	0	0	8998
5999049	549776	-1	401408	5841	0	0	7002
6008056	192280	-1	245760	10225	0	0	10225
6017095	528864	-1	598016	9046	0	0	9046
6027060	503160	-1	626688	9964	0	0	9964
6036054	239792	-1	270336	9019	0	0	9019
6049166	259216	-1	425984	13147	0	0	13147
6058049	1298696	-1	1433600	8831	0	0	8883
6065079	1245176	-1	830532	5336	0	0	7030
6072080	1682968	-1	1794048	8528	0	0	8528
6081076	1506984	-1	1592320	8453	0	0	8996
6086047	2976312	-1	1811456	4869	0	0	4970
6095058	1491208	-1	1583104	8493	0	0	8493
6103056	1499352	-1	691200	3688	0	0	3725
6113084	532840	-1	724992	10885	0	0	10885
6121048	392696	-1	221184	4506	0	0	5097
6130063	318584	-1	378880	9514	0	0	9514
6140086	1121872	-1	939008	6696	0	0	6696
6149047	4771104	-1	861184	1444	0	0	1444
6151056	-1	-1	0	0	0	0	0
6159047	-1	-1	0	0	0	0	0
6168046	5595520	-1	569344	814	0	0	814
6177054	-1	-1	0	0	0	0	0
6186060	5867152	-1	873472	1191	0	0	1191
6191059	-1	-1	0	0	0	0	0
6200048	7024224	-1	819200	933	0	0	933
6209072	-1	-1	0	0	0	0	0
6215051	3494280	-1	832512	1906	0	0	1906
6224055	-1	-1	0	0	0	0	0
6233060	5469864	-1	656384	960	0	0	960
6242052	6324120	-1	485376	614	0	0	614
6246075	-1	-1	0	0	0	0	0
6253050	-1	-1	0	0	0	0	0
6262076	4871656	-1	1099776	1806	0	0	1806
6266050	-1	-1	0	0	0	0	0
6274077	2093200	-1	758784	2900	0	0	2900
6284084	-1	-1	0	0	0	0	0
6293045	5364488	-1	775168	1156	0	0	1156
6302045	-1	-1	0	0	0	0	0
6307051	4755712	-1	671744	1130	0	0	1130
6316054	-1	-1	0	0	0	0	0
6322051	6140320	-1	855040	1114	0	0	1114
6331050	-1	-1	0	0	0	0	0
6338059	5512896	-1	912384	1324	0	0	1324
6346048	-1	-1	0	0	0	0	0
6353052	7433072	-1	681984	734	0	0	734
6361080	-1	-1	0	0	0	0	0
6371047	11131712	-1	581632	418	0	0	458
6374054	-1	-1	0	0	0	0	0
6383049	10544208	-1	817176	620	0	0	791
6392061	-1	-1	0	0	0	0	0
6401081	9092720	-1	1633280	1437	0	0	1437
6410055	-1	-1	0	0	0	0	0
6418058	-1	-1	0	0	0	0	0
6427061	9617072	-1	1126400	937	0	0	953
6431097	-1	-1	0	0	0	0	0
6439048	-1	-1	0	0	0	0	0
6445047	-1	-1	0	0	0	0	0
6454053	6342776	-1	1805312	2277	0	0	2295
6456057	-1	-1	0	0	0	0	0
6465051	-1	-1	0	0	0	0	0
6474059	1727304	-1	835584	3870	0	0	3870
6483071	-1	-1	0	0	0	0	0
6491078	-1	-1	0	0	0	0	0
6498052	-1	-1	0	0	0	0	0
6506093	3885648	-1	1844224	3797	0	0	3797
6514073	-1	-1	0	0	0	0	0
6523057	4629304	-1	862208	1490	0	0	1490
6531046	-1	-1	0	0	0	0	0
6540079	4752792	-1	611328	1029	0	0	1029
6549050	-1	-1	0	0	0	0	0
6557058	-1	-1	0	0	0	0	0
6566058	-1	-1	0	0	0	0	0
6572070	2576296	-1	1720320	5342	0	0	5342
6581062	-1	-1	0	0	0	0	0
6589058	4640960	-1	946176	1631	0	0	1631
6598086	-1	-1	0	0	0	0	0
6607057	2070544	-1	1128448	4360	0	0	4360
6616051	-1	-1	0	0	0	0	0
6622049	-1	-1	0	0	0	0	0
6627051	-1	-1	0	0	0	0	0
6636046	4961592	-1	1796096	2896	0	0	2896
6645061	-1	-1	0	0	0	0	0
6654056	-1	-1	0	0	0	0	0
6663056	-1	-1	0	0	0	0	0
6670084	1420560	-1	794624	4475	0	0	5963
6679046	836080	-1	1080320	10337	0	0	10337
6689069	932464	-1	1073152	9207	0	0	9207
6698056	1161160	-1	204800	1411	0	0	1411
6701050	-1	-1	0	0	0	0	0
6710081	1334216	-1	651264	3905	0	0	3905
6711055	-1	-1	0	0	0	0	0
6720055	2534360	-1	784384	2476	0	0	2476
6723047	-1	-1	5120	1222	0	0	1222
6732052	-1	-1	0	0	0	0	0
6741050	-1	-1	0	0	0	0	0
6743081	-1	-1	0	0	0	0	0
6751076	2392600	-1	765332	2559	0	0	2559
6755057	-1	-1	0	0	0	0	0
6764046	4109696	-1	460800	897	0	0	904
6771085	9852328	-1	644096	523	0	0	523
6775056	-1	-1	0	0	0	0	0
6781052	-1	-1	0	0	0	0	0
6789046	2938208	-1	430080	1171	0	0	1171
6796049	-1	-1	0	0	0	0	0
6803133	3917016	-1	582656	1190	0	0	1190
6807076	-1	-1	0	0	0	0	0
6816050	-1	-1	0	0	0	0	0
6821046	-1	-1	0	0	0	0	0
6828055	7561360	-1	1215488	1286	0	0	1286
6832046	-1	-1	0	0	0	0	0
6841053	-1	-1	0	0	0	0	0
6850051	-1	-1	0	0	0	0	0
6857047	2706776	-1	1005568	2972	0	0	2972
6862083	-1	-1	0	0	0	0	0
6871056	5528376	-1	1154048	1670	0	0	1670
6880054	-1	-1	0	0	0	0	0
6889059	-1	-1	0	0	0	0	0
6898060	2669304	-1	772096	2314	0	0	2314
6899077	-1	-1	0	0	0	0	0
6908092	-1	-1	0	0	0	0	0
6909057	-1	-1	0	0	0	0	0
6918046	1291496	-1	352256	2182	0	0	2191
6921051	4600160	-1	939008	1633	0	0	1633
6930048	-1	-1	0	0	0	0	0
6938094	7477648	-1	664576	711	0	0	711
6947056	-1	-1	0	0	0	0	0
6957063	1429824	-1	533504	2985	0	0	2985
6965050	-1	-1	0	0	0	0	0
6973050	-1	-1	0	0	0	0	5559
6980087	318744	-1	472064	11848	0	0	11848
6986053	2124464	-1	1443840	5437	0	0	5437
6994050	1550104	-1	323584	1670	0	0	1670
7003046	1541568	-1	974848	5059	0	0	5059
7013072	678904	-1	354304	4175	0	0	4175
7022047	1840040	-1	1282048	5574	0	0	5574
7031075	2388336	-1	204800	686	0	0	699
7036054	2889656	-1	638976	1769	0	0	1769
7045047	-1	-1	0	0	0	0	0
7048047	-1	-1	0	0	0	0	0
7057048	-1	-1	0	0	0	0	0
7064050	2532424	-1	1216512	3843	0	0	3843
7073056	-1	-1	0	0	0	0	0
7083088	4977968	-1	942080	1514	0	0	1514
7092052	-1	-1	0	0	0	0	0
7097061	1653776	-1	903168	4369	0	0	4369
7106055	-1	-1	0	0	0	0	0
7115094	-1	-1	0	0	0	0	0
7122048	1967024	-1	383816	1561	0	0	1650
7126055	4349464	-1	439296	808	0	0	808
7132063	-1	-1	0	0	0	0	0
7137049	2307776	-1	782336	2712	0	0	2712
7146086	-1	-1	0	0	0	0	0
7155049	1839112	-1	806912	3510	0	0	3510
7164054	-1	-1	0	0	0	0	0
7171076	2257176	-1	712704	2526	0	0	2526
7180056	-1	-1	0	0	0	0	0
7189052	3183904	-1	484352	1217	0	0	1217
7198061	-1	-1	0	0	0	0	0
7207056	747808	-1	496640	5313	0	0	5355
7216058	1014408	-1	378880	2988	0	0	2988
7225058	1210392	-1	737280	4873	0	0	4873
7233054	-1	-1	0	0	0	0	0
7242081	2514928	-1	696320	2215	0	0	2215
7250080	-1	-1	0	0	0	0	0
7257060	367592	-1	229376	4992	0	0	5165
7266074	877960	-1	517120	4712	0	0	4712
7275050	1365736	-1	581632	3407	0	0	3407
7280058	-1	-1	0	0	0	0	0
7287083	-1	-1	0	0	0	0	0
7297082	4709568	-1	581632	988	0	0	988
7300046	-1	-1	0	0	0	0	0
7307058	5562472	-1	563200	810	0	0	810
7311060	-1	-1	0	0	0	0	0
7320063	-1	-1	0	0	0	0	0
7329059	5098248	-1	809984	1271	0	0	1271
7336047	-1	-1	0	0	0	0	0
7345049	4649200	-1	830464	1429	0	0	1429
7354072	-1	-1	0	0	0	0	0
7363054	5220176	-1	480256	736	0	0	736
7372080	-1	-1	0	0	0	0	0
7380068	8784024	-1	1306624	1190	0	0	1190
7388050	-1	-1	0	0	0	0	0
7397053	-1	-1	0	0	0	0	0
7401054	-1	-1	0	0	0	0	0
7409047	2929608	-1	1925120	5257	0	0	5257
7418066	-1	-1	108544	330	0	0	330
7427049	-1	-1	0	0	0	0	0
7430077	-1	-1	0	0	0	0	0
7439072	2225632	-1	1308672	4704	0	0	4704
7448077	-1	-1	0	0	0	0	0
7455051	3542016	-1	831488	1878	0	0	1878
7464052	-1	-1	0	0	0	0	0
7473052	989312	-1	562176	4546	0	0	4546
7482052	-1	-1	0	0	0	0	0
7491046	2101128	-1	1346560	5127	0	0	5127
7500121	2132392	-1	530432	1990	0	0	1990
7509051	1954856	-1	891904	3650	0	0	-1
7513057	-1	-1	0	0	0	0	-1
7520067	2044272	-1	420864	1647	0	0	-1
7530081	3659864	-1	614400	1343	0	0	-1
7538058	-1	-1	0	0	0	0	-1
7547047	1206184	-1	221184	1467	0	0	-1
7551046	2537928	-1	1258496	3967	0	0	-1
7560051	4162768	-1	734208	1411	0	0	-1
7579125	3159280	-1	2163712	5479	0	0	24279
7586430	-1	-1	0	0	0	0	0
7593437	-1	-1	0	0	0	0	0
7602424	4912384	-1	714752	1164	0	0	1164
7611432	-1	-1	0	0	0	0	0
7617450	-1	-1	0	0	0	0	0
7626427	-1	-1	24576	257	0	0	339
7631437	1892952	-1	478208	2021	0	0	2021
7639476	-1	-1	81920	811	0	0	843
7644426	1130176	-1	164864	1167	0	0	1167
7651423	-1	-1	0	0	0	0	0
7658434	1765008	-1	431104	1954	0	0	1954
7667427	-1	-1	0	0	0	0	0
7675429	2510288	-1	497664	1586	0	0	1586
7684424	2501376	-1	163840	524	0	0	611
7689438	2767640	-1	536576	1551	0	0	1551
7698430	-1	-1	0	0	0	0	0
7707424	-1	-1	0	0	0	0	0
7716432	5055256	-1	1249280	1977	0	0	1977
7718433	-1	-1	0	0	0	0	0
7727425	-1	-1	0	0	0	0	0
7736437	6329976	-1	1437696	1817	0	0	1817
7743428	-1	-1	0	0	0	0	0
7752431	3421672	-1	1330176	3110	0	0	3110
7762432	-1	-1	0	0	0	0	0
7769425	5774320	-1	1303552	1806	0	0	1806
7777426	-1	-1	0	0	0	0	0
7786423	3456592	-1	881864	2041	0	0	2041
7796432	-1	-1	0	0	0	0	252
7801428	5316616	-1	1529856	2302	0	0	2302
7810423	-1	-1	0	0	0	0	0
7818452	5517608	-1	1472512	2135	0	0	2135
7828434	-1	-1	0	0	0	0	0
7831424	-1	-1	0	0	0	0	0
7839434	-1	-1	0	0	0	0	0
7849448	8131528	-1	1789952	1761	0	0	1761
7853431	-1	-1	0	0	0	0	0
7861426	3723304	-1	1048576	2253	0	0	2253
7870421	-1	-1	0	0	0	0	0
7880424	3197136	-1	1537024	3846	0	0	3846
7890423	-1	-1	0	0	0	0	0
7899424	5015968	-1	2049024	3268	0	0	3268
7908494	5808088	-1	686080	945	0	0	1097
7912429	6299824	-1	289792	368	0	0	368
7921421	-1	-1	0	0	0	0	0
7929420	-1	-1	0	0	0	0	0
7933421	-1	-1	0	0	0	0	0
7940442	5429040	-1	1319936	1945	0	0	1945
7948421	934448	-1	245760	2104	0	0	2349
7951422	2927232	-1	986112	2695	0	0	2695
7960429	3417448	-1	850944	1992	0	0	1992
7969422	5114800	-1	881664	1379	0	0	1379
7978439	-1	-1	0	0	0	0	0
7987424	-1	-1	0	0	0	0	0
7993433	-1	-1	0	0	0	0	0
7999430	1177632	-1	727040	4939	0	0	5283
8008421	3294016	-1	862208	2094	0	0	2094
8017421	-1	-1	0	0	0	0	0
8019421	-1	-1	0	0	0	0	0
8028429	2832104	-1	1305600	3688	0	0	3688
8036442	-1	-1	0	0	0	0	0
8045425	568040	-1	293888	4139	0	0	4369
8053447	1370112	-1	391168	2284	0	0	2284
8060433	-1	-1	0	0	0	0	0
8068433	1883592	-1	237568	1009	0	0	1051
8072421	3298296	-1	1193984	2896	0	0	2896
8081428	-1	-1	0	0	0	0	0
8091420	-1	-1	0	0	0	0	0
8096430	-1	-1	0	0	0	0	0
8102447	5494736	-1	1347584	1962	0	0	2059
8110454	-1	-1	0	0	0	0	0
8117438	3421720	-1	522240	1221	0	0	1221
8126421	-1	-1	0	0	0	0	0
8136422	5162600	-1	837632	1298	0	0	1298
8143428	-1	-1	0	0	0	0	0
8151422	4541896	-1	1140016	2008	0	0	2008
8156451	-1	-1	0	0	0	0	0
8165427	12391104	-1	676864	437	0	0	437
8174430	-1	-1	0	0	0	0	0
8183432	-1	-1	0	0	0	0	0
8191432	3509480	-1	744448	1697	0	0	1729
8195439	1244952	-1	268288	1724	0	0	1724
8202430	-1	-1	0	0	0	0	0
8207507	-1	-1	0	0	0	0	0
8213536	-1	-1	0	0	0	0	0
8222075	1285520	-1	819200	5098	0	0	5325
8231550	3446944	-1	481280	1117	0	0	1117
8236541	1560064	-1	485376	2489	0	0	2489
8245430	-1	-1	0	0	0	0	0
8254422	1260152	-1	629760	3998	0	0	3998
8263428	-1	-1	0	0	0	0	0
8272422	2820728	-1	534528	1516	0	0	1516
8275422	-1	-1	0	0	0	0	0
8284425	3357456	-1	1363968	3250	0	0	3250
8293421	-1	-1	0	0	0	0	0
8302431	-1	-1	0	0	0	0	0
8311425	7972712	-1	1563648	1569	0	0	1569
8314420	-1	-1	0	0	0	0	0
8323421	-1	-1	0	0	0	0	0
8332421	-1	-1	0	0	0	0	0
8338511	-1	-1	0	0	0	0	221
8343431	7190104	-1	1374208	1529	0	0	1529
8353425	-1	-1	0	0	0	0	0
8360421	2709960	-1	714752	2110	0	0	2110
8369430	-1	-1	0	0	0	0	0
8378423	4323552	-1	1070080	1980	0	0	1980
8386422	-1	-1	0	0	0	0	0
8391435	-1	-1	0	0	0	0	0
8399425	-1	-1	0	0	0	0	0
8406433	4957656	-1	1817600	2933	0	0	2933
8414426	-1	-1	0	0	0	0	0
8423429	4408712	-1	440320	799	0	0	799
8432423	-1	-1	0	0	0	0	0
8438421	4372488	-1	785408	1437	0	0	1437
8447426	2776728	-1	864256	2490	0	0	2490
8450429	2481560	-1	445440	1436	0	0	1436
8457430	-1	-1	0	0	0	0	0
8467421	-1	-1	0	0	0	0	0
8476422	4895648	-1	717824	1173	0	0	1246
8480424	5621368	-1	947200	1348	0	0	1348
8487421	-1	-1	0	0	0	0	0
8496433	-1	-1	0	0	0	0	0
8499435	-1	-1	0	0	0	0	0
8508429	4976576	-1	763904	1228	0	0	1228
8513425	-1	-1	0	0	0	0	0
8522423	1622048	-1	466136	2299	0	0	2299
8531459	4281944	-1	848896	1586	0	0	1586
8534423	-1	-1	0	0	0	0	0
8543434	-1	-1	0	0	0	0	0
8552426	-1	-1	0	0	0	0	0
8555426	-1	-1	0	0	0	0	0
8564431	4450752	-1	1599488	2875	0	0	2875
8572420	-1	-1	0	0	0	0	0
8581424	2536664	-1	473088	1492	0	0	1492
8588433	-1	-1	0	0	0	0	0
8594431	5134160	-1	557056	868	0	0	868
8603432	4280440	-1	629760	1177	0	0	1177
8606428	-1	-1	0	0	0	0	0
8615431	-1	-1	0	0	0	0	0
8624435	4416000	-1	989184	1792	0	0	1792
8633422	-1	-1	0	0	0	0	0
8641431	-1	-1	0	0	0	0	0
8645421	-1	-1	0	0	0	0	0
8654433	3132152	-1	1153024	2945	0	0	2945
8662424	-1	-1	0	0	0	0	0
8669427	4169360	-1	698368	1340	0	0	1340
8676421	-1	-1	0	0	0	0	0
8685432	5552056	-1	417792	602	0	0	602
8688430	-1	-1	0	0	0	0	0
8697425	4757664	-1	618496	1040	0	0	1040
8704421	-1	-1	0	0	0	0	0
8713423	5698168	-1	1240064	1741	0	0	1741
8722421	-1	-1	0	0	0	0	0
8730424	-1	-1	0	0	0	0	0
8740424	-1	-1	0	0	0	0	0
8747426	7227064	-1	1487872	1647	0	0	1647
8752433	-1	-1	0	0	0	0	0
8759422	-1	-1	0	0	0	0	0
8766421	-1	-1	0	0	0	0	0
8774434	8399392	-1	1244160	1185	0	0	1185
8783426	-1	-1	0	0	0	0	0
8789427	-1	-1	0	0	0	0	0
8798435	7392056	-1	1021952	1106	0	0	1106
8800421	-1	-1	0	0	0	0	0
8809421	-1	-1	0	0	0	0	0
8817422	7960848	-1	881664	886	0	0	888
8826422	-1	-1	0	0	0	0	0
8834429	3089392	-1	773120	2002	0	0	2002
8843421	-1	-1	0	0	0	0	0
8851420	2837528	-1	1096704	3092	0	0	3092
8858423	-1	-1	0	0	0	0	0
8867430	-1	-1	0	0	0	0	0
8876421	-1	-1	0	0	0	0	0
8884421	3388056	-1	1354376	3198	0	0	3198
8891445	5398768	-1	500736	742	0	0	742
8896429	3608936	-1	398336	883	0	0	883
8903427	-1	-1	0	0	0	0	0
8912425	1931704	-1	697344	2888	0	0	2888
8916428	-1	-1	0	0	0	0	0
8925429	2114608	-1	902144	3413	0	0	3413
8934440	-1	-1	0	0	0	0	0
8942421	2835280	-1	814080	2297	0	0	2297
8951424	-1	-1	0	0	0	0	0
8960425	4123048	-1	702464	1363	0	0	1363
8966422	-1	-1	0	0	0	0	0
8974422	4334624	-1	1013760	1871	0	0	1871
8979421	-1	-1	0	0	0	0	0
8988428	5705304	-1	662528	929	0	0	929
8997420	-1	-1	0	0	0	0	0
9006422	1736912	-1	823296	3792	0	0	3792
9015429	-1	-1	0	0	0	0	0
9022421	1960000	-1	963584	3933	0	0	3933
9027427	-1	-1	0	0	0	0	0
9037421	-1	-1	0	0	0	0	0
9043420	-1	-1	0	0	0	0	0
9052422	2210400	-1	1020928	3695	0	0	3695
9056421	-1	-1	0	0	0	0	0
9065427	-1	-1	0	0	0	0	0
9074421	5956504	-1	845824	1136	0	0	1136
9078429	-1	-1	0	0	0	0	0
9084429	-1	-1	0	0	0	0	0
9093426	7200672	-1	818176	909	0	0	909
9102422	-1	-1	0	0	0	0	0
9111430	6269800	-1	637952	814	0	0	814
9121425	-1	-1	0	0	0	0	0
9129760	-1	-1	0	0	0	0	0
9131489	-1	-1	0	0	0	0	0
9140748	3185384	-1	1377280	3459	0	0	3459
9145433	-1	-1	0	0	0	0	0
9154425	5020152	-1	1106944	1764	0	0	1764
9163422	-1	-1	0	0	0	0	0
9170433	4651736	-1	694272	1194	0	0	1194
9178429	-1	-1	0	0	0	0	0
9187422	-1	-1	0	0	0	0	0
9192422	-1	-1	0	0	0	0	0
9199424	6794992	-1	732160	862	0	0	862
9208429	5684248	-1	139264	196	0	0	205
9213435	3067568	-1	177152	462	0	0	462
9220428	-1	-1	0	0	0	0	0
9227422	1893952	-1	513024	2167	0	0	2167
9232422	-1	-1	0	0	0	0	0
9241423	1374880	-1	583120	3393	0	0	3393
9250421	-1	115912	0	0	153600	10601	0
9256431	3364568	-1	683008	1624	125952	5994	1624
9265421	-1	902144	0	0	985088	8735	0
9274421	-1	874024	0	0	1012736	9269	0
9279431	-1	1086120	0	0	676864	4985	0
9286421	4666720	995776	615424	1055	870400	6992	1248
9295427	-1	1200936	0	0	1275904	8499	0
9302422	6963200	897432	1131520	1300	786432	7010	1300
9310425	-1	1067712	0	0	1130496	8470	0
9318422	1912744	735688	973824	4073	675840	7349	4279
9323422	1656344	261224	737280	3561	184320	5644	3561
9332435	1656472	886472	1070080	5168	995328	8982	5168
9341421	-1	1563048	0	0	1740800	8909	0
9347422	-1	1056904	0	0	786432	5952	0
9355421	-1	1822896	0	0	1769472	7765	0
9361427	6049264	1016840	899072	1189	798720	6283	1266
9366421	-1	873576	0	0	552960	5063	0
9373422	2875336	910568	705536	1963	694272	6099	1963
9377465	-1	-1	0	0	71680	4101	0
9386421	-1	145344	0	0	149504	8229	0
9392422	-1	-1	0	0	118784	5759	0
9401423	-1	167976	0	0	209920	9997	0
9404421	-1	-1	0	0	57344	3797	0
9413424	2263704	215440	728064	2573	242688	9011	2573
9422421	-1	236120	0	0	208896	7077	0
9429421	-1	200720	0	0	200704	7999	0
9433421	-1	-1	0	0	87040	4038	0
9442423	-1	190104	0	0	233472	9824	0
9450431	-1	242320	0	0	242688	8012	0
9459428	-1	264224	0	0	274432	8309	0
9464425	-1	-1	0	0	121856	4176	0
9473429	1073264	244464	362496	2702	314368	10287	2702
9479436	-1	290864	0	0	195584	5379	0
9488422	-1	262696	0	0	269312	8201	0
9497449	-1	273560	0	0	349184	10211	0
9506429	-1	267752	0	0	315392	9423	0
9514427	-1	331816	0	0	274432	6616	0
9520430	-1	309312	0	0	231424	5985	0
9528422	-1	268968	0	0	315392	9380	0
9537429	-1	391048	0	0	406528	8316	0
9544421	-1	256560	0	0	247808	7727	0
9553421	-1	388576	0	0	397312	8179	0
9555430	-1	-1	0	0	82944	1933	0
9563421	-1	335664	0	0	338944	8078	0
9571432	-1	341592	0	0	348160	8153	0
9578424	3665488	296128	305152	666	281600	7607	666
9587421	5313160	431576	257024	387	443392	8219	549
9592421	7434360	301544	321536	346	219136	5813	346
9599422	-1	458432	0	0	349184	6093	0
9604422	-1	391072	0	0	193536	3959	0
9609424	-1	-1	0	0	119808	5898	0
9618425	-1	341368	0	0	417792	9790	0
9621421	-1	717208	0	0	188416	2101	0
9630427	-1	349760	0	0	432128	9884	0
9636427	-1	533784	0	0	302080	4527	0
9641422	-1	402216	0	0	323584	6435	0
9648421	-1	487016	0	0	329728	5416	0
9653425	-1	449696	0	0	333824	5938	0
9660425	-1	371944	0	0	356352	7664	0
9668420	3201392	462032	1399808	3498	461824	7996	3498
9676421	-1	570872	0	0	454656	6371	0
9685423	-1	464704	0	0	602112	10365	0
9687431	-1	-1	0	0	121856	1458	0
9690422	-1	326512	0	0	155648	3813	0
9698422	-1	413856	0	0	414720	8016	0
9702421	-1	585776	0	0	292864	3999	0
9708423	-1	493256	0	0	367616	5962	0
9716423	-1	488920	0	0	489472	8009	0
9721426	-1	536752	0	0	139264	2075	0
9730422	-1	-1	0	0	0	0	0
9736427	-1	-1	0	0	0	0	0
9745422	6382880	-1	1026048	1286	0	0	1286
9754422	-1	-1	0	0	0	0	77
9759427	12484608	-1	780288	500	0	0	500
9766421	-1	-1	0	0	0	0	0
9775420	-1	-1	0	0	0	0	0
9778420	-1	-1	0	0	0	0	0
9787426	2938912	-1	684032	1862	0	0	1893
9793423	-1	-1	0	0	0	0	0
9800423	3814048	-1	380928	799	0	0	799
9805426	-1	-1	0	0	0	0	0
9814420	6643624	-1	755712	910	0	0	1029
9823434	-1	-1	0	0	0	0	0
9832434	6759976	-1	657408	778	0	0	778
9841444	5323264	-1	355328	534	0	0	680
9846435	6384376	-1	339968	426	0	0	426
9853421	-1	-1	0	0	0	0	0
9861423	-1	-1	0	0	0	0	0
9868452	-1	-1	0	0	0	0	309
9873422	2954488	-1	788480	2135	0	0	2135
9882432	-1	-1	0	0	0	0	0
9888421	3301520	-1	765952	1856	0	0	1856
9893426	-1	-1	0	0	0	0	0
9902422	980824	-1	543744	4435	0	0	4435
9911422	-1	-1	0	0	0	0	0
9920425	-1	-1	0	0	0	0	0
9929421	1478952	-1	813056	4398	0	0	4398
9930432	-1	-1	122880	212	0	0	212
9939424	1906472	-1	769024	3227	0	0	3227
9948422	-1	-1	0	0	0	0	0
9952421	-1	-1	0	0	0	0	0
9961422	1125280	-1	760832	5409	0	0	5409
9968431	1765096	-1	1429504	6479	0	0	6479
9977465	3926560	-1	545792	1112	0	0	1112
9983421	-1	-1	0	0	0	0	0
9993433	1283184	-1	799744	4986	0	0	4986
9998421	660040	-1	450560	5461	0	0	5461
10007422	619944	-1	406528	5246	0	0	5246
10014484	1723704	-1	1506304	6991	0	0	6991
10023496	-1	-1	0	0	0	0	-1
10028453	-1	-1	0	0	6144	4887	-1
10034423	2095488	-1	1050624	4011	46080	6653	-1
10042449	3452088	202120	1185792	2748	202752	8025	-1
10044461	-1	885360	0	0	216064	1952	-1
10053434	-1	1061512	0	0	1187840	8952	-1
10063429	3399720	917304	894976	2106	1150976	10037	-1
10072421	-1	1176384	0	0	552960	3760	-1
10080421	-1	-1	0	0	0	0	-1
10093190	2018408	-1	1344512	5329	0	0	8533
10102169	-1	-1	0	0	0	0	0
10111154	4879160	-1	1081344	1773	0	0	1773
10115170	-1	-1	0	0	0	0	0
10124154	1663408	-1	899072	4324	0	0	4324
10132179	-1	-1	0	0	0	0	0
10141170	-1	-1	0	0	0	0	0
10147154	-1	-1	0	0	0	0	0
10156173	2937768	-1	1675264	4562	0	0	4562
10165155	-1	-1	0	0	0	0	0
10173177	5128624	-1	1294336	2019	0	0	2019
10181149	-1	-1	0	0	0	0	0
10188155	8378592	-1	1425408	1361	0	0	1361
10197148	-1	-1	0	0	0	0	0
10207173	-1	-1	0	0	0	0	0
10210167	-1	-1	0	0	0	0	0
10218152	1076736	-1	676864	5029	0	0	5150
10227153	2967456	-1	603136	1626	0	0	1626
10232164	3642232	-1	1545216	3394	0	0	3394
10241164	-1	-1	0	0	0	0	0
10248171	6280736	-1	1070080	1363	0	0	1363
10255177	-1	-1	0	0	0	0	0
10264157	2725000	-1	1641472	4819	0	0	4819
10272169	-1	-1	0	0	0	0	0
10278152	-1	-1	0	0	0	0	0
10283173	-1	-1	0	0	0	0	0
10292149	5398328	418048	1168064	1731	180224	3448	1731
10297164	-1	1201920	0	0	753664	5016	0
10304148	3305328	1080848	1352704	3274	939008	6950	3274
10311161	-1	1214456	0	0	1051648	6927	0
10320156	5682248	-1	535552	754	0	0	754
10326148	-1	-1	0	0	0	0	0
10336159	5978280	-1	489472	655	0	0	655
10344172	-1	-1	0	0	0	0	0
10352149	2181608	-1	560128	2054	0	0	2054
10359180	4190160	-1	637952	1218	0	0	1218
10362173	-1	-1	0	0	0	0	0
10371170	-1	-1	0	0	0	0	0
10376154	-1	-1	0	0	0	0	0
10385152	4456088	-1	811008	1456	0	0	1473
10389148	2492016	-1	1201152	3856	0	0	3856
10398172	-1	-1	0	0	0	0	0
10405158	-1	-1	0	0	0	0	0
10411177	-1	-1	16384	103	0	0	273
10416152	3833760	-1	943104	1968	0	0	1968
10425165	-1	-1	0	0	0	0	0
10435161	-1	-1	0	0	0	0	0
10444213	1069632	-1	429056	3209	0	0	3847
10446170	1977944	-1	614400	2485	0	0	2485
10455160	-1	-1	64512	627	0	0	627
10463150	2173344	-1	1020928	3758	0	0	3758
10468148	-1	-1	0	0	0	0	0
10477170	-1	-1	0	0	0	0	0
10478156	-1	-1	0	0	0	0	0
10487152	1101848	-1	706560	5130	0	0	5266
10496186	2236344	-1	288768	1033	0	0	1033
10503148	2720592	-1	552960	1626	0	0	1626
10509152	-1	-1	0	0	0	0	0
10517160	-1	-1	0	0	0	0	0
10522177	-1	-1	0	0	0	0	0
10531189	1649152	-1	659456	3199	0	0	3199
10534148	-1	-1	0	0	0	0	0
10543146	963232	-1	649216	5392	0	0	5392
10551160	-1	-1	31744	639	0	0	639
10559158	1530344	-1	519168	2714	0	0	2714
10566160	-1	-1	0	0	0	0	0
10574168	2209152	-1	361472	1309	0	0	1309
10583169	-1	-1	0	0	0	0	0
10592147	1211360	-1	384000	2536	0	0	2536
10593165	-1	-1	0	0	0	0	0
10602173	2146136	-1	683008	2546	0	0	2546
10611157	-1	-1	0	0	0	0	0
10619154	623448	-1	380928	4888	0	0	4888
10628161	-1	414296	0	0	468992	9056	0
10638149	-1	812944	0	0	1009664	9935	0
10642169	-1	1153480	0	0	571392	3962	0
10650174	-1	983280	0	0	995328	8097	0
10658147	-1	1004632	0	0	985088	7844	0
10664156	-1	1332672	0	0	936960	5624	0
