133588	5568880	-1	4206592	6043	0	0	16084
142580	2603416	-1	1277952	3927	0	0	3927
152574	-1	-1	0	0	0	0	0
162585	2562312	-1	638976	1995	0	0	1995
171576	-1	-1	0	0	0	0	0
178581	776456	-1	476160	4906	0	0	4906
185573	5166848	-1	197632	306	0	0	314
190578	5547336	-1	352256	508	0	0	508
198586	-1	-1	0	0	0	0	0
207580	2143792	-1	1117184	4169	0	0	4169
217572	2114064	-1	270336	1023	0	0	1023
221577	4259512	-1	1067008	2004	0	0	2004
231572	-1	-1	0	0	0	0	0
236576	3875736	-1	846848	1748	0	0	1748
244574	-1	-1	0	0	0	0	0
250573	4624112	-1	1138688	1970	0	0	1970
259573	-1	-1	0	0	0	0	0
267574	4595216	-1	1149952	2002	0	0	2002
275579	-1	-1	0	0	0	0	0
284573	364288	-1	163840	3598	0	0	3598
290580	1426184	-1	512000	2872	0	0	2872
296573	-1	-1	0	0	0	0	1696
305576	-1	-1	0	0	0	0	9003
315572	856632	-1	772788	7217	0	0	9996
323577	-1	-1	0	0	0	0	8004
330573	2155440	-1	1664000	6176	0	0	6176
339577	-1	-1	0	0	32768	26466	0
345600	-1	-1	0	0	103424	6254	0
354576	1135944	169808	193536	1363	167936	7911	1363
363571	737728	-1	490496	5319	125952	10392	5319
372577	1509056	147848	222208	1178	145408	7867	1178
377580	763824	-1	521216	5459	7168	6309	5459
384572	-1	234656	121856	257	159744	5446	257
394581	2518688	110864	616448	1958	138240	9975	1958
398585	-1	-1	0	0	82944	5559	0
407573	-1	366424	0	0	412672	9009	0
414584	-1	577416	0	0	338944	4696	0
421575	2137040	301168	362496	1357	350208	9302	1357
430585	-1	333024	0	0	374784	9003	0
440572	-1	623776	0	0	645120	8273	0
441578	-1	-1	0	0	0	0	0
450574	-1	384056	0	0	563200	11731	0
459579	-1	308640	0	0	346112	8971	0
466575	-1	480328	0	0	349184	5815	0
470574	-1	-1	0	0	33792	4542	0
479576	3644896	394840	1137664	2497	407552	8257	2497
489572	-1	-1	0	0	0	0	0
497585	-1	-1	0	0	0	0	0
503573	-1	-1	0	0	0	0	0
509580	3448464	-1	929792	2157	0	0	2157
517572	-1	-1	0	0	0	0	0
524578	3387128	-1	1213440	2866	0	0	2866
531572	-1	-1	0	0	0	0	0
538582	2490712	-1	885760	2845	0	0	2845
548572	-1	-1	0	0	0	0	0
557577	1342192	-1	772096	4602	0	0	4825
566586	4345152	-1	223232	411	0	0	411
576580	2829632	-1	478208	1352	0	0	1352
577579	-1	-1	0	0	0	0	0
586573	3077120	-1	1461248	3799	0	0	3799
594580	-1	-1	0	0	0	0	0
603574	3284944	-1	1569792	3823	0	0	3823
610579	-1	-1	0	0	0	0	0
617572	-1	-1	0	0	0	0	0
622574	-1	-1	0	0	0	0	0
628573	2732288	-1	1724416	5049	0	0	5049
637574	5329208	-1	247808	372	0	0	372
647593	-1	-1	0	0	105472	166563	2388
656577	975152	124024	804864	6603	156672	10105	6603
665585	1204400	-1	356352	2367	124928	10010	2367
674577	-1	-1	0	0	100352	6139	0
683586	3428144	92008	1217848	2842	141312	12286	2842
691577	-1	155104	0	0	163840	8450	95
695580	2300936	656360	696320	2421	332800	4056	2421
704580	-1	254136	0	0	286720	9025	0
714584	-1	547112	0	0	672768	9837	0
715585	-1	-1	0	0	0	0	0
724577	-1	659664	0	0	814080	9872	0
733586	-1	448032	0	0	520192	9288	0
738595	-1	876520	0	0	429056	3916	0
743579	-1	-1	0	0	70656	6073	0
752572	-1	591360	0	0	531456	7189	0
759579	-1	226368	0	0	246784	8721	0
767574	-1	320688	0	0	319488	7969	0
771574	-1	539280	0	0	273408	4055	0
780583	-1	792960	0	0	576512	5816	0
789575	-1	387656	0	0	592896	12235	0
796575	-1	303600	0	0	266240	7015	0
802572	-1	485016	0	0	362496	5979	0
809573	-1	257328	0	0	224256	6971	0
814573	-1	596584	0	0	374784	5025	0
823576	-1	246432	0	0	230400	7479	0
832585	-1	363624	0	0	381952	8403	0
842578	-1	1002168	0	0	1520640	12138	0
851571	-1	660616	0	0	742400	8990	0
859578	-1	1400584	0	0	953344	5445	0
866573	-1	636544	0	0	760832	9561	0
875586	-1	701032	0	0	787456	8986	0
885588	-1	1210520	0	0	1201152	7938	0
894581	-1	879712	0	0	1215488	11053	0
903573	-1	720640	0	0	808960	8980	0
912581	-1	1432944	0	0	1180672	6591	0
921572	-1	676624	0	0	964608	11404	0
930583	-1	334688	0	0	377856	9031	0
937573	-1	970848	0	0	743424	6125	0
943626	-1	574352	0	0	491520	6846	0
951585	-1	1198520	0	0	968704	6466	0
960581	-1	659456	0	0	641024	7776	0
967586	-1	462000	0	0	299008	5177	0
976579	-1	647800	0	0	1074176	13265	0
986572	-1	820432	0	0	1028096	10024	0
995572	-1	887696	0	0	998400	8997	0
1004574	-1	1538592	0	0	1442816	7502	0
1012572	-1	890984	0	0	1053696	9461	0
1021574	-1	996784	0	0	1121280	8999	0
1029572	-1	1531328	0	0	1533952	8013	0
1036596	-1	490224	0	0	430080	7018	0
1045580	-1	1471624	0	0	1147904	6240	0
1047571	-1	284328	0	0	168960	4753	0
1056575	-1	1139448	0	0	1222656	8584	0
1064571	-1	588272	0	0	618496	8411	0
1073575	-1	1004552	0	0	1052672	8383	0
1078572	-1	578656	0	0	404480	5591	0
1083572	-1	710888	0	0	372736	4194	0
1092577	-1	-1	0	0	100352	5437	0
1099580	-1	-1	0	0	0	0	0
1106575	-1	437784	0	0	993280	18151	0
1115572	-1	397256	0	0	458752	9238	0
1121573	-1	2632352	0	0	1955840	5943	0
1129580	-1	1365048	0	0	1371136	8035	0
1135573	-1	1539856	0	0	1154048	5995	0
1143573	-1	1425576	0	0	1426432	8004	0
1151586	-1	1765248	0	0	1234944	5596	0
1160572	-1	1785344	0	0	2549760	11425	0
1169591	-1	937520	0	0	1051648	8973	0
1178580	-1	924976	0	0	719872	6226	0
1187572	-1	680888	0	0	999424	11742	0
1196578	-1	490200	0	0	553984	9040	0
1202588	-1	943104	0	0	653312	5541	0
1211572	-1	547360	0	0	645120	9428	0
1220572	-1	620312	0	0	700416	9033	0
1229581	-1	573864	0	0	586752	8179	0
1234572	-1	-1	0	0	32768	5394	0
1243583	-1	-1	0	0	130048	6956	0
1250583	-1	-1	0	0	99328	8059	0
1258576	-1	-1	0	0	107520	5750	0
1266585	-1	149560	0	0	198656	10626	0
1275582	-1	-1	0	0	126976	9884	0
1284573	-1	-1	0	0	109568	5600	0
1293574	-1	-1	0	0	130048	11632	0
1299584	-1	-1	0	0	3072	6404	0
1308572	-1	-1	0	0	121856	7887	0
1318575	-1	-1	0	0	89088	9967	0
1327579	-1	-1	0	0	110592	10134	0
1336572	-1	-1	0	0	119808	7833	0
1342577	-1	-1	0	0	83968	6204	0
1352573	-1	-1	0	0	92160	11424	0
1360574	-1	-1	0	0	115712	7139	0
1368580	-1	-1	0	0	91136	7419	0
1378579	-1	-1	0	0	126976	7826	0
1386587	-1	106440	0	0	137216	10312	0
1395580	-1	-1	0	0	98304	9878	0
1405573	-1	-1	0	0	88064	10468	2710
1408576	2073680	-1	1426952	5505	44032	1992	5505
1417579	4615080	-1	1042432	1807	16384	7118	1807
1425573	6561552	-1	1013760	1236	117760	10125	1236
1432577	-1	-1	0	0	40960	7224	0
1440574	6806592	164664	1272832	1496	149504	7263	1496
1448582	-1	149928	0	0	172032	9179	0
1456574	9249032	368448	573440	496	279552	6069	496
1465583	-1	-1	0	0	52224	10462	0
1474575	2702872	-1	1360896	4028	119808	8908	4028
1484608	-1	-1	0	0	97280	6867	0
1490575	3695696	-1	997376	2159	76800	9639	2159
1496580	-1	-1	0	0	41984	2355	0
1505573	5240496	-1	1619968	2473	104448	12646	2473
1513572	5088472	-1	475136	747	111616	8082	747
1518586	7822040	-1	151552	155	99328	4924	155
1525585	-1	-1	0	0	57344	2357	0
1533584	9051992	105440	1886208	1667	157696	11965	1667
1543574	-1	398112	0	0	532480	10700	0
1552575	-1	488704	0	0	549888	9001	0
1559572	-1	662184	0	0	581632	7026	0
1567592	883704	-1	561152	5080	104448	6236	5080
1576572	-1	276944	0	0	285696	8252	0
1583584	5546336	263496	890880	1285	313344	9513	1285
1592576	-1	278584	0	0	313344	8998	0
1601590	-1	506720	0	0	515072	8131	0
1609587	5434056	149160	1156096	1702	164864	8842	1702
1612580	7420496	382736	541696	584	143360	2996	584
1621572	-1	237120	0	0	268288	9051	0
1630580	-1	451328	0	0	324608	5753	0
1638572	-1	357816	0	0	500736	11195	0
1648582	858952	449760	427008	3977	562176	9999	3977
1655572	-1	960856	0	0	653312	5439	0
1662572	-1	472024	0	0	497664	8434	0
1669574	-1	1113024	0	0	683008	4909	0
1677587	-1	487584	0	0	624640	10248	0
1686572	-1	869560	0	0	979968	9015	0
1694577	-1	2166272	0	0	1976320	7298	0
1703572	-1	1057688	0	0	1282048	9697	0
1711579	-1	2302632	0	0	580608	2017	0
1719573	-1	823720	0	0	1389568	13495	0
1724575	-1	528072	0	0	330752	5010	0
1730580	-1	2152808	0	0	1613824	5997	0
1735573	-1	3414920	0	0	1380352	3233	0
1744577	-1	1189552	0	0	1600512	10763	0
1750573	-1	1086048	0	0	807936	5951	0
1758572	-1	1629608	0	0	1639424	8048	0
1764581	-1	2772040	0	0	205824	594	0
1773572	-1	-1	0	0	0	0	0
1778573	-1	-1	0	0	0	0	0
1785585	-1	-1	0	0	0	0	0
1794577	-1	-1	0	0	0	0	0
1801585	-1	-1	0	0	0	0	0
1806573	-1	-1	0	0	0	0	0
1812578	-1	-1	0	0	0	0	0
1821573	-1	-1	0	0	0	0	0
1829579	-1	-1	0	0	0	0	0
1838572	-1	-1	0	0	0	0	0
1842576	-1	-1	0	0	0	0	0
1851585	-1	-1	0	0	0	0	0
1860577	-1	-1	0	0	0	0	0
1868590	-1	-1	0	0	0	0	0
1874590	-1	-1	0	0	0	0	0
1884579	-1	-1	0	0	0	0	0
1893576	-1	-1	0	0	0	0	0
1902586	-1	-1	0	0	0	0	0
1911578	-1	-1	0	0	0	0	0
1920586	-1	-1	0	0	0	0	0
1929578	-1	16104	0	0	343040	170399	0
1934588	-1	791840	0	0	492544	4976	0
1940578	-1	1144944	0	0	592896	4142	0
1949572	-1	555424	0	0	755712	10884	0
1951585	-1	-1	0	0	44032	350	0
1960576	-1	-1	0	0	0	0	0
1965582	-1	-1	0	0	0	0	0
1974573	-1	-1	0	0	0	0	0
1983582	-1	-1	0	0	0	0	0
1991574	-1	-1	0	0	0	0	0
1999582	-1	-1	0	0	0	0	0
2002585	-1	-1	0	0	0	0	643
2011578	-1	-1	0	0	0	0	3555
2021572	2110008	-1	1289216	4888	0	0	4888
2023573	-1	-1	0	0	0	0	0
2032581	5248904	-1	463872	707	0	0	734
2040573	-1	-1	0	0	0	0	0
2046580	6843712	-1	753664	881	0	0	881
2054574	-1	-1	0	0	0	0	0
2062578	5287360	-1	715776	1083	0	0	1083
2071588	-1	-1	0	0	0	0	0
2080600	1914760	-1	713728	2982	0	0	2982
2089572	-1	-1	0	0	0	0	0
2095578	5237792	-1	927744	1417	0	0	1417
2100583	-1	-1	0	0	0	0	0
2109575	4134280	-1	663552	1284	0	0	1284
2118573	-1	-1	0	0	0	0	0
2125575	2227992	-1	937984	3368	0	0	3368
2132575	-1	-1	0	0	0	0	0
2141573	1932944	-1	365568	1513	0	0	1513
2145578	-1	-1	0	0	0	0	0
2152585	862824	-1	323452	2999	0	0	3273
2157573	-1	-1	0	0	0	0	0
2164580	731736	-1	388096	4243	0	0	4243
2168584	3615880	-1	493568	1092	0	0	1092
2177576	1423480	-1	940032	5283	0	0	5283
2183582	4287872	-1	263168	491	0	0	491
2191589	-1	-1	0	0	0	0	0
2195593	-1	-1	0	0	0	0	0
2201602	4933224	-1	1064960	1727	0	0	1727
2209595	-1	-1	0	0	0	0	0
2217583	1261448	-1	783360	4968	0	0	4968
2227576	-1	-1	0	0	0	0	0
2234605	3735856	-1	711680	1524	0	0	1545
2243583	-1	-1	0	0	0	0	0
2251577	5657528	-1	482304	682	33792	96964	682
2255578	-1	-1	0	0	0	0	0
2263578	2819432	-1	867328	2461	0	0	2461
2271572	-1	-1	0	0	0	0	0
2279577	-1	-1	0	0	0	0	0
2288578	1226544	-1	612352	3994	0	0	3994
2290572	-1	-1	0	0	0	0	0
2298580	-1	-1	0	0	0	0	41
2303585	4202960	-1	684032	1302	0	0	1302
2309572	-1	-1	0	0	0	0	0
2316582	3401736	-1	1176576	2767	0	0	2767
2325572	-1	-1	0	0	0	0	0
2334581	4977280	-1	459776	739	0	0	927
2340573	4126952	-1	204800	397	0	0	429
2345578	5198224	-1	1497088	2304	0	0	2304
2351584	-1	-1	0	0	0	0	0
2361576	-1	-1	0	0	0	0	0
2366582	3735632	-1	376832	807	0	0	829
2371579	6820672	-1	1553408	1822	0	0	1822
2379578	-1	-1	0	0	0	0	0
2389588	6828360	-1	3440640	4031	0	0	4031
2399581	-1	-1	0	0	0	0	0
2407577	1616360	-1	901120	4460	0	0	4460
2416586	5741712	-1	160768	224	0	0	224
2423572	3469504	-1	1681408	3877	0	0	3877
2432607	-1	-1	0	0	0	0	0
2441573	5797120	-1	1249280	1724	0	0	1724
2450581	-1	-1	0	0	0	0	0
2457571	5866080	-1	1113088	1518	0	0	1518
2467583	-1	-1	0	0	0	0	0
2476574	2201656	-1	983040	3572	0	0	3572
2479578	-1	-1	0	0	0	0	0
2488586	2786832	-1	1067008	3063	0	0	3063
2496578	-1	-1	0	0	0	0	0
2505573	2698296	-1	1593344	4724	0	0	4724
2512577	-1	-1	0	0	0	0	0
2520572	4751672	-1	630784	1062	0	0	1265
2529572	6017752	-1	439296	584	0	0	584
2536573	4355976	-1	840704	1544	0	0	1598
2544572	-1	-1	0	0	0	0	0
2551583	4266304	-1	756736	1419	0	0	-1
2560575	-1	-1	0	0	0	0	-1
2568583	2048000	-1	227328	888	0	0	-1
2576574	2468624	-1	3096576	10035	0	0	-1
2584573	1253728	-1	600064	3829	0	0	-1
2592573	-1	-1	0	0	0	0	-1
2601574	-1	-1	0	0	0	0	-1
2749546	-1	-1	0	0	0	0	54643
2758540	2000456	-1	1701888	6806	0	0	6806
2766547	-1	-1	0	0	0	0	0
2775541	-1	-1	0	0	0	0	0
2784539	-1	-1	0	0	0	0	0
2789537	-1	-1	0	0	0	0	0
2798540	2640528	-1	1699840	5150	0	0	5150
2807538	8997768	-1	274432	244	0	0	244
2816537	-1	-1	0	0	0	0	0
2818537	-1	-1	0	0	0	0	0
2827542	6640968	-1	3082240	3713	0	0	3713
2836535	-1	-1	0	0	102400	272099	0
2843539	6791168	543352	1697792	2000	437248	6437	2000
2851536	-1	367008	0	0	392192	8548	0
2860542	-1	465704	0	0	522240	8971	0
2869537	-1	760312	0	0	852992	8975	0
2878543	-1	219456	0	0	247808	9033	0
2884547	-1	611216	0	0	327680	4288	0
2893541	-1	355456	0	0	476160	10716	0
2902537	-1	343688	0	0	388096	9033	0
2911541	6957224	599848	536576	617	509952	6801	617
2915545	-1	220072	0	0	169984	6179	0
2924539	-1	680416	0	0	611328	7187	0
2933536	-1	407816	0	0	545792	10706	0
2942540	-1	-1	0	0	24576	7856	0
2950548	-1	398824	0	0	391168	7846	0
2957537	-1	342440	0	0	353280	8253	0
2964536	-1	745160	0	0	466944	5013	0
2973536	-1	390024	0	0	536576	11006	0
2981544	-1	300400	0	0	211968	5645	0
2990538	-1	-1	0	0	114688	9919	0
2999537	-1	282664	0	0	369664	10462	0
3008540	1326576	335784	613376	3699	376832	8977	3699
3016548	-1	647576	0	0	572416	7071	0
3020539	-1	-1	0	0	117760	4901	0
3029543	-1	774608	0	0	811008	8375	0
3039535	-1	555848	0	0	738304	10625	0
3042538	-1	951648	0	0	323584	2720	0
3051549	-1	476552	0	0	555008	9317	0
3060541	-1	946928	0	0	462848	3910	0
3069537	6623056	810136	1093632	1321	1340416	13236	1321
3075536	-1	340208	0	0	289792	6814	0
3084549	-1	849512	0	0	679936	6403	0
3086549	-1	-1	0	0	129024	4595	0
3094541	-1	773504	0	0	774144	8006	0
3103537	-1	329960	0	0	273408	6628	0
3109540	-1	-1	0	0	0	0	0
3119535	-1	-1	0	0	0	0	0
3128542	1877664	-1	855040	3643	0	0	3643
3134537	-1	-1	0	0	0	0	0
3141538	2135816	-1	1239040	4641	118784	40333	4641
3150546	-1	455336	0	0	420864	7394	0
3159539	6556688	370896	870400	1062	493568	10645	1062
3169535	-1	463568	0	0	581632	10037	0
3179543	-1	774368	0	0	569344	5881	0
3184535	-1	197208	0	0	224256	9097	0
3192535	8934320	340704	1380352	1236	340992	8006	1236
3198544	-1	531248	0	0	398336	5998	0
3206536	-1	415352	0	0	415744	8007	0
3216545	-1	694336	0	0	753664	8683	0
3223535	-1	362768	0	0	372736	8219	0
3232546	-1	699112	0	0	443392	5073	0
3239536	-1	243080	0	0	332800	10952	0
3246536	-1	263032	0	0	230400	7007	0
3256537	-1	552256	0	0	598016	8662	0
3265537	-1	293864	0	0	380928	10370	0
3273535	-1	640440	0	0	231424	2890	0
3281545	-1	272456	0	0	447488	13139	0
3290537	-1	251488	0	0	282624	8990	0
3299541	-1	490952	0	0	174080	2836	0
3306535	-1	99896	0	0	162816	13038	0
3313543	-1	237528	0	0	207872	7001	0
3319535	-1	467208	0	0	354304	6066	0
3325538	-1	623984	0	0	157696	2021	0
3332544	-1	229800	0	0	313344	10908	0
3339535	-1	-1	0	0	27648	6794	0
3348545	-1	154664	0	0	139264	7203	0
3358538	-1	106048	0	0	158720	11973	164
3363543	2420296	-1	817152	2701	34816	2164	2701
3371541	-1	-1	0	0	115712	9893	0
3380536	221280	-1	147456	5331	89088	9983	5365
3389535	3279888	-1	652288	1591	125952	6017	1591
3397550	3076656	-1	676864	1760	105472	9968	1760
3402559	-1	-1	0	0	52224	4221	0
3410539	-1	-1	57344	832	0	0	5129
3417535	-1	-1	0	0	0	0	6996
3426539	1354400	-1	718848	4246	0	0	4246
3432545	-1	-1	0	0	0	0	0
3441537	3945976	-1	1158144	2348	0	0	2348
3444539	-1	-1	0	0	0	0	0
3453548	2661328	-1	890880	2678	0	0	2678
3459538	-1	-1	0	0	0	0	0
3468548	3884376	-1	1165312	2400	0	0	2400
3475537	-1	-1	0	0	0	0	0
3482545	-1	-1	0	0	0	0	0
3491535	-1	-1	0	0	0	0	0
3497542	1377184	-1	952320	5532	0	0	5636
3504550	4014040	-1	1028096	2049	0	0	2049
3513536	2450560	-1	1531904	5001	0	0	5001
3523535	4919912	-1	856064	1392	0	0	1392
3532543	5328656	-1	2618368	3931	0	0	3931
3542537	-1	-1	0	0	0	0	0
3549544	-1	-1	0	0	0	0	0
3558536	-1	-1	0	0	0	0	0
3567545	2805360	-1	1948672	5557	0	0	5651
3576537	7762560	-1	1462272	1507	0	0	1507
3581543	2399792	-1	1321984	4407	0	0	4407
3590535	-1	-1	0	0	0	0	0
3599543	-1	-1	40960	5814	0	0	5815
3609538	2991368	-1	2369536	6337	0	0	6337
3619541	1780096	-1	1129472	5076	50176	218842	5076
3627539	-1	265008	0	0	244736	7387	0
3636535	7659000	293048	676864	707	352256	9616	707
3645560	-1	385952	0	0	431104	8935	0
3653539	-1	610320	0	0	614400	8053	0
3657535	-1	-1	0	0	36864	3995	0
3666545	-1	569224	0	0	641024	9009	0
3676537	-1	117800	0	0	144384	9805	0
3684536	-1	278408	0	0	278528	8003	0
3690537	-1	530704	0	0	397312	5989	0
3699544	833152	378728	409600	3933	427008	9019	3933
3707535	-1	668656	0	0	594944	7118	0
3716544	-1	-1	0	0	107520	4551	0
3720535	-1	-1	0	0	7168	8831	0
3728536	5728448	206744	1676288	2341	220160	8519	2341
3733544	-1	379040	0	0	226304	4776	0
3741536	3208368	197504	816128	2035	201728	8171	2035
3750545	-1	323288	0	0	365568	9046	0
3758536	-1	531176	0	0	531456	8004	0
3763550	-1	-1	0	0	130048	1355	0
3770548	7761872	337448	813056	838	448512	10633	838
3778535	-1	330512	0	0	327680	7931	0
3787536	-1	660904	0	0	644096	7796	0
3796540	-1	415144	0	0	533504	10280	0
3806537	-1	472008	0	0	584704	9910	0
3813535	-1	818800	0	0	676864	6613	0
3822535	-1	473648	0	0	560128	9460	0
3831553	-1	449696	0	0	506880	9017	0
3833539	-1	565224	0	0	140288	1985	0
3842535	-1	705096	0	0	531456	6029	0
3850542	-1	453352	0	0	619520	10932	0
3859537	-1	395952	0	0	443392	8958	0
3865542	5903440	679184	464896	630	507904	5982	630
3874536	-1	284040	0	0	322560	9085	0
3878535	-1	643272	0	0	322560	4011	0
3885537	-1	281584	0	0	244736	6953	0
3893537	4893976	435240	1227776	2007	394240	7246	2007
3902535	-1	286560	0	0	350208	9776	0
3910537	-1	333904	0	0	143360	3434	0
3917535	7033128	131976	180224	205	189440	11483	205
3922549	8295176	-1	823296	794	81920	1791	794
3930541	-1	273848	0	0	386048	11277	0
3937536	430992	171632	278528	5170	146432	6825	5272
3946536	2882472	412064	531456	1475	443392	8608	1475
3956538	-1	338240	0	0	448512	10608	0
3964541	-1	306648	0	0	306176	7987	0
3974536	7237792	510744	730112	807	503808	7891	807
3983536	-1	202264	0	0	280576	11097	0
3993537	-1	266192	0	0	332800	10001	0
3999543	-1	534144	0	0	362496	5429	0
4006535	-1	181576	0	0	172032	7579	0
4014541	-1	568992	0	0	405504	5701	0
4021548	-1	-1	0	0	2048	3440	5635
4030540	686328	-1	352256	4106	0	0	7825
4037548	4515832	-1	1106944	1961	0	0	1961
4043537	-1	-1	0	0	0	0	0
4049542	-1	-1	0	0	0	0	0
4058535	-1	-1	0	0	0	0	0
4067545	3097944	-1	1077696	2783	0	0	5235
4075535	1697504	-1	1264640	5960	0	0	5960
4082543	4096000	-1	805888	1574	0	0	1574
4091537	2881912	-1	591872	1643	0	0	1643
4099542	2929736	-1	1064960	2908	0	0	2908
4109536	-1	-1	0	0	0	0	0
4118559	3974600	-1	905216	1822	0	0	1822
4128538	-1	-1	0	0	0	0	0
4136546	1231488	-1	797696	5182	0	0	5182
4146539	4312872	-1	539648	1001	0	0	1001
4153546	1977160	-1	964608	3903	0	0	3903
4162539	-1	-1	0	0	0	0	0
4171548	3139480	-1	613376	1563	0	0	1563
4180535	-1	-1	0	0	0	0	0
4190536	430712	-1	311296	5782	0	0	5794
4198542	5680976	-1	1306624	1840	0	0	1840
4206535	2636032	-1	1235968	3751	0	0	3751
4215542	-1	-1	0	0	0	0	1478
4219546	1912648	-1	882688	3692	0	0	3692
4228538	-1	-1	0	0	0	0	0
4236535	4768304	-1	824320	1383	114688	172164	1383
4245539	-1	229544	0	0	259072	9029	0
4253546	-1	540448	0	0	357376	5290	0
4262538	-1	209104	24576	162	300032	11478	724
4267539	2736400	-1	651264	1904	44032	1595	1904
4274535	617472	174104	391168	5068	232448	10680	5068
4283540	-1	177008	0	0	197632	8931	0
4292536	-1	376168	0	0	330752	7034	0
4300544	5018016	144496	919552	1466	180224	9978	1466
4310537	6375896	211400	668672	839	264192	9997	839
4314540	-1	339808	0	0	171008	4025	0
4321535	-1	183400	0	0	138240	6030	0
4330539	-1	282344	0	0	351232	9951	0
4340538	6376472	110304	147456	185	138240	10026	188
4345537	9226872	-1	1086464	942	103424	3170	942
4354536	-1	106000	0	0	143360	10819	0
4362539	-1	-1	0	0	76800	7698	0
4371547	-1	197200	0	0	198656	8059	0
4379539	4032280	-1	1263616	2507	111616	9234	2507
4389548	-1	-1	0	0	71680	2713	0
4397540	1802128	-1	660480	2932	0	0	2932
4404536	-1	-1	0	0	0	0	0
4413539	3687584	-1	1114112	2417	0	0	2417
4419535	-1	-1	0	0	0	0	0
4427537	4619432	-1	1236276	2141	0	0	2141
4431535	-1	-1	0	0	0	0	0
4440535	4593648	-1	1167360	2033	0	0	2033
4448541	-1	-1	0	0	0	0	0
4458538	-1	-1	0	0	0	0	0
4460536	-1	-1	0	0	0	0	0
4468540	5033872	-1	1346560	2140	0	0	2140
4472535	-1	-1	0	0	0	0	0
4479538	4198808	-1	794624	1514	0	0	1514
4488548	-1	-1	0	0	0	0	0
4496538	4483208	-1	871424	1555	0	0	1555
4506540	-1	-1	0	0	0	0	0
4514541	-1	-1	0	0	0	0	5189
4520545	964440	-1	949248	7874	18432	96490	7874
4529539	-1	312000	0	0	352256	9032	0
4536535	-1	600544	0	0	523264	6970	0
4543535	1612432	344400	1004544	4984	304128	7064	4984
4552536	-1	546904	0	0	565248	8268	0
4559537	-1	354264	0	0	338944	7654	0
4567542	-1	767408	0	0	534528	5572	0
4571539	-1	309536	0	0	250880	6484	0
4578535	-1	844256	0	0	727040	6889	0
4588557	-1	283872	0	0	269312	7589	0
4596538	-1	206944	0	0	272384	10529	0
4605535	6925072	429664	1729536	1998	445440	8293	1998
4615536	-1	363744	0	0	487424	10720	0
4621546	-1	726152	0	0	242688	2673	0
4627536	-1	705960	0	0	820224	9294	0
4636545	-1	1521512	0	0	766976	4032	0
4640548	-1	-1	0	0	0	0	0
4648541	-1	-1	0	0	8192	13344	0
4658536	-1	102048	0	0	167936	13165	0
4667540	3893048	-1	1080320	2220	66560	9029	2220
4670536	-1	-1	0	0	46080	3350	0
4679538	2343976	-1	804864	2747	131072	9063	2747
4689536	-1	324360	0	0	406528	10026	0
4698538	-1	347232	0	0	360448	8304	0
4702544	-1	-1	0	0	2048	3432	0
4708537	5549824	555120	899072	1296	501760	7231	1296
4717542	-1	337032	0	0	378880	8993	0
4727537	-1	574096	0	0	497664	6934	0
4733541	-1	229184	0	0	260096	9078	0
4743550	-1	345600	0	0	433152	10026	0
4751542	-1	604344	0	0	557056	7374	0
4759536	-1	265096	0	0	284672	8590	0
4762537	-1	599808	0	0	227328	3032	0
4770545	1539520	136168	924672	4805	136192	8001	4805
4777535	-1	262096	0	0	226304	6907	0
4783542	-1	-1	0	0	110592	6075	0
4789548	-1	452160	0	0	304128	5380	0
4795537	2100568	-1	242616	924	20480	6647	1077
4801542	-1	184048	0	0	249856	10860	0
4808537	-1	1128608	0	0	360448	2555	0
4817541	-1	-1	0	0	2048	5167	0
4823535	497992	-1	491520	7896	16384	14316	7896
4832540	5055296	-1	2010112	3181	77824	5919	3181
4840550	1460136	-1	843776	4623	12288	10192	5369
4848540	1695168	-1	880640	4156	22528	7825	4156
4855547	1386944	-1	1796096	10360	3072	4686	10360
4862537	-1	-1	0	0	2048	4631	0
4870545	-1	-1	0	0	0	0	0
4879538	-1	-1	0	0	0	0	0
4888546	787064	-1	491520	4996	0	0	5034
4897538	3876472	-1	687104	1418	0	0	1418
4902544	1354144	-1	867328	5124	0	0	5124
4912537	4933560	-1	220160	357	0	0	357
4921546	3623448	-1	1063936	2349	0	0	2349
4929537	-1	-1	0	0	0	0	0
4938545	-1	-1	0	0	0	0	0
4948536	-1	-1	0	0	0	0	0
4954545	3792896	-1	1198080	2527	0	0	2527
4963537	3613416	-1	463872	1027	0	0	1027
4964539	-1	-1	0	0	0	0	0
4973547	-1	-1	0	0	0	0	0
4983545	-1	-1	0	0	0	0	0
4992538	2847864	-1	663552	1864	0	0	2169
4995536	-1	-1	0	0	0	0	2997
5004535	738296	-1	438272	4749	0	0	4749
5010536	443736	-1	212992	3840	0	0	5486
5018537	492848	-1	592896	9624	0	0	9624
5021545	-1	-1	122880	227	0	0	227
5030537	787616	-1	615424	6251	0	0	6251
5031539	-1	-1	0	0	0	0	0
5040548	-1	-1	0	0	0	0	116
5045536	2970680	-1	773120	2082	0	0	2082
5053544	-1	-1	0	0	0	0	0
5061535	3541608	-1	892928	2017	0	0	2017
5070545	-1	-1	51200	3357	0	0	3357
5076550	816048	-1	557056	5461	0	0	5671
5084540	2560880	-1	561152	1753	0	0	1753
5093537	-1	-1	0	0	0	0	0
5096537	-1	-1	0	0	0	0	0
5104542	1690904	-1	1240064	5867	0	0	5893
5112537	4688048	-1	595968	1017	0	0	1017
5121540	5124288	-1	1224704	1912	0	0	1912
5130537	-1	-1	0	0	0	0	0
5138546	-1	-1	0	0	0	0	0
5143536	3559984	-1	180224	405	0	0	418
5148538	5779720	-1	1214464	1681	0	0	1681
5157547	-1	-1	0	0	0	0	0
5167556	3265392	-1	937984	2298	0	0	2298
5169543	-1	-1	0	0	0	0	0
5179536	-1	-1	0	0	0	0	0
5183539	-1	-1	0	0	0	0	0
5193551	3952936	-1	1301504	2634	0	0	-1
5202542	-1	-1	0	0	0	0	-1
5210536	1187640	-1	270336	1821	0	0	-1
5218541	3175680	-1	2038784	5136	0	0	-1
5226546	3023064	-1	1051648	2783	0	0	-1
5235543	-1	-1	0	0	0	0	-1
5243575	-1	-1	0	0	0	0	-1
5248538	-1	-1	0	0	0	0	-1
5395952	-1	243776	0	0	184320	6048	-1
5404960	3912280	-1	2071552	4236	0	0	-1
5412952	-1	-1	0	0	0	0	-1
5422963	1971816	-1	1364992	5538	0	0	-1
5432957	4724976	-1	157696	267	0	0	-1
5441966	2684584	-1	1232896	3674	0	0	-1
5450958	-1	-1	0	0	0	0	-1
5459951	-1	-1	0	0	10240	59329	-1
5629586	1777800	-1	1598464	7193	100352	52198	68338
5762598	1804192	-1	1060864	4704	0	0	-1
5772595	2014896	-1	358400	1423	0	0	-1
5781596	694008	-1	475136	5477	0	0	-1
5790595	2520616	-1	671744	2132	0	0	-1
5799602	803560	-1	499712	4975	0	0	-1
5809597	1356744	-1	889856	5247	0	0	-1
5819591	-1	-1	0	0	0	0	-1
5930685	-1	-1	0	0	0	0	111451
5939680	1952024	-1	307200	1259	0	0	8995
5948686	3189616	-1	614400	1541	0	0	9006
5957695	3127352	-1	1619968	4144	0	0	5637
5960683	-1	-1	49152	3537	0	0	3537
5969692	239992	-1	288768	9626	0	0	9626
5971681	-1	-1	8192	3415	0	0	3415
5980686	2348152	-1	1313792	4476	0	0	4476
5989681	969640	-1	278528	2298	0	0	5238
5998686	-1	-1	0	0	0	0	9004
6008697	548248	-1	761856	11117	0	0	11117
6016689	709896	-1	696320	7847	0	0	7847
6023695	-1	-1	0	0	0	0	0
6028684	-1	-1	0	0	0	0	0
6037680	-1	-1	0	0	0	0	5056
6045683	5770440	-1	1344512	1864	0	0	6681
6053691	5269272	-1	646144	981	0	0	981
6063692	-1	-1	0	0	0	0	0
6073694	5134280	-1	782336	1219	0	0	1219
6080683	-1	-1	0	0	0	0	0
6089681	-1	-1	0	0	0	0	0
6093681	-1	-1	0	0	0	0	0
6101681	4841504	-1	874496	1445	0	0	1466
6109681	-1	-1	0	0	0	0	0
