85733195	3347656	-1	861184	2058	0	0	2058
85741201	-1	-1	0	0	0	0	0
85748201	1665160	-1	229376	1102	0	0	5486
85763196	1115976	-1	186368	1336	0	0	8845
85772208	2172864	-1	610304	2247	0	0	2247
85774199	-1	-1	0	0	0	0	0
85783199	3827408	-1	408576	854	0	0	854
85792208	-1	-1	0	0	0	0	0
85800198	4813008	-1	598016	994	0	0	994
85809200	-1	-1	0	0	0	0	0
85817208	4776680	-1	409600	686	0	0	686
85824199	-1	-1	0	0	0	0	0
85830205	5073648	-1	616448	972	0	0	972
85839204	-1	-1	0	0	0	0	0
85847204	3059224	-1	429056	1122	0	0	1122
85856195	5655200	-1	935936	1324	0	0	1324
85859203	-1	-1	0	0	0	0	0
85868200	-1	-1	0	0	0	0	0
85877207	-1	-1	0	0	0	0	0
85886202	5145440	-1	828416	1288	0	0	1288
85889203	-1	-1	0	0	0	0	0
85898199	-1	-1	0	0	0	0	0
85907202	3814400	-1	610304	1280	0	0	1280
85917203	-1	-1	0	0	0	0	0
85920199	-1	-1	0	0	0	0	0
85929195	-1	-1	0	0	0	0	0
85935204	2749592	-1	1140736	3319	0	0	3319
85944199	-1	-1	0	0	0	0	0
85951205	3442936	-1	674816	1568	0	0	1568
85960199	-1	-1	0	0	0	0	0
85969205	2673176	-1	349184	1045	0	0	1045
85978195	-1	-1	0	0	0	0	0
85987202	2204800	-1	943104	3422	0	0	3422
85994197	-1	-1	0	0	0	0	0
86001208	2451512	-1	701440	2289	0	0	2289
86010205	-1	-1	0	0	0	0	0
86016195	1110096	-1	686596	4948	0	0	4948
86026201	-1	-1	0	0	0	0	0
86035207	1782816	-1	652288	2927	0	0	2927
86039197	-1	-1	0	0	0	0	0
86045194	2657312	-1	816128	2457	0	0	2457
86050202	-1	-1	0	0	0	0	0
86055205	2273112	-1	581632	2047	0	0	2047
86064196	-1	-1	0	0	0	0	0
86070202	4450360	-1	437248	786	0	0	786
86078196	-1	-1	0	0	0	0	0
86087203	-1	-1	0	0	0	0	0
86092194	2234184	-1	172032	616	0	0	618
86097197	4355168	-1	748544	1375	0	0	1375
86104209	-1	-1	0	0	0	0	0
86113203	4774400	-1	381952	640	0	0	640
86119200	-1	-1	0	0	0	0	0
86128203	2034320	-1	685056	2694	0	0	2694
86136197	5332776	-1	410624	616	0	0	616
86140204	-1	-1	0	0	0	0	0
86149203	-1	-1	0	0	0	0	0
86158210	925312	-1	600064	5188	0	0	5188
86167208	-1	-1	103424	130	0	0	130
86176199	5903688	-1	842752	1142	0	0	1142
86179205	-1	-1	0	0	0	0	0
86187201	-1	-1	0	0	0	0	0
86197209	1866560	-1	787456	3375	0	0	3375
86198203	-1	-1	0	0	0	0	0
86207202	-1	-1	0	0	0	0	0
86212198	644848	-1	376832	4675	0	0	4675
86218195	998280	-1	233472	1871	0	0	1871
86228208	-1	-1	124928	3931	0	0	4075
86237195	1317424	-1	732160	4446	0	0	4446
86246207	4063952	-1	1103872	2173	0	0	2173
86255195	-1	-1	0	0	0	0	0
86264199	-1	-1	0	0	0	0	0
86271198	-1	-1	90112	1286	0	0	1308
86275195	1332432	-1	663552	3984	0	0	3997
86284207	4475384	-1	1008640	1803	0	0	1803
86292203	-1	-1	0	0	0	0	0
86296202	-1	-1	0	0	0	0	0
86306203	4275520	-1	1195008	2236	0	0	2236
86310205	-1	-1	0	0	0	0	0
86319203	3786464	-1	914432	1932	0	0	1932
86328198	2349880	-1	960512	3270	0	0	3270
86329206	-1	-1	0	0	0	0	0
86338198	-1	-1	0	0	0	0	0
86347206	-1	-1	0	0	0	0	0
86349208	-1	-1	0	0	0	0	0
86358205	1157384	-1	721920	4990	0	0	4990
86364194	-1	-1	77824	379	0	0	379
86373208	2325512	-1	813056	2797	0	0	2797
86377205	-1	-1	0	0	0	0	0
86387197	3341400	-1	726336	1739	0	0	1739
86391202	-1	-1	0	0	0	0	0
86401207	-1	-1	0	0	0	0	0
86403209	-1	-1	0	0	0	0	0
86412205	3348832	-1	1085440	2593	0	0	2593
86417208	-1	-1	0	0	0	0	0
86423196	838256	-1	576512	5502	0	0	5502
86432195	1157360	-1	314368	2173	0	0	2173
86441197	1118376	-1	526336	3765	0	0	3765
86448205	-1	-1	0	0	0	0	0
86458203	2534488	-1	820224	2589	0	0	2589
86463204	-1	-1	0	0	0	0	0
86473203	-1	-1	0	0	0	0	0
86481198	3410456	-1	606208	1422	0	0	1470
86485195	5656592	-1	662528	937	0	0	937
86494201	4838056	-1	757760	1253	0	0	1253
86496196	-1	-1	0	0	0	0	0
86505201	-1	-1	0	0	0	0	0
86514205	4393288	-1	680960	1240	0	0	1240
86518204	-1	-1	0	0	0	0	0
86527209	6690712	-1	789504	944	0	0	944
86536198	-1	-1	0	0	0	0	0
86545202	5306280	-1	630784	951	0	0	951
86553195	-1	-1	0	0	0	0	0
86560194	6026464	-1	866304	1150	0	0	1150
86570194	-1	-1	24576	182	0	0	186
86575205	4218848	-1	720896	1367	0	0	1367
86584203	-1	-1	0	0	0	0	0
86593203	6195328	-1	1575936	2035	0	0	2035
86603202	-1	-1	0	0	0	0	0
86610194	-1	-1	0	0	0	0	0
86613203	-1	-1	0	0	0	0	0
86622195	4968176	-1	1344512	2165	0	0	2165
86631203	-1	-1	0	0	0	0	0
86640195	-1	-1	0	0	0	0	0
86645207	-1	-1	0	0	0	0	0
86652202	5826944	-1	1740800	2390	0	0	2531
86660206	-1	-1	0	0	0	0	0
86669206	4772456	-1	2033664	3409	0	0	3409
86676206	-1	-1	0	0	0	0	0
86684203	3403000	-1	1264640	2973	0	0	2973
86694195	-1	-1	0	0	0	0	0
86702203	-1	-1	0	0	0	0	0
86711198	-1	-1	0	0	0	0	0
86717198	1639560	-1	1157120	5646	0	0	5646
86724194	2273616	-1	332800	1171	0	0	1171
86728208	301520	-1	139264	3695	0	0	4014
86738195	156112	-1	212992	10915	0	0	10915
86743202	383704	-1	245760	5124	0	0	5124
86752197	2384368	-1	1106944	3714	0	0	-1
86759196	-1	-1	0	0	0	0	-1
86768208	1670128	-1	1304576	6249	0	0	-1
86775201	4023616	-1	825344	1641	0	0	-1
86780196	-1	-1	0	0	0	0	-1
86790196	1395432	-1	925696	5307	0	0	-1
86798194	1609416	-1	216064	1074	0	0	-1
86803198	2837560	-1	897024	2529	0	0	-1
86810196	-1	-1	0	0	0	0	-1
86812643	-1	-1	0	0	0	0	12768
86821637	-1	-1	0	0	0	0	0
86827642	-1	-1	0	0	0	0	0
86834633	1200160	-1	1933312	12887	0	0	12887
86843647	4963864	-1	626688	1010	0	0	1010
86852647	-1	-1	0	0	0	0	0
86860642	3105848	-1	1127424	2904	0	0	2904
86867638	-1	-1	0	0	0	0	0
86876645	4400496	-1	917504	1668	0	0	1668
86882638	-1	-1	0	0	0	0	0
86891648	-1	-1	0	0	0	0	0
86894634	-1	-1	0	0	0	0	0
86903643	4696744	-1	1100800	1875	0	0	1875
86907636	-1	-1	0	0	0	0	0
86915643	-1	-1	0	0	0	0	0
86921637	2372040	-1	286720	967	0	0	997
86925642	3036016	-1	1479680	3899	0	0	3899
86934634	2893504	-1	236544	654	0	0	654
86940648	-1	-1	0	0	0	0	0
86946643	-1	-1	0	0	0	0	0
86955636	4596464	-1	1683456	2930	0	0	2930
86961633	-1	-1	0	0	0	0	0
86967647	-1	-1	0	0	0	0	0
86976638	-1	-1	0	0	0	0	0
86985637	269008	-1	172032	5116	0	0	5219
86992644	-1	-1	32768	2849	0	0	7006
86999636	156056	-1	200704	10289	0	0	10289
87006639	2988928	-1	2555904	6841	0	0	6841
87009635	-1	-1	0	0	0	0	0
87017636	-1	-1	0	0	0	0	0
87026633	2044520	-1	1394364	5456	0	0	5494
87036641	3744760	-1	709632	1516	0	0	1516
87045636	3358888	-1	1231872	2934	0	0	2934
87053646	-1	-1	0	0	0	0	0
87062633	1720848	-1	1102848	5127	0	0	5127
87070644	1010072	-1	278528	2206	0	0	2206
87077636	-1	-1	0	0	0	0	0
87083645	-1	-1	0	0	0	0	399
87088648	2685384	-1	1315840	3920	0	0	5002
87098639	2957240	-1	1461248	3953	0	0	3953
87108634	4987728	-1	1549312	2485	0	0	2485
87117637	-1	-1	0	0	0	0	0
87126647	-1	-1	0	0	0	0	0
87132634	-1	-1	0	0	0	0	0
87141633	1634992	-1	1081344	5291	0	0	5482
87146643	1094008	-1	428032	3130	0	0	3130
87156635	489256	-1	335872	5492	0	0	5699
87165647	548464	-1	273408	3988	0	0	3988
87175645	2065416	-1	789504	3058	0	0	3058
87183633	-1	-1	0	0	0	0	0
87193637	-1	-1	0	0	0	0	0
87201633	1545552	-1	279552	1447	0	0	1533
87205634	3492752	-1	705536	1616	0	0	1616
87214642	-1	-1	0	0	0	0	0
87221648	-1	-1	0	0	0	0	0
87224646	-1	-1	0	0	0	0	0
87233634	2637936	-1	844800	2562	0	0	2562
87235644	-1	-1	0	0	0	0	0
87244633	3518528	-1	670720	1525	0	0	1525
87249640	-1	-1	0	0	0	0	0
87258637	418608	-1	294912	5636	0	0	5725
87266635	166632	-1	164864	7915	0	0	7915
87276633	183280	-1	229376	10012	0	0	10012
87285634	1869296	-1	1454080	6223	0	0	6223
87288633	-1	-1	0	0	0	0	0
87297646	-1	-1	0	0	0	0	0
87306634	2956872	-1	624640	1690	0	0	1690
