144472	3547384	-1	8296448	18710	0	0	18710
152471	-1	-1	0	0	0	0	0
159471	-1	-1	0	0	0	0	0
166471	3206520	-1	1046528	2611	0	0	2611
170471	-1	-1	101376	211	0	0	211
179471	3405088	-1	1163264	2733	0	0	2733
182471	3757400	-1	528384	1125	0	0	1125
191470	-1	-1	122880	380	0	0	390
196471	3388688	-1	2053120	4847	0	0	4847
205471	3697256	-1	1552384	3359	0	0	3359
214477	3502376	-1	1027072	2346	0	0	2346
222069	2674936	-1	655360	1960	0	0	1960
225078	3755456	-1	1417216	3019	0	0	3019
234069	3802704	-1	192512	405	0	0	405
239069	-1	-1	0	0	0	0	0
248070	-1	-1	0	0	0	0	0
257070	-1	-1	0	0	0	0	0
266070	-1	-1	0	0	0	0	0
275070	-1	-1	0	0	0	0	0
278070	-1	-1	0	0	0	0	0
285070	-1	-1	0	0	0	0	0
290070	-1	-1	0	0	0	0	0
297071	1681456	-1	295936	1408	0	0	1408
305069	-1	-1	0	0	0	0	0
314069	2226984	-1	662528	2380	0	0	2380
318070	-1	-1	0	0	0	0	0
327069	3028544	-1	1703936	4501	0	0	4501
339868	2997880	-1	2588672	6908	0	0	6994
344869	3175792	-1	1899520	4785	0	0	4785
354869	3606544	-1	501760	1113	0	0	1113
362869	-1	-1	0	0	0	0	0
374834	3385224	-1	2928640	6921	0	0	6995
382835	2889808	-1	1418172	3926	0	0	3926
392835	-1	-1	0	0	0	0	0
401836	2949592	-1	515072	1397	0	0	1397
406408	3202456	-1	1190912	2975	0	0	3000
415407	3576640	-1	2736128	6120	0	0	6120
422407	-1	-1	65536	256	0	0	263
427407	3547136	-1	1373184	3097	0	0	3097
436407	-1	-1	0	0	0	0	0
445407	3102256	-1	433152	1117	0	0	1117
447780	-1	-1	0	0	0	0	0
457407	2909600	-1	765952	2106	0	0	2106
464407	-1	-1	0	0	0	0	0
473408	2936000	-1	375808	1024	0	0	1024
477408	-1	-1	0	0	0	0	0
483408	3270160	-1	908288	2222	0	0	2222
492407	-1	-1	0	0	0	0	0
501407	3521496	-1	1694720	3850	0	0	3850
510407	-1	-1	0	0	0	0	0
519407	1626640	-1	821248	4039	0	0	4039
528408	-1	-1	0	0	0	0	0
533408	-1	-1	0	0	0	0	0
542408	-1	-1	0	0	0	0	0
552408	-1	-1	0	0	0	0	0
561408	-1	-1	0	0	0	0	0
570407	-1	-1	0	0	0	0	0
579407	-1	-1	0	0	0	0	0
588407	-1	-1	0	0	0	0	0
597407	-1	-1	0	0	0	0	0
605407	-1	-1	0	0	0	0	0
614408	-1	-1	0	0	0	0	0
623408	-1	-1	0	0	0	0	0
632408	-1	-1	0	0	0	0	0
641409	2350976	-1	826368	2812	0	0	2812
647408	-1	-1	0	0	0	0	0
656408	2705768	-1	667648	1974	0	0	1974
662408	-1	-1	0	0	0	0	0
670408	-1	-1	0	0	0	0	0
679408	1977640	-1	532480	2154	0	0	2154
684408	1695496	-1	595968	2812	0	0	2812
692409	-1	-1	0	0	0	0	0
701408	1647696	-1	871424	4231	0	0	4231
710409	-1	-1	0	0	0	0	0
719410	3146704	-1	1401856	3564	0	0	3564
728409	-1	-1	0	0	0	0	0
737408	-1	-1	0	0	0	0	0
746409	-1	-1	0	0	0	0	0
755409	-1	-1	0	0	0	0	0
763409	-1	-1	0	0	0	0	0
770408	-1	-1	0	0	0	0	0
779409	-1	-1	0	0	0	0	0
787409	-1	-1	0	0	0	0	0
791409	-1	-1	0	0	0	0	0
801408	-1	-1	0	0	0	0	0
810409	-1	-1	0	0	0	0	0
817408	-1	-1	0	0	0	0	0
820408	-1	-1	0	0	0	0	0
829408	3170232	-1	1693696	4274	0	0	4274
836408	-1	-1	0	0	0	0	0
844408	2655824	-1	775168	2335	0	0	2335
850408	-1	-1	0	0	0	0	0
859409	2215152	-1	335872	1213	0	0	1249
867409	2954056	-1	564224	1528	0	0	1528
874408	-1	-1	0	0	0	0	0
883407	2852344	-1	1248256	3501	0	0	3501
890197	-1	-1	0	0	0	0	21
900198	-1	-1	0	0	0	0	0
910198	-1	-1	0	0	0	0	0
918198	-1	-1	0	0	0	0	0
927197	-1	-1	0	0	0	0	0
936198	-1	-1	0	0	0	0	0
945197	-1	-1	0	0	0	0	0
953198	-1	-1	0	0	0	0	0
963198	-1	-1	0	0	0	0	0
972198	-1	-1	0	0	0	0	0
981198	-1	-1	0	0	0	0	0
990198	-1	-1	0	0	0	0	0
995198	-1	-1	0	0	0	0	0
1004198	-1	-1	0	0	0	0	0
1011198	-1	-1	0	0	0	0	0
1018197	-1	-1	0	0	0	0	0
1027198	-1	-1	0	0	0	0	0
1037661	-1	-1	0	0	0	0	31
1043661	-1	-1	0	0	0	0	0
1052661	-1	-1	0	0	0	0	0
1057661	-1	-1	0	0	0	0	0
1063661	-1	-1	0	0	0	0	0
1072661	-1	-1	0	0	0	0	0
1081661	-1	-1	0	0	0	0	0
1090661	-1	-1	0	0	0	0	0
1099662	-1	-1	0	0	0	0	0
1108661	-1	-1	0	0	0	0	0
1113661	-1	-1	0	0	0	0	0
1122661	-1	-1	0	0	0	0	0
1132660	-1	-1	0	0	0	0	0
1141662	-1	-1	0	0	0	0	0
1149661	-1	-1	0	0	0	0	0
1158662	-1	-1	0	0	0	0	0
1167661	-1	-1	0	0	0	0	0
1176662	-1	-1	0	0	0	0	0
1185664	-1	-1	0	0	0	0	0
1189721	-1	-1	0	0	0	0	48
1198722	-1	-1	0	0	0	0	0
1207722	-1	-1	0	0	0	0	0
1216721	-1	-1	0	0	0	0	0
1225721	-1	-1	0	0	0	0	0
1234720	-1	-1	0	0	0	0	0
1242722	-1	-1	0	0	0	0	0
1251721	-1	-1	0	0	0	0	0
1260722	-1	-1	0	0	0	0	0
1269721	-1	-1	0	0	0	0	0
1278722	-1	-1	0	0	0	0	0
1284722	-1	-1	0	0	0	0	0
1293722	-1	-1	0	0	0	0	0
1299722	-1	-1	0	0	0	0	0
1307721	-1	-1	0	0	0	0	0
1316722	-1	-1	0	0	0	0	0
1321721	-1	-1	0	0	0	0	0
1329723	-1	-1	0	0	0	0	0
1338723	-1	-1	0	0	0	0	0
1347724	-1	-1	0	0	0	0	0
1356725	-1	-1	0	0	0	0	0
1365723	-1	-1	0	0	0	0	0
1374721	-1	-1	0	0	0	0	0
1383723	-1	-1	0	0	0	0	0
1392723	-1	-1	0	0	0	0	0
1401722	-1	-1	0	0	0	0	0
1407724	-1	-1	0	0	0	0	0
1416722	-1	-1	0	0	0	0	0
1424722	-1	-1	0	0	0	0	0
1429722	-1	-1	0	0	0	0	0
1439723	-1	-1	0	0	0	0	0
1447721	-1	-1	0	0	0	0	0
1454721	-1	-1	0	0	0	0	0
1457724	-1	-1	0	0	0	0	0
1466722	-1	-1	0	0	0	0	0
1474722	-1	-1	0	0	0	0	0
1481722	-1	-1	0	0	0	0	0
1488722	-1	-1	0	0	0	0	0
1497723	-1	-1	0	0	0	0	0
1504722	-1	-1	0	0	0	0	0
1511723	-1	-1	0	0	0	0	0
1520722	-1	-1	0	0	0	0	0
1528723	-1	-1	0	0	0	0	0
1537721	2436520	-1	828416	2720	0	0	2720
1543722	2570216	-1	885760	2757	0	0	2757
1552731	-1	-1	0	0	0	0	0
1561722	2708008	-1	978944	2892	0	0	2892
1570721	-1	-1	0	0	0	0	0
1579722	2181168	-1	708608	2599	0	0	2599
1586723	-1	-1	0	0	0	0	0
1593722	2782928	-1	799744	2299	0	0	2299
1599721	-1	-1	0	0	0	0	0
1608721	2133720	-1	1000448	3751	0	0	3751
1616721	-1	-1	0	0	0	0	0
1624721	2246128	-1	590732	2104	0	0	2104
1634723	-1	-1	0	0	0	0	0
1640722	2322392	-1	598016	2060	0	0	2060
1647721	-1	-1	0	0	0	0	0
1656721	1653776	-1	815104	3943	0	0	3943
1662738	-1	-1	0	0	0	0	0
1670737	1386968	-1	590848	3408	0	0	3408
1679722	-1	-1	0	0	0	0	333
1684722	2363568	-1	661504	2239	0	0	2239
1691720	-1	-1	0	0	0	0	0
1699720	2593832	-1	892928	2754	0	0	2754
1708721	-1	-1	0	0	0	0	0
1717720	3066568	-1	794624	2073	0	0	2073
1725721	-1	-1	0	0	0	0	0
1729721	1953256	-1	137216	562	0	0	813
1738721	3036456	-1	1159168	3054	0	0	3054
1747721	-1	-1	0	0	0	0	0
1754721	2558560	-1	568320	1777	0	0	1777
1763720	2684592	-1	1133568	3378	0	0	3378
1772720	-1	-1	0	0	0	0	0
1779720	-1	-1	0	0	0	0	0
1787721	2419152	-1	837632	2770	0	0	2770
1789720	-1	-1	25600	52	0	0	52
1798721	-1	-1	0	0	0	0	0
1807721	2726672	-1	931840	2734	0	0	2734
1816721	-1	-1	0	0	0	0	0
1822721	2900936	-1	1558528	4298	0	0	4298
1831722	-1	-1	92160	204	0	0	204
1840725	3098216	-1	937984	2422	0	0	2422
1848720	-1	-1	0	0	0	0	0
1857720	2439656	-1	515072	1689	0	0	1689
1866721	2832320	-1	893952	2525	0	0	2525
1868721	-1	-1	0	0	0	0	0
1877738	-1	-1	0	0	0	0	0
1886737	2774280	-1	1063936	3068	0	0	3068
1895721	-1	-1	0	0	0	0	0
1902737	2600408	-1	926720	2851	0	0	2851
1911721	-1	-1	0	0	0	0	0
1920737	2552120	-1	912384	2860	0	0	2860
1926737	-1	-1	0	0	0	0	0
1934721	2524240	-1	384000	1217	0	0	1217
1937721	-1	-1	0	0	0	0	0
1946720	2655072	-1	695296	2095	0	0	2095
1955721	-1	-1	0	0	0	0	0
1964721	2593208	-1	714752	2205	0	0	2205
1973722	-1	-1	0	0	0	0	0
1981721	2429368	-1	1017904	3352	0	0	3352
1990722	-1	-1	0	0	0	0	0
1998738	2934664	-1	815104	2222	0	0	2222
2007737	-1	-1	0	0	0	0	0
2014720	3241720	-1	1021952	2522	0	0	2522
2021720	-1	-1	0	0	0	0	0
2029721	3421384	-1	906240	2119	0	0	2119
2038721	-1	-1	0	0	0	0	0
2047721	3257600	-1	972800	2389	0	0	2389
2056738	-1	-1	0	0	0	0	0
2267720	-1	-1	0	0	0	0	0
2272721	-1	-1	0	0	0	0	0
2280734	3111272	-1	1358848	3494	0	0	3494
2289721	-1	-1	0	0	0	0	0
2299721	3405264	-1	792576	1862	0	0	1862
2308721	-1	-1	0	0	0	0	0
2317720	3545568	-1	986112	2225	0	0	2225
2326720	-1	-1	0	0	0	0	0
2335720	3598104	-1	1110016	2468	0	0	2468
2344720	-1	-1	0	0	0	0	0
2353721	3354024	-1	1198224	2858	0	0	2858
2362721	-1	-1	0	0	0	0	0
2371721	3489456	-1	739328	1695	0	0	1695
2380722	-1	-1	0	0	0	0	0
2389721	3412744	-1	992256	2326	0	0	2326
2398720	-1	-1	0	0	0	0	0
2406720	3507320	-1	869376	1983	0	0	1983
2415728	-1	-1	0	0	0	0	0
2424721	3194576	-1	1074176	2690	0	0	2690
2433721	-1	-1	0	0	0	0	0
2440721	3353600	-1	1073152	2560	0	0	2560
2449721	-1	-1	0	0	0	0	0
2458721	3271544	-1	1019904	2494	0	0	2494
2464721	-1	-1	0	0	0	0	0
2473720	3455408	-1	939008	2174	0	0	2174
2482721	-1	-1	0	0	0	0	0
2491720	3203864	-1	1007616	2516	0	0	2516
2500720	-1	-1	0	0	0	0	0
2509721	3131152	-1	955392	2441	0	0	2441
2518721	-1	-1	0	0	0	0	0
2527721	3442384	-1	808960	1880	0	0	1880
2536721	-1	-1	0	0	0	0	0
2545721	3382504	-1	720896	1705	0	0	1705
2554720	-1	-1	0	0	0	0	0
2563720	3599072	-1	1253376	2786	0	0	2786
2572720	-1	-1	0	0	0	0	0
2581720	3515904	-1	1120256	2549	0	0	2549
2590721	-1	-1	0	0	0	0	0
2599721	3500256	-1	917504	2097	0	0	2097
2608721	-1	-1	0	0	0	0	0
2617721	3549144	-1	1668096	3760	0	0	3760
2626721	-1	-1	0	0	0	0	0
2635721	3466888	-1	657408	1517	0	0	1517
2642720	-1	-1	0	0	0	0	0
2650721	3151712	-1	526336	1336	0	0	1336
2657720	-1	-1	0	0	0	0	0
2666721	3545536	-1	1510400	3408	0	0	3408
2674989	-1	-1	0	0	0	0	17
2683989	-1	-1	0	0	0	0	0
2690989	-1	-1	0	0	0	0	0
2693988	-1	-1	0	0	0	0	0
2703989	-1	-1	0	0	0	0	0
2710988	-1	-1	0	0	0	0	0
2715988	-1	-1	0	0	0	0	0
2723988	-1	-1	0	0	0	0	0
2733007	-1	-1	0	0	0	0	0
2737989	-1	-1	0	0	0	0	0
2746989	-1	-1	0	0	0	0	0
2756989	-1	-1	0	0	0	0	0
2764989	-1	-1	0	0	0	0	0
2771988	-1	-1	0	0	0	0	0
2778989	-1	-1	0	0	0	0	0
2787988	-1	-1	0	0	0	0	0
2792988	-1	-1	0	0	0	0	0
2798988	-1	-1	0	0	0	0	0
2807988	-1	-1	0	0	0	0	0
2816988	-1	-1	0	0	0	0	0
2825989	-1	-1	0	0	0	0	0
2834995	-1	-1	0	0	0	0	0
2841989	-1	-1	0	0	0	0	0
2850988	-1	-1	0	0	0	0	0
2859988	-1	-1	0	0	0	0	0
2865988	-1	-1	0	0	0	0	0
2873988	-1	-1	0	0	0	0	0
2882988	-1	-1	0	0	0	0	0
2891989	-1	-1	0	0	0	0	0
2900989	-1	-1	0	0	0	0	0
2909989	-1	-1	0	0	0	0	0
2918989	-1	-1	0	0	0	0	0
2927988	-1	-1	0	0	0	0	0
2936988	-1	-1	0	0	0	0	0
2945988	-1	-1	0	0	0	0	0
2954988	-1	-1	0	0	0	0	0
2963989	-1	-1	0	0	0	0	0
2972989	-1	-1	0	0	0	0	0
2981989	-1	-1	0	0	0	0	0
2990989	-1	-1	0	0	0	0	0
2998989	-1	-1	0	0	0	0	0
3007988	-1	-1	0	0	0	0	0
3016989	-1	-1	0	0	0	0	0
3025989	-1	-1	0	0	0	0	0
3032988	-1	-1	0	0	0	0	0
3041988	-1	-1	0	0	0	0	0
3050988	-1	-1	0	0	0	0	0
3056989	-1	-1	0	0	0	0	0
3065989	-1	-1	0	0	0	0	0
3074988	-1	-1	0	0	0	0	0
3083988	-1	-1	0	0	0	0	0
3092988	-1	-1	0	0	0	0	0
3101988	-1	-1	0	0	0	0	0
3110988	-1	-1	0	0	0	0	0
3119988	-1	-1	0	0	0	0	0
3128988	-1	-1	0	0	0	0	0
3137989	-1	-1	0	0	0	0	0
3146989	-1	-1	0	0	0	0	0
3155989	-1	-1	0	0	0	0	0
3164988	-1	-1	0	0	0	0	0
3173988	-1	-1	0	0	0	0	0
3182988	-1	-1	0	0	0	0	0
3191988	-1	-1	0	0	0	0	0
3200988	-1	-1	0	0	0	0	0
3209988	-1	-1	0	0	0	0	0
3217989	-1	-1	0	0	0	0	0
3226988	-1	-1	0	0	0	0	0
3233989	-1	-1	0	0	0	0	0
3241988	-1	-1	0	0	0	0	0
3249988	-1	-1	0	0	0	0	0
3258988	-1	-1	0	0	0	0	0
3267988	-1	-1	0	0	0	0	0
3276988	-1	-1	0	0	0	0	16
3285989	2689392	-1	556032	1654	0	0	1654
3294989	3257136	-1	1085440	2666	0	0	2666
3299002	-1	-1	0	0	0	0	0
3306006	-1	-1	0	0	0	0	0
3308989	-1	-1	0	0	0	0	0
3318004	2837312	-1	1141664	3219	0	0	3219
3326988	-1	-1	0	0	0	0	0
3335988	3506256	-1	891904	2035	0	0	2035
3340988	-1	-1	0	0	0	0	0
3348988	3497744	-1	1014784	2321	0	0	2321
3357988	-1	-1	0	0	0	0	0
3366989	3194328	-1	531456	1331	0	0	1331
3372989	-1	-1	0	0	0	0	0
3378007	3484760	-1	1015808	2332	0	0	2332
3386989	-1	-1	0	0	0	0	0
3395988	3469040	-1	813056	1875	0	0	1875
3401988	-1	-1	0	0	0	0	0
3410988	3601800	-1	660480	1467	0	0	1467
