13451	983728	-1	1463296	11900	0	0	12005
22480	2722104	-1	2928640	8607	0	0	8607
24464	4081424	-1	286720	562	0	0	562
33479	2567432	-1	552960	1723	0	0	1723
34473	-1	-1	96256	207	0	0	207
43466	-1	-1	0	0	0	0	0
50481	-1	-1	106496	1496	0	0	1645
59461	1289784	-1	885760	5494	0	0	5494
65486	2596744	-1	1356800	4180	0	0	4180
72457	-1	-1	0	0	0	0	0
80460	-1	-1	0	0	0	0	201
89476	2243632	-1	883712	3151	0	0	3151
96459	2098664	-1	1368064	5215	0	0	5215
105454	2397248	-1	581632	1941	0	0	1941
113478	2063960	-1	794624	3080	0	0	3080
119470	2090568	-1	226304	866	0	0	866
128459	2336568	-1	1538048	5266	0	0	5266
137491	1304152	-1	658432	4039	0	0	4039
147463	1691712	-1	1143808	5409	0	0	5409
153449	-1	-1	87040	479	0	0	479
162457	3146184	-1	1026048	2609	0	0	2609
172461	-1	-1	0	0	0	0	0
182472	-1	-1	0	0	0	0	0
187459	-1	-1	0	0	0	0	0
194465	2623848	-1	1827840	5573	0	0	5573
203453	3536976	-1	515072	1165	0	0	1165
208474	2761568	-1	732160	2121	0	0	2296
216464	2898288	-1	324608	896	0	0	896
223462	2806296	-1	1684480	4802	0	0	4802
232460	-1	-1	0	0	0	0	0
240461	3219528	-1	1324032	3290	0	0	3290
245476	-1	-1	0	0	0	0	0
254479	2913328	-1	1497088	4111	0	0	4111
263470	-1	-1	0	0	0	0	0
272451	2718000	-1	952320	2803	0	0	2803
275470	-1	-1	0	0	0	0	0
284451	3291560	-1	685056	1665	0	0	1665
291466	-1	-1	0	0	0	0	0
299465	2827352	-1	1048948	2968	0	0	2968
309500	-1	-1	0	0	0	0	0
318468	3372088	-1	1123328	2665	0	0	2665
327496	-1	-1	0	0	0	0	0
335467	3965440	-1	1835008	3702	0	0	3702
343488	-1	-1	0	0	0	0	0
351458	3898368	-1	1252352	2570	0	0	2570
358469	-1	-1	0	0	0	0	0
367476	3851176	-1	1973248	4099	0	0	4099
376461	-1	-1	0	0	0	0	0
384490	3905560	-1	661504	1355	0	0	1355
389450	-1	-1	0	0	0	0	0
398495	3743608	-1	837632	1790	0	0	1790
408458	3753712	-1	336896	718	0	0	718
411471	-1	-1	0	0	0	0	0
419459	-1	-1	0	0	0	0	0
426476	3822624	-1	1696768	3551	0	0	3551
436484	-1	-1	0	0	0	0	0
442473	3494792	-1	827392	1894	0	0	1894
451460	-1	-1	0	0	0	0	0
459461	3200000	-1	1024000	2560	0	0	2560
469475	2562712	-1	302080	943	0	0	943
473446	2723472	-1	646144	1898	0	0	1898
483459	-1	-1	0	0	0	0	0
492463	2598896	-1	316416	974	0	0	974
498473	-1	-1	0	0	0	0	0
506465	4033680	-1	729088	1446	0	0	1446
512458	-1	-1	0	0	0	0	0
520464	-1	-1	0	0	0	0	0
529475	3259664	-1	818176	2008	0	0	2177
532456	3096760	-1	176128	455	0	0	455
541483	-1	-1	0	0	0	0	0
550467	3774368	-1	1496064	3171	0	0	3171
559462	-1	-1	0	0	0	0	0
569456	-1	-1	0	0	0	0	0
578470	3459456	-1	640000	1480	0	0	1480
587466	2880248	-1	282624	785	0	0	785
596460	-1	-1	0	0	0	0	80
601450	3439128	-1	512000	1191	0	0	1191
606481	-1	-1	0	0	0	0	0
615467	3947760	-1	2290688	4642	0	0	4642
621476	-1	-1	0	0	0	0	0
630465	-1	-1	0	0	0	0	0
638465	-1	-1	0	0	0	0	0
645477	3698304	-1	2147328	4645	0	0	4645
654470	-1	-1	0	0	0	0	0
663459	3915184	-1	831488	1699	0	0	1699
669514	-1	-1	0	0	0	0	0
679458	3926280	-1	723908	1475	0	0	1475
685609	1002864	-1	625664	4991	0	0	5047
695585	1316280	-1	1630208	9908	0	0	9976
702602	1249696	-1	992256	6352	0	0	6352
710575	-1	-1	0	0	0	0	0
716592	-1	-1	0	0	0	0	0
721602	-1	-1	0	0	0	0	0
728577	4049128	-1	928768	1835	0	0	2053
736581	-1	-1	0	0	0	0	0
746611	3986664	-1	728064	1461	0	0	1461
756592	-1	-1	0	0	0	0	0
765579	4325872	-1	1223680	2263	0	0	2263
774600	-1	-1	0	0	0	0	0
783586	-1	-1	0	0	0	0	0
788587	-1	-1	0	0	0	0	0
797602	3763344	-1	758784	1613	0	0	1613
803585	-1	-1	0	0	0	0	0
812611	3867928	-1	1285120	2658	0	0	2658
820594	-1	-1	0	0	0	0	0
826594	3971360	-1	473088	953	0	0	953
836577	-1	-1	0	0	0	0	0
844583	3920504	-1	1143808	2334	0	0	2334
853610	-1	-1	0	0	0	0	0
861580	4050488	-1	911360	1800	0	0	1800
870603	-1	-1	0	0	0	0	0
879588	3786176	-1	994344	2101	0	0	2101
888580	-1	-1	0	0	0	0	0
895590	-1	-1	0	0	0	0	0
904581	1715680	-1	454656	2120	0	0	2120
911590	2670128	-1	1008640	3022	0	0	3022
920579	-1	-1	0	0	0	0	0
928581	3261808	-1	1915904	4699	0	0	4699
937602	-1	-1	28672	54	0	0	54
946602	3593320	-1	1332224	2966	0	0	2966
955595	-1	-1	0	0	0	0	0
963596	3315304	-1	1745920	4213	0	0	4213
972583	-1	-1	0	0	0	0	0
982598	3085240	-1	1312768	3404	0	0	3404
989609	-1	-1	0	0	0	0	0
995589	3769152	-1	1110016	2356	0	0	2356
1003585	-1	-1	0	0	0	0	0
1012577	2939024	-1	1728512	4705	0	0	4705
1018594	-1	-1	13312	22	0	0	22
1027610	-1	-1	0	0	0	0	0
1037598	-1	-1	0	0	0	0	0
1045583	2378944	-1	1514496	5093	0	0	5093
1054628	2065376	-1	212992	825	0	0	825
1060579	3258376	-1	796672	1956	0	0	1956
1069586	3402552	-1	1158144	2723	0	0	2723
1071587	-1	-1	0	0	0	0	0
1080585	-1	-1	0	0	0	0	0
1090575	3589640	-1	1099776	2451	0	0	2451
1095599	-1	-1	0	0	0	0	0
1104580	2391264	-1	897024	3001	0	0	3001
1113609	-1	-1	0	0	0	0	0
1122610	3264824	-1	949248	2326	0	0	2326
1130598	-1	-1	0	0	0	0	0
1139593	2634184	-1	922624	2802	0	0	2802
1148593	-1	-1	0	0	0	0	0
1157607	2594640	-1	1399808	4316	0	0	4316
1167599	-1	-1	0	0	0	0	0
1175588	3391888	-1	1201152	2833	0	0	2833
1181601	-1	-1	0	0	0	0	0
1190595	2822280	-1	1093632	3100	0	0	3100
1198595	-1	-1	0	0	0	0	0
1207595	-1	-1	106496	320	0	0	339
1216592	3452584	-1	728064	1687	0	0	1687
1226607	-1	-1	0	0	0	0	0
1231597	-1	-1	0	0	0	0	0
1240601	3025760	-1	979968	2591	0	0	2591
1250617	-1	-1	0	0	0	0	0
1258591	3287024	-1	540716	1316	0	0	1316
1267594	-1	-1	0	0	0	0	0
1277602	3017600	-1	972800	2579	0	0	2579
1286594	-1	-1	0	0	0	0	0
1295585	3334624	-1	531456	1275	0	0	1275
1304578	-1	-1	0	0	0	0	0
1311597	3731144	-1	277504	595	0	0	595
1320591	3665008	-1	587776	1283	0	0	1600
1324595	4228128	-1	344064	651	0	0	651
1333610	-1	-1	0	0	0	0	0
1342600	3841560	-1	788480	1642	0	0	1642
1349602	-1	-1	0	0	0	0	0
1355593	-1	-1	0	0	0	0	0
1364578	-1	-1	0	0	0	0	0
1370595	4182784	-1	1258496	2407	0	0	2407
1380579	-1	-1	0	0	0	0	0
1385601	4118416	-1	658432	1279	0	0	1279
1390594	-1	-1	0	0	0	0	0
1399594	4511704	-1	794624	1409	0	0	1409
1407598	-1	-1	0	0	0	0	0
1416579	4015688	-1	588800	1173	0	0	1173
1425579	-1	-1	0	0	0	0	0
1431595	4156448	-1	739328	1423	0	0	1423
1440594	-1	-1	0	0	0	0	0
1449602	3407744	-1	1092608	2565	0	0	2565
1453611	-1	-1	0	0	0	0	0
1461603	4325056	-1	1227776	2271	0	0	2271
1470603	-1	-1	0	0	0	0	0
1477601	4164368	-1	1372160	2636	0	0	2636
1485603	-1	-1	0	0	0	0	0
1494608	3611472	-1	1522688	3373	0	0	3373
1502612	-1	-1	0	0	0	0	0
1509601	-1	-1	0	0	0	0	0
1518597	3680096	-1	1196032	2600	0	0	2600
1529389	1033112	-1	1278088	9897	0	0	10041
1538372	1181856	-1	1314816	8900	0	0	8983
1543362	1159696	-1	720896	4973	0	0	4989
1552378	3366776	-1	2344960	5572	0	0	5572
1562379	4213032	-1	442368	840	0	0	872
1571361	4125464	-1	286720	556	0	0	556
1576379	4371360	-1	390144	714	0	0	714
1585349	4402456	-1	1287168	2339	0	0	2339
1587362	-1	-1	0	0	0	0	0
1596360	-1	-1	0	0	0	0	0
1605379	4279048	-1	921600	1723	0	0	1723
1612361	-1	-1	0	0	0	0	0
1620359	4284064	-1	2332672	4356	0	0	4356
1629386	-1	-1	0	0	0	0	0
1638394	4286184	-1	773120	1443	0	0	1443
1646369	-1	-1	0	0	0	0	0
1654351	4621576	-1	1634304	2829	0	0	2829
1662369	3678040	-1	180224	392	0	0	402
1666351	2760616	-1	1258496	3647	0	0	3647
1673377	-1	-1	0	0	0	0	0
1682347	3813720	-1	989184	2075	0	0	2075
1692353	-1	-1	0	0	0	0	0
1698376	4079480	-1	758784	1488	0	0	1488
1705389	-1	-1	0	0	0	0	0
1714369	2879560	-1	1049600	2916	0	0	2916
1721379	-1	-1	0	0	0	0	0
1730370	2632688	-1	632832	1923	0	0	1923
1740368	-1	-1	0	0	0	0	0
1746374	-1	-1	0	0	0	0	0
1755361	3317960	-1	676864	1632	0	0	1632
1759374	3516376	-1	652288	1484	0	0	1484
1768354	-1	-1	0	0	0	0	0
1777379	4279056	-1	1687552	3155	0	0	3155
1786349	-1	-1	0	0	0	0	0
1795369	-1	-1	0	0	0	0	0
1804353	4301360	-1	589824	1097	0	0	1101
1808358	4191160	-1	1082368	2066	0	0	2066
1818350	-1	-1	0	0	0	0	0
1827361	3693432	-1	532316	1153	0	0	1256
1834370	-1	-1	0	0	0	0	0
1844365	2740792	-1	923648	2696	0	0	2696
1854371	-1	-1	0	0	0	0	0
1862379	-1	-1	0	0	0	0	0
1868356	3768064	-1	300032	637	0	0	637
1877378	3657256	-1	610304	1335	0	0	1335
1886370	-1	-1	0	0	0	0	0
1896367	2879648	-1	461824	1283	0	0	1283
1898348	-1	-1	0	0	0	0	0
1905365	3092288	-1	370688	959	0	0	959
1912353	-1	-1	0	0	0	0	0
1922383	3059664	-1	952320	2490	0	0	2490
1931367	-1	-1	0	0	0	0	0
1939366	-1	-1	0	0	0	0	0
1948361	3231560	-1	409600	1014	0	0	1042
1952387	3725784	-1	484352	1040	0	0	1040
1962375	-1	-1	0	0	0	0	0
1970380	2401952	-1	601088	2002	0	0	2002
1974369	-1	-1	0	0	0	0	0
1983367	3470184	-1	599040	1381	0	0	1381
1992355	-1	-1	0	0	0	0	0
2001359	3623384	-1	1083392	2392	0	0	2392
2010383	-1	-1	0	0	0	0	0
2017347	-1	-1	0	0	0	0	0
2025407	-1	-1	0	0	0	0	0
2031362	2568280	-1	1112064	3464	0	0	3464
2040387	-1	-1	0	0	0	0	0
2049363	3080832	-1	669696	1739	0	0	1739
2052367	-1	-1	0	0	0	0	0
2059399	3192336	-1	913408	2289	0	0	2289
2069379	-1	-1	0	0	0	0	0
2077357	3398624	-1	611328	1439	0	0	1439
2085362	-1	-1	0	0	0	0	0
2094373	3642976	-1	794624	1745	0	0	1745
2102373	-1	-1	0	0	0	0	0
2108353	2877808	-1	694272	1930	0	0	1930
2114369	3018104	-1	379904	1007	0	0	1007
2123371	-1	-1	0	0	0	0	0
2130369	-1	-1	0	0	0	0	0
2138351	2971352	-1	1866752	5026	0	0	5026
2146380	3441888	-1	452608	1052	0	0	1052
2155368	2368664	-1	801792	2708	0	0	2708
2165348	-1	-1	0	0	0	0	0
2174369	-1	-1	0	0	0	0	0
2183364	-1	-1	0	0	0	0	0
2189380	3417640	-1	1625088	3804	0	0	3804
2198374	-1	-1	0	0	0	0	0
2207362	3120288	-1	972360	2493	0	0	2493
2216362	-1	-1	0	0	0	0	0
2225380	3715392	-1	1594368	3433	0	0	3433
2235362	-1	-1	0	0	0	0	0
2243363	3715712	-1	785408	1691	0	0	1691
2252353	4395072	-1	173056	315	0	0	315
2261392	3499944	-1	468992	1072	0	0	1217
2265355	-1	-1	0	0	0	0	0
2273371	3798304	-1	1084416	2284	0	0	2284
2282349	-1	-1	0	0	0	0	0
2291361	4161408	-1	1205248	2317	0	0	2317
2300361	-1	-1	0	0	0	0	0
2306383	-1	-1	0	0	0	0	0
2315373	4078224	-1	822272	1613	0	0	1613
2325357	4213192	-1	736256	1398	0	0	1398
2334370	-1	-1	0	0	0	0	0
2344354	4154712	-1	760832	1465	0	0	1465
2348353	-1	-1	0	0	0	0	0
2357348	3659848	-1	395264	864	0	0	975
2366378	4287520	-1	355328	663	0	0	663
2372355	-1	-1	0	0	0	0	0
2385633	2593472	-1	3555328	10967	0	0	10967
2393633	-1	-1	0	0	0	0	0
2402629	3496288	-1	737280	1687	0	0	1687
2405648	-1	-1	0	0	0	0	0
2414632	2035496	-1	761020	2991	0	0	2991
2424642	-1	-1	0	0	0	0	0
2433633	3476192	-1	674816	1553	0	0	1553
2439661	-1	-1	0	0	0	0	0
2448649	3379920	-1	543744	1287	0	0	1287
2454625	-1	-1	0	0	0	0	0
2460651	3444576	-1	752640	1748	0	0	1748
2469634	4068232	-1	300032	590	0	0	590
2478664	-1	-1	0	0	0	0	0
2487661	3442440	-1	978944	2275	0	0	2275
2496645	-1	-1	0	0	0	0	0
2505648	3259336	-1	688128	1689	0	0	1689
2514639	3699184	-1	859136	1858	0	0	1858
2521638	-1	-1	0	0	0	0	0
2530627	-1	-1	0	0	0	0	0
2539654	3780048	-1	679936	1439	0	0	1439
2548647	3427416	-1	727040	1697	0	0	1697
2557633	-1	-1	0	0	0	0	0
2566639	2939304	-1	601088	1636	0	0	1636
2571624	-1	-1	0	0	0	0	0
2580636	2483080	-1	588800	1897	0	0	1897
2590627	-1	-1	0	0	0	0	0
2595650	2909832	-1	643072	1768	0	0	1768
2604649	-1	-1	0	0	0	0	0
2612637	3149208	-1	1592320	4045	0	0	4045
2621633	-1	-1	0	0	0	0	0
2629638	-1	-1	0	0	0	0	0
2636646	3031688	-1	385024	1016	0	0	1043
2640656	2100120	-1	422912	1611	0	0	1611
2650631	3226608	-1	921600	2285	0	0	2285
2652641	-1	-1	0	0	0	0	0
2661635	-1	-1	0	0	0	0	0
2669634	2812176	-1	329728	938	0	0	938
2678631	2592968	-1	1253376	3867	0	0	3867
2679624	3347088	-1	409600	979	0	0	979
2688649	3465024	-1	165888	383	0	0	383
2696653	-1	-1	0	0	0	0	0
2705633	3176048	-1	1058816	2667	0	0	2667
2710628	-1	-1	122880	359	0	0	372
2718630	3127552	-1	763904	1954	0	0	1954
2727653	3079072	-1	1058816	2751	0	0	2751
2734625	-1	-1	0	0	0	0	0
2743626	3465200	-1	1054720	2435	0	0	2435
2752648	-1	-1	0	0	0	0	0
2760643	2994928	-1	313344	837	0	0	837
2768641	2851320	-1	395264	1109	0	0	1109
2778626	2964808	-1	741572	2001	0	0	2001
2782634	-1	-1	0	0	0	0	0
2791662	2753176	-1	1127424	3276	0	0	3276
2794631	-1	-1	0	0	0	0	0
2803651	-1	-1	0	0	0	0	0
2812644	3406984	-1	503808	1183	0	0	1183
2821641	3244160	-1	508928	1255	0	0	1255
2824649	-1	-1	0	0	0	0	0
2833649	3518784	-1	973824	2214	0	0	2214
2843648	2852416	-1	335872	942	0	0	972
2847662	3147000	-1	526336	1338	0	0	1338
2857645	-1	-1	0	0	0	0	0
2866625	3003552	-1	556032	1481	0	0	1481
2875651	-1	-1	0	0	0	0	0
2882633	3229208	-1	778240	1928	0	0	1928
2885648	-1	-1	0	0	0	0	0
2894625	3105216	-1	418816	1079	0	0	1079
2902635	-1	-1	0	0	0	0	0
2908645	3259792	-1	942080	2312	0	0	2312
2918632	-1	-1	0	0	0	0	0
2926625	2139896	-1	166912	624	0	0	624
2930632	-1	-1	0	0	0	0	0
2939632	3145144	-1	616448	1568	0	0	1568
2941641	-1	-1	0	0	0	0	0
2950625	-1	-1	0	0	0	0	0
2957640	2821464	-1	859136	2436	0	0	2617
2960645	3388088	-1	561152	1325	0	0	1325
2969641	-1	-1	0	0	0	0	0
2978633	3147040	-1	1395712	3548	0	0	3548
2984643	-1	-1	0	0	0	0	0
2989645	-1	-1	0	0	0	0	0
2998633	-1	-1	0	0	0	0	0
3006625	3097192	-1	1794048	4634	0	0	4634
3015649	-1	-1	0	0	0	0	0
3025645	3284480	-1	700416	1706	0	0	1957
3031651	3194368	-1	761856	1908	0	0	1908
3041633	3427752	-1	730112	1704	0	0	1704
3051659	-1	-1	0	0	0	0	0
3060644	3356120	-1	805888	1921	0	0	1921
3062628	-1	-1	0	0	0	0	0
3070633	-1	-1	0	0	0	0	0
3074625	-1	-1	0	0	0	0	0
3083650	3208816	-1	966656	2410	0	0	2410
3092638	-1	-1	0	0	0	0	0
3101642	3460200	-1	1448960	3350	0	0	3350
3105636	-1	-1	0	0	0	0	0
3114633	3274488	-1	871424	2129	0	0	2129
3122637	-1	-1	0	0	0	0	0
3131651	2881176	-1	548864	1524	0	0	1524
3141634	-1	-1	0	0	0	0	0
3150639	2363832	-1	460356	1558	0	0	1558
3157633	-1	-1	0	0	0	0	0
3164641	2900120	-1	1524736	4206	0	0	4206
3174626	-1	-1	0	0	0	0	0
3182638	-1	-1	0	0	0	0	43
3191650	3134864	-1	1148928	2932	0	0	2932
3198626	-1	-1	0	0	0	0	0
3202629	-1	-1	0	0	0	0	0
3210635	3256896	-1	1240064	3046	0	0	3046
3213670	-1	-1	0	0	0	0	0
3222629	3554496	-1	1310720	2950	0	0	2950
3230626	-1	-1	0	0	0	0	0
3239651	3814472	-1	985088	2066	0	0	2066
3249643	-1	-1	0	0	0	0	0
3257635	-1	-1	0	0	0	0	0
3264644	3152296	-1	974848	2474	0	0	2474
3267633	3770920	-1	237568	504	0	0	504
3276653	-1	-1	0	0	0	0	0
3285645	3487248	-1	885760	2032	0	0	2032
3289638	-1	-1	0	0	0	0	0
3298625	3023160	-1	903168	2390	0	0	2390
3308645	-1	-1	0	0	0	0	0
3317634	3164552	-1	687104	1737	0	0	1737
3326627	-1	-1	0	0	0	0	0
3335665	3450984	-1	539648	1251	0	0	1251
3344646	-1	-1	0	0	0	0	0
3351651	2783232	-1	668672	1922	0	0	1922
3360627	-1	-1	0	0	0	0	0
3369636	3351904	-1	740352	1767	0	0	1767
3374640	-1	-1	0	0	0	0	0
3383651	2318432	-1	719872	2484	0	0	2484
3390638	-1	-1	0	0	0	0	0
3398625	2249488	-1	382976	1362	0	0	1362
3407651	-1	-1	0	0	0	0	0
3414634	3106944	-1	603136	1553	0	0	1553
3423649	-1	-1	0	0	0	0	0
3431664	3510544	-1	1636352	3729	0	0	3729
3439665	-1	-1	0	0	0	0	0
3447629	3243264	-1	812032	2003	0	0	2003
3455628	-1	-1	128000	275	0	0	275
3462625	3193960	-1	355328	890	0	0	890
3466631	-1	-1	0	0	0	0	0
3476655	2198072	-1	498688	1815	0	0	1815
3485641	2621440	-1	319488	975	0	0	1000
3488625	3148328	-1	406528	1033	0	0	1033
3497645	-1	-1	0	0	0	0	0
3505646	3587416	-1	1007616	2247	0	0	2247
3513636	-1	-1	0	0	0	0	0
3521634	1281752	-1	831536	5190	0	0	5190
3529634	-1	-1	0	0	0	0	0
3534636	2644096	-1	865280	2618	0	0	2618
3543653	-1	-1	0	0	0	0	0
3552646	2581368	-1	897024	2780	0	0	2780
3556645	-1	-1	56320	157	0	0	157
3565634	-1	-1	0	0	0	0	0
3574632	-1	-1	0	0	0	0	0
3581637	2336128	-1	1614848	5530	0	0	5530
3590632	2383400	-1	976896	3279	0	0	3279
3599626	3062496	-1	1360896	3555	0	0	3555
3608641	4460992	-1	281600	505	0	0	505
3617634	2600632	-1	696320	2142	0	0	2184
3627656	2836888	-1	838656	2365	0	0	2365
3635655	2653672	-1	505856	1525	0	0	1836
3644666	605280	-1	494592	6537	0	0	6537
3650650	2449664	-1	663552	2167	0	0	2167
3658660	-1	-1	0	0	0	0	0
3667634	2306024	-1	1201152	4167	0	0	4167
3675636	-1	-1	0	0	0	0	0
3684675	-1	-1	0	0	0	0	0
3693643	-1	-1	0	0	0	0	134
3698628	2289816	-1	1069056	3735	0	0	3735
3707623	-1	-1	122880	395	0	0	504
3712656	3074568	-1	613376	1596	0	0	1596
3720641	-1	-1	0	0	0	0	0
3727650	2473224	-1	842752	2726	0	0	2726
3736624	-1	-1	0	0	0	0	0
3746629	2604840	-1	1067008	3277	0	0	3277
3756667	-1	-1	0	0	0	0	0
3764656	2883736	-1	1562624	4335	0	0	4335
3774637	-1	-1	0	0	0	0	0
3784641	2395888	-1	1387520	4633	0	0	4633
3791625	-1	-1	0	0	0	0	0
3799662	-1	-1	0	0	0	0	0
3805640	-1	-1	0	0	0	0	0
3813638	2515696	-1	1489920	4738	0	0	4748
3820651	3363736	-1	665600	1583	0	0	1583
3830660	-1	-1	0	0	0	0	0
3832649	-1	-1	0	0	0	0	0
3841633	2309208	-1	1475584	5112	0	0	5112
3851651	2538440	-1	964608	3040	0	0	3040
3852642	-1	-1	110592	268	0	0	268
3861637	-1	-1	0	0	0	0	0
3869636	2795544	-1	1661952	4756	0	0	4756
3878635	3057880	-1	360448	943	0	0	943
3887664	-1	-1	0	0	0	0	0
3896649	1982104	-1	589924	2381	0	0	3324
3898627	2034216	-1	679936	2674	0	0	2674
3907658	2682624	-1	590848	1762	0	0	1762
3916634	2671880	-1	1039360	3112	0	0	3112
3920641	-1	-1	0	0	0	0	0
3927657	2952016	-1	960512	2603	0	0	2603
3935655	-1	-1	0	0	0	0	0
3943654	3882464	-1	1024000	2110	0	0	2110
3950659	-1	-1	0	0	0	0	0
3960644	3847760	-1	888832	1848	0	0	1848
3970626	-1	-1	0	0	0	0	0
3978640	-1	-1	0	0	0	0	0
3985634	-1	-1	0	0	0	0	0
3994644	3688376	-1	1528832	3316	0	0	3316
4001636	-1	-1	0	0	0	0	0
4011628	4007360	-1	879616	1756	0	0	1756
4021642	-1	-1	0	0	0	0	0
4029634	3535016	-1	1284096	2906	0	0	2906
4039651	-1	-1	0	0	0	0	0
4048650	-1	-1	0	0	0	0	0
4055627	-1	-1	0	0	0	0	185
4060650	3929912	-1	1793024	3650	0	0	3650
4069635	-1	-1	0	0	0	0	0
4078635	3499944	-1	703488	1608	0	0	1608
4088642	-1	-1	0	0	0	0	0
4097645	3543272	-1	751616	1697	0	0	1697
4099624	-1	-1	0	0	0	0	0
4108641	-1	-1	0	0	0	0	0
4110625	-1	-1	0	0	0	0	0
4118625	3825128	-1	831488	1739	0	0	1739
4127650	-1	-1	0	0	0	0	0
4136641	3358520	-1	690176	1644	0	0	1644
4141635	-1	-1	0	0	0	0	0
4150625	3656056	-1	740352	1620	0	0	1620
4155651	-1	-1	0	0	0	0	0
4164624	2601080	-1	376832	1159	0	0	1282
4173646	3756960	-1	839680	1788	0	0	1788
4176645	4517648	-1	153600	272	0	0	272
4185639	-1	-1	0	0	0	0	0
4194625	3920496	-1	812032	1657	0	0	1657
4199650	-1	-1	0	0	0	0	0
4207654	4021112	-1	907264	1805	0	0	1805
4215650	-1	-1	0	0	0	0	0
4224636	3392760	-1	605184	1427	0	0	1427
4233636	-1	-1	0	0	0	0	0
4239656	3485856	-1	754688	1732	0	0	1732
4247648	-1	-1	0	0	0	0	0
4257623	494024	-1	335872	5439	0	0	5441
