304841	2327096	-1	4749312	16327	0	0	16327
313842	-1	-1	0	0	0	0	0
320842	2513544	-1	335872	1069	0	0	1201
324841	3372872	-1	1323008	3138	0	0	3138
328843	-1	-1	0	0	0	0	36
330837	1974632	-1	558080	2261	0	0	2261
331837	1628704	-1	172032	845	0	0	845
339838	1839024	-1	732160	3185	0	0	3185
342844	-1	-1	81920	364	0	0	1006
348842	2842680	-1	848896	2389	0	0	2389
355840	-1	-1	8192	171	0	0	196
360843	4105488	-1	2436096	4747	0	0	4747
366843	3942544	-1	171008	347	0	0	347
373842	2131632	-1	1070080	4016	0	0	4298
379841	1963024	-1	1182720	4820	0	0	4820
384840	3294968	-1	1931264	4689	0	0	4689
387842	-1	-1	0	0	0	0	0
394840	1986344	-1	1369088	5514	0	0	5514
400838	2204288	-1	1599488	5805	0	0	5805
403843	2246456	-1	851968	3034	0	0	3034
410842	1835312	-1	1572864	6856	0	0	6856
416840	1451472	-1	1081344	5960	0	0	5960
422862	1620888	-1	1193984	5893	0	0	5893
426843	2041248	-1	1005568	3941	0	0	3941
432790	617224	-1	229376	2973	0	0	5947
438788	2726576	-1	2048000	6009	0	0	6009
444788	3735256	-1	2693120	5768	0	0	6000
452786	2890088	-1	575488	1593	0	0	1593
458787	-1	-1	0	0	0	0	0
465787	2805480	-1	1049600	2993	0	0	2993
468787	-1	-1	0	0	0	0	0
475787	-1	-1	0	0	0	0	0
482787	3485520	-1	523264	1201	0	0	1201
485789	-1	-1	0	0	0	0	0
493789	3885896	-1	918528	1891	0	0	1891
500788	3620080	-1	712704	1575	0	0	1575
502786	-1	-1	0	0	0	0	0
509790	-1	-1	0	0	0	0	0
516787	2012760	-1	1203380	4783	0	0	4783
524794	2022200	-1	642048	2540	0	0	2540
530792	-1	-1	0	0	0	0	0
535786	-1	-1	0	0	0	0	0
542786	4848152	-1	1184768	1955	0	0	1955
547786	-1	-1	0	0	0	0	0
552787	5693352	-1	979968	1377	0	0	1377
559787	-1	-1	0	0	0	0	0
565796	1532752	-1	573440	2993	0	0	2993
572797	-1	-1	0	0	0	0	0
577788	4105656	-1	653312	1273	0	0	1273
581786	-1	-1	0	0	0	0	0
587787	2389712	-1	540672	1810	0	0	1810
595786	-1	-1	0	0	0	0	0
603786	3836584	-1	575488	1200	0	0	1200
609794	-1	-1	0	0	0	0	0
613785	2675072	-1	410624	1228	0	0	1228
620786	3664400	-1	673792	1471	0	0	1471
624785	-1	-1	0	0	0	0	0
632787	-1	-1	0	0	0	0	0
639786	4119008	-1	733184	1424	0	0	1424
645786	4382048	-1	737280	1346	0	0	1346
649787	-1	-1	0	0	0	0	0
656787	4390936	-1	1425408	2597	0	0	2597
659785	-1	-1	0	0	0	0	0
666786	-1	-1	0	0	0	0	0
673786	3537216	-1	1040384	2353	0	0	2353
678788	-1	-1	0	0	0	0	0
682785	-1	-1	0	0	0	0	0
689787	4284528	-1	1570816	2933	0	0	2933
690787	-1	-1	0	0	0	0	0
697786	-1	-1	0	0	0	0	0
704786	4705912	-1	805888	1370	0	0	1370
711787	-1	-1	0	0	0	0	0
719786	4210840	-1	506880	963	0	0	1039
726788	-1	-1	0	0	0	0	0
733786	2856480	-1	1596416	4471	0	0	4471
740786	-1	-1	0	0	0	0	0
748786	-1	-1	0	0	0	0	0
750787	-1	-1	0	0	0	0	0
756786	4843088	-1	2104320	3476	0	0	3476
760785	-1	-1	0	0	0	0	0
765786	-1	-1	0	0	0	0	0
770787	-1	-1	0	0	0	0	0
777785	4457000	-1	1460224	2621	0	0	2621
784787	-1	-1	0	0	0	0	0
792787	1461520	-1	599040	3279	0	0	3279
799787	-1	-1	0	0	0	0	0
806787	4080424	-1	580440	1138	0	0	1138
814786	-1	-1	0	0	0	0	0
821786	3948200	-1	1572864	3187	0	0	3187
827786	-1	-1	0	0	0	0	0
833788	6152408	-1	1686528	2193	0	0	2193
835786	-1	-1	0	0	0	0	0
842786	4217664	-1	479232	909	0	0	909
848785	-1	-1	0	0	0	0	0
856786	3807384	-1	986112	2072	0	0	2072
860791	-1	-1	0	0	0	0	0
867793	4487072	-1	1004544	1791	0	0	1791
872789	-1	-1	0	0	0	0	0
878787	4552720	-1	321536	565	0	0	565
886787	3110640	-1	164864	424	0	0	424
889785	-1	-1	40960	295	0	0	295
894788	2133624	-1	778240	2918	0	0	2918
898786	5086096	-1	384000	604	0	0	604
902787	-1	-1	0	0	0	0	0
909787	4918896	-1	817152	1329	0	0	1329
916786	-1	-1	0	0	0	0	0
924786	5042832	-1	1238016	1964	0	0	1964
929787	-1	-1	0	0	0	0	0
932787	-1	-1	0	0	0	0	0
939787	-1	-1	0	0	0	0	0
946787	4122448	-1	1117184	2168	0	0	2168
953787	-1	-1	0	0	0	0	0
960786	1192760	-1	706560	4739	0	0	4739
966786	1852920	-1	1317888	5690	0	0	5690
974787	-1	-1	0	0	0	0	0
981785	3284096	-1	368640	898	0	0	1293
985787	3595640	-1	1482752	3299	0	0	3299
992787	-1	-1	0	0	0	0	0
999786	2616128	-1	686080	2098	0	0	2098
1002787	-1	-1	0	0	0	0	0
1009787	5953656	-1	1064960	1431	0	0	1431
1013787	-1	-1	0	0	0	0	0
1020786	6780488	-1	1328128	1567	0	0	1567
1027787	-1	-1	0	0	0	0	0
1035786	3081296	-1	296960	771	0	0	771
1036786	-1	-1	0	0	0	0	0
1043786	3681408	-1	982016	2134	0	0	2134
1051787	-1	-1	0	0	0	0	0
1058787	3141568	-1	699392	1781	0	0	1781
1065788	-1	-1	0	0	0	0	0
1071787	4715608	-1	440320	747	0	0	747
1077785	3840480	-1	253952	529	0	0	738
1082786	5366912	-1	2172928	3239	0	0	3239
1086787	4425824	-1	590848	1068	0	0	1068
1090787	-1	-1	0	0	0	0	0
1097786	-1	-1	0	0	0	0	0
1104787	2674384	-1	775236	2319	0	0	2319
1112787	-1	-1	0	0	0	0	0
1119786	3663968	-1	1806336	3944	0	0	3944
1127786	-1	-1	0	0	0	0	0
1134785	3086664	-1	1024000	2654	0	0	2654
1141785	-1	-1	0	0	0	0	0
1146786	-1	-1	0	0	0	0	0
1153787	2883296	-1	412672	1145	0	0	1399
1157788	4682152	-1	1353728	2313	0	0	2313
1161786	-1	-1	0	0	0	0	0
1166787	-1	-1	0	0	0	0	0
1170787	-1	-1	0	0	0	0	0
1178787	3667336	-1	1625088	3545	0	0	3545
1185785	-1	-1	0	0	0	0	0
1193787	3618192	-1	507904	1123	0	0	1123
1199786	-1	-1	0	0	0	0	0
1206786	2954488	-1	765952	2074	0	0	2074
1213787	-1	-1	0	0	0	0	0
1216786	-1	-1	0	0	0	0	0
1223786	3648024	-1	1046528	2295	0	0	2295
1228787	-1	-1	0	0	0	0	0
1235787	2051792	-1	553984	2160	0	0	2160
1240785	5121992	-1	329728	515	0	0	515
1247787	2964328	-1	1021952	2758	0	0	2758
1249787	-1	-1	0	0	0	0	0
1255788	-1	-1	0	0	0	0	0
1262786	3679416	-1	1510400	3284	0	0	3284
1267787	-1	-1	0	0	0	0	0
1273787	4196888	-1	2023424	3857	0	0	3857
1280786	-1	-1	0	0	0	0	0
1287787	2388288	-1	1361920	4562	0	0	4562
1294786	-1	-1	0	0	0	0	0
1302787	2644768	-1	1639424	4959	0	0	4959
1307786	4627952	-1	534528	924	0	0	924
1314787	-1	-1	0	0	0	0	0
1321788	3877272	-1	1660928	3427	0	0	3427
1323786	4587520	-1	559104	975	0	0	975
1330787	1788824	-1	180224	806	0	0	815
1335785	3527920	-1	2117632	4802	0	0	4802
1342787	4263032	-1	1202176	2256	0	0	2256
1346786	4170472	-1	745472	1430	0	0	1466
1353787	3678224	-1	1703936	3706	0	0	3706
1361786	3674544	-1	857088	1866	0	0	1866
1368787	-1	-1	0	0	0	0	55
1373788	2622496	-1	1530880	4670	0	0	4670
1439676	-1	-1	0	0	0	0	38
