84450	585328	-1	922624	12610	0	0	76459
93448	663192	-1	770048	9289	0	0	9289
101448	688472	-1	688128	7996	0	0	8000
111448	1094840	-1	1305600	9540	0	0	10000
120449	990664	-1	1011712	8170	0	0	9001
127449	1510392	-1	1551360	8217	0	0	8217
135448	1376352	-1	916480	5327	0	0	5327
144449	1629952	-1	474112	2327	0	0	2327
148449	-1	-1	0	0	0	0	0
157448	1832280	-1	1074176	4690	0	0	4690
166448	-1	-1	116736	474	0	0	474
174448	-1	-1	0	0	0	0	0
179449	-1	-1	0	0	0	0	0
188449	957192	-1	614400	5135	0	0	5508
197449	913040	-1	811008	7106	0	0	7106
205450	-1	-1	0	0	0	0	0
213449	885272	-1	278528	2517	0	0	2541
216448	758728	-1	272384	2872	0	0	2999
223448	919512	-1	811008	7056	0	0	7056
257449	495480	-1	1082368	17476	0	0	17476
265449	-1	-1	0	0	0	0	0
275448	523288	-1	344064	5260	0	0	5675
282449	749528	-1	683008	7290	0	0	7290
291448	829816	-1	784384	7562	0	0	7562
301449	977216	-1	385024	3152	0	0	3152
309450	2257000	-1	838476	2972	0	0	2972
318448	-1	-1	0	0	0	0	0
325450	1364160	-1	594944	3489	0	0	3489
334456	-1	-1	0	0	0	0	0
341448	1695424	-1	1016832	4798	0	0	4798
348448	-1	-1	56320	194	0	0	194
357470	1421608	-1	922624	5192	0	0	5192
366449	-1	-1	0	0	0	0	0
372449	-1	-1	0	0	0	0	0
379449	-1	-1	0	0	0	0	0
388451	1306064	-1	816128	4999	0	0	5151
395450	1671632	-1	515072	2465	0	0	2465
401452	2145296	-1	1388544	5178	0	0	5178
410449	-1	-1	128000	615	0	0	615
415448	3411912	-1	817152	1916	0	0	1916
422452	-1	-1	0	0	0	0	0
430448	2226384	-1	1089536	3915	0	0	3915
439449	-1	-1	0	0	0	0	0
447449	-1	-1	0	0	0	0	0
456450	-1	-1	24576	302	0	0	396
461450	2533992	-1	1477632	4665	0	0	4665
470450	-1	-1	0	0	0	0	0
479452	3821568	-1	955392	2000	0	0	2000
486448	-1	-1	0	0	0	0	0
494449	4423072	-1	1045504	1891	0	0	1891
504449	-1	-1	0	0	0	0	0
514449	-1	-1	0	0	0	0	0
522449	3418352	-1	1394688	3264	0	0	3264
524449	-1	-1	0	0	0	0	0
532450	-1	-1	0	0	0	0	0
540449	5359608	-1	1150976	1718	0	0	1718
549449	-1	-1	0	0	0	0	0
558449	-1	-1	0	0	0	0	0
561448	-1	-1	0	0	0	0	0
569448	10934512	-1	1575936	1153	0	0	1153
578449	-1	-1	0	0	0	0	0
586450	5863952	-1	616448	841	0	0	841
590448	-1	-1	0	0	0	0	0
600450	6092800	-1	852992	1120	0	0	1120
608453	-1	-1	0	0	0	0	0
613449	3668920	-1	848896	1851	0	0	1851
621449	-1	-1	0	0	0	0	0
631449	8277648	-1	1385472	1339	0	0	1339
640448	-1	-1	0	0	0	0	0
649451	-1	-1	0	0	0	0	0
651448	-1	-1	0	0	0	0	0
659449	6968680	-1	1172480	1346	0	0	1346
667449	-1	-1	0	0	0	0	0
676450	-1	-1	0	0	0	0	0
683450	-1	-1	0	0	0	0	0
690449	3648312	-1	1127784	2473	0	0	2473
700451	-1	-1	0	0	0	0	0
707451	2809008	-1	1517568	4322	0	0	4322
714449	-1	-1	0	0	0	0	0
722449	-1	-1	0	0	0	0	0
729449	-1	-1	0	0	0	0	0
736449	6022768	-1	1666048	2213	0	0	2213
742448	-1	-1	0	0	0	0	0
748452	5914648	-1	1122304	1518	0	0	1518
753449	-1	-1	0	0	0	0	0
761449	3011384	-1	1061888	2821	0	0	2821
768449	-1	-1	0	0	0	0	0
776450	3435016	-1	675840	1574	0	0	1574
782453	-1	-1	0	0	0	0	0
788450	5169928	-1	702464	1087	0	0	1087
794449	-1	-1	0	0	0	0	0
800448	4950856	-1	1251328	2022	0	0	2022
808451	-1	-1	0	0	0	0	0
815449	-1	-1	0	0	0	0	0
822451	6921672	-1	435200	503	0	0	544
827449	7873192	-1	581632	591	0	0	653
833449	9509840	-1	820224	690	0	0	690
835452	-1	-1	0	0	0	0	0
841449	-1	-1	0	0	0	0	0
847448	5737760	-1	524288	731	0	0	731
852450	-1	-1	0	0	0	0	0
860449	3624392	-1	1200128	2649	0	0	2649
868449	-1	-1	0	0	0	0	0
875448	-1	-1	0	0	0	0	0
882451	2204128	-1	245760	892	0	0	975
886450	2198640	-1	840704	3059	0	0	3059
893448	-1	-1	0	0	0	0	0
898452	-1	-1	0	0	0	0	0
903453	-1	-1	40960	394	0	0	592
908451	2967496	-1	1355776	3655	0	0	3655
916448	-1	-1	0	0	0	0	0
923450	3959896	-1	789504	1595	0	0	1595
930448	-1	-1	0	0	0	0	0
936448	4863624	-1	830464	1366	0	0	1366
942448	-1	-1	0	0	0	0	0
949449	4387024	-1	1451008	2646	0	0	2646
956449	-1	-1	0	0	0	0	0
964449	4714264	-1	1249280	2120	0	0	2120
971449	-1	-1	0	0	0	0	0
978448	3075624	-1	1294452	3367	0	0	3367
985449	-1	-1	0	0	0	0	0
993448	-1	-1	0	0	0	0	0
999449	2203208	-1	595968	2164	0	0	2193
1002448	3777112	-1	624640	1323	0	0	1323
1008448	-1	-1	0	0	0	0	0
1015448	3412568	-1	1523712	3572	0	0	3572
1023452	-1	-1	0	0	0	0	0
1030453	3199608	-1	908288	2271	0	0	2271
1038453	-1	-1	0	0	0	0	0
1044449	-1	-1	0	0	0	0	0
1046452	-1	-1	0	0	0	0	0
1052450	1983024	-1	1289216	5201	0	0	5201
1057448	1848776	-1	356352	1542	0	0	1542
1064450	1458920	-1	867328	4756	0	0	4756
1072448	-1	-1	0	0	0	0	0
1291450	674672	-1	1734656	20569	0	0	20569
1299448	-1	-1	0	0	0	0	0
1319448	-1	-1	0	0	0	0	0
1322448	-1	-1	0	0	0	0	0
1398450	-1	-1	0	0	0	0	75695
1405449	-1	-1	0	0	0	0	6998
1428877	-1	-1	0	0	0	0	23428
1435877	1099376	-1	1646592	11982	0	0	11982
1451224	2112320	-1	3682304	13946	0	0	15346
1459225	4118176	-1	2471936	4802	0	0	4802
1462224	2531744	-1	143360	453	0	0	453
1469224	-1	-1	0	0	0	0	0
1477224	1276696	-1	889856	5576	0	0	5576
1484225	-1	-1	0	0	0	0	0
1627225	1143104	-1	848896	5941	0	0	5941
1635225	-1	-1	0	0	0	0	0
1642224	920728	-1	608256	5285	0	0	5285
1649224	986704	-1	606208	4915	0	0	4915
1751225	540744	-1	890880	13180	0	0	13180
1758224	-1	-1	0	0	0	0	0
1791224	-1	-1	0	0	0	0	0
1796224	-1	-1	0	0	0	0	0
1803224	2660424	-1	1344512	4043	0	0	4043
1811223	-1	-1	0	0	0	0	0
1818224	2595200	-1	830464	2560	0	0	2560
1823225	-1	-1	0	0	0	0	0
1831224	1316536	-1	741376	4505	0	0	4505
1838224	-1	-1	0	0	0	0	0
1845225	2415688	-1	649216	2150	0	0	2150
1853225	-1	-1	24576	187	0	0	199
1858224	3016128	-1	822272	2181	0	0	2181
1863225	-1	-1	0	0	0	0	0
1870225	2761816	-1	817152	2367	0	0	2367
1876225	-1	-1	0	0	0	0	0
1883224	2471840	-1	942080	3049	0	0	3049
1890224	-1	-1	0	0	0	0	0
1897225	1875776	-1	513024	2188	0	0	2188
1900223	-1	-1	0	0	0	0	0
1906224	1963968	-1	673640	2744	0	0	2744
1913224	-1	-1	0	0	0	0	0
1921224	1939048	-1	1389568	5733	0	0	5733
1925225	-1	-1	0	0	0	0	0
1932225	-1	-1	0	0	0	0	0
1938224	-1	-1	0	0	0	0	0
1945225	2597016	-1	1167360	3596	0	0	3596
1948224	-1	-1	0	0	0	0	0
1954223	2335952	-1	591872	2027	0	0	2027
1961225	-1	-1	90112	665	0	0	737
1966224	2283584	-1	1084416	3799	0	0	3799
1971224	-1	-1	0	0	0	0	0
1979224	2728072	-1	1078272	3162	0	0	3162
1987224	-1	-1	0	0	0	0	0
1993225	-1	-1	0	0	0	0	0
2000225	3125072	-1	565248	1447	0	0	1488
2004225	3628728	-1	441344	973	0	0	973
2011225	2562400	-1	821248	2564	0	0	2564
2013224	-1	-1	0	0	0	0	0
2020224	-1	-1	0	0	0	0	0
2025224	2980048	-1	730112	1960	0	0	1960
2031224	-1	-1	0	0	0	0	0
2037224	-1	-1	0	0	0	0	0
2039224	-1	-1	0	0	0	0	0
2046224	1664096	-1	1074176	5164	0	0	5164
2049225	-1	-1	38912	157	0	0	157
2054225	1983104	-1	586752	2367	0	0	2367
2060225	-1	-1	0	0	0	0	0
2067224	2179568	-1	899072	3300	0	0	3300
2074225	-1	-1	0	0	0	0	0
2081224	-1	-1	0	0	0	0	0
2088225	1949024	-1	262144	1076	0	0	1088
2092224	2507912	-1	1026048	3273	0	0	3273
2100225	-1	-1	0	0	0	0	0
2107224	2612248	-1	512000	1568	0	0	1568
2110224	-1	-1	0	0	0	0	0
2117223	2696848	-1	517120	1534	0	0	1534
2123224	1268440	-1	245760	1550	0	0	2591
2126224	987152	-1	373760	3029	0	0	3029
2133224	-1	-1	0	0	0	0	0
2140224	1932648	-1	1046528	4332	0	0	4332
2148224	-1	-1	0	0	0	0	0
2155224	-1	-1	0	0	0	0	0
2161224	1558320	-1	294912	1514	0	0	1638
2165224	1588672	-1	739328	3723	0	0	3723
2170223	1646688	-1	162816	791	0	0	791
2176224	1546936	-1	1004544	5195	0	0	5195
2183225	1554752	-1	350208	1802	0	0	1802
2188224	1659464	-1	726016	3500	0	0	3500
2195225	-1	-1	0	0	0	0	0
2200225	2881800	-1	589688	1637	0	0	1637
2208224	-1	-1	0	0	0	0	0
2215224	3005960	-1	1106944	2946	0	0	2946
2220224	-1	-1	0	0	0	0	0
2226225	3278584	-1	1131520	2761	0	0	2761
2233224	-1	-1	0	0	0	0	0
2240224	3624496	-1	578560	1277	0	0	1277
2245225	-1	-1	0	0	0	0	0
2252224	4142240	-1	871424	1683	0	0	1683
2259224	-1	-1	0	0	0	0	0
2262224	-1	-1	0	0	0	0	0
2265224	-1	-1	0	0	0	0	0
2272224	3361248	-1	1442816	3434	0	0	3434
2278224	-1	-1	0	0	0	0	0
2285224	5707224	-1	752640	1055	0	0	1055
2290224	-1	-1	0	0	0	0	0
2296224	-1	-1	0	0	0	0	0
2299224	-1	-1	0	0	0	0	0
2306225	6750576	-1	1059840	1256	0	0	1256
2307224	-1	-1	0	0	0	0	0
2315224	6048944	-1	716800	948	0	0	948
2322224	-1	-1	0	0	0	0	0
2327224	5883232	-1	947200	1288	0	0	1288
2335224	-1	-1	0	0	0	0	0
2343225	8265888	-1	916480	887	0	0	887
2346224	-1	-1	0	0	0	0	0
2353224	-1	-1	0	0	0	0	0
2356224	-1	-1	0	0	0	0	0
2363224	13073800	-1	1362944	834	0	0	912
2368224	-1	-1	0	0	0	0	0
2376224	8836792	-1	856064	775	0	0	775
2383224	-1	-1	0	0	0	0	0
2390224	8719864	-1	879616	807	0	0	807
2397224	-1	-1	0	0	0	0	0
2404225	9058648	-1	1466368	1295	0	0	1295
2412224	-1	-1	0	0	0	0	0
2419225	4696544	-1	624640	1064	0	0	1064
2426224	-1	-1	0	0	0	0	0
2433223	10785704	-1	860160	638	0	0	638
2440225	8738136	-1	163840	150	0	0	154
2445225	14605080	-1	1000448	548	0	0	548
2450224	-1	-1	0	0	0	0	0
2456225	-1	-1	0	0	0	0	0
2461224	-1	-1	0	0	0	0	0
2467225	4818064	-1	1147904	1906	0	0	1906
2469224	-1	-1	0	0	0	0	0
2475225	-1	-1	0	0	0	0	0
2477224	-1	-1	0	0	0	0	0
2483224	6011336	-1	2331648	3103	0	0	3103
2486223	-1	-1	0	0	0	0	0
2492225	-1	-1	0	0	0	0	0
2495224	-1	-1	0	0	0	0	0
2501225	8268952	-1	2278096	2204	0	0	2204
2505224	-1	-1	0	0	0	0	0
2511225	5468512	-1	1040384	1522	0	0	1522
2517224	-1	-1	0	0	0	0	0
2522224	-1	-1	0	0	0	0	0
2525224	-1	-1	0	0	0	0	0
2578225	11175384	-1	1162240	832	0	0	907
2583225	2739904	-1	911360	2661	0	0	2661
2585223	-1	-1	0	0	0	0	0
2589225	-1	-1	0	0	0	0	0
2595224	10171832	-1	878592	691	0	0	691
2598223	-1	-1	0	0	0	0	0
2604223	-1	-1	0	0	0	0	0
2605223	-1	-1	0	0	0	0	0
2611223	5425104	-1	1124352	1658	0	0	1658
2617224	7698232	-1	702464	730	0	0	730
2622224	6842728	-1	290816	340	0	0	340
2625224	-1	-1	0	0	0	0	0
2631224	4530624	-1	1056768	1866	0	0	1866
2637224	-1	-1	0	0	0	0	0
2643224	7709024	-1	849920	882	0	0	882
2648224	-1	-1	0	0	0	0	0
2654224	-1	-1	0	0	0	0	0
2655225	-1	-1	0	0	0	0	0
2661223	1842024	-1	1165312	5061	0	0	5061
2666225	1788832	-1	560128	2505	0	0	2505
2670225	1472440	-1	724992	3939	0	0	3939
2676224	-1	-1	78848	256	0	0	256
2682224	2722944	-1	842752	2476	0	0	2476
2684224	-1	-1	0	0	0	0	0
2690224	4416952	-1	887808	1608	0	0	1608
2695225	-1	-1	0	0	0	0	0
2701224	-1	-1	0	0	0	0	0
2704225	6833232	-1	710656	832	0	0	-1
2709224	-1	-1	0	0	0	0	-1
2713224	-1	-1	0	0	0	0	-1
2719224	9185768	-1	2139136	1863	0	0	-1
2723223	-1	-1	0	0	0	0	-1
2728224	-1	-1	0	0	0	0	-1
2732223	-1	-1	0	0	0	0	-1
2739224	6069576	-1	2902016	3825	0	0	-1
2744224	-1	-1	0	0	0	0	-1
2750224	-1	-1	0	0	0	0	-1
2751223	-1	-1	0	0	0	0	-1
2760926	6387344	-1	1841152	2306	0	0	15619
2764925	-1	-1	0	0	0	0	0
2770925	-1	-1	0	0	0	0	0
2776925	-1	-1	0	0	0	0	0
2783925	-1	-1	0	0	0	0	0
2788925	-1	-1	0	0	0	0	0
2791926	-1	-1	0	0	0	0	0
2795926	-1	-1	0	0	0	0	0
2801926	3704768	-1	1187840	2565	0	0	2565
2807926	-1	-1	0	0	0	0	0
2814925	-1	-1	0	0	0	0	0
2816925	-1	-1	8192	180	0	0	186
2821926	3582848	-1	997376	2227	0	0	2227
2826926	-1	-1	0	0	0	0	0
2832926	3933616	-1	1327104	2699	0	0	2699
2838926	-1	-1	0	0	0	0	0
2844925	-1	-1	0	0	0	0	0
2847927	-1	-1	0	0	0	0	0
2853926	2859104	-1	1048576	2934	0	0	2934
2856926	2038304	-1	376832	1479	0	0	1479
2860925	2261592	-1	184320	652	0	0	652
2866925	2008256	-1	245760	979	0	0	1057
2870925	1678800	-1	519168	2474	0	0	2474
2875926	-1	-1	0	0	0	0	0
2881925	535728	-1	358400	5352	0	0	5352
2887925	928808	-1	267264	2302	0	0	2302
2891925	768128	-1	391168	4074	0	0	4074
2897926	-1	-1	128000	2767	0	0	2767
2903925	1365992	-1	676848	3964	0	0	3964
2909925	1880408	-1	338944	1442	0	0	1442
2912926	-1	-1	0	0	0	0	0
2918926	-1	-1	0	0	0	0	0
2924927	981776	-1	446464	3638	0	0	3638
2929926	1902104	-1	180224	758	0	0	782
2934926	1568192	-1	704512	3594	0	0	3594
2937927	-1	-1	0	0	0	0	0
2943925	-1	-1	0	0	0	0	0
2944925	-1	-1	0	0	0	0	0
2950927	2896104	-1	2067456	5711	0	0	5711
2951926	3386872	-1	163840	387	0	0	387
2961763	-1	-1	0	0	0	0	142
2962763	-1	-1	0	0	0	0	0
2969800	-1	-1	0	0	0	0	121
2975801	-1	-1	0	0	0	0	0
2976801	-1	-1	0	0	0	0	0
2982800	-1	-1	0	0	0	0	0
2983801	-1	-1	0	0	0	0	0
2989802	-1	-1	0	0	0	0	0
2994801	-1	-1	0	0	0	0	0
2998800	-1	-1	0	0	0	0	0
3004801	-1	-1	0	0	0	0	0
3008801	-1	-1	0	0	0	0	0
3013801	-1	-1	0	0	0	0	0
3017800	-1	-1	0	0	0	0	0
