90529545	433832	-1	1231872	22716	0	0	22716
90538541	4236304	-1	1762304	3328	0	0	3328
90548541	-1	-1	0	0	0	0	0
90556545	6592664	-1	1105920	1342	0	0	1342
90565546	-1	-1	0	0	0	0	0
90574545	3140712	-1	1205248	3070	0	0	3070
90581548	-1	-1	0	0	0	0	0
90591545	6896736	-1	1243136	1442	0	0	1442
90599545	-1	-1	0	0	0	0	0
90605545	7774992	-1	1451008	1493	0	0	1493
90614541	-1	-1	0	0	0	0	0
90624545	7517864	-1	1278976	1361	0	0	1361
90631544	-1	-1	0	0	0	0	0
90639544	2163408	-1	1300480	4809	0	0	4809
90647546	-1	-1	0	0	0	0	0
90653545	4170472	-1	774144	1485	0	0	1485
90663545	-1	-1	0	0	0	0	0
90671545	2704976	-1	1437696	4252	0	0	4252
90680763	-1	-1	0	0	0	0	0
90687545	3329400	-1	1296384	3115	0	0	3115
90695541	-1	-1	0	0	0	0	0
90702545	2701072	-1	1246208	3691	0	0	3691
90712545	-1	-1	0	0	0	0	0
90718546	6117784	-1	1374208	1797	0	0	1797
90725545	9210544	-1	1296384	1126	0	0	1126
90729548	-1	-1	0	0	0	0	0
90738545	-1	-1	0	0	0	0	0
90748546	2625552	-1	1202176	3663	0	0	3663
90755546	-1	-1	0	0	0	0	0
90765545	2356416	-1	1218560	4137	0	0	4137
90774545	2163928	-1	286720	1060	0	0	1096
90778541	2331720	-1	963584	3306	0	0	3306
90787545	-1	-1	0	0	0	0	0
90796543	827440	-1	483328	4673	0	0	5245
90805542	1022856	-1	1031168	8065	0	0	8065
90813545	1371000	-1	210620	1229	0	0	1360
90820545	-1	-1	0	0	0	0	0
90827544	3822464	-1	2217984	4642	0	0	4642
90833545	-1	-1	0	0	0	0	0
90842544	3120424	-1	1360896	3489	0	0	3489
90851544	-1	-1	0	0	0	0	0
90859546	3556872	-1	1820672	4095	0	0	4095
90867545	-1	-1	0	0	0	0	0
90876545	-1	-1	0	0	0	0	0
90880544	-1	-1	0	0	0	0	0
90889545	3420752	-1	1888256	4416	0	0	4416
90898546	-1	-1	0	0	0	0	0
90905544	4254344	-1	729088	1371	0	0	1371
90914544	-1	-1	0	0	0	0	0
90921544	7975768	-1	1321984	1326	0	0	1326
90925545	-1	-1	0	0	0	0	0
90934544	3744968	-1	2173952	4644	0	0	4644
90949544	-1	-1	0	0	0	0	0
90957545	-1	-1	0	0	0	0	0
90967545	-1	-1	0	0	0	0	0
90975545	4212912	-1	2177024	4134	0	0	4134
90979545	-1	-1	0	0	0	0	0
90986542	-1	-1	0	0	0	0	0
90994543	-1	-1	0	0	0	0	0
91000545	3199912	-1	2267136	5668	0	0	5668
91009545	-1	-1	0	0	0	0	0
91016544	3685896	-1	1118208	2427	0	0	2427
91025544	-1	-1	0	0	0	0	0
91033544	5085336	-1	1671168	2629	0	0	2629
91047544	-1	-1	0	0	0	0	0
91056541	3710928	-1	1440768	3106	0	0	3106
91062548	-1	-1	0	0	0	0	11
91067542	3138784	-1	1299456	3312	0	0	3312
91076545	-1	-1	0	0	0	0	0
91085546	-1	-1	0	0	0	0	0
91090545	-1	-1	0	0	0	0	0
91099545	2679104	-1	1773568	5296	0	0	5296
91108544	3416656	-1	965632	2261	0	0	2261
91117545	-1	-1	0	0	0	0	0
91126545	-1	-1	0	0	0	0	0
91135545	2603872	-1	1857536	5707	0	0	5707
91144545	2815280	-1	249856	710	0	0	710
91151545	2545840	-1	874496	2748	0	0	2748
91160543	-1	-1	0	0	0	0	0
91168544	2148664	-1	1202176	4476	0	0	4476
91176546	-1	-1	0	0	0	0	0
91185546	2721208	-1	874528	2571	0	0	2571
91192545	-1	-1	0	0	0	0	0
91200546	1070712	-1	695296	5195	0	0	5195
91210544	3356168	-1	606208	1445	0	0	1445
91215544	4187568	-1	1053696	2013	0	0	2013
91220545	-1	-1	0	0	0	0	0
91229544	5664776	-1	1283072	1812	0	0	1812
91238544	-1	-1	0	0	0	0	0
91246542	-1	-1	0	0	0	0	0
91255541	1679696	-1	491520	2341	0	0	2354
91258545	3321896	-1	1236992	2979	0	0	3003
91268546	3553048	-1	1638400	3689	0	0	3689
91276545	-1	-1	0	0	0	0	0
91283544	-1	-1	0	0	0	0	0
91292545	3100680	-1	2048000	5284	0	0	5284
91300545	-1	-1	0	0	0	0	0
91309545	2298528	-1	671744	2338	0	0	2338
91319545	-1	-1	0	0	0	0	0
91327545	2002560	-1	1319936	5273	0	0	5273
91334544	-1	-1	0	0	0	0	0
91343545	1980664	-1	1385472	5596	0	0	5596
91352545	3510856	-1	433152	987	0	0	987
91359545	2834240	-1	1457152	4113	0	0	4113
91368544	-1	-1	0	0	0	0	0
91376541	-1	-1	0	0	0	0	0
91382547	-1	-1	0	0	0	0	0
91388543	3254416	-1	2203648	5417	0	0	5417
91397545	-1	-1	40960	50	0	0	50
91404544	2774400	-1	1039360	2997	0	0	2997
91412544	-1	-1	0	0	0	0	0
91422545	4186744	-1	1700864	3250	0	0	3250
91432545	-1	-1	0	0	0	0	0
91440544	2473728	-1	1209344	3911	0	0	3911
91449544	-1	-1	0	0	0	0	0
91458544	1544688	-1	978944	5070	0	0	5070
91468545	1439000	-1	300032	1668	0	0	1668
91475544	1257632	-1	888832	5654	0	0	5654
91483544	1368616	-1	142336	832	0	0	832
91489545	1814464	-1	897024	3955	0	0	3955
91497544	-1	-1	0	0	0	0	0
91504545	3685656	-1	1517568	3294	0	0	3294
91511545	-1	-1	0	0	0	0	0
91519545	2428112	-1	1079296	3556	0	0	3556
91527545	-1	-1	0	0	0	0	0
91535546	4313808	-1	1460224	2708	0	0	2708
91541545	-1	-1	0	0	0	0	0
91549545	-1	-1	0	0	0	0	0
91557545	-1	-1	0	0	0	0	0
91563541	2311704	-1	1607792	5564	0	0	5617
91570544	2784408	-1	1043456	2998	0	0	2998
91576544	-1	-1	0	0	0	0	0
91581544	-1	-1	0	0	0	0	0
91590544	3440256	-1	2017280	4691	0	0	4691
91595544	-1	-1	0	0	0	0	0
91602545	-1	-1	0	0	0	0	0
91606542	-1	-1	0	0	0	0	0
91613545	6833768	-1	1313792	1538	0	0	1538
91619546	-1	-1	49152	196	0	0	214
91624546	3270000	-1	1574912	3853	0	0	3853
91630313	-1	-1	0	0	0	0	174
91635656	838312	-1	417792	3987	0	0	3987
91641650	2920000	-1	1831936	5019	0	0	5019
91646650	-1	-1	0	0	0	0	0
91656656	-1	-1	0	0	0	0	0
91666650	-1	-1	0	0	0	0	0
91672656	-1	-1	0	0	0	0	0
91681657	-1	-1	0	0	0	0	0
91690657	-1	-1	0	0	0	0	0
91699658	3956096	-1	1360896	2752	0	0	2752
91707656	-1	-1	0	0	0	0	0
91717673	3193040	-1	1350656	3384	0	0	3384
91724657	-1	-1	0	0	0	0	0
91730651	-1	-1	0	0	0	0	0
91738650	3093424	-1	1164288	3011	0	0	3040
91740650	3137856	-1	555008	1415	0	0	1415
91749652	-1	-1	0	0	0	0	0
91755654	2722408	-1	1125376	3307	0	0	3307
91764656	-1	-1	0	0	0	0	0
91773657	2515136	-1	1481728	4713	0	0	4713
91780656	-1	-1	0	0	0	0	0
91788656	-1	-1	0	0	0	0	0
91797657	-1	-1	0	0	0	0	0
91805650	2721208	-1	1865728	5485	0	0	5485
91812657	3620384	-1	261120	577	0	0	577
91821657	6081232	-1	1463296	1925	0	0	1925
91830652	-1	-1	0	0	0	0	0
91838652	2686936	-1	1572864	4683	0	0	4683
91846653	-1	-1	0	0	0	0	0
91856655	2799632	-1	1302528	3722	0	0	3722
91861657	-1	-1	0	0	0	0	0
91869658	5144896	-1	1587200	2468	0	0	2468
91878656	-1	-1	0	0	0	0	0
91884657	4333064	-1	1076224	1987	0	0	1987
91892657	-1	-1	0	0	0	0	0
91901657	7514776	-1	1295360	1379	0	0	1379
91911651	-1	-1	0	0	0	0	0
91919653	4641160	-1	1137664	1961	0	0	1961
91926652	-1	-1	0	0	0	0	0
91933655	1684168	-1	1070080	5083	0	0	5083
91941656	3302448	-1	421888	1022	0	0	1022
91949657	3497912	-1	1266244	2896	0	0	2896
91956650	-1	-1	0	0	0	0	177
91961656	3398144	-1	1623040	3821	0	0	3821
91970657	-1	-1	0	0	0	0	0
91978658	2681424	-1	1096704	3272	0	0	3272
91986656	-1	-1	0	0	0	0	0
91993657	4856120	-1	1262592	2080	0	0	2080
92002652	-1	-1	0	0	0	0	0
92011652	-1	-1	0	0	0	0	0
92016650	-1	-1	0	0	0	0	0
92023655	9668520	-1	2018304	1670	0	0	1670
92028657	-1	-1	0	0	0	0	0
92037657	5936320	-1	1002496	1351	0	0	1351
92043659	-1	-1	0	0	0	0	0
92050657	3315192	-1	1043456	2518	0	0	2518
92059657	-1	-1	0	0	0	0	0
92065657	1707328	-1	1095680	5134	0	0	5134
92074657	2121800	-1	861184	3247	0	0	3247
92082656	2784352	-1	1044480	3001	0	0	3001
92089651	-1	-1	0	0	0	0	0
92099651	-1	-1	0	0	0	0	0
92104652	-1	-1	0	0	0	0	0
92111655	5047504	-1	1773568	2811	0	0	2811
92118656	-1	-1	0	0	0	0	0
92125656	3038664	-1	1808384	4761	0	0	4761
92134657	-1	-1	0	0	0	0	0
92141656	3446048	-1	1734656	4027	0	0	4027
92147657	-1	-1	0	0	0	0	0
92156656	-1	-1	0	0	0	0	0
92162656	-1	-1	0	0	0	0	0
92168656	5959408	-1	2438144	3273	0	0	3273
92176657	-1	-1	0	0	0	0	0
92185653	-1	-1	0	0	0	0	0
92189652	-1	-1	0	0	0	0	0
92197654	-1	-1	73728	3438	0	0	5723
92205654	282288	-1	360448	10215	0	0	10215
92214657	1046944	-1	1179648	9014	0	0	9014
92223655	1530552	-1	1709056	8933	0	0	8998
92230657	2904176	-1	2525184	6956	0	0	6956
92240656	-1	-1	108544	244	0	0	244
92249650	2259192	-1	1185792	4199	0	0	4199
92253656	-1	-1	0	0	0	0	0
92262659	3109264	-1	1463296	3765	0	0	3765
92270651	-1	-1	0	0	0	0	0
92277652	1239624	-1	873472	5637	0	0	5637
92284653	1434768	-1	659456	3677	0	0	3677
92293656	3935224	-1	1052672	2140	0	0	2140
92302657	-1	-1	0	0	0	0	0
92310658	430608	-1	253952	4718	0	0	4865
92316658	1134000	-1	814780	5748	0	0	5748
