19901	1621864	-1	3836928	18926	0	0	19008
28907	1732520	-1	1930240	8913	0	0	9005
31914	2074208	-1	668672	2579	0	0	2579
40917	2744480	-1	1122836	3273	0	0	3273
48910	-1	-1	0	0	0	0	0
51923	3251952	-1	455680	1121	0	0	1340
59937	3953264	-1	467968	947	0	0	947
68918	3727864	-1	492544	1057	0	0	1057
74925	-1	-1	0	0	0	0	0
80919	3597144	-1	963584	2143	0	0	2143
86960	-1	-1	0	0	0	0	0
92917	-1	-1	0	0	0	0	44
100911	1420008	-1	1241088	6992	0	0	6992
108931	1291776	-1	614400	3805	0	0	4147
115937	2058344	-1	611328	2376	0	0	2376
125901	3428936	-1	900096	2100	0	0	2100
133903	-1	-1	0	0	0	0	0
142901	-1	-1	0	0	0	0	0
151915	3679952	-1	1286144	2796	0	0	2796
155920	-1	-1	0	0	0	0	0
164908	3658344	-1	1168384	2555	0	0	2555
173905	-1	-1	0	0	0	0	0
182931	-1	-1	0	0	0	0	0
189911	3460184	-1	1708032	3949	0	0	3949
198929	-1	-1	0	0	0	0	0
207917	3568192	-1	1329152	2980	0	0	2980
217907	-1	-1	0	0	0	0	0
226932	3641224	-1	1246208	2738	0	0	2738
235914	-1	-1	0	0	0	0	0
241900	2928432	-1	394240	1077	0	0	1077
250923	2172016	-1	1089536	4013	0	0	4013
257911	-1	-1	0	0	0	0	0
266897	3741896	-1	1449984	3100	0	0	3100
267892	-1	-1	0	0	0	0	0
276916	3684560	-1	921600	2001	0	0	2198
279920	3436280	-1	856064	1993	0	0	1993
288911	-1	-1	0	0	0	0	0
297912	3622984	-1	529408	1169	0	0	1169
306924	-1	-1	0	0	0	0	0
315921	3736264	-1	1542144	3302	0	0	3302
323925	-1	-1	0	0	0	0	0
332907	3752016	-1	1206272	2572	0	0	2572
341898	-1	-1	0	0	0	0	0
351918	-1	-1	0	0	0	0	0
355920	-1	-1	0	0	0	0	0
363916	3575592	-1	1551360	3471	0	0	3471
372918	-1	-1	0	0	0	0	0
380915	3767224	-1	1971200	4186	0	0	4186
389898	-1	-1	0	0	0	0	0
398896	3830912	-1	1901568	3971	0	0	3971
402892	-1	-1	0	0	0	0	0
411918	-1	-1	0	0	0	0	0
417899	-1	-1	0	0	0	0	0
576203	3197664	-1	3980288	9958	0	0	38069
586193	3724072	-1	3998720	8590	0	0	8590
595193	-1	-1	0	0	0	0	0
603193	2625072	-1	975872	2974	0	0	2974
612192	-1	-1	0	0	0	0	0
621202	3542800	-1	941056	2125	0	0	2125
626190	-1	-1	0	0	0	0	0
636197	3827680	-1	715776	1496	0	0	1496
645206	-1	-1	0	0	0	0	0
652204	3853320	-1	934912	1941	0	0	1941
660215	-1	-1	0	0	0	0	0
668204	3855912	-1	814080	1689	0	0	1689
675223	-1	-1	0	0	0	0	0
684208	3252416	-1	1010688	2486	0	0	2486
691221	-1	-1	0	0	0	0	0
699215	-1	-1	0	0	0	0	0
705197	-1	-1	0	0	0	0	0
714196	3632384	-1	1748992	3852	0	0	3852
723216	-1	-1	0	0	0	0	0
732209	3693800	-1	587776	1273	0	0	1273
740218	-1	-1	0	0	0	0	0
748217	2104432	-1	1183744	4500	0	0	4500
756211	-1	-1	0	0	0	0	0
765195	1768672	-1	722944	3270	0	0	3270
774188	-1	-1	0	0	0	0	0
783212	580992	-1	368640	5076	0	0	5372
788205	576568	-1	373760	5186	0	0	5186
796211	780688	-1	228352	2340	0	0	2340
801198	-1	-1	0	0	0	0	0
808208	3582688	-1	1050624	2346	0	0	2346
814195	-1	-1	0	0	0	0	0
822189	2835768	-1	1473536	4157	0	0	4157
830189	-1	-1	0	0	0	0	0
838189	1716056	-1	592896	2764	0	0	2764
845204	-1	-1	0	0	0	0	0
854191	3557760	-1	1154048	2595	0	0	2595
864218	-1	-1	0	0	0	0	0
871217	1999512	-1	830296	3322	0	0	3322
876217	-1	-1	0	0	0	0	0
884215	3879512	-1	1385472	2857	0	0	2857
891199	-1	-1	0	0	0	0	0
900210	-1	-1	0	0	0	0	0
906195	-1	-1	0	0	0	0	0
914199	3835456	-1	2215936	4622	0	0	4622
924215	-1	-1	0	0	0	0	0
933202	-1	-1	0	0	0	0	0
936199	-1	-1	0	0	0	0	0
945204	3961984	-1	1528832	3087	0	0	3087
948213	-1	-1	0	0	0	0	0
957203	3851136	-1	1538048	3195	0	0	3195
965195	3701824	-1	221184	478	0	0	480
970201	3992608	-1	1028096	2060	0	0	2060
980210	-1	-1	0	0	0	0	0
986199	2367552	-1	718848	2429	0	0	2429
995220	-1	-1	0	0	0	0	0
1004205	3848952	-1	797696	1658	0	0	1658
1009201	-1	-1	0	0	0	0	0
1017210	3900232	-1	795648	1632	0	0	1632
1024213	-1	-1	0	0	0	0	0
1032187	-1	-1	0	0	0	0	0
1040217	-1	-1	0	0	0	0	0
1046198	3713024	-1	1856512	4000	0	0	4000
1055199	-1	-1	0	0	0	0	0
1064217	2804184	-1	1367040	3900	0	0	3900
1072204	-1	-1	0	0	0	0	0
1081202	3954760	-1	1032192	2088	0	0	2088
1089206	-1	-1	0	0	0	0	0
1096191	1759472	-1	1050624	4777	0	0	4777
1104187	1269472	-1	316416	1994	0	0	1994
1113203	-1	-1	0	0	0	0	0
1121195	2751240	-1	319488	929	0	0	942
1125205	2109104	-1	1025024	3888	0	0	4010
1134200	2501856	-1	966656	3091	0	0	3091
1143190	1826400	-1	907264	3974	0	0	3974
1152192	3651568	-1	155648	341	0	0	342
1157194	3992680	-1	1167360	2339	0	0	2339
1166188	-1	-1	0	0	0	0	0
1176211	2795528	-1	1809408	5178	0	0	5178
1186193	-1	-1	0	0	0	0	0
1196203	-1	-1	0	0	0	0	0
1198198	-1	-1	0	0	0	0	0
1207212	3992304	-1	2680832	5372	0	0	5372
1214193	3696296	-1	478208	1035	0	0	1035
1221194	3776536	-1	1016832	2154	0	0	2154
1231222	-1	-1	0	0	0	0	0
1319767	-1	-1	0	0	0	0	45953
1328752	1802640	-1	921600	4090	0	0	8984
1336751	719648	-1	245760	2732	0	0	7999
1345740	612256	-1	614400	8028	0	0	8988
1354734	-1	-1	120832	8710	0	0	8994
1359769	-1	-1	122880	6097	0	0	6097
1368745	139288	-1	147456	8469	0	0	8975
1377750	129112	-1	139264	8629	0	0	9005
1386730	1114424	-1	1400832	10056	0	0	10056
1395756	1519352	-1	1693696	8918	0	0	9025
1404753	1994032	-1	2071552	8311	0	0	8997
1411729	2867624	-1	2094080	5842	0	0	5842
1416758	-1	-1	0	0	0	0	0
1425743	698272	-1	450560	5162	0	0	5177
1435755	3107256	-1	2019328	5199	0	0	5199
1437740	-1	-1	50176	1390	0	0	1390
1446743	-1	-1	0	0	0	0	0
1452751	3810488	-1	1400832	2941	0	0	2941
1461749	-1	-1	0	0	0	0	0
1470740	3791032	-1	1241088	2619	0	0	2619
1477752	-1	-1	0	0	0	0	0
1486731	3642576	-1	983040	2159	0	0	2159
1495729	-1	-1	114688	581	0	0	603
1500757	3895696	-1	687104	1411	0	0	1411
1509742	-1	-1	0	0	0	0	0
1516754	3720400	-1	1070080	2301	0	0	2301
1525751	-1	-1	0	0	0	0	0
1534739	-1	-1	0	0	0	0	0
1538737	-1	-1	0	0	0	0	0
1547740	3859856	-1	2134016	4423	0	0	4423
1556758	-1	-1	0	0	0	0	0
1564752	3816832	-1	1239040	2597	0	0	2597
1573741	-1	-1	0	0	0	0	0
1581739	3788624	-1	1085440	2292	0	0	2292
1590743	-1	-1	0	0	0	0	0
1598735	3809616	-1	1303364	2737	0	0	2737
1600757	-1	-1	0	0	0	0	0
1609739	3316688	-1	919552	2218	0	0	2218
1613749	-1	-1	0	0	0	0	0
1620752	3505608	-1	1368064	3122	0	0	3122
1627756	-1	-1	0	0	0	0	0
1637739	-1	-1	0	0	0	0	0
1644749	-1	-1	57344	163	0	0	188
1649740	3860144	-1	1600512	3317	0	0	3317
1655730	-1	-1	0	0	0	0	0
1661749	3834400	-1	1620992	3382	0	0	3382
1670745	-1	-1	0	0	0	0	0
1675755	-1	-1	0	0	0	0	0
1681749	-1	-1	0	0	0	0	0
1689740	3333712	-1	1943552	4664	0	0	4664
1692729	-1	-1	0	0	0	0	0
1701738	-1	-1	0	0	0	0	0
1710733	3593912	-1	278528	620	0	0	638
1715729	3597544	-1	1189888	2646	0	0	2646
1724740	-1	-1	0	0	0	0	0
1731755	3767008	-1	1406976	2988	0	0	2988
1739766	-1	-1	0	0	0	0	0
1748756	-1	-1	0	0	0	0	0
1752753	-1	-1	0	0	0	0	0
1760746	3803552	-1	2197504	4622	0	0	4622
1769740	-1	-1	0	0	0	0	0
1775764	3793256	-1	1308672	2760	0	0	2760
1783756	-1	-1	0	0	0	0	0
1793749	3703440	-1	1246208	2692	0	0	2692
1796730	-1	-1	0	0	0	0	0
1805741	3781816	-1	998400	2112	0	0	2112
1813743	-1	-1	0	0	0	0	0
1823769	3819128	-1	1850368	3876	0	0	3876
1832728	-1	-1	0	0	0	0	0
1839742	3596424	-1	1408000	3132	0	0	3132
1848747	-1	-1	0	0	0	0	0
1855735	-1	-1	0	0	0	0	0
1862730	-1	-1	0	0	0	0	0
1871763	3858632	-1	2471936	5125	0	0	5125
1874731	-1	-1	0	0	0	0	0
1883742	-1	-1	0	0	0	0	0
