20716	3639096	-1	4628480	10175	0	0	10175
28740	-1	-1	0	0	0	0	0
36705	5934176	-1	1028096	1386	0	0	1386
46704	-1	-1	0	0	0	0	0
54717	6763232	-1	1110016	1313	0	0	1313
62722	-1	-1	0	0	0	0	0
71739	6569560	-1	758784	924	0	0	924
79736	-1	-1	0	0	0	0	0
88734	5800896	-1	839680	1158	0	0	3000
95734	-1	-1	0	0	0	0	0
104737	7158720	-1	1284096	1435	0	0	3000
112732	-1	-1	0	0	0	0	0
118732	-1	-1	0	0	0	0	0
127731	675984	-1	379904	4496	0	0	4496
134735	4949336	-1	386048	624	0	0	624
143740	995720	-1	572416	4599	0	0	5993
148740	2261736	-1	595968	2108	0	0	2108
157749	5553768	-1	717824	1034	0	0	2008
159738	9160144	-1	503808	440	0	0	988
168738	-1	-1	0	0	0	0	0
172750	2322792	-1	344064	1185	0	0	2012
178739	2061696	-1	423936	1645	0	0	1986
184752	-1	-1	0	0	0	0	15
191737	4841080	-1	642048	1061	0	0	2985
200738	1722704	-1	481280	2235	0	0	4997
210738	1589496	-1	812032	4087	0	0	4087
219751	-1	-1	0	0	0	0	0
225735	-1	-1	0	0	0	0	0
233737	4058072	-1	1015532	2002	0	0	2993
235738	-1	-1	0	0	0	0	0
243740	4420432	-1	334848	606	0	0	1002
252738	7903176	-1	308224	312	0	0	2010
262747	8530512	-1	903168	847	0	0	2992
271739	-1	-1	0	0	0	0	0
279761	1936368	-1	448512	1853	0	0	2005
286745	-1	-1	66560	926	0	0	975
292762	1234248	-1	324608	2104	0	0	4021
301734	918648	-1	210944	1837	0	0	1837
308742	1456480	-1	259072	1423	0	0	3985
316739	518704	-1	480256	7407	0	0	7407
326739	424096	-1	488448	9214	0	0	9214
336735	518336	-1	371712	5737	0	0	5737
345739	1424696	-1	335872	1886	0	0	1995
347735	-1	-1	0	0	0	0	0
356754	1408440	-1	713728	4054	0	0	4998
361735	-1	-1	0	0	0	0	979
368735	3535880	-1	888832	2011	0	0	3999
371734	-1	-1	77824	257	0	0	257
379750	1472144	-1	562176	3055	0	0	4017
388735	3633888	-1	531456	1170	0	0	1981
397733	-1	-1	0	0	0	0	0
404736	2969704	-1	360448	971	0	0	992
408732	4300704	-1	1150976	2141	0	0	3994
417731	-1	-1	0	0	0	0	0
427732	4001248	-1	756736	1513	0	0	4002
436731	4204544	-1	376832	717	0	0	2001
445730	-1	-1	0	0	0	0	0
454753	3276800	-1	483328	1180	0	0	2995
458737	4922712	-1	670720	1090	0	0	3007
466729	-1	-1	0	0	0	0	0
473737	-1	-1	0	0	0	0	0
482737	2558064	-1	930816	2911	0	0	4993
485739	-1	-1	131072	1961	0	0	1961
494732	1801440	-1	506880	2251	0	0	2251
502737	4202664	-1	403456	768	0	0	987
506737	-1	-1	0	0	0	0	0
512737	1102256	-1	504832	3664	0	0	3984
518715	633504	-1	461824	5832	0	0	5832
553707	405904	-1	831488	16388	0	0	16388
560723	-1	-1	0	0	0	0	0
565733	-1	-1	73728	2505	0	0	2533
573714	879680	-1	819200	7450	0	0	7450
582733	-1	-1	109568	3184	0	0	3184
590737	-1	-1	57344	988	0	0	1002
594735	477880	-1	237568	3977	0	0	3998
602730	587136	-1	538624	7339	0	0	7995
612752	1341480	-1	1031936	6154	0	0	7023
621730	658168	-1	364544	4431	0	0	4431
631737	1044048	-1	393216	3013	0	0	3989
641733	797992	-1	373760	3747	0	0	3747
650732	1809560	-1	359424	1589	0	0	3995
658733	453608	-1	344064	6068	0	0	6068
667738	3180608	-1	419840	1056	0	0	1998
673730	5999496	-1	308224	411	0	0	998
679734	-1	-1	0	0	0	0	0
688736	4866864	-1	598016	983	0	0	993
692733	10482240	-1	487424	372	0	0	2000
701751	-1	-1	0	0	0	0	0
706738	2139616	-1	591872	2213	0	0	4000
715743	-1	-1	0	0	0	0	0
724732	7781624	-1	1533952	1577	0	0	2998
731733	-1	-1	0	0	0	0	0
738737	6432160	-1	640000	796	0	0	3002
746731	-1	-1	0	0	0	0	0
752733	7115936	-1	1469440	1652	0	0	2979
761729	-1	-1	0	0	0	0	0
770735	3642136	-1	665600	1462	0	0	2988
773741	-1	-1	0	0	0	0	0
782734	2035496	-1	541696	2129	0	0	4982
829704	846128	-1	859136	8123	0	0	8123
837705	3828248	-1	344064	719	0	0	727
842709	-1	-1	34816	89	0	0	89
851710	8178480	-1	619520	606	0	0	606
860702	2782832	-1	582656	1675	0	0	1792
864708	5624744	-1	446464	635	0	0	635
871717	-1	-1	0	0	0	0	0
881718	-1	-1	0	0	0	0	0
890718	6756384	-1	771072	913	0	0	913
895716	-1	-1	0	0	0	0	0
904705	2205240	-1	290816	1055	0	0	1055
912705	5866736	-1	953344	1300	0	0	1300
919705	-1	-1	0	0	0	0	0
928704	3211192	-1	711680	1773	0	0	1773
938703	-1	-1	0	0	0	0	0
948703	2913128	-1	474112	1302	0	0	1302
957702	-1	-1	0	0	0	0	0
964702	4943640	-1	462848	749	0	0	749
973712	-1	-1	0	0	0	0	0
979703	4787536	-1	414720	693	0	0	693
989711	-1	-1	0	0	0	0	0
997713	3467000	-1	948224	2188	0	0	2188
1005711	-1	-1	0	0	0	0	0
1013711	2278776	-1	523264	1837	0	0	1837
1019711	-1	-1	84032	631	0	0	631
1028704	6375456	-1	930816	1168	0	0	1168
1033712	-1	-1	0	0	0	0	0
1040703	-1	-1	0	0	0	0	4
1046709	5004480	-1	654336	1046	0	0	1046
1053712	6026480	-1	800768	1063	0	0	1063
1060709	-1	-1	0	0	0	0	0
1070725	3881408	-1	1055744	2176	0	0	2176
1080711	-1	-1	0	0	0	0	0
1083720	-1	-1	0	0	0	0	0
1092717	2443848	-1	855040	2799	0	0	2799
1097723	3308504	-1	662528	1602	0	0	1602
1106711	-1	-1	0	0	0	0	0
1115711	6049480	-1	884736	1170	0	0	1170
1120710	-1	-1	0	0	0	0	0
1130710	4039112	-1	1017856	2016	0	0	2016
1139722	-1	-1	0	0	0	0	0
1146721	2287728	-1	652288	2281	0	0	2281
1154723	-1	-1	0	0	0	0	0
1160710	-1	-1	49152	1152	0	0	1232
1169709	1741536	-1	421888	1938	0	0	2179
1178708	418744	-1	776192	14829	0	0	14829
1184707	349352	-1	303104	6941	0	0	6941
1193715	414928	-1	442368	8529	0	0	8529
1200708	779544	-1	644096	6610	0	0	6610
1209707	435352	-1	497664	9145	0	0	9145
1218709	879776	-1	953344	8669	0	0	8669
1227707	830544	-1	884736	8522	0	0	8522
1235703	577080	-1	518144	7183	0	0	7183
1244706	385176	-1	454656	9443	0	0	9443
1252704	277080	-1	282624	8160	0	0	8160
1260704	544072	-1	540672	7950	0	0	7999
1269703	1082000	-1	1165312	8616	0	0	8999
1276702	1075288	-1	976896	7268	0	0	7268
1283702	2290472	-1	1371136	4789	0	0	4789
1287703	-1	-1	0	0	0	0	0
1294703	-1	-1	0	0	0	0	103
1299703	3101728	-1	1549312	3996	0	0	3996
1308711	-1	-1	0	0	0	0	0
1315702	1243648	-1	776192	4993	0	0	4993
1322711	-1	-1	112640	330	0	0	330
1328711	1233360	-1	775168	5028	0	0	5028
1338710	3327056	-1	338944	815	0	0	815
1346711	3987008	-1	580608	1165	0	0	1264
1349712	-1	-1	0	0	0	0	0
1357711	1687992	-1	871424	4130	0	0	4130
1366711	-1	-1	0	0	0	0	0
1373711	2519824	-1	501760	1593	0	0	1878
1382711	3198712	-1	478208	1196	0	0	1196
1390711	-1	-1	0	0	0	0	0
1399711	1963872	-1	630648	2569	0	0	3180
1401711	1826944	-1	512000	2242	0	0	2242
1411712	1626032	-1	269312	1325	0	0	1325
1420710	546784	-1	345088	5049	0	0	5207
1429712	841984	-1	696320	6616	0	0	6616
1438711	-1	-1	0	0	0	0	0
1447711	2839408	-1	240640	678	0	0	678
1449710	518296	-1	294912	4552	0	0	4552
1458712	644656	-1	542720	6735	0	0	6735
1464711	-1	-1	0	0	0	0	534
1472710	236736	-1	245760	8305	0	0	8305
1478710	200072	-1	147456	5896	0	0	6000
1485710	494336	-1	442368	7159	0	0	7159
1494702	239152	-1	269312	9009	0	0	9009
1502708	710320	-1	622592	7012	0	0	7012
1511708	388440	-1	354304	7297	0	0	7297
1519707	163496	-1	147456	7215	0	0	7998
1528707	136856	-1	158720	9278	0	0	9278
1535706	-1	-1	114688	4340	0	0	6999
1544706	387216	-1	589824	12186	0	0	12186
1552705	668416	-1	656384	7856	0	0	7999
1562704	660688	-1	807936	9783	0	0	9783
1567704	530504	-1	317440	4787	0	0	4787
1575704	883216	-1	762880	6910	0	0	6910
1611711	-1	-1	0	0	0	0	6006
1619712	1753736	-1	1890304	8623	0	0	8623
1625712	-1	-1	0	0	0	0	0
1631711	-1	-1	0	0	0	0	0
1638707	3534840	-1	409600	927	0	0	927
1643704	2765216	-1	601088	1739	0	0	1739
1652709	-1	-1	0	0	0	0	0
1659711	2053912	-1	889856	3466	0	0	3466
1664710	-1	-1	0	0	0	0	0
1673710	2163184	-1	1134592	4196	0	0	4196
1681711	286536	-1	194560	5432	0	0	5432
1690711	-1	-1	0	0	0	0	0
1696711	-1	-1	0	0	0	0	0
1702704	1423200	-1	847872	4766	0	0	4766
1711711	2178960	-1	400384	1470	0	0	1470
1719715	-1	-1	0	0	0	0	0
1721712	-1	-1	0	0	0	0	0
1729712	2557680	-1	847872	2652	0	0	2652
1739712	-1	-1	0	0	0	0	0
1748712	3708320	-1	1125012	2427	0	0	2471
1757712	-1	-1	0	0	0	0	0
1766712	1574080	-1	1092608	5553	0	0	5553
1771711	-1	-1	81920	151	0	0	151
1780711	1900528	-1	877568	3694	0	0	3694
1790711	-1	-1	0	0	0	0	0
1798710	5726816	-1	2164736	3024	0	0	3024
1807710	-1	-1	0	0	0	0	0
1814705	2567960	-1	619520	1930	0	0	1930
1820710	7796472	-1	1049600	1077	0	0	1077
1826709	-1	-1	0	0	0	0	0
1830708	-1	-1	0	0	0	0	0
1839709	6451248	-1	1768448	2193	0	0	2193
1842708	-1	-1	0	0	0	0	0
1851707	5918512	-1	1794048	2425	0	0	2425
1861707	-1	-1	0	0	0	0	0
1870706	-1	-1	0	0	0	0	0
1875706	-1	-1	0	0	0	0	0
1884706	4362760	-1	519168	952	0	0	952
1890705	-1	-1	0	0	0	0	0
1896705	8609872	-1	1012736	941	0	0	941
1905721	-1	-1	0	0	0	0	0
1914703	4784400	-1	284672	476	0	0	476
1923703	3921440	-1	494592	1009	0	0	1009
1929704	-1	-1	0	0	0	0	0
1938703	10161592	-1	829440	653	0	0	660
1942705	-1	-1	0	0	0	0	0
1948711	-1	-1	0	0	0	0	0
1957713	3054000	-1	825344	2162	0	0	2162
1966711	-1	-1	0	0	0	0	0
1972712	2723880	-1	547840	1609	0	0	1609
1976708	-1	-1	0	0	0	0	0
1985712	6591504	-1	961536	1167	0	0	1167
1994707	-1	-1	0	0	0	0	0
2002712	11500032	-1	829440	577	0	0	577
2011706	-1	-1	0	0	0	0	0
2017712	7703680	-1	936960	973	0	0	973
2022712	-1	-1	0	0	0	0	0
2030712	11805808	-1	1140736	773	0	0	773
2035712	-1	-1	0	0	0	0	0
2043712	10486520	-1	566272	432	0	0	577
2052711	-1	-1	0	0	0	0	81
2057711	15766112	-1	809984	411	0	0	411
2064713	-1	-1	0	0	0	0	0
2074711	11872120	-1	2031616	1369	0	0	1369
2081712	-1	-1	0	0	0	0	0
2087711	17584656	-1	1439744	655	0	0	655
2097712	-1	-1	0	0	0	0	0
2107710	2453976	-1	902144	2941	0	0	3274
2114710	1258888	-1	488448	3104	0	0	3104
2122710	-1	-1	73728	1028	0	0	1488
2130710	-1	-1	123764	9368	0	0	9368
2137709	1124136	-1	972800	6923	0	0	6923
2146708	512728	-1	540672	8436	0	0	8436
2155725	1004064	-1	1050624	8371	0	0	8371
2162722	536440	-1	219136	3268	0	0	3268
2171708	1045920	-1	525312	4018	0	0	4018
2180707	1027920	-1	134144	1044	0	0	1267
2184707	845016	-1	392192	3713	0	0	3713
2193719	757560	-1	346112	3655	0	0	3655
2202709	1174592	-1	559104	3808	0	0	3808
2211721	-1	-1	0	0	0	0	0
2218704	-1	-1	0	0	0	0	0
2226704	1727544	-1	543744	2518	0	0	2518
2229703	-1	-1	0	0	0	0	0
2237703	3066008	-1	786432	2052	0	0	2052
2240703	-1	-1	128000	61	0	0	61
2250705	-1	-1	0	0	0	0	0
2259703	1590280	-1	555008	2792	0	0	2792
2264711	-1	-1	0	0	0	0	0
