88230360	-1	-1	32768	930	0	0	3676
88235373	7975360	-1	2224128	2231	0	0	2231
88244367	-1	-1	0	0	0	0	0
88253371	-1	-1	0	0	0	0	0
88262368	-1	-1	0	0	0	0	0
88271366	1963232	-1	818176	3334	0	0	3334
88277360	-1	-1	0	0	0	0	0
88286364	1902680	-1	1005568	4228	0	0	4228
88295361	-1	-1	0	0	0	0	0
88301370	2319672	-1	681984	2352	0	0	2352
88309369	-1	-1	0	0	0	0	0
88315359	2773264	-1	666624	1923	0	0	1923
88323362	-1	-1	0	0	0	0	0
88331364	3405480	-1	1073152	2521	0	0	2521
88439589	3711088	-1	9088000	19591	0	0	19591
88441588	4308384	-1	1017856	1890	0	0	1890
88538319	3621568	-1	1770496	3911	0	0	3911
88543319	-1	-1	0	0	0	0	0
88553320	-1	-1	0	0	0	0	0
88561328	-1	-1	0	0	0	0	0
88570319	-1	-1	0	0	0	0	0
88579319	-1	-1	0	0	0	0	0
88586319	-1	-1	0	0	0	0	0
88594329	-1	-1	0	0	0	0	0
88604324	-1	-1	0	0	0	0	0
88609324	-1	-1	0	0	0	0	0
88618322	-1	-1	0	0	0	0	0
88623319	-1	-1	0	0	0	0	0
88631319	-1	-1	0	0	0	0	0
88634181	4637824	-1	1064960	1837	0	0	1837
88635182	6565136	-1	582656	710	0	0	710
88636182	-1	-1	0	0	0	0	0
88637185	-1	-1	0	0	0	0	0
88638181	-1	-1	0	0	0	0	0
88639182	-1	-1	0	0	0	0	0
88649181	-1	-1	0	0	0	0	0
88652194	-1	-1	0	0	0	0	0
88661184	-1	-1	0	0	0	0	0
88671181	-1	-1	0	0	0	0	0
88678182	-1	-1	0	0	0	0	0
88684194	5965072	-1	2458356	3297	0	0	3297
88693181	-1	-1	0	0	0	0	0
88702185	3471736	-1	1765376	4068	0	0	4068
88711183	5260128	-1	936960	1425	0	0	1578
88715193	3989680	-1	1133568	2273	0	0	2273
88722181	-1	-1	0	0	0	0	0
88729181	6822944	-1	2500608	2932	0	0	2932
88736182	-1	-1	0	0	0	0	0
88743182	-1	-1	0	0	0	0	0
88746187	-1	-1	0	0	0	0	0
88755181	3200176	-1	2035712	5089	0	0	5143
88765182	3600800	-1	2483200	5517	0	0	5517
88767193	5939320	-1	1255424	1691	0	0	1691
88776195	-1	-1	0	0	0	0	0
88783182	4504816	-1	2059264	3657	0	0	3657
88790187	-1	-1	0	0	0	0	0
88797181	3376960	-1	1235968	2928	0	0	2928
88806189	-1	-1	0	0	0	0	0
88813195	5371944	-1	1907712	2841	0	0	2841
88821190	-1	-1	0	0	0	0	0
88828181	4815512	-1	1137664	1890	0	0	1890
88836188	-1	-1	0	0	0	0	0
88845189	6706640	-1	1525760	1820	0	0	1820
88854187	-1	-1	0	0	0	0	0
88862187	4524256	-1	881664	1559	0	0	1559
88866181	-1	-1	0	0	0	0	0
88875188	5549184	-1	2350080	3388	0	0	3388
88884181	-1	-1	0	0	0	0	0
88893182	5451392	-1	1309696	1922	0	0	1922
88898191	-1	-1	0	0	0	0	0
88907192	4609160	-1	1273856	2211	0	0	2211
88913194	-1	-1	0	0	0	0	0
88922192	-1	-1	0	0	0	0	0
88929186	5631760	-1	1488896	2115	0	0	2115
88932185	-1	-1	0	0	0	0	0
88941192	2452488	-1	147456	481	0	0	622
88946187	4758392	-1	2604032	4378	0	0	4378
88952187	-1	-1	0	0	0	0	0
88962181	-1	-1	0	0	0	0	0
88971194	-1	-1	40960	299	0	0	466
88976180	4108200	-1	1896448	3693	0	0	3693
88986194	-1	-1	0	0	0	0	0
88992187	4942560	-1	1665024	2695	0	0	2695
88999182	3622352	-1	622592	1375	0	0	1388
89003189	3745296	-1	852992	1822	0	0	1822
89011182	-1	-1	0	0	0	0	0
89021181	-1	-1	0	0	0	0	0
89028191	-1	-1	0	0	0	0	0
89036181	5539776	-1	1783808	2576	0	0	2576
89044188	-1	-1	0	0	0	0	0
89052184	3928072	-1	826368	1683	0	0	1683
89060189	-1	-1	0	0	0	0	0
89065193	-1	-1	0	0	0	0	0
89071191	-1	-1	0	0	0	0	0
89079193	2619136	-1	1688688	5158	0	0	5158
89087194	712168	-1	175104	1967	0	0	1967
89096181	2894128	-1	676864	1871	0	0	1871
89105188	-1	-1	0	0	0	0	0
89114195	4703328	-1	868352	1477	0	0	1477
89123183	-1	-1	0	0	0	0	0
89131186	3805952	-1	550912	1158	0	0	1158
89134194	-1	-1	0	0	0	0	0
89143181	2455192	-1	836608	2726	0	0	2726
89152183	-1	-1	0	0	0	0	0
89161181	1924352	-1	1167360	4853	0	0	4853
89170192	4051072	-1	1107968	2188	0	0	2188
89179191	-1	-1	0	0	0	0	0
89183182	-1	-1	0	0	0	0	0
89192181	2198280	-1	1419264	5165	0	0	5340
89202192	3418880	-1	2050048	4797	0	0	4797
89205182	-1	-1	100352	221	0	0	221
89212181	-1	-1	0	0	0	0	0
89222185	-1	-1	0	0	0	0	0
89230182	-1	-1	0	0	0	0	0
89237191	4024296	-1	1896448	3770	0	0	3770
89246191	-1	-1	0	0	0	0	0
89255182	4396376	-1	659456	1200	0	0	1200
89263181	-1	-1	0	0	0	0	0
89271187	4606088	-1	2001920	3477	0	0	3477
89280187	-1	-1	0	0	0	0	0
89290181	-1	-1	0	0	0	0	0
89299185	-1	-1	0	0	0	0	0
89306181	3378072	-1	2452480	5808	0	0	5808
89315186	-1	-1	117760	216	0	0	216
89322193	3078064	-1	1494016	3883	0	0	3883
89330186	-1	-1	0	0	0	0	0
89338187	2687480	-1	1656832	4932	0	0	4932
89348182	-1	-1	0	0	0	0	0
89356182	5944224	-1	1180672	1589	0	0	1589
89365181	-1	-1	0	0	0	0	0
89371194	-1	-1	0	0	0	0	0
89375187	-1	-1	0	0	0	0	0
89384191	3849224	-1	1748992	3635	0	0	3635
89393190	-1	-1	0	0	0	0	0
89402191	3215184	-1	1859584	4627	0	0	4627
89411188	-1	-1	0	0	0	0	0
89419181	1890960	-1	1189888	5034	0	0	5034
89428181	2599808	-1	969728	2984	0	0	2984
89438193	2857416	-1	1860176	5208	0	0	5208
89447186	1650232	-1	799744	3877	0	0	3877
89457180	4148040	-1	1999872	3857	0	0	3857
89466185	-1	-1	0	0	0	0	0
89475181	3868216	-1	1930240	3992	0	0	3992
89484181	-1	-1	0	0	0	0	0
89493183	-1	-1	0	0	0	0	0
89502181	2851784	-1	1326080	3720	0	0	3847
89504194	1864320	-1	381952	1639	0	0	1639
89514195	-1	-1	0	0	0	0	0
89521185	-1	-1	0	0	0	0	0
89531184	-1	-1	0	0	0	0	0
89537189	1399160	-1	861184	4924	0	0	5020
89545184	1691352	-1	758784	3589	0	0	3589
89550190	3562784	-1	1676288	3764	0	0	3764
89559192	-1	-1	0	0	0	0	0
89567188	-1	-1	0	0	0	0	0
89569183	-1	-1	0	0	0	0	0
89578181	3161448	-1	1958912	4957	0	0	4957
89587190	4758840	-1	143360	241	0	0	241
89596195	-1	-1	0	0	0	0	0
89604193	-1	-1	0	0	0	0	0
89614182	2322248	-1	1372160	4727	0	0	4727
89623182	3243272	-1	455680	1124	0	0	1124
89632188	4030864	-1	1077248	2138	0	0	2138
89640180	-1	-1	0	0	0	0	0
89645187	-1	-1	0	0	0	0	0
89653193	4103192	-1	1461248	2849	0	0	2849
89655187	-1	-1	0	0	0	0	0
89664181	-1	-1	0	0	0	0	0
89674183	-1	-1	0	0	0	0	0
89682186	-1	-1	65536	402	0	0	491
89687182	4024736	-1	1330176	2644	0	0	2644
89694184	-1	-1	0	0	0	0	0
89703184	2782848	-1	1219584	3506	0	0	3506
89712189	-1	-1	0	0	0	0	0
89721183	-1	-1	0	0	0	0	0
89724180	-1	-1	0	0	0	0	0
89733184	2780920	-1	1227776	3532	0	0	3532
89742185	-1	-1	0	0	0	0	0
89747186	-1	-1	0	0	0	0	0
89753180	-1	-1	0	0	0	0	0
89762184	3269840	-1	1635328	4001	0	0	4001
89769187	-1	-1	0	0	0	0	0
89778184	-1	-1	0	0	0	0	0
89787194	-1	-1	0	0	0	0	0
89794188	5333720	-1	1253424	1880	0	0	1989
89802189	-1	-1	0	0	0	0	0
89812187	3725832	-1	788480	1693	0	0	1693
89817193	-1	-1	0	0	0	0	0
89826196	3287232	-1	709632	1727	0	0	1727
89836184	-1	-1	0	0	0	0	0
89844183	3572320	-1	841728	1885	0	0	1885
89851184	-1	-1	0	0	0	0	0
89860192	2822328	-1	756736	2145	0	0	2145
89870194	3005176	-1	851968	2268	0	0	2268
89873186	-1	-1	0	0	0	0	0
89881184	-1	-1	0	0	0	0	0
89890190	2531960	-1	1213440	3834	0	0	3834
89897181	-1	-1	0	0	0	0	0
89904191	2795192	-1	975872	2793	0	0	2793
89914194	-1	-1	0	0	0	0	0
89921196	2489040	-1	875520	2814	0	0	2814
89930182	-1	-1	0	0	0	0	0
89939188	2241840	-1	654336	2335	0	0	2335
89945190	-1	-1	0	0	0	0	0
89954186	2533968	-1	1270784	4012	0	0	4012
89962193	-1	-1	0	0	0	0	0
89970181	3239088	-1	791552	1955	0	0	1955
89977183	-1	-1	0	0	0	0	0
89986194	3485416	-1	561152	1288	0	0	1288
89995190	-1	-1	0	0	0	0	0
90003185	2222512	-1	691200	2488	0	0	2488
90006181	-1	-1	0	0	0	0	0
90015182	2672176	-1	888832	2661	0	0	2661
90024192	-1	-1	0	0	0	0	0
90033182	2556432	-1	1146880	3589	0	0	3589
90042196	-1	-1	0	0	0	0	0
90048181	-1	-1	0	0	0	0	0
90053181	-1	-1	0	0	0	0	0
90060188	4354840	-1	1421312	2611	0	0	2611
90069194	-1	-1	0	0	0	0	0
90077182	2840512	-1	1324032	3729	0	0	3729
90083186	-1	-1	0	0	0	0	0
90092189	1983104	-1	868352	3503	0	0	3503
90101196	-1	-1	0	0	0	0	0
90110188	2593240	-1	843776	2603	0	0	2603
90120196	-1	-1	0	0	0	0	0
90128184	-1	-1	0	0	0	0	0
90137181	4664464	-1	2045952	3509	0	0	3614
90139184	6358824	-1	340992	429	0	0	429
90147195	-1	-1	0	0	0	0	0
90156187	4809360	-1	949248	1579	0	0	1579
90164182	-1	-1	0	0	0	0	0
90172195	2816456	-1	472108	1341	0	0	1341
90180188	-1	-1	0	0	0	0	0
90189192	3798560	-1	1170432	2465	0	0	2465
90193183	-1	-1	0	0	0	0	0
90202190	3051048	-1	1397760	3665	0	0	3665
90212188	-1	-1	0	0	0	0	0
90220182	2226088	-1	1152000	4140	0	0	4140
90227189	-1	-1	0	0	0	0	0
90236191	-1	-1	0	0	0	0	0
90240182	1648096	-1	278528	1352	0	0	1586
90244190	3260768	-1	1583104	3884	0	0	3884
90253183	4035544	-1	546816	1084	0	0	1084
90259184	-1	-1	0	0	0	0	0
90264184	-1	-1	0	0	0	0	0
90271182	2579256	-1	1319936	4094	0	0	4094
90280191	-1	-1	0	0	0	0	0
90287190	4327968	-1	1423360	2631	0	0	2631
90296195	-1	-1	0	0	0	0	0
90305190	2349368	-1	1406976	4791	0	0	4791
90314190	-1	-1	0	0	0	0	0
90323194	-1	-1	0	0	0	0	0
90331195	-1	-1	0	0	0	0	0
90338182	3884168	-1	1117184	2301	0	0	2301
90343181	-1	-1	0	0	0	0	0
90349181	2189968	-1	714752	2611	0	0	2611
90357193	3709584	-1	565248	1219	0	0	1220
90361196	5436744	-1	1283072	1888	0	0	1888
90370193	-1	-1	0	0	0	0	0
90380187	-1	-1	0	0	0	0	0
90389181	-1	-1	0	0	0	0	0
90395182	5286896	-1	1613824	2442	0	0	2442
90401181	-1	-1	0	0	0	0	0
90409190	-1	-1	0	0	0	0	0
90414181	-1	-1	0	0	0	0	0
90424186	5891664	-1	1285120	1745	0	0	1745
90429196	-1	-1	0	0	0	0	0
90438193	6460936	-1	1028096	1273	0	0	1273
90447180	-1	-1	0	0	0	0	0
90456196	2189176	-1	869376	3177	0	0	3177
90463188	-1	-1	0	0	0	0	0
90469185	-1	-1	0	0	0	0	0
90477181	-1	-1	81920	330	0	0	347
90482193	4758072	-1	1320960	2221	0	0	2221
90491181	-1	-1	0	0	0	0	0
90500188	4194896	-1	521216	994	0	0	-1
90508188	-1	-1	0	0	0	0	-1
90517181	1909904	-1	626688	2625	0	0	-1
90527188	1878712	-1	931840	3968	0	0	-1
90535194	1026600	-1	504832	3934	0	0	-1
90544183	-1	-1	0	0	0	0	-1
90552183	4134472	-1	1045504	2023	0	0	-1
90561181	-1	-1	0	0	0	0	-1
90721861	-1	-1	114688	1928	0	0	27813
90729865	390240	-1	393216	8061	0	0	8061
90737858	2601056	-1	2424832	7458	0	0	7458
90744860	3749264	-1	680960	1453	0	0	1453
90753857	-1	-1	0	0	0	0	0
90761859	2597608	-1	1339392	4125	0	0	4125
90768861	-1	-1	0	0	0	0	0
90778863	4603312	-1	943104	1639	0	0	1639
90787852	-1	-1	0	0	0	0	0
90796861	3115352	-1	1039360	2669	0	0	2669
90805859	-1	-1	0	0	0	0	0
90814862	2725936	-1	786432	2308	0	0	2308
90823853	-1	-1	0	0	0	0	0
90832855	3926360	-1	1303552	2656	0	0	2656
90841856	-1	-1	0	0	0	0	0
90850867	1440392	-1	890880	4948	0	0	4948
90857853	6227592	-1	152576	196	0	0	196
90864855	-1	-1	0	0	0	0	0
90870860	-1	-1	0	0	0	0	0
90879861	2828736	-1	1969152	5569	0	0	5569
90888861	1286960	-1	319488	1986	0	0	1986
90897853	1475648	-1	1025024	5557	0	0	5684
90904866	3521168	-1	649216	1475	0	0	1475
90913859	1888520	-1	1148928	4867	0	0	4867
90922864	-1	-1	50176	538	0	0	538
90931866	2968920	-1	1907904	5141	0	0	5141
90940860	-1	-1	0	0	0	0	0
90948858	4256272	-1	1318912	2479	0	0	2479
90957862	-1	-1	0	0	0	0	0
90966857	-1	-1	0	0	0	0	0
90975866	-1	-1	0	0	0	0	0
90982852	1742584	-1	1061888	4875	0	0	4894
90991865	1809864	-1	466944	2064	0	0	2064
90997859	3573144	-1	948224	2123	0	0	2123
91006858	-1	-1	0	0	0	0	0
91015858	3723408	-1	1499136	3221	0	0	3221
91024855	-1	-1	0	0	0	0	0
91033855	-1	-1	0	0	0	0	0
91042863	-1	-1	0	0	0	0	0
91049857	2369768	-1	1199104	4048	0	0	4048
91059852	-1	-1	0	0	0	0	0
91064862	-1	-1	0	0	0	0	0
91070852	-1	-1	0	0	0	0	0
91078860	3357664	-1	1760256	4194	0	0	4194
91082853	-1	-1	0	0	0	0	0
91091863	3600944	-1	1210368	2689	0	0	2689
91101853	-1	-1	0	0	0	0	0
91109861	-1	-1	0	0	0	0	0
91115861	-1	-1	0	0	0	0	0
91121865	4525104	-1	1247232	2205	0	0	2205
91130860	-1	-1	0	0	0	0	0
91139864	4782312	-1	1230848	2059	0	0	2059
91148851	-1	-1	0	0	0	0	0
91157852	4077928	-1	1155072	2266	0	0	2266
91166863	-1	-1	0	0	0	0	0
91175866	2007272	-1	946176	3771	0	0	3771
91184857	-1	-1	0	0	0	0	0
91191860	-1	-1	0	0	0	0	0
91196860	-1	-1	0	0	0	0	0
91202858	3464328	-1	1524736	3521	0	0	3521
91210865	-1	-1	0	0	0	0	0
91219853	3099240	-1	990208	2556	0	0	2556
91228855	-1	-1	0	0	0	0	0
91237858	3102712	-1	2095104	5402	0	0	5402
91244861	-1	-1	0	0	0	0	0
91254852	3480448	-1	619520	1424	0	0	1424
91262867	-1	-1	0	0	0	0	0
91271851	4908312	-1	2626560	4281	0	0	4281
91279862	-1	-1	0	0	0	0	0
91288859	3348832	-1	1379300	3295	0	0	3295
91297860	2190720	-1	314368	1148	0	0	1148
91301861	4195256	-1	324608	619	0	0	619
91310854	-1	-1	0	0	0	0	0
91319852	4824896	-1	765952	1270	0	0	1270
91322863	-1	-1	0	0	0	0	0
91331858	3341760	-1	2338816	5599	0	0	5599
91339863	-1	-1	0	0	0	0	0
91347859	3150952	-1	1343488	3411	0	0	3411
91356860	-1	-1	0	0	0	0	0
91365866	-1	-1	0	0	0	0	0
91370862	-1	-1	0	0	0	0	0
91377864	3522672	-1	2224128	5051	0	0	5051
91386866	4473264	-1	509952	912	0	0	912
91391861	3802224	-1	1504256	3165	0	0	3165
91400852	-1	-1	0	0	0	0	0
91407859	-1	-1	0	0	0	0	0
91416853	4024080	-1	1203200	2392	0	0	2392
91419852	-1	-1	0	0	0	0	0
91428859	-1	-1	0	0	0	0	0
91437851	4565288	-1	1135616	1990	0	0	1990
91446862	2714736	-1	581632	1714	0	0	1714
91450854	3409096	-1	137216	322	0	0	322
91456862	-1	-1	0	0	0	0	0
91465855	3252040	-1	887808	2184	0	0	2184
91475864	-1	-1	0	0	0	0	0
91482855	3165680	-1	752640	1902	0	0	1902
91489853	-1	-1	0	0	0	0	0
91496856	3542840	-1	550912	1244	0	0	1244
91505855	-1	-1	0	0	0	0	0
91513852	3365672	-1	1512448	3595	0	0	3595
91520859	-1	-1	0	0	0	0	0
91528864	-1	-1	0	0	0	0	0
91537866	-1	-1	0	0	0	0	0
91544853	3098088	-1	1565696	4043	0	0	4043
91553862	-1	-1	0	0	0	0	0
91562855	3088784	-1	659456	1708	0	0	1708
91566851	-1	-1	0	0	0	0	0
91575862	-1	-1	0	0	0	0	0
91578856	-1	-1	0	0	0	0	0
91587866	3174280	-1	2073600	5226	0	0	5226
91596863	2423360	-1	376832	1244	0	0	1244
91603853	4523744	-1	2425856	4290	0	0	4290
91613853	-1	-1	0	0	0	0	0
91618860	-1	-1	0	0	0	0	0
91625866	-1	-1	0	0	0	0	0
91631860	4338032	-1	2633728	4857	0	0	5009
91639854	3842264	-1	1628160	3390	0	0	3390
91648853	4857552	-1	1510092	2487	0	0	2487
91657864	-1	-1	0	0	0	0	0
91666856	1717832	-1	939008	4373	0	0	4373
91675857	-1	-1	0	0	0	0	0
91684865	1537328	-1	890880	4636	0	0	4636
91694856	-1	-1	0	0	0	0	0
91703855	2665032	-1	1011712	3037	0	0	3037
91713852	-1	-1	0	0	0	0	0
91723851	2970248	-1	702464	1892	0	0	1892
91730855	-1	-1	0	0	0	0	0
91738853	2634024	-1	1525760	4634	0	0	4634
91746852	-1	-1	0	0	0	0	0
91756863	3322648	-1	1231872	2966	0	0	2966
91765861	-1	-1	0	0	0	0	0
91773859	-1	-1	0	0	0	0	0
91782865	-1	-1	0	0	0	0	0
91787864	3134536	-1	1475584	3766	0	0	3766
91794864	-1	-1	0	0	0	0	0
91803854	2692024	-1	1284096	3816	0	0	3816
91812856	-1	-1	0	0	0	0	0
91820863	2511752	-1	959488	3056	0	0	3056
91829864	-1	-1	0	0	0	0	0
91838856	-1	-1	0	0	0	0	0
91845862	-1	-1	0	0	0	0	524
91850861	2258272	-1	1256448	4451	0	0	4451
91856852	-1	-1	0	0	0	0	0
91863860	1199848	-1	647168	4315	0	0	4315
91873863	-1	-1	0	0	0	0	93
91878864	2715640	-1	1542144	4543	0	0	4543
91887855	-1	-1	0	0	0	0	0
91896852	-1	-1	0	0	0	0	0
91904858	-1	-1	0	0	0	0	0
91910855	4451416	-1	1564672	2812	0	0	2881
91920864	-1	-1	0	0	0	0	0
91926857	3315712	-1	802816	1937	0	0	1937
91934856	-1	-1	0	0	0	0	0
91941864	2456032	-1	1282048	4176	0	0	4176
91951854	1482480	-1	237568	1282	0	0	1959
91954865	2601376	-1	796672	2450	0	0	2450
91963861	-1	-1	0	0	0	0	0
91973855	2447056	-1	689152	2253	0	0	2253
91980854	-1	-1	0	0	0	0	0
91986862	2426288	-1	1420288	4683	0	0	4683
91991854	-1	-1	0	0	0	0	0
91999855	2159200	-1	1227776	4549	0	0	4549
92007866	2313160	-1	888832	3074	0	0	3074
92015857	2449944	-1	752440	2457	0	0	2457
92025851	-1	-1	0	0	0	0	0
92034862	2596424	-1	1624064	5004	0	0	5004
92042857	-1	-1	0	0	0	0	0
92048858	3128696	-1	1250304	3197	0	0	3197
92054864	-1	-1	0	0	0	0	0
92063852	3781512	-1	1009664	2136	0	0	2136
92072864	-1	-1	0	0	0	0	0
92080851	-1	-1	0	0	0	0	0
92088853	3560304	-1	442368	994	0	0	994
92092855	5528992	-1	2315264	3350	0	0	3350
92101857	-1	-1	0	0	0	0	0
92110859	3222744	-1	1611776	4001	0	0	4001
92119859	-1	-1	0	0	0	0	0
92128857	3729192	-1	1561600	3350	0	0	3350
92138866	2672568	-1	188416	564	0	0	692
92143853	2959688	-1	860160	2325	0	0	2325
92152866	-1	-1	0	0	0	0	0
92161863	-1	-1	0	0	0	0	0
92168862	-1	-1	24576	356	0	0	447
92173856	3872144	-1	1487872	3074	0	0	3074
92182859	-1	-1	0	0	0	0	0
92191860	2441992	-1	1458176	4777	0	0	4777
92200859	-1	-1	20480	1109	0	0	1109
92209863	3018104	-1	1175552	3116	0	0	3116
92218854	-1	-1	0	0	0	0	0
92226858	-1	-1	0	0	0	0	0
92231862	-1	-1	0	0	0	0	0
92237851	4334528	-1	865280	1597	0	0	1597
92245864	-1	-1	0	0	0	0	0
92251857	2189552	-1	1370112	5006	0	0	5006
92260862	-1	-1	0	0	0	0	0
92269862	3490672	-1	1113088	2551	0	0	2551
92278860	-1	-1	0	0	0	0	138
92283854	4385376	-1	752640	1373	0	0	1373
92292853	-1	-1	0	0	0	0	0
92299860	3373568	-1	1028096	2438	0	0	2438
92305853	-1	-1	0	0	0	0	0
92310856	4091680	-1	1456128	2847	0	0	2847
92319860	-1	-1	0	0	0	0	0
92329856	1792624	-1	1106944	4940	0	0	4940
92337864	995272	-1	443392	3564	0	0	3564
92347863	-1	-1	0	0	0	0	0
92354861	-1	-1	0	0	0	0	0
92360857	2543632	-1	1044480	3285	0	0	3285
92365856	-1	-1	0	0	0	0	0
92374865	1933888	-1	989184	4092	0	0	4092
92379858	-1	-1	0	0	0	0	0
92388862	1144848	-1	571424	3993	0	0	3993
92396858	-1	-1	0	0	0	0	0
92405854	2057920	-1	1274880	4956	0	0	5055
92415859	4262000	-1	565248	1061	0	0	1061
92424854	-1	-1	0	0	0	0	0
92431860	-1	-1	98304	479	0	0	491
92436863	2286544	-1	1349632	4722	0	0	4722
92444855	-1	-1	0	0	0	0	0
92451867	-1	-1	0	0	0	0	0
92460860	2711744	-1	1076224	3175	0	0	3468
92462852	2932256	-1	655360	1788	0	0	1992
92471855	2321192	-1	946176	3261	0	0	3261
92481862	-1	-1	0	0	0	0	0
92488857	-1	-1	8192	610	0	0	621
92493861	3039424	-1	1636352	4307	0	0	4307
92499851	-1	-1	0	0	0	0	0
92509854	1981976	-1	822272	3319	0	0	3319
92514858	-1	-1	0	0	0	0	0
92523860	2671672	-1	1143808	3425	0	0	3425
92528855	-1	-1	0	0	0	0	0
92537860	-1	-1	0	0	0	0	0
92546852	-1	-1	0	0	0	0	253
92551856	2601760	-1	1391616	4279	0	0	4279
92558859	-1	-1	0	0	0	0	0
92562863	-1	-1	0	0	0	0	0
92571866	-1	-1	0	0	0	0	0
92577863	4606920	-1	1906688	3311	0	0	3311
92584852	-1	-1	0	0	0	0	0
92593861	4263272	-1	1017856	1910	0	0	1910
92602854	-1	-1	0	0	0	0	0
92611865	-1	-1	0	0	0	0	0
92620855	-1	-1	0	0	0	0	0
92627853	3518272	-1	1318912	2999	0	0	2999
92636858	-1	-1	0	0	0	0	0
92644852	2841704	-1	1266688	3566	0	0	3566
92649858	-1	-1	0	0	0	0	0
92656863	-1	-1	0	0	0	0	0
92660854	-1	-1	0	0	0	0	0
92669852	5769096	-1	2009088	2786	0	0	2786
92677859	-1	-1	0	0	0	0	0
92686852	4530712	-1	1339392	2365	0	0	2365
92695860	-1	-1	0	0	0	0	0
92704861	3298288	-1	848896	2059	0	0	2059
92714853	-1	-1	0	0	0	0	0
92721863	1779920	-1	999424	4492	0	0	4492
92730863	-1	-1	0	0	0	0	0
92737859	3305088	-1	1435648	3475	0	0	3475
92741865	-1	-1	0	0	0	0	0
92750861	1761632	-1	934544	4244	0	0	4244
92759852	-1	-1	0	0	0	0	0
92768857	1943760	-1	973824	4008	0	0	4008
92774851	-1	-1	0	0	0	0	0
92783861	3147328	-1	1080320	2746	0	0	2746
92793855	-1	-1	0	0	0	0	0
92799861	1879592	-1	640000	2724	0	0	2724
92808866	-1	-1	0	0	0	0	0
92816863	4062448	-1	1363968	2686	0	0	2686
92825864	-1	-1	0	0	0	0	0
92829866	-1	-1	0	0	0	0	0
92838865	-1	-1	0	0	0	0	0
92844852	4101768	-1	2548736	4971	0	0	4971
92853855	-1	-1	0	0	0	0	0
92862864	-1	-1	0	0	0	0	0
92867862	-1	-1	0	0	0	0	0
92873856	1556544	-1	950272	4884	0	0	5271
92878862	1649544	-1	848896	4117	0	0	4117
92888856	2907112	-1	1737728	4782	0	0	4782
92896851	2127280	-1	164864	620	0	0	620
92906865	2243984	-1	1406976	5016	0	0	5016
92914855	2969752	-1	754688	2033	0	0	2033
92922864	3615072	-1	2055168	4548	0	0	4548
92931861	-1	-1	0	0	0	0	0
92941857	3764176	-1	1097728	2333	0	0	2333
92948867	-1	-1	0	0	0	0	0
92956864	2566856	-1	599040	1867	0	0	1867
92965857	-1	-1	0	0	0	0	0
92975866	1935144	-1	1163264	4809	0	0	4809
92985867	1843144	-1	813056	3529	0	0	3529
92993853	-1	-1	0	0	0	0	0
92998864	-1	-1	0	0	0	0	0
93006852	3977904	-1	2828288	5688	0	0	5688
93015865	4311856	-1	828416	1537	0	0	1537
93021853	-1	-1	0	0	0	0	0
93027859	-1	-1	0	0	0	0	0
93035853	4486272	-1	3054592	5447	0	0	5447
93044864	-1	-1	0	0	0	0	0
93050852	3234840	-1	1957888	4842	0	0	-1
93060856	-1	-1	107520	160	0	0	-1
93070853	2555800	-1	778240	2436	0	0	-1
93079859	3669712	-1	2071552	4516	0	0	-1
93088851	2173088	-1	1374208	5059	0	0	-1
93095856	-1	-1	0	0	0	0	-1
93102851	-1	-1	0	0	0	0	-1
93111855	4562936	-1	2151424	3772	0	0	-1
93112859	-1	-1	0	0	0	0	-1
93121857	-1	-1	0	0	0	0	-1
93296752	1998296	-1	401408	1607	0	0	14098
93306762	2482232	-1	3178496	10244	0	0	10244
93314753	4510336	-1	390144	692	0	0	692
93321752	-1	-1	0	0	0	0	0
93329752	3313088	-1	2168832	5237	0	0	5237
93334758	3157160	-1	389120	986	0	0	986
93342758	2043496	-1	1276928	4999	0	0	4999
93349752	2382320	-1	1101824	3700	0	0	3700
93358758	-1	-1	0	0	0	0	0
93367752	-1	-1	0	0	0	0	0
93374752	3406048	-1	2353152	5527	0	0	5527
93382752	4457408	-1	1022976	1836	0	0	1836
93389762	3586736	-1	2434048	5429	0	0	5429
93398758	4054208	-1	397312	784	0	0	784
93407752	2759632	-1	1463296	4242	0	0	4242
93416752	-1	-1	0	0	0	0	0
93425752	-1	-1	0	0	0	0	0
93434756	-1	-1	40960	406	0	0	465
93439752	3625432	-1	1708032	3769	0	0	3769
93448760	-1	-1	0	0	0	0	0
93455762	4244944	-1	817152	1540	0	0	1540
93462752	-1	-1	0	0	0	0	0
93470757	4138056	-1	1007616	1948	0	0	1948
93475752	-1	-1	0	0	0	0	0
93484764	2390984	-1	742400	2484	0	0	2484
93491756	-1	-1	0	0	0	0	0
93500764	4197064	-1	716124	1365	0	0	1365
93509751	-1	-1	0	0	0	0	0
93515752	3375616	-1	832512	1973	0	0	1973
93523763	-1	-1	0	0	0	0	92
93528751	1934288	-1	879616	3638	0	0	3638
93538759	-1	-1	0	0	0	0	0
93546754	4218800	-1	1090560	2068	0	0	2068
93553757	-1	-1	0	0	0	0	0
93560753	-1	-1	0	0	0	0	0
93565763	-1	-1	0	0	0	0	0
93574755	3352064	-1	1577984	3766	0	0	3766
93580765	-1	-1	0	0	0	0	0
93589751	2972904	-1	1013760	2728	0	0	2728
93599752	-1	-1	0	0	0	0	0
93606758	-1	-1	0	0	0	0	0
93610754	-1	-1	0	0	0	0	0
93619762	2847888	-1	1517568	4263	0	0	4263
93625751	-1	-1	0	0	0	0	0
93633752	4472296	-1	1375232	2460	0	0	2460
93643753	-1	-1	0	0	0	0	0
93652752	3898304	-1	716800	1471	0	0	1471
93661757	-1	-1	0	0	0	0	0
93671761	4897776	-1	1266688	2069	0	0	2069
93679762	-1	-1	0	0	0	0	0
93687763	3819064	-1	741376	1553	0	0	1553
93695766	-1	-1	0	0	0	0	0
93702755	3917688	-1	764928	1562	0	0	1562
93709754	-1	-1	0	0	0	0	0
93717752	-1	-1	0	0	0	0	0
93724751	3174752	-1	229376	578	0	0	580
93729760	3967064	-1	1149952	2319	0	0	2319
93736751	-1	-1	0	0	0	0	0
93745753	-1	-1	0	0	0	0	0
93749756	-1	-1	0	0	0	0	0
93757758	4053800	-1	1524736	3009	0	0	3009
93766751	-1	-1	0	0	0	0	0
93774752	2254776	-1	1314816	4665	0	0	4665
93783752	-1	-1	0	0	0	0	0
93793753	-1	-1	0	0	0	0	0
93798760	-1	-1	0	0	0	0	0
93807766	4294352	-1	1141760	2127	0	0	2127
93811751	-1	-1	0	0	0	0	0
93819765	-1	-1	0	0	0	0	0
93828751	-1	-1	0	0	0	0	0
93834752	4806440	-1	1683456	2802	0	0	2802
93843753	-1	-1	0	0	0	0	0
93853758	4360912	-1	986112	1809	0	0	1809
93860751	-1	-1	0	0	0	0	0
93866761	3704080	-1	667660	1442	0	0	1442
93876752	-1	-1	0	0	0	0	0
93885764	3547344	-1	1393664	3143	0	0	3143
93895752	-1	-1	0	0	0	0	0
93901752	-1	-1	0	0	0	0	0
93909751	-1	-1	0	0	0	0	0
93916751	5087760	-1	1636352	2573	0	0	2573
93926756	-1	-1	0	0	0	0	0
93932760	-1	-1	0	0	0	0	0
93941752	2708520	-1	876544	2589	0	0	2702
93944758	4711736	-1	901120	1530	0	0	1530
93951759	-1	-1	0	0	0	0	0
93960752	3677240	-1	1438720	3130	0	0	3130
93968766	-1	-1	0	0	0	0	0
93977751	-1	-1	0	0	0	0	0
93984752	-1	-1	0	0	0	0	0
93990756	2260048	-1	1293312	4578	0	0	4578
93995751	-1	-1	0	0	0	0	0
94004761	4594624	-1	1297408	2259	0	0	2259
94014764	-1	-1	0	0	0	0	0
94022755	-1	-1	0	0	0	0	0
94027763	-1	-1	0	0	0	0	0
94036766	5120000	-1	1633280	2552	0	0	2552
94043753	-1	-1	32768	268	0	0	345
94048762	5733600	-1	733184	1023	0	0	1023
94057751	-1	-1	0	0	0	0	0
94064766	3236304	-1	1996800	4936	0	0	4936
94072751	-1	-1	122880	624	0	0	624
94079760	2162432	-1	1315840	4868	0	0	4868
94088752	1008592	-1	737280	5848	0	0	5848
94097764	2736864	-1	1809408	5289	0	0	5289
94105752	-1	-1	0	0	0	0	0
94114763	-1	-1	0	0	0	0	0
94116751	-1	-1	0	0	0	0	0
94125751	2550656	-1	1257472	3944	0	0	3944
94133757	-1	-1	0	0	0	0	0
94142767	1179104	-1	606208	4113	0	0	4999
94150756	1594960	-1	1180672	5922	0	0	5922
94158752	1708296	-1	1031168	4829	0	0	4829
94167751	-1	-1	0	0	0	0	0
94176752	2915464	-1	457728	1256	0	0	1256
94185751	2688496	-1	609280	1813	0	0	1813
94188760	3855800	-1	936960	1944	0	0	1944
94197751	-1	-1	0	0	0	0	0
94206767	2781568	-1	1212416	3487	0	0	3487
94216764	-1	-1	0	0	0	0	0
94223751	-1	-1	0	0	0	0	0
94229753	-1	-1	0	0	0	0	0
94236765	3575432	-1	1995092	4464	0	0	4464
94239751	-1	-1	0	0	0	0	0
94248756	2835584	-1	1042432	2941	0	0	2941
94257753	-1	-1	0	0	0	0	0
94263755	4354624	-1	1008640	1853	0	0	1853
94272752	-1	-1	0	0	0	0	0
94281761	2317256	-1	799744	2761	0	0	2761
94288751	-1	-1	0	0	0	0	0
94294751	1798104	-1	650240	2893	0	0	2893
94303758	-1	-1	0	0	0	0	0
94312751	4653776	-1	845824	1454	0	0	1454
94319761	-1	-1	0	0	0	0	0
94326752	4698520	-1	830464	1414	0	0	1414
94333753	-1	-1	0	0	0	0	0
94342763	4110504	-1	1740800	3388	0	0	3388
94351751	-1	-1	0	0	0	0	0
94359751	-1	-1	0	0	0	0	0
94368757	2657640	-1	571392	1720	0	0	1886
94372763	4408128	-1	1178624	2139	0	0	2139
94378763	-1	-1	0	0	0	0	0
94386757	3667120	-1	1129472	2464	0	0	2464
94392756	-1	-1	0	0	0	0	0
94400765	3798664	-1	1399808	2948	0	0	2948
94407752	-1	-1	0	0	0	0	0
94416751	5359472	-1	1400832	2091	0	0	2091
94425755	-1	-1	0	0	0	0	0
94434752	-1	-1	0	0	0	0	0
94442752	-1	-1	0	0	0	0	0
94450751	3947248	-1	1929216	3910	0	0	3910
94458751	-1	-1	0	0	0	0	0
94465752	3403528	-1	918528	2159	0	0	2159
94474760	-1	-1	0	0	0	0	0
94483751	5013944	-1	1071104	1709	0	0	1709
94493756	-1	-1	0	0	0	0	0
94503755	5898824	-1	1238016	1679	0	0	1679
94513751	-1	-1	0	0	0	0	0
94522752	3777600	-1	984064	2084	0	0	2084
94531754	-1	-1	0	0	0	0	0
94540753	3470440	-1	803840	1853	0	0	1853
94546754	-1	-1	0	0	0	0	0
94554751	1828912	-1	786432	3440	0	0	3440
94563765	-1	-1	0	0	0	0	125
94568763	4645144	-1	1000448	1723	0	0	1723
94575751	-1	-1	0	0	0	0	0
94585752	3972264	-1	641024	1291	0	0	1291
94592751	-1	-1	0	0	0	0	0
94601767	3729328	-1	854016	1832	0	0	1832
94609753	-1	-1	0	0	0	0	0
94615762	2077400	-1	507664	1955	0	0	1955
94620752	-1	-1	0	0	0	0	0
94628755	4985720	-1	1245184	1998	0	0	1998
94636751	-1	-1	0	0	0	0	0
94646751	-1	-1	0	0	0	0	0
94653759	-1	-1	0	0	0	0	0
94660751	4840584	-1	1554432	2569	0	0	2569
94667752	-1	-1	0	0	0	0	0
94676754	-1	-1	0	0	0	0	0
94679751	-1	-1	0	0	0	0	0
94688752	2221416	-1	1344512	4842	0	0	4842
94695753	-1	-1	0	0	0	0	0
94701752	1714128	-1	862208	4024	0	0	4024
94711755	-1	-1	0	0	0	0	0
94720752	-1	-1	0	0	0	0	0
94726752	3292232	-1	262144	637	0	0	645
94731752	2703480	-1	950272	2812	0	0	2812
94740752	-1	-1	0	0	0	0	0
94750753	3125784	-1	788480	2018	0	0	2018
94757751	3782416	-1	599040	1267	0	0	1267
94761752	8354216	-1	210944	202	0	0	202
94769752	-1	-1	0	0	0	0	0
94777751	5617224	-1	1094656	1559	0	0	1559
94787754	-1	-1	0	0	0	0	0
94796754	-1	-1	0	0	0	0	0
94802758	-1	-1	0	0	0	0	0
94810752	2207176	-1	1430528	5185	0	0	5185
94817752	791064	-1	152576	1543	0	0	1543
94823757	2751832	-1	931840	2709	0	0	2709
94832752	-1	-1	0	0	0	0	0
94840752	3654376	-1	1232896	2699	0	0	2699
94847751	-1	-1	24576	255	0	0	259
94852757	4758048	-1	1122304	1887	0	0	1887
94861752	-1	-1	0	0	0	0	0
94868761	-1	-1	0	0	0	0	0
94877751	-1	-1	0	0	0	0	0
94884767	4061144	-1	1192960	2350	0	0	2350
94889751	-1	-1	0	0	0	0	0
94896752	2874872	-1	959488	2670	0	0	2670
94901752	-1	-1	0	0	0	0	0
94910751	-1	-1	0	0	0	0	0
94917752	-1	-1	0	0	0	0	0
94926755	5628840	-1	1594368	2266	0	0	2266
94935756	2138704	-1	229376	858	0	0	858
94939760	4936208	-1	818176	1326	0	0	1326
94948755	-1	-1	0	0	0	0	0
94958757	6608344	-1	1384448	1676	0	0	1676
94967764	-1	-1	0	0	0	0	0
94977755	2439840	-1	491628	1612	0	0	1612
94983766	-1	-1	0	0	0	0	0
94992752	1787056	-1	913408	4089	0	0	4089
94999751	-1	-1	0	0	0	0	0
95003752	-1	-1	0	0	0	0	0
95010752	-1	-1	0	0	0	0	0
95018753	3190592	-1	1546240	3877	0	0	3877
95024763	-1	-1	0	0	0	0	0
95033758	1131832	-1	568320	4017	0	0	4167
95040760	2230384	-1	710656	2549	0	0	2549
95048755	-1	-1	0	0	0	0	0
95050751	-1	-1	0	0	0	0	0
95059751	4214608	-1	1564672	2970	0	0	2970
95068753	-1	-1	0	0	0	0	0
95076752	-1	-1	0	0	0	0	0
95084754	2612728	-1	393216	1204	0	0	1236
95088759	4476208	-1	2230272	3986	0	0	4004
95096751	4222112	-1	1251328	2371	0	0	2371
95105752	-1	-1	0	0	0	0	0
95107764	-1	-1	0	0	0	0	0
95115753	2922928	-1	1997824	5468	0	0	5468
95124761	3865888	-1	344064	712	0	0	712
95131751	4184504	-1	944128	1805	0	0	1805
95141761	-1	-1	0	0	0	0	0
95150758	3912328	-1	1341440	2743	0	0	2743
95159751	-1	-1	0	0	0	0	0
95166753	3873856	-1	2258944	4665	0	0	4665
95176751	-1	-1	0	0	0	0	0
95184754	4998176	-1	2898944	4640	0	0	4640
95194751	-1	-1	0	0	0	0	0
95202762	-1	-1	0	0	0	0	0
95209752	-1	-1	0	0	0	0	0
95218765	5072424	-1	3125248	4929	0	0	4929
95226760	-1	-1	0	0	0	0	0
95235762	2528376	-1	1821696	5764	0	0	5870
95244752	5619840	-1	1064960	1516	0	0	1516
95254760	4799112	-1	1862656	3105	0	0	3105
95261760	-1	-1	0	0	0	0	0
95270751	4259920	-1	2115584	3973	0	0	3973
95278758	-1	-1	0	0	0	0	0
95287752	-1	-1	0	0	0	0	0
95293755	-1	-1	0	0	0	0	44
95298764	4525968	-1	2355200	4163	0	0	4163
95307751	-1	-1	0	0	0	0	0
95316761	2194016	-1	742400	2707	0	0	2707
95324761	-1	-1	0	0	0	0	0
95331752	1919624	-1	1213440	5057	0	0	5057
95340759	-1	-1	78848	285	0	0	285
95348751	-1	-1	0	0	0	0	0
95352751	-1	-1	0	0	0	0	0
95360758	3340904	-1	1846268	4421	0	0	4421
95369753	-1	-1	0	0	0	0	0
95377751	3485632	-1	929792	2134	0	0	2134
95386763	-1	-1	0	0	0	0	0
95394753	4493696	-1	792576	1411	0	0	1411
95404751	-1	-1	0	0	0	0	0
95412761	2733112	-1	761856	2230	0	0	2230
95414751	-1	-1	0	0	0	0	0
95422760	4264392	-1	920576	1727	0	0	1727
95429752	-1	-1	0	0	0	0	0
95438761	4686560	-1	885760	1512	0	0	1512
95448758	-1	-1	0	0	0	0	0
95456764	4069040	-1	1159168	2279	0	0	2279
95464763	-1	-1	0	0	0	0	0
95471762	-1	-1	0	0	0	0	0
95478751	-1	-1	0	0	0	0	0
95485760	5406632	-1	1282048	1897	0	0	1897
95494752	-1	-1	0	0	0	0	0
95500752	4968048	-1	1347584	2170	0	0	2170
95509764	-1	-1	0	0	0	0	0
95518752	5003024	-1	979968	1567	0	0	1567
95528759	-1	-1	0	0	0	0	0
95537751	3657344	-1	986112	2157	0	0	2157
95543765	-1	-1	0	0	0	0	0
95552758	-1	-1	0	0	0	0	0
95560751	-1	-1	0	0	0	0	0
95566754	3705416	-1	1287168	2779	0	0	2779
95574758	-1	-1	0	0	0	0	0
95584752	5757488	-1	842752	1171	0	0	1171
95593752	-1	-1	0	0	0	0	0
95602763	3452856	-1	879616	2038	0	0	2038
95612762	-1	-1	0	0	0	0	0
95619752	5685272	-1	580608	817	0	0	-1
95626756	-1	-1	0	0	0	0	-1
95632752	4702992	-1	1983488	3374	0	0	-1
95639757	8534144	-1	893952	838	0	0	-1
95647751	4243032	-1	1861632	3510	0	0	-1
95655758	-1	-1	0	0	0	0	-1
95662752	2672104	-1	1635328	4896	0	0	-1
95670751	1660376	-1	139264	671	0	0	-1
95680764	-1	-1	0	0	0	0	-1
95852899	725360	-1	163840	1807	0	0	23391
95856899	1926112	-1	983040	4083	0	0	4083
95865906	1963824	-1	1642496	6691	0	0	6691
95874898	-1	-1	0	0	0	0	0
95882901	-1	-1	0	0	0	0	0
95891894	2228888	-1	1410048	5061	0	0	5061
95901904	2505376	-1	220160	703	0	0	703
95910898	-1	-1	0	0	0	0	0
95915896	-1	-1	0	0	0	0	0
95921891	1597640	-1	1099776	5507	0	0	5507
95930895	5872144	-1	248832	339	0	0	339
95939893	1277168	-1	590848	3701	0	0	3701
95948891	421968	-1	433152	8212	0	0	8212
95957902	3406832	-1	1073152	2520	0	0	2520
95960898	-1	-1	0	0	0	0	0
95969900	242576	-1	147456	4863	0	0	5242
95976904	1506064	-1	1181696	6277	0	0	6277
95985897	-1	-1	0	0	0	0	0
95990900	-1	-1	0	0	0	0	0
95998900	1546384	-1	905216	4683	0	0	4940
96007897	2017640	-1	1054720	4182	0	0	4182
96016893	1795736	-1	661504	2947	0	0	2947
96025900	-1	-1	0	0	0	0	0
96033905	2543344	-1	1348608	4242	0	0	4242
96042894	-1	-1	0	0	0	0	0
96051897	3058520	-1	1253992	3280	0	0	3280
96061901	-1	-1	0	0	0	0	0
96068899	-1	-1	0	0	0	0	0
96074905	-1	-1	0	0	0	0	0
96081891	2805048	-1	1737728	4956	0	0	4956
96087901	5531576	-1	215040	311	0	0	311
96092906	-1	-1	0	0	0	0	0
96101892	-1	-1	0	0	0	0	0
96108896	3766240	-1	2222080	4720	0	0	4720
96114893	-1	-1	0	0	0	0	0
96123896	2684448	-1	991232	2954	0	0	2954
96132904	-1	-1	0	0	0	0	0
96141894	3527736	-1	1039360	2357	0	0	2357
96150902	-1	-1	0	0	0	0	0
96159899	-1	-1	0	0	0	0	0
96167901	1211760	-1	393216	2596	0	0	2642
96170899	2443280	-1	786432	2575	0	0	2575
96179898	2496376	-1	316416	1014	0	0	1014
96188906	2450680	-1	1087488	3550	0	0	3550
96197902	-1	-1	0	0	0	0	0
96206905	-1	-1	0	0	0	0	0
96212891	3388048	-1	548864	1296	0	0	1574
96216904	3641592	-1	1764352	3876	0	0	3876
96225893	-1	-1	0	0	0	0	0
96235896	-1	-1	0	0	0	0	0
96242905	-1	-1	0	0	0	0	0
96251896	1881168	-1	1371136	5831	0	0	5831
96257904	520152	-1	326656	5024	0	0	5024
96267891	-1	-1	0	0	0	0	0
96276902	2276024	-1	278528	979	0	0	1015
96280895	2270728	-1	856064	3016	0	0	3016
96289905	965888	-1	382976	3172	0	0	3172
96294894	2418272	-1	1101824	3645	0	0	3645
96303905	-1	-1	0	0	0	0	0
96312900	-1	-1	0	0	0	0	0
96315896	-1	-1	0	0	0	0	0
96324904	2631248	-1	1626112	4944	0	0	4944
96332897	2288512	-1	321536	1124	0	0	1124
96342902	-1	-1	0	0	0	0	0
96349896	-1	-1	0	0	0	0	0
96357905	2988064	-1	2096128	5612	0	0	5612
96367904	-1	-1	98304	297	0	0	297
96376904	-1	-1	0	0	0	0	0
96382901	-1	-1	0	0	0	0	0
96391893	4403944	-1	2042880	3711	0	0	3711
96401891	-1	-1	0	0	0	0	0
96410893	2707576	-1	843748	2493	0	0	2493
96419900	-1	-1	0	0	0	0	0
96427896	1215768	-1	754688	4966	0	0	4966
96435892	3159248	-1	176128	446	0	0	446
96444891	5195096	-1	1505280	2318	0	0	2318
96450900	-1	-1	0	0	0	0	0
96458891	716632	-1	439296	4904	0	0	4904
96467905	1522136	-1	351232	1846	0	0	1846
96476906	3611360	-1	946176	2096	0	0	2096
96486898	-1	-1	73728	422	0	0	591
96491902	1422752	-1	845824	4756	0	0	4756
96500902	-1	-1	73728	608	0	0	757
96505893	1752720	-1	995328	4543	0	0	4543
96513901	-1	-1	0	0	0	0	0
96516899	-1	-1	0	0	0	0	0
96525893	-1	-1	81920	492	0	0	618
96530892	1275328	-1	715776	4490	0	0	4998
96537900	2318824	-1	1201152	4144	0	0	4144
96544893	3791920	-1	1494016	3152	0	0	3152
96553899	-1	-1	0	0	0	0	0
96561892	-1	-1	0	0	0	0	0
96566901	-1	-1	0	0	0	0	0
96575893	2943904	-1	1456128	3957	0	0	3957
96581899	-1	-1	0	0	0	0	0
96589897	2698184	-1	822272	2438	0	0	2438
96599895	-1	-1	0	0	0	0	0
96606893	2791224	-1	865280	2480	0	0	2480
96610904	-1	-1	0	0	0	0	0
96620895	2216888	-1	1300480	4693	0	0	4693
96629890	-1	-1	0	0	0	0	0
96635896	3470192	-1	723968	1669	0	0	1669
96644905	-1	-1	0	0	0	0	0
96653904	2635584	-1	1106944	3360	0	0	3360
96660891	-1	-1	0	0	0	0	0
96667894	-1	-1	0	0	0	0	0
96674892	-1	-1	0	0	0	0	0
96682892	2786992	-1	1537024	4412	0	0	4412
96691897	1376616	-1	499712	2904	0	0	2904
96693893	2885816	-1	666624	1848	0	0	1848
96702894	1539976	-1	371712	1931	0	0	1931
96710898	1980632	-1	1031168	4165	0	0	4165
96716905	-1	-1	0	0	0	0	0
96724899	2085984	-1	1138688	4367	0	0	4367
96733894	-1	-1	0	0	0	0	0
96743901	-1	-1	0	0	0	0	0
96752903	2567640	-1	1096704	3417	0	0	3549
96754896	4238336	-1	1097728	2072	0	0	2072
96763905	5166224	-1	472064	731	0	0	731
96772904	-1	-1	0	0	0	0	0
96778895	-1	-1	0	0	0	0	0
96786905	2448640	-1	1511424	4938	0	0	5000
96793891	1946800	-1	1635796	6722	0	0	6722
96797896	2670728	-1	1140736	3417	0	0	3417
96805892	-1	-1	0	0	0	0	0
96810898	-1	-1	0	0	0	0	0
96816901	-1	-1	0	0	0	0	0
96825903	2152096	-1	1286144	4781	0	0	5451
96827891	2289128	-1	729088	2548	0	0	2548
96836898	3633240	-1	1350656	2974	0	0	2974
96846895	-1	-1	0	0	0	0	0
96853904	3672472	-1	1349632	2940	0	0	2940
96860905	-1	-1	0	0	0	0	0
96869893	3280496	-1	908288	2215	0	0	2215
96878892	-1	-1	0	0	0	0	0
96886898	3993496	-1	2493440	4995	0	0	4995
96894903	-1	-1	0	0	0	0	0
96899896	-1	-1	0	0	0	0	0
96907894	-1	-1	0	0	0	0	0
96916893	4196272	-1	2549760	4861	0	0	4861
96925904	-1	-1	0	0	0	0	0
96933899	-1	-1	0	0	0	0	0
96939894	-1	-1	0	0	0	0	0
96945893	3951952	-1	2486272	5033	0	0	5033
96954904	5290968	-1	1113088	1683	0	0	1683
96958906	6775096	-1	425984	503	0	0	503
96966890	-1	-1	0	0	0	0	0
96974898	4409616	-1	1187840	2155	0	0	2155
96983894	-1	-1	0	0	0	0	0
96990895	3137760	-1	855040	2180	0	0	2180
96996899	-1	-1	0	0	0	0	0
97005905	5011784	-1	1179648	1883	0	0	1883
97011894	-1	-1	0	0	0	0	0
97020899	5174776	-1	1898496	2935	0	0	2935
97028903	-1	-1	0	0	0	0	0
97037895	3606416	-1	916480	2033	0	0	2033
97046899	-1	-1	0	0	0	0	0
97052901	-1	-1	0	0	0	0	0
97059891	-1	-1	0	0	0	0	0
97065904	4894576	-1	1895424	3098	0	0	3098
97074906	-1	-1	0	0	0	0	0
97083903	2333000	-1	811008	2781	0	0	2781
97092891	-1	-1	0	0	0	0	0
97101892	4394688	-1	971776	1769	0	0	1769
97108904	-1	-1	0	0	0	0	0
97116896	-1	-1	0	0	0	0	0
97123895	-1	-1	0	0	0	0	0
97132895	5346152	-1	2217984	3319	0	0	3319
97141894	-1	-1	0	0	0	0	0
97150904	-1	-1	0	0	0	0	0
97159891	-1	-1	0	0	0	0	0
97166899	3864312	-1	1336568	2767	0	0	2767
97175900	-1	-1	0	0	0	0	0
97183894	3106392	-1	832512	2144	0	0	2144
97189898	-1	-1	0	0	0	0	0
97199903	-1	-1	0	0	0	0	0
97200905	-1	-1	0	0	0	0	0
97209893	3567944	-1	1024000	2296	0	0	2296
97218896	-1	-1	0	0	0	0	0
97226904	1989488	-1	504832	2030	0	0	2030
97233893	2173992	-1	450560	1658	0	0	1722
97237896	3398560	-1	451584	1063	0	0	1063
97246901	-1	-1	0	0	0	0	0
97255894	2907808	-1	1283072	3530	0	0	3530
97265903	-1	-1	0	0	0	0	0
97272902	-1	-1	0	0	0	0	0
97281902	3486432	-1	480256	1102	0	0	1134
97285905	4907024	-1	737280	1202	0	0	1202
97294900	2444736	-1	583680	1910	0	0	1910
97297892	-1	-1	96256	143	0	0	143
97306892	-1	-1	0	0	0	0	0
97315897	3984704	-1	934912	1877	0	0	1877
97325896	3510856	-1	344064	784	0	0	785
97330902	4854840	-1	576512	950	0	0	950
97338899	-1	-1	0	0	0	0	0
97346904	3256448	-1	524288	1288	0	0	1288
97354896	-1	-1	0	0	0	0	0
97363903	3685800	-1	943104	2047	0	0	2047
97370900	-1	-1	0	0	0	0	0
97379896	2870088	-1	1271808	3545	0	0	3545
97387895	-1	-1	0	0	0	0	0
97396901	3233128	-1	788480	1951	0	0	1951
97405893	-1	-1	0	0	0	0	0
97410901	-1	-1	0	0	0	0	0
97417903	3389096	-1	513024	1211	0	0	1307
97421899	5264976	-1	1473536	2239	0	0	2239
97430904	-1	-1	0	0	0	0	0
97439892	-1	-1	0	0	0	0	0
97448893	3316888	-1	1203200	2902	0	0	2902
97450900	-1	-1	0	0	0	0	0
97459904	-1	-1	0	0	0	0	0
97467899	1824712	-1	583680	2559	0	0	2559
97476894	-1	-1	0	0	0	0	0
97484903	3070936	-1	1475584	3844	0	0	3844
97493905	-1	-1	0	0	0	0	0
97502905	4226448	-1	912384	1727	0	0	1727
97512896	-1	-1	0	0	0	0	0
97521895	1756048	-1	1177868	5366	0	0	5366
97529901	4245640	-1	624640	1177	0	0	1177
97535904	-1	-1	0	0	0	0	0
97541901	-1	-1	0	0	0	0	0
97549893	2937408	-1	1469440	4002	0	0	4002
97558903	-1	-1	0	0	0	0	0
97567899	2487160	-1	1335296	4295	0	0	4295
97576906	-1	-1	0	0	0	0	0
97584899	2835392	-1	748544	2112	0	0	2112
97593903	-1	-1	0	0	0	0	0
97602899	2521696	-1	1099776	3489	0	0	3489
97611901	-1	-1	0	0	0	0	0
97620899	-1	-1	0	0	0	0	0
97625895	2586944	-1	147456	456	0	0	522
97630893	5360120	-1	1825792	2725	0	0	2725
97640905	-1	-1	0	0	0	0	0
97650900	-1	-1	0	0	0	0	0
97657892	-1	-1	0	0	0	0	0
97663891	3856152	-1	1275904	2647	0	0	2647
97671898	-1	-1	40960	373	0	0	387
97676898	2561320	-1	996352	3112	0	0	3112
97683905	-1	-1	0	0	0	0	0
97691901	2595456	-1	805888	2484	0	0	2484
97700897	-1	-1	0	0	0	0	0
97706895	3829728	-1	692224	1446	0	0	1446
97715899	-1	-1	0	0	0	0	0
97724896	5532792	-1	1374208	1987	0	0	1987
97732906	-1	-1	0	0	0	0	0
97739902	-1	-1	0	0	0	0	0
97747899	-1	-1	0	0	0	0	0
97754896	5150832	-1	1625088	2524	0	0	2524
97764906	-1	-1	0	0	0	0	0
97770903	3303112	-1	976896	2366	0	0	2366
97776896	-1	-1	0	0	0	0	0
97782891	1636624	-1	942080	4605	0	0	4605
97792903	1757040	-1	479232	2182	0	0	2182
97796903	4428112	-1	368640	666	0	0	666
97805896	-1	-1	0	0	0	0	0
97813901	2183464	-1	1390592	5095	0	0	5095
97822903	-1	-1	122880	1298	0	0	1298
97831893	-1	-1	0	0	0	0	0
97836901	-1	-1	0	0	0	0	0
97843893	1944480	-1	1375232	5658	0	0	5658
97850903	-1	-1	0	0	0	0	0
97859901	2278480	-1	1019904	3581	0	0	3581
97868899	-1	-1	122880	720	0	0	745
97873904	2171544	-1	787456	2901	0	0	2901
97882897	-1	-1	0	0	0	0	0
97889901	-1	-1	0	0	0	0	0
97899891	-1	-1	0	0	0	0	0
97904900	1759360	-1	1054076	4793	0	0	4976
97913890	1898504	-1	1339392	5644	0	0	5644
97922902	2070432	-1	1205248	4657	0	0	4657
97932895	-1	-1	0	0	0	0	0
97939900	-1	-1	0	0	0	0	0
97948894	-1	-1	0	0	0	0	0
97957899	2346304	-1	1496064	5101	0	0	5101
97962905	2450696	-1	436224	1424	0	0	1424
97971906	1641536	-1	857088	4177	0	0	4177
97979902	-1	-1	0	0	0	0	0
97989901	2395712	-1	1074176	3587	0	0	3587
97998903	-1	-1	0	0	0	0	0
98008891	-1	-1	0	0	0	0	0
98016900	-1	-1	0	0	0	0	0
98022902	1364120	-1	958464	5621	0	0	5631
98028894	2752992	-1	420864	1223	0	0	1223
98038905	2576320	-1	1424384	4423	0	0	4423
98046897	-1	-1	0	0	0	0	0
98055895	2178880	-1	1525760	5602	0	0	5602
98064904	-1	-1	31744	81	0	0	81
98074905	-1	-1	0	0	0	0	0
98081894	-1	-1	0	0	0	0	0
98088907	1044640	-1	557056	4266	0	0	5306
98097891	1118264	-1	1371136	9809	0	0	9809
98106891	2096168	-1	924672	3529	0	0	3529
98115905	-1	-1	0	0	0	0	0
98122894	2850584	-1	1484800	4167	0	0	4167
98128900	-1	-1	0	0	0	0	0
98138902	3127904	-1	1174528	3004	0	0	3004
98147902	-1	-1	0	0	0	0	0
98155905	-1	-1	0	0	0	0	0
98162892	-1	-1	0	0	0	0	234
98167899	-1	-1	65536	4760	0	0	5006
98174899	1736352	-1	1404928	6473	0	0	6473
98183896	2158056	-1	1335296	4950	0	0	4950
98192892	1037536	-1	421888	3253	0	0	3253
98201904	1643112	-1	999424	4866	0	0	4866
98210899	-1	-1	0	0	0	0	0
98218895	1242992	-1	780288	5022	0	0	5022
98227895	1066592	-1	147456	1106	0	0	1106
98235905	-1	-1	0	0	0	0	0
98243903	-1	-1	0	0	0	0	0
98252893	1946928	-1	1070080	4397	0	0	5385
98257901	2396280	-1	1044480	3487	0	0	3487
98266891	2296456	-1	1393664	4855	0	0	-1
98274904	2562608	-1	629760	1966	0	0	-1
98284898	1468752	-1	528384	2878	0	0	-1
98294904	2173224	-1	1115136	4105	0	0	-1
98302897	812784	-1	428032	4213	0	0	-1
98311902	1019352	-1	561152	4404	0	0	-1
98321904	2282544	-1	1058816	3711	0	0	-1
98331903	1142488	-1	517120	3621	0	0	-1
98340902	-1	-1	0	0	0	0	-1
98507932	3182016	-1	770048	1936	0	0	12082
98511935	2257056	-1	936960	3321	0	0	3321
98520932	-1	-1	0	0	0	0	0
98529935	-1	-1	0	0	0	0	0
98535925	-1	-1	0	0	0	0	0
98543932	2945856	-1	1144832	3109	0	0	3109
98551935	-1	-1	0	0	0	0	0
98560923	1458816	-1	660480	3622	0	0	3622
98569930	-1	-1	0	0	0	0	0
98577934	3676096	-1	986112	2146	0	0	2146
98585931	-1	-1	0	0	0	0	31
98590924	3105352	-1	727040	1873	0	0	1873
98597926	-1	-1	114688	531	0	0	572
98602925	1374432	-1	773120	4500	0	0	4500
98608937	-1	-1	0	0	0	0	0
98616931	2644480	-1	1193984	3612	0	0	3612
98625932	3154968	-1	769024	1950	0	0	1950
98628929	2536968	-1	366592	1156	0	0	1156
98637928	-1	-1	0	0	0	0	0
98646924	-1	-1	0	0	0	0	0
98650923	-1	-1	0	0	0	0	0
98656929	3209120	-1	1408000	3510	0	0	3510
98661928	-1	-1	0	0	0	0	0
98669928	3677456	-1	1178624	2564	0	0	2564
98675937	-1	-1	0	0	0	0	0
98684924	4457224	-1	1080320	1939	0	0	1939
98692932	-1	-1	0	0	0	0	0
98700925	4150272	-1	822272	1585	0	0	1585
98707934	-1	-1	0	0	0	0	0
98713925	-1	-1	0	0	0	0	0
98722935	-1	-1	65536	501	0	0	524
98727927	5105568	-1	1128968	1769	0	0	1769
98736932	-1	-1	0	0	0	0	0
98746927	3958512	-1	781312	1579	0	0	1579
98751926	-1	-1	0	0	0	0	0
98760923	5419144	-1	964608	1424	0	0	1424
98770933	-1	-1	0	0	0	0	0
98777929	-1	-1	0	0	0	0	0
98784927	-1	-1	0	0	0	0	0
98790935	3165264	-1	1255424	3173	0	0	3173
98799936	-1	-1	0	0	0	0	0
98806931	4475848	-1	723968	1294	0	0	1294
98814926	-1	-1	0	0	0	0	0
98823932	2673880	-1	739328	2212	0	0	2212
98832933	-1	-1	0	0	0	0	0
98841922	5272416	-1	943104	1431	0	0	1431
98850924	2796368	-1	232448	665	0	0	864
98854931	7372800	-1	479232	520	0	0	520
98862934	-1	-1	0	0	0	0	0
98868937	4658600	-1	1390592	2388	0	0	2388
98877932	-1	-1	0	0	0	0	0
98886926	2899176	-1	1374208	3792	0	0	3792
98895933	-1	-1	0	0	0	0	0
98901935	5163680	-1	953344	1477	0	0	1477
98911935	-1	-1	114688	826	0	0	868
98915931	4535208	-1	1427456	2518	0	0	2518
98921929	-1	-1	0	0	0	0	0
98929921	3590552	-1	876544	1953	0	0	1953
98938929	-1	-1	0	0	0	0	0
98946935	-1	-1	0	0	0	0	0
98955930	-1	-1	0	0	0	0	0
98961928	5682336	-1	1430528	2014	0	0	2014
98970937	-1	-1	0	0	0	0	0
98976928	-1	-1	0	0	0	0	0
98985924	-1	-1	0	0	0	0	0
98994924	4728040	-1	2271232	3843	0	0	3843
99004923	-1	-1	0	0	0	0	0
99012928	-1	-1	0	0	0	0	0
99016923	-1	-1	0	0	0	0	0
99026923	2977208	-1	1141760	3068	0	0	3068
99036927	-1	-1	0	0	0	0	0
99045936	3434352	-1	794624	1851	0	0	1851
99054925	-1	-1	0	0	0	0	0
99062922	2129632	-1	1215488	4566	0	0	4566
99071930	-1	-1	0	0	0	0	0
99080926	-1	-1	0	0	0	0	0
99085933	-1	-1	0	0	0	0	0
99091934	3921296	-1	1031300	2104	0	0	2104
99098927	-1	-1	0	0	0	0	0
99105925	5012744	-1	1399808	2234	0	0	2234
99112922	-1	-1	0	0	0	0	0
99122935	-1	-1	0	0	0	0	0
99129926	-1	-1	0	0	0	0	0
99137929	3342760	-1	1608704	3850	0	0	3850
99147924	-1	-1	0	0	0	0	0
99152936	-1	-1	0	0	0	0	0
99160922	3465848	-1	360448	832	0	0	833
99165924	6132792	-1	1680384	2192	0	0	2192
99172929	-1	-1	0	0	0	0	0
99181932	3840976	-1	1133568	2361	0	0	2361
99189923	-1	-1	0	0	0	0	0
99198922	-1	-1	0	0	0	0	0
99203926	-1	-1	0	0	0	0	0
99211929	3789472	-1	1221632	2579	0	0	2579
99215937	-1	-1	0	0	0	0	0
99222924	3441056	-1	677888	1576	0	0	1576
99231937	-1	-1	0	0	0	0	0
99239925	6017472	-1	1436672	1910	0	0	1910
99247934	-1	-1	0	0	0	0	0
99255929	4489520	-1	1086464	1936	0	0	1936
99265927	-1	-1	0	0	0	0	0
99274924	4332200	-1	1155072	2133	0	0	2133
99282928	-1	-1	0	0	0	0	0
99291926	4372720	-1	817152	1495	0	0	1495
99299927	-1	-1	0	0	0	0	0
99308931	3493600	-1	1095680	2509	0	0	2509
99317935	-1	-1	0	0	0	0	0
99322935	-1	-1	0	0	0	0	0
99327932	-1	-1	0	0	0	0	0
99336931	4164904	-1	1671168	3210	0	0	3210
99340924	-1	-1	0	0	0	0	0
99349935	-1	-1	0	0	0	0	0
99355923	-1	-1	0	0	0	0	0
99361933	4669304	-1	2885632	4944	0	0	4944
99368928	-1	-1	0	0	0	0	0
99377927	3833712	-1	1990656	4154	0	0	4154
99387931	-1	-1	0	0	0	0	0
99395931	-1	-1	0	0	0	0	0
99398924	-1	-1	0	0	0	0	0
99406928	3671632	-1	2405376	5241	0	0	5241
99415927	-1	-1	0	0	0	0	0
99424930	3045336	-1	1856512	4877	0	0	4877
99427931	-1	-1	0	0	0	0	0
99436922	3169120	-1	2013184	5082	0	0	5082
99442932	-1	-1	0	0	0	0	0
99452931	1269440	-1	856076	5395	0	0	5395
99460932	-1	-1	0	0	0	0	0
99468923	2796488	-1	1522688	4356	0	0	4356
99475923	2238376	-1	695296	2485	0	0	2485
99483923	-1	-1	0	0	0	0	0
99492934	-1	-1	0	0	0	0	0
99500925	4239136	-1	1971200	3720	0	0	3720
99507928	-1	-1	0	0	0	0	0
99516926	-1	-1	0	0	0	0	0
99521932	2026288	-1	286720	1132	0	0	1194
99525929	2404080	-1	1140736	3796	0	0	3796
99535927	5643832	-1	855040	1212	0	0	1212
99543931	1583080	-1	996352	5035	0	0	5035
99552932	-1	-1	0	0	0	0	0
99559933	2214232	-1	1394688	5039	0	0	5039
99568927	1760800	-1	527360	2396	0	0	2396
99576928	-1	-1	0	0	0	0	0
99583922	-1	-1	0	0	0	0	0
99593936	3037912	-1	1380352	3635	0	0	3635
99598933	-1	-1	0	0	0	0	0
99604935	2433152	-1	438272	1441	0	0	1441
99613922	-1	-1	0	0	0	0	0
99620930	3326880	-1	952320	2290	0	0	2290
99624925	-1	-1	0	0	0	0	0
99634936	1934976	-1	657408	2718	0	0	2718
99643924	-1	-1	0	0	0	0	0
99651933	2790384	-1	1387520	3978	0	0	3978
99660923	-1	-1	0	0	0	0	0
99665931	-1	-1	0	0	0	0	0
99670926	-1	-1	0	0	0	0	0
99676924	3360752	-1	1303552	3103	0	0	3103
99681937	-1	-1	0	0	0	0	0
99687932	-1	-1	0	0	0	0	0
99696923	4495472	-1	818176	1456	0	0	1564
99700933	6066224	-1	359424	474	0	0	474
99709927	3032576	-1	384000	1013	0	0	1108
99713927	4861184	-1	276480	455	0	0	455
99722930	-1	-1	0	0	0	0	0
99730933	4152856	-1	1009664	1945	0	0	1945
99738923	-1	-1	0	0	0	0	0
99745924	3478264	-1	1280000	2944	0	0	2944
99754934	-1	-1	0	0	0	0	0
99761925	-1	-1	0	0	0	0	0
99768927	-1	-1	0	0	0	0	0
99775931	4009448	-1	735232	1467	0	0	1467
99782926	-1	-1	0	0	0	0	0
99787931	-1	-1	0	0	0	0	0
99796923	3956592	-1	1598464	3232	0	0	3232
99798932	-1	-1	99328	121	0	0	121
99807929	3213376	-1	622592	1550	0	0	1725
99811929	2199408	-1	213068	775	0	0	775
99820924	-1	-1	0	0	0	0	0
99829933	3148120	-1	1217536	3094	0	0	3094
99838922	-1	-1	0	0	0	0	0
99840925	-1	-1	0	0	0	0	0
99849931	4046920	-1	548864	1085	0	0	2351
99852936	589312	-1	237568	3225	0	0	3225
99860931	2616112	-1	1247232	3814	0	0	3814
99869936	-1	-1	0	0	0	0	0
99875936	-1	-1	0	0	0	0	0
99884923	3410960	-1	1348608	3163	0	0	3163
99889922	-1	-1	0	0	0	0	0
99898928	-1	-1	0	0	0	0	0
99906929	2994512	-1	964608	2577	0	0	2695
99909924	5161064	-1	498688	773	0	0	773
99918927	-1	-1	0	0	0	0	0
99928926	5045696	-1	1069056	1695	0	0	1695
99936935	-1	-1	0	0	0	0	0
99944934	3677480	-1	1097728	2388	0	0	2388
99952926	-1	-1	0	0	0	0	0
99959926	2210216	-1	1433600	5189	0	0	5304
99969926	3951432	-1	629760	1275	0	0	1275
99978937	3494528	-1	594944	1362	0	0	1362
99988929	-1	-1	0	0	0	0	0
99997927	2661760	-1	857088	2576	0	0	2576
100005922	-1	-1	81920	459	0	0	491
100010927	4841296	-1	1180672	1951	0	0	1951
100019928	-1	-1	0	0	0	0	0
100026932	2420136	-1	1250304	4133	0	0	4133
100035931	-1	-1	0	0	0	0	0
100044930	3491352	-1	916480	2100	0	0	2100
100048928	-1	-1	0	0	0	0	0
100057933	-1	-1	0	0	0	0	0
100062925	-1	-1	0	0	0	0	0
100070930	2326120	-1	1366016	4698	0	0	4725
100078924	1669728	-1	480256	2301	0	0	2301
100087927	2602960	-1	980992	3015	0	0	3015
100097923	-1	-1	0	0	0	0	0
100106922	2093936	-1	676864	2586	0	0	2586
100112924	-1	-1	0	0	0	0	0
100121934	2967240	-1	1609728	4340	0	0	4340
100129936	-1	-1	0	0	0	0	0
100138923	-1	-1	0	0	0	0	0
100146930	-1	-1	0	0	0	0	0
100152924	1129712	-1	724992	5134	0	0	5134
100159926	714664	-1	205824	2304	0	0	2304
100166930	2142152	-1	821248	3067	0	0	3067
100172928	-1	-1	0	0	0	0	0
100181926	2816264	-1	720964	2048	0	0	2048
100191927	-1	-1	0	0	0	0	0
100196936	-1	-1	0	0	0	0	0
100205932	2821512	-1	180224	511	0	0	538
100210922	2588120	-1	1307648	4042	0	0	4042
100219932	-1	-1	0	0	0	0	0
100227926	2097576	-1	769024	2933	0	0	2933
100235930	-1	-1	0	0	0	0	0
100245929	1765952	-1	1080320	4894	0	0	4894
100252937	-1	-1	0	0	0	0	0
100261936	2589264	-1	1143808	3534	0	0	3534
100271927	-1	-1	0	0	0	0	0
100278932	2744192	-1	969728	2827	0	0	2827
100288922	-1	-1	0	0	0	0	0
100296926	775048	-1	485376	5010	0	0	5010
100304922	2612352	-1	376832	1154	0	0	1154
100313930	-1	-1	0	0	0	0	0
100317930	-1	-1	0	0	0	0	0
100327926	3091648	-1	1651712	4274	0	0	4274
100335923	-1	-1	0	0	0	0	0
100345936	2622192	-1	1138688	3474	0	0	3474
100354925	-1	-1	0	0	0	0	0
100361921	1937512	-1	1180672	4875	0	0	4875
100370928	-1	-1	78848	144	0	0	144
100379925	1839728	-1	922624	4012	0	0	4012
100386923	-1	-1	0	0	0	0	0
100396937	2348952	-1	1106944	3770	0	0	3770
100405933	-1	-1	0	0	0	0	0
100413925	2121624	-1	1010688	3811	0	0	3811
100422930	-1	-1	0	0	0	0	0
100431935	2308888	-1	831488	2881	0	0	2881
100440926	-1	-1	0	0	0	0	0
100448934	-1	-1	0	0	0	0	0
100456936	-1	-1	0	0	0	0	0
100464931	3258184	-1	1326080	3256	0	0	3256
100468926	-1	-1	0	0	0	0	0
100477931	3157144	-1	1404928	3560	0	0	3560
100487927	-1	-1	0	0	0	0	0
100497924	2108256	-1	850944	3229	0	0	3229
100505925	-1	-1	0	0	0	0	0
100514933	2490192	-1	915456	2941	0	0	2941
100521921	-1	-1	0	0	0	0	0
100529936	2106320	-1	628736	2388	0	0	2388
100538923	-1	-1	0	0	0	0	0
100546924	2203480	-1	944468	3429	0	0	3429
100553925	-1	-1	0	0	0	0	0
100563928	2664544	-1	1017856	3056	0	0	3056
100572927	-1	-1	0	0	0	0	62
100577923	2420200	-1	1027072	3395	0	0	3395
100587926	-1	-1	0	0	0	0	0
100596926	3068584	-1	2185216	5697	0	0	5697
100602925	3361120	-1	587776	1399	0	0	1399
100609937	-1	-1	0	0	0	0	0
100618923	-1	-1	0	0	0	0	0
100624925	3065296	-1	2048000	5345	0	0	5345
100633932	3910840	-1	713728	1460	0	0	1460
100640925	3418760	-1	1504256	3520	0	0	3520
100648935	-1	-1	0	0	0	0	0
100658931	3080968	-1	1362944	3539	0	0	3539
100667935	-1	-1	0	0	0	0	0
100677926	2967384	-1	1390592	3749	0	0	3749
100685924	-1	-1	0	0	0	0	0
100691933	-1	-1	0	0	0	0	0
100697929	-1	-1	0	0	0	0	0
100706933	3378672	-1	2445312	5790	0	0	5790
100714925	-1	-1	76800	80	0	0	80
100723929	3682552	-1	2403328	5221	0	0	5221
100730924	-1	-1	0	0	0	0	0
100740928	3149304	-1	1183744	3007	0	0	3007
100750923	-1	-1	0	0	0	0	0
100757936	3179016	-1	1551360	3904	0	0	3904
100761930	-1	-1	0	0	0	0	0
100767932	-1	-1	0	0	0	0	0
100775926	-1	-1	0	0	0	0	0
100782928	3356688	-1	1789952	4266	0	0	4266
100785922	-1	-1	0	0	0	0	0
100794928	4171152	-1	2045952	3924	0	0	3924
100804933	-1	-1	0	0	0	0	0
100813924	-1	-1	0	0	0	0	0
100816925	-1	-1	0	0	0	0	0
100825924	2671704	-1	1917952	5743	0	0	5798
100833931	3858280	-1	939008	1947	0	0	1947
100842926	3790328	-1	1396736	2948	0	0	2948
100851933	-1	-1	0	0	0	0	0
100860922	-1	-1	0	0	0	0	0
100868933	3992480	-1	1599488	3205	0	0	3332
100870925	4214496	-1	673792	1279	0	0	1279
100879931	-1	-1	0	0	0	0	0
100888935	-1	-1	0	0	0	0	0
100896932	-1	-1	0	0	0	0	0
100905926	3540080	-1	1506304	3404	0	0	3404
100915922	-1	-1	0	0	0	0	0
100922924	3030064	-1	1174528	3101	0	0	-1
100929931	-1	-1	0	0	0	0	-1
100938930	1340624	-1	666624	3978	0	0	-1
100947934	1873552	-1	602112	2571	0	0	-1
100956931	1934984	-1	937984	3878	0	0	-1
100966929	-1	-1	0	0	0	0	-1
100975931	1438456	-1	674816	3753	0	0	-1
100982927	-1	-1	0	0	0	0	-1
100989935	-1	-1	0	0	0	0	-1
101071813	1668432	-1	409600	1964	0	0	16480
101075806	1434616	-1	720896	4020	0	0	4020
101084807	2032328	-1	564224	2221	0	0	2221
101092806	-1	-1	0	0	0	0	0
101102818	-1	-1	0	0	0	0	0
101108811	4269216	-1	858112	1608	0	0	1608
101115806	-1	-1	0	0	0	0	0
