24349	3785408	-1	6782976	14335	0	0	14335
33827	-1	-1	0	0	0	0	0
41767	4480512	-1	3502080	6253	0	0	6253
50577	10107016	32184	2626560	2079	176128	43778	2079
59831	-1	943312	0	0	1042432	8840	0
68672	-1	2537152	0	0	2906112	9163	0
77588	-1	3270800	0	0	3689472	9024	0
86640	2923504	3682592	289792	793	4113408	8935	1452
95580	-1	2546624	0	0	2827264	8881	0
104584	3632304	4828120	288768	636	5428224	8994	1221
113579	-1	5600504	0	0	6281216	8972	0
122808	3684440	6190712	288768	627	6939648	8967	968
131657	-1	5980912	0	0	6772736	9059	0
140584	2872784	5341320	289792	807	5943296	8901	1329
149633	-1	4757920	0	0	5345280	8987	0
158581	2625160	5266728	288768	880	5877760	8928	1559
167585	-1	6711488	0	0	5682176	6773	0
176582	2640168	3493920	288768	875	4784128	10954	1390
185586	-1	6878448	0	0	7665664	8915	0
194578	4475552	5748480	289792	518	6491136	9033	1164
203584	-1	7018960	0	0	7865344	8964	0
212579	2861176	6084616	291840	816	6815744	8961	1520
221579	5714416	7498400	146432	205	8424448	8987	368
230625	-1	6881736	0	0	7421952	8627	0
239598	5061872	3448616	289792	458	3772416	8751	1120
248844	-1	7081520	0	0	8327168	9407	0
257592	3078800	7162904	289792	753	7542784	8424	1444
266587	6508088	4164336	146432	180	4573184	8785	308
275589	6090384	5880760	145408	191	6590464	8965	327
284583	-1	7720144	0	0	8649728	8963	0
293577	3598352	6497976	288768	642	7316480	9007	1377
302627	-1	6462160	0	0	7236608	8958	0
311582	3030504	4180232	289792	765	4011008	7676	1584
320578	-1	3950016	0	0	4942848	10010	0
329793	4269496	4463432	289792	543	5019648	8996	1359
338803	-1	4759304	0	0	5342208	8979	0
347866	5533536	3740208	287744	416	4035584	8631	1393
356577	-1	4280120	0	0	4962304	9275	0
365586	8428592	4789696	291840	277	5368832	8967	1110
374708	-1	5144176	0	0	5572608	8666	0
383614	3468688	5249672	288768	666	6111232	9312	1492
392579	-1	6344624	0	0	7100416	8952	0
401578	3949464	4954096	289792	587	5583872	9016	1403
410623	11324232	6231936	144384	102	7032832	9028	330
419592	-1	5219176	0	0	4239360	6498	0
428674	3755032	2576232	434176	925	3500032	10868	1790
437623	-1	7620512	0	0	8464384	8885	0
446647	-1	6361032	0	0	7266304	9138	0
455633	1877192	6307856	289792	1235	6852608	8690	2206
464587	-1	6620432	0	0	7605248	9190	0
473611	3038448	6970280	289792	763	7854080	9014	1457
482643	-1	7103072	0	0	7992320	9001	0
491624	3759616	4551240	291840	621	4798464	8434	1340
500579	-1	6398200	0	0	7134208	8920	0
509582	2562808	6516144	291840	911	7322624	8990	1639
518582	-1	8866720	0	0	9841664	8879	0
527580	2015832	6795408	288768	1146	7632896	8985	2424
536738	-1	6229944	0	0	6952960	8928	0
545650	2616632	4811384	289792	886	5463040	9083	1647
554580	-1	4704608	0	0	3238912	5507	0
563580	3523304	-1	289792	658	0	0	1807
572576	-1	-1	0	0	0	0	0
581576	3024248	-1	291840	772	0	0	1539
590600	-1	-1	0	0	0	0	0
599581	1997016	-1	290816	1165	0	0	1703
608589	-1	-1	0	0	0	0	0
617579	3949464	-1	289792	587	0	0	1423
626577	-1	-1	0	0	0	0	0
635577	2809816	-1	290816	828	0	0	1639
644577	-1	-1	0	0	0	0	0
653628	4011056	-1	435200	868	0	0	1733
662583	-1	-1	0	0	0	0	0
671579	-1	-1	0	0	0	0	0
680579	2743688	-1	287744	839	0	0	1425
689577	-1	-1	0	0	0	0	0
698750	3775792	-1	289792	614	0	0	1542
707719	-1	-1	0	0	0	0	0
716577	3523304	-1	289792	658	0	0	1521
725606	-1	-1	0	0	0	0	0
734585	5672912	-1	292864	413	0	0	1342
743581	5911752	-1	143360	194	0	0	426
752590	-1	-1	0	0	0	0	0
761584	8220944	-1	290816	283	0	0	1160
770588	-1	-1	0	0	0	0	0
779591	7779648	-1	289792	298	0	0	1092
788582	-1	-1	0	0	0	0	0
797667	4251416	-1	434176	817	0	0	1758
806583	-1	-1	0	0	0	0	0
815578	-1	-1	0	0	0	0	0
824579	7527064	-1	289792	308	0	0	1144
833591	-1	-1	0	0	0	0	0
842577	4526320	-1	290816	514	0	0	1384
851581	-1	-1	0	0	0	0	0
860590	2437784	-1	289792	951	0	0	1469
869599	-1	-1	0	0	0	0	0
878577	2526088	-1	290816	921	0	0	1849
887578	-1	-1	0	0	0	0	0
896796	2655600	-1	289792	873	0	0	1702
905579	-1	-1	0	0	0	0	0
914578	3519712	-1	290816	661	0	0	1803
923582	-1	-1	0	0	0	0	0
932581	2360832	-1	289792	982	0	0	1733
941579	-1	-1	0	0	0	0	0
950597	2265704	-1	287744	1016	0	0	1911
959582	-1	-1	0	0	0	0	0
968576	4011256	-1	290816	580	0	0	1400
977587	-1	-1	0	0	0	0	0
986588	2224888	-1	289792	1042	0	0	1661
995578	-1	-1	0	0	0	0	0
1004579	3904856	-1	292864	600	0	0	1535
1013577	-1	-1	0	0	0	0	0
1022577	3689624	-1	292864	635	0	0	1585
1031577	-1	-1	0	0	44032	3480	0
1040578	2560000	3658488	291840	912	4106240	8979	1495
1049580	-1	4685272	0	0	5242880	8952	0
1058631	4717616	4444576	435200	738	5028864	9051	1942
1067608	-1	5549816	0	0	6220800	8967	0
1076581	-1	5484936	0	0	6134784	8947	0
1085796	2567368	6281384	289792	903	7033856	8958	1819
1094581	-1	6333152	0	0	7108608	8979	0
1103579	3146520	4541776	291840	742	4948992	8717	1618
1112598	-1	4761504	0	0	5363712	9011	0
1121701	3333952	6923008	286720	688	4436992	5127	1591
1130584	-1	-1	0	0	0	0	0
1139585	2042552	-1	287744	1127	0	0	2176
1148576	-1	-1	0	0	0	0	0
1157578	3548608	-1	288768	651	0	0	1613
1166579	-1	-1	0	0	0	0	0
1175657	2773280	-1	288768	833	0	0	1736
1184579	-1	-1	0	0	0	0	0
1193594	3889128	-1	288768	594	0	0	1449
1202578	-1	-1	0	0	0	0	0
1211583	2260416	-1	288768	1022	0	0	2021
1220578	-1	-1	0	0	0	0	0
1229581	3295496	-1	288768	701	0	0	1496
1238579	-1	-1	0	0	0	0	0
1247580	4649808	-1	434176	747	0	0	1683
1256581	-1	-1	0	0	0	0	0
1265576	-1	-1	0	0	0	0	0
1274583	3019800	-1	288768	765	0	0	1503
1283581	-1	-1	0	0	0	0	0
1292593	2746840	-1	289792	844	0	0	1537
1301578	-1	-1	0	0	0	0	0
1310581	1998392	-1	288768	1156	0	0	1753
1319577	-1	-1	0	0	0	0	0
1328577	2884072	-1	288768	801	0	0	1865
1337585	-1	-1	0	0	0	0	0
1346640	1806208	-1	288768	1279	0	0	1912
1355579	-1	-1	0	0	0	0	0
1364584	3896360	-1	289792	595	0	0	1587
1373593	-1	-1	0	0	0	0	0
1382954	2555472	-1	288768	904	0	0	1829
1391577	-1	-1	0	0	0	0	0
1400577	4024392	-1	287744	572	0	0	1446
1409584	-1	-1	0	0	0	0	0
1418577	3051712	-1	288768	757	0	0	1638
1427577	-1	-1	0	0	0	0	0
1436576	2597688	-1	286720	883	0	0	1941
1445585	-1	-1	0	0	0	0	0
1454577	4096000	-1	286720	560	0	0	1453
1463578	-1	-1	0	0	0	0	0
1472579	3681800	-1	286720	623	0	0	1635
1481577	-1	-1	0	0	0	0	0
1490588	2695736	-1	289792	860	0	0	1623
1499668	-1	-1	0	0	0	0	0
1508589	2869744	-1	288768	805	0	0	1562
1517580	-1	-1	0	0	0	0	0
1526578	3407296	-1	288768	678	0	0	1790
1535581	-1	-1	0	0	0	0	0
1544587	4081528	-1	288768	566	0	0	1462
1553585	-1	-1	0	0	0	0	0
1562577	2238512	-1	288768	1032	0	0	1686
1571615	-1	-1	0	0	0	0	0
1580587	2080976	-1	290816	1118	0	0	1872
1589577	-1	-1	0	0	0	0	0
1598582	1693456	-1	289792	1369	0	0	2099
1607581	-1	-1	0	0	0	0	0
1616576	2967512	-1	290816	784	0	0	1758
1625588	-1	-1	0	0	0	0	0
1634682	3592760	-1	288768	643	0	0	1601
1643583	-1	-1	0	0	0	0	0
1652577	1919896	-1	287744	1199	0	0	1906
1661578	-1	-1	0	0	0	0	0
1670590	2368264	-1	287744	972	0	0	1913
1679579	-1	-1	0	0	0	0	0
1688581	1887376	-1	288768	1224	0	0	2039
1697606	-1	-1	0	0	0	0	0
1706583	2137376	-1	287744	1077	0	0	1519
1715580	-1	-1	0	0	0	0	0
1724594	2370488	-1	289792	978	0	0	2075
1733576	-1	-1	0	0	0	0	0
1742577	3101720	-1	293888	758	0	0	1706
1751627	-1	-1	0	0	0	0	0
1760578	3251696	-1	291840	718	0	0	1520
1769600	-1	-1	0	0	0	0	0
1778577	2759816	-1	290816	843	0	0	2273
1787578	-1	-1	0	0	0	0	0
1796731	2803312	-1	289792	827	0	0	1921
1805577	1491368	-1	145408	780	0	0	780
1814578	-1	-1	0	0	0	0	0
1823581	3290800	-1	288768	702	0	0	1661
1832582	-1	-1	0	0	0	0	0
1841578	3572168	-1	289792	649	0	0	1967
1850580	-1	-1	0	0	0	0	0
1859578	2977960	-1	291840	784	0	0	1780
1868584	-1	-1	0	0	0	0	0
1877578	2207936	-1	289792	1050	0	0	2675
1886577	-1	-1	0	0	0	0	0
1895713	3364784	-1	289792	689	0	0	1647
1904578	-1	-1	0	0	0	0	0
1913585	3696232	-1	288768	625	0	0	2183
1922578	-1	-1	0	0	0	0	0
1931619	2126624	-1	290816	1094	0	0	2103
1940629	-1	-1	0	0	0	0	0
1949583	3080192	-1	288768	750	0	0	1765
1958580	-1	-1	0	0	0	0	0
1967583	2908160	-1	290816	800	0	0	1550
1976620	-1	-1	0	0	0	0	0
1985583	3976968	-1	290816	585	0	0	1481
1994894	-1	-1	0	0	0	0	0
2003594	2082840	-1	290816	1117	0	0	2165
2012582	1645352	-1	145408	707	0	0	976
2021634	-1	-1	0	0	0	0	0
2030606	3820240	-1	290816	609	0	0	1773
2039601	-1	-1	0	0	0	0	0
2048586	2879920	-1	289792	805	0	0	2480
2057578	-1	-1	0	0	0	0	0
2066583	3521560	-1	288768	656	0	0	1729
2075586	-1	-1	0	0	0	0	0
2084578	3429488	-1	289792	676	0	0	1657
2093635	-1	-1	0	0	0	0	0
2102582	3451824	-1	290816	674	0	0	2033
2111587	-1	-1	0	0	0	0	0
2120608	622040	-1	289792	3727	0	0	3727
2129579	-1	-1	0	0	0	0	0
2138584	3576072	-1	288768	646	0	0	1936
2147664	-1	-1	0	0	0	0	0
2156577	2969336	-1	288768	778	0	0	2309
2165581	-1	-1	0	0	0	0	0
2174588	2773128	-1	289792	836	0	0	1832
2183580	-1	-1	0	0	0	0	0
2192707	3394344	-1	289792	683	0	0	1830
2201577	-1	-1	0	0	0	0	0
2210577	2750104	-1	289792	843	0	0	1825
2219578	-1	-1	0	0	0	0	0
2228576	3708096	-1	288768	623	0	0	2330
2237578	-1	-1	0	0	0	0	0
2246698	2604872	-1	289792	890	0	0	1998
2255578	-1	-1	0	0	0	0	0
2264597	3188904	-1	289792	727	0	0	1904
2273577	-1	-1	0	0	0	0	0
2282587	3417376	-1	288768	676	0	0	1753
2291576	-1	-1	0	0	0	0	0
2300578	2507032	-1	290816	928	0	0	1832
2309635	-1	-1	0	0	0	0	0
2318577	3018664	-1	289792	768	0	0	1672
2327580	1731048	-1	145408	672	0	0	672
2336587	-1	-1	0	0	0	0	0
2345589	2979864	-1	289792	778	0	0	1816
2354622	-1	-1	0	0	0	0	0
2363609	4081576	-1	289792	568	0	0	1687
2372583	-1	-1	0	0	0	0	0
2381610	2411424	-1	288768	958	0	0	1649
2390635	-1	-1	0	0	0	0	0
2399579	3496584	-1	286720	656	0	0	1639
2408581	-1	-1	0	0	0	0	0
2417597	4067056	-1	287744	566	0	0	1577
2426600	-1	-1	0	0	0	0	0
2435610	2996296	-1	288768	771	0	0	2337
2444669	-1	-1	0	0	0	0	0
2453582	1486088	-1	287744	1549	0	0	2607
2462578	-1	-1	0	0	0	0	0
2471580	2084832	-1	289792	1112	0	0	1827
2480589	-1	-1	0	0	0	0	0
2489581	2062528	-1	290816	1128	0	0	1952
2498589	-1	-1	0	0	0	0	0
2507578	4045784	-1	288768	571	0	0	1716
2516580	-1	-1	0	0	0	0	0
2525579	2587432	-1	289792	896	0	0	2433
2534581	-1	-1	0	0	0	0	0
2543590	2515168	-1	290816	925	0	0	1790
2552579	-1	-1	0	0	0	0	0
2561705	2352752	-1	282624	961	0	0	1816
2570577	-1	-1	0	0	0	0	0
2579579	3502016	-1	289792	662	0	0	1717
2588887	-1	-1	0	0	0	0	0
2597827	2488264	-1	290816	935	0	0	1836
2606579	-1	-1	0	0	0	0	0
2615577	3274488	-1	289792	708	0	0	1667
2624578	-1	-1	0	0	0	0	0
2633577	3751352	-1	289792	618	0	0	1669
2642588	-1	-1	0	0	0	0	0
2651579	1226840	-1	288768	1883	0	0	1883
2660577	-1	-1	0	0	0	0	0
2669578	3537736	-1	288768	653	0	0	1866
2678576	-1	-1	0	0	0	0	0
2687586	2348928	-1	287744	980	0	0	2218
2696576	-1	-1	0	0	0	0	0
2705586	2473384	-1	288768	934	0	0	2054
2714590	-1	-1	0	0	0	0	0
2723590	3458296	-1	288768	668	0	0	1751
2732577	-1	-1	0	0	0	0	0
2741581	2193872	-1	288768	1053	0	0	1868
2750579	-1	-1	0	0	0	0	0
2759655	2876344	-1	289792	806	0	0	1884
2768578	-1	-1	0	0	0	0	0
2777590	2613288	-1	288768	884	0	0	3106
2786579	-1	-1	0	0	0	0	0
2795654	2775800	-1	293888	847	0	0	1922
2804579	-1	-1	0	0	0	0	0
2813719	3344384	-1	293888	703	0	0	1878
2822587	-1	-1	0	0	0	0	0
2831585	2263472	-1	287744	1017	0	0	1715
2840578	-1	-1	0	0	0	0	0
2849581	1797160	-1	289792	1290	0	0	2342
2858700	-1	-1	0	0	0	0	0
2867583	3184528	-1	289792	728	0	0	1829
2876578	-1	-1	0	0	0	0	0
2885578	2521992	-1	288768	916	0	0	2043
2894579	-1	-1	0	0	0	0	0
2903583	1791608	-1	289792	1294	0	0	1765
2912579	-1	-1	0	0	0	0	0
2921614	3780920	-1	288768	611	0	0	1746
2930623	-1	-1	0	0	0	0	0
2939579	2422504	-1	289792	957	0	0	1726
2948607	-1	-1	0	0	0	0	0
2957586	3633752	-1	289792	638	0	0	1799
2966580	-1	-1	0	0	0	0	0
2975578	3402272	-1	288768	679	0	0	2031
2984595	-1	-1	0	0	0	0	0
2993590	3855888	-1	279552	580	0	0	1662
3002633	1433088	-1	144384	806	0	0	855
3011726	-1	-1	0	0	0	0	0
3020578	3206064	-1	287744	718	0	0	1906
3029660	-1	-1	0	0	0	0	0
3038613	3863120	-1	288768	598	0	0	1624
