130582	46990640	-1	6367232	1084	0	0	1084
139580	-1	-1	0	0	0	0	0
148581	27928280	-1	1288192	369	0	0	482
158580	-1	-1	0	0	0	0	0
167649	26077864	-1	977920	300	0	0	446
179051	-1	-1	0	0	0	0	0
184095	-1	-1	0	0	0	0	20
201320	25991184	-1	5961728	1835	0	0	1909
211244	-1	-1	0	0	0	0	0
223239	-1	-1	0	0	0	0	0
227991	-1	-1	0	0	0	0	0
237140	-1	-1	0	0	0	0	177
248059	7274800	-1	592896	652	0	0	652
251884	1709320	-1	770048	3604	0	0	3618
261592	2986288	-1	2260992	6057	0	0	7213
272404	441056	-1	139264	2526	0	0	2537
282048	3609568	-1	2150400	4766	0	0	4766
290246	-1	-1	0	0	0	0	1756
301079	1381968	-1	822272	4760	0	0	4760
309479	-1	-1	0	0	0	0	4648
321737	1534144	-1	1482752	7732	0	0	7732
328962	-1	-1	65536	4764	0	0	4774
336993	7428712	-1	1997396	2151	0	0	5531
346459	-1	-1	0	0	0	0	16
360114	1842872	-1	1000448	4343	0	0	4462
368379	1186840	-1	608256	4100	0	0	6033
380735	850632	-1	867328	8157	0	0	8157
392687	473360	-1	237568	4015	0	0	4015
402425	1183024	-1	665600	4501	0	0	4501
408074	-1	-1	0	0	0	0	0
416818	-1	-1	0	0	0	0	0
424737	1400944	-1	892928	5099	0	0	5198
433214	4832040	-1	440320	729	0	0	7524
442531	-1	-1	0	0	0	0	1224
452716	1277512	-1	754688	4726	0	0	4726
468200	22159656	-1	1155072	417	0	0	486
478082	-1	-1	0	0	0	0	0
488517	-1	-1	0	0	0	0	1441
496988	1218024	-1	1481728	9732	0	0	9732
508697	2084120	-1	487424	1871	0	0	4217
517406	2476040	-1	1540096	4976	0	0	4976
528079	-1	-1	0	0	0	0	0
535790	1584024	-1	584704	2953	0	0	2953
542078	1845992	-1	1150976	4988	0	0	5198
553512	-1	-1	0	0	0	0	387
560469	-1	-1	0	0	0	0	840
572401	851864	-1	777216	7299	0	0	7299
575230	6446896	-1	593920	737	0	0	737
581652	-1	-1	0	0	0	0	0
591362	8399216	-1	1245184	1186	0	0	1217
600284	10484256	-1	2856960	2180	0	0	4642
607621	-1	-1	0	0	0	0	0
615632	-1	-1	0	0	0	0	0
619134	-1	-1	0	0	0	0	0
627487	-1	-1	0	0	0	0	0
639319	-1	-1	0	0	0	0	0
645526	-1	-1	0	0	0	0	0
651911	-1	-1	0	0	0	0	0
658926	-1	-1	0	0	0	0	0
668518	-1	-1	0	0	0	0	0
676563	-1	-1	0	0	0	0	5882
685041	667232	-1	1088512	13051	0	0	13051
694288	1469472	-1	349184	1901	0	0	1931
698876	-1	-1	0	0	0	0	0
708227	-1	-1	0	0	0	0	2068
718198	1058936	-1	880640	6653	0	0	7592
720624	610792	-1	186368	2441	0	0	2441
730245	2009248	-1	1433600	5708	0	0	5708
742107	-1	-1	0	0	0	0	4683
744584	322984	-1	270336	6696	0	0	6696
755631	3901624	-1	1130496	2318	0	0	2318
761390	-1	-1	0	0	0	0	0
769664	-1	-1	0	0	0	0	1127
777548	7400312	-1	1569792	1697	0	0	1697
783551	3230272	-1	335948	832	0	0	5713
788297	-1	-1	0	0	0	0	1775
796415	580392	-1	393216	5420	0	0	5420
806119	2152768	-1	2035712	7565	0	0	7565
808281	4738112	-1	717824	1212	0	0	1212
818690	-1	-1	0	0	0	0	0
829649	-1	-1	0	0	0	0	0
839588	-1	-1	0	0	0	0	0
846101	986536	-1	428032	3471	0	0	4106
848914	-1	-1	0	0	0	0	0
858599	2300328	-1	1362944	4740	0	0	6919
865396	10696648	-1	791552	592	0	0	592
875291	-1	-1	0	0	0	0	0
882940	-1	-1	0	0	0	0	6
888061	1539568	-1	551936	2868	0	0	5120
901449	2926192	-1	899072	2458	0	0	2458
907383	-1	-1	0	0	0	0	0
913928	-1	-1	0	0	0	0	0
924704	-1	-1	0	0	0	0	6359
929207	493512	-1	427008	6922	0	0	6922
936527	3520592	-1	1798144	4086	0	0	4086
947911	608984	-1	425984	5596	0	0	5596
955014	-1	-1	0	0	0	0	327
965152	3263920	-1	622592	1526	0	0	1526
979841	1617792	-1	594944	2942	0	0	10706
985457	1637312	-1	616448	3012	0	0	4483
992173	-1	-1	0	0	0	0	0
997819	-1	-1	0	0	0	0	0
1005030	-1	-1	0	0	0	0	257
1021008	2129384	-1	2598912	9764	0	0	9764
1028818	-1	-1	0	0	0	0	0
1034699	-1	-1	0	0	0	0	0
1044018	915648	-1	403456	3525	0	0	5253
1051115	3389312	-1	493568	1165	0	0	1165
1061677	10834584	-1	461824	341	0	0	2519
1068757	2222344	-1	978944	3524	0	0	3524
1075125	-1	-1	0	0	0	0	0
1083706	-1	-1	0	0	0	0	443
1091097	1328800	-1	2296832	13828	0	0	13828
1101259	-1	-1	0	0	0	0	0
1105633	-1	-1	0	0	0	0	0
1116489	802736	-1	524288	5225	0	0	5823
1125081	931248	-1	710656	6105	0	0	6105
1134053	7783128	-1	545792	561	0	0	1984
1143698	-1	-1	0	0	0	0	0
1148394	-1	-1	0	0	0	0	2034
1159047	1469216	-1	1725408	9395	0	0	9395
1168765	-1	-1	0	0	0	0	1519
1176924	-1	-1	0	0	0	0	8159
1188011	880744	-1	1380352	12538	0	0	12538
1205055	1523640	-1	1207296	6339	0	0	7916
1209433	3282552	-1	584704	1425	0	0	2816
1217449	1000464	-1	538624	4307	0	0	4307
1225791	954544	-1	904192	7578	0	0	7578
1234807	-1	-1	0	0	0	0	0
1244391	-1	-1	0	0	0	0	2800
1251273	214656	-1	250880	9350	0	0	9350
1255900	848880	-1	524288	4941	0	0	4941
1271352	2114896	-1	3269632	12368	0	0	12368
1277837	10724072	-1	294912	220	0	0	220
1284071	-1	-1	0	0	0	0	0
1295221	-1	-1	0	0	0	0	0
1298477	-1	-1	0	0	0	0	2498
1304828	4237496	-1	2928640	5529	0	0	5529
1310853	-1	-1	0	0	0	0	0
1321743	-1	-1	0	0	0	0	1023
1331949	2274856	-1	557056	1959	0	0	1959
1339503	4617256	-1	1532928	2656	0	0	2719
1351849	3410112	-1	1624064	3810	0	0	3810
1358694	-1	-1	0	0	0	0	0
1364728	-1	-1	0	0	0	0	0
1375060	4401264	-1	1166336	2120	0	0	2515
1381430	-1	-1	0	0	0	0	0
1385922	2501464	-1	1121280	3586	0	0	3586
1393935	-1	-1	0	0	0	0	0
1396295	-1	-1	0	0	0	0	8
1412629	3722800	-1	2078720	4467	0	0	4467
1419222	-1	-1	0	0	0	0	2357
1432235	4540552	-1	1908736	3363	0	0	3363
1445971	-1	-1	0	0	0	0	0
1451479	-1	-1	0	0	0	0	406
1453246	682216	-1	521216	6112	0	0	6112
1465318	1974192	-1	458752	1859	0	0	4612
1467810	3654024	-1	664576	1455	0	0	2492
1478154	9225088	-1	1819648	1578	0	0	1578
1487186	-1	-1	0	0	0	0	0
1496730	-1	-1	0	0	0	0	0
1502882	4469632	-1	655360	1173	0	0	3494
1514732	2167064	-1	694272	2563	0	0	2563
1521396	1397136	-1	232448	1331	0	0	1987
1530181	1256672	-1	380928	2425	0	0	3731
1540994	560712	-1	493568	7042	70656	384577	7042
1551913	-1	-1	0	0	31744	2949	0
1564045	-1	-1	0	0	87040	16413	3693
1569691	247000	-1	265216	8590	59392	7004	8590
1578351	8397200	-1	353732	337	15360	5277	3684
1586897	333912	-1	550912	13199	5120	13570	13199
1593588	-1	-1	0	0	29696	790	113
1602218	6845896	80512	546816	639	153600	15262	768
1607670	-1	-1	0	0	0	0	3725
1621086	1072328	79808	602112	4492	159744	16012	4492
1627416	1469704	-1	353280	1923	31744	9190	1923
1633211	-1	-1	0	0	32768	1919	0
1638836	1232016	-1	627712	4076	23552	7053	4259
1647157	1746344	-1	632832	2899	11264	8442	2899
1655359	-1	-1	0	0	0	0	0
1665392	-1	-1	0	0	30720	18461	0
1671282	-1	-1	0	0	10240	6964	371
1687342	2176968	-1	1218560	4478	39936	13073	4478
1696659	-1	-1	0	0	10240	4039	0
1704177	-1	-1	0	0	20480	11021	0
1708142	1705176	-1	685056	3214	21504	8619	3953
1721085	1141384	-1	467968	3280	35840	8055	3280
1726785	-1	-1	0	0	16384	10657	0
1735735	-1	-1	0	0	0	0	2
1744990	1998048	-1	286720	1148	24576	15724	2235
1750124	1115016	-1	900096	6458	0	0	6458
1759530	922600	-1	788480	6837	16384	12698	6837
1769247	-1	-1	0	0	32768	8084	0
1775946	1690016	-1	415744	1968	0	0	2246
1784494	-1	-1	0	0	0	0	0
1795146	1836088	-1	1388544	6050	0	0	6050
1803406	2489248	-1	1562624	5022	0	0	5022
1811033	-1	-1	0	0	0	0	0
1827049	6477392	-1	348160	430	0	0	526
1838518	3532448	-1	574464	1301	0	0	3673
1847514	2012224	-1	475136	1889	0	0	1889
1854388	-1	-1	0	0	0	0	49
1860372	750448	-1	158720	1692	32768	94695	1692
1921891	41613448	117936	2673664	514	919552	62378	514
1925431	-1	-1	0	0	31744	6090	0
1934488	-1	-1	0	0	22528	3883	0
1947054	-1	-1	0	0	28672	15717	0
1954681	2604680	-1	324608	997	66560	9646	997
1962478	-1	-1	0	0	0	0	0
1971929	-1	-1	0	0	49152	13046	21
1976658	5334952	-1	403456	605	4096	8932	4729
1985350	1338720	-1	695296	4155	8192	8689	4155
1993626	-1	-1	0	0	4096	6264	2082
1998984	1550392	-1	696320	3593	4096	2068	5357
2009008	1856984	-1	1000448	4310	6144	15326	4310
2020724	3741344	-1	1042432	2229	19456	11716	2693
2029874	1165104	-1	559104	3839	3072	4391	3987
2039752	-1	-1	0	0	7168	11383	3125
2040562	945048	-1	447124	3785	3072	3258	3785
2049786	1627512	-1	1163264	5718	0	0	5718
2058374	1339584	-1	967680	5779	6144	15740	7330
2065918	1624416	-1	737280	3631	8192	4339	3631
2075824	-1	-1	0	0	22528	10990	0
2082744	-1	-1	0	0	18432	10045	1077
2086514	1095680	-1	416768	3043	9216	3137	3769
2095726	1575488	-1	1774592	9011	27648	7932	9011
2100819	-1	-1	68608	5181	0	0	5181
2108535	2881344	-1	2023424	5618	14336	13681	5618
2117129	-1	-1	0	0	8192	2122	0
2126608	8512832	-1	815104	766	23552	11814	766
2137587	-1	-1	131072	387	28672	16673	555
2145970	1954976	-1	973824	3985	11264	5895	8383
2157489	741944	-1	372736	4019	19456	11121	8025
2163984	1274896	-1	943104	5918	14336	6073	5918
2174049	-1	-1	65536	2616	65536	12578	2616
2184521	2510448	-1	1225728	3906	46080	9801	3906
2188193	-1	-1	0	0	0	0	0
2198542	3158248	-1	665600	1686	12288	11655	1793
2204747	2390320	-1	927744	3105	8192	8319	4519
2212354	-1	-1	0	0	4096	5600	7601
2216568	1158688	-1	1139712	7869	0	0	7869
2228575	9069328	-1	1725440	1522	43008	20489	1886
2234674	2950080	-1	504832	1369	14336	16	1369
2242869	1775144	-1	428032	1929	95232	14277	1929
2253417	-1	-1	0	0	18432	5744	1650
2263073	3125176	-1	1173504	3004	11264	13138	3004
2271438	3410648	-1	433152	1016	11264	5866	4831
2284532	5287032	-1	838656	1269	11264	14123	1269
2289519	-1	-1	0	0	12288	6643	0
2299291	-1	-1	0	0	3072	1138	0
2311593	1844296	-1	1847296	8013	3072	15428	8854
2312747	-1	-1	0	0	8192	7304	1153
2319656	15762944	-1	545792	277	34816	7159	277
2327974	-1	-1	0	0	30720	4533	0
2335026	4484040	-1	372736	665	0	0	665
2342636	1703496	-1	251904	1183	53248	18324	1183
2345536	5000576	-1	251904	403	29696	3247	403
2354113	-1	-1	0	0	5120	2965	712
2362929	2747840	-1	655360	1908	33792	14446	1908
2370532	-1	-1	0	0	5120	3	0
2379913	1135912	-1	536576	3779	0	0	4865
2383679	-1	-1	0	0	0	0	3766
2392158	8255384	-1	1600512	1551	0	0	2676
2400728	-1	-1	0	0	0	0	0
2409517	1285240	-1	462848	2881	0	0	2881
2411475	-1	-1	0	0	0	0	0
2421833	1560848	-1	665700	3412	0	0	3425
2430734	-1	-1	0	0	0	0	3834
2436402	906560	-1	901120	7952	0	0	7952
2443095	4205960	-1	313344	596	0	0	1250
2450756	-1	-1	0	0	0	0	0
2457281	-1	-1	0	0	0	0	0
2465002	2054504	-1	323584	1260	0	0	4388
2476144	1396080	-1	681984	3908	0	0	3908
2477529	13252832	-1	745472	450	0	0	535
2487234	902144	-1	432128	3832	0	0	4148
2499053	-1	-1	0	0	0	0	190
2506434	592008	-1	353280	4774	0	0	4774
2513504	647000	-1	335872	4153	0	0	4160
2522451	2858552	-1	389120	1089	0	0	1559
2530755	1031880	-1	402432	3120	0	0	3180
2541594	3655256	-1	318464	697	0	0	4400
2543284	-1	-1	0	0	0	0	1459
2553055	799352	-1	1039360	10402	0	0	10402
2564478	-1	-1	0	0	0	0	136
2570595	-1	-1	0	0	0	0	0
2580642	250248	-1	201728	6449	0	0	6449
2587970	3647304	-1	1939456	4254	0	0	4254
2596111	-1	-1	0	0	0	0	0
2606686	-1	-1	0	0	0	0	0
2614233	-1	-1	0	0	0	0	3773
2617951	866608	-1	413696	3819	0	0	3819
2626082	-1	-1	0	0	0	0	4013
2632681	1858736	-1	1319936	5681	0	0	5681
2640842	-1	-1	0	0	0	0	0
2648673	-1	-1	0	0	0	0	0
2654551	-1	-1	0	0	0	0	4564
2659601	1456136	-1	1045504	5744	0	0	5744
2672826	1304504	-1	369664	2267	0	0	5943
2680527	1189768	8120	678912	4565	260096	256194	4565
