10634	3128376	-1	3103744	7937	0	0	8003
19630	3921328	-1	1942528	3963	0	0	3963
27630	4107360	-1	925696	1803	0	0	1803
31629	3882928	-1	1334272	2749	0	0	2749
40632	-1	-1	0	0	0	0	0
48636	-1	-1	0	0	0	0	0
55631	3991104	-1	1597440	3202	0	0	3202
64636	3911672	-1	836608	1711	0	0	1711
73631	-1	-1	0	0	0	0	0
82632	-1	-1	0	0	0	0	0
91629	3974216	-1	2055168	4137	0	0	4137
100630	-1	-1	0	0	0	0	0
109636	-1	-1	0	0	0	0	0
117637	4129664	-1	376832	730	0	0	764
122631	3851208	-1	2408448	5003	0	0	5003
131637	-1	-1	117760	149	0	0	149
137629	-1	-1	0	0	0	0	0
143629	3825448	-1	311296	651	0	0	841
148652	3972896	-1	2544640	5124	0	0	5124
157629	-1	-1	0	0	0	0	0
164630	3972448	-1	2600960	5238	0	0	5238
173646	-1	-1	0	0	0	0	0
178636	-1	-1	0	0	0	0	0
185632	-1	-1	0	0	0	0	0
194644	3969336	-1	2519040	5077	0	0	5077
203630	-1	-1	0	0	0	0	0
212629	-1	-1	0	0	0	0	0
220629	-1	-1	0	0	0	0	0
229633	3997344	-1	1828784	3660	0	0	3660
234637	-1	-1	0	0	0	0	0
243630	-1	-1	0	0	0	0	0
252630	3841008	-1	1465344	3052	0	0	3052
258638	-1	-1	0	0	0	0	0
267654	-1	-1	0	0	0	0	0
274629	3981520	-1	2012160	4043	0	0	4043
281654	-1	-1	0	0	0	0	0
290630	-1	-1	0	0	0	0	0
299633	3996608	-1	1564672	3132	0	0	3132
301633	3918744	-1	418816	855	0	0	855
310630	-1	-1	0	0	0	0	0
314629	-1	-1	0	0	0	0	0
323630	-1	-1	0	0	0	0	0
329630	3947344	-1	2555904	5180	0	0	5180
338630	-1	-1	52224	65	0	0	65
347629	4035792	-1	1269760	2517	0	0	2517
350643	3920840	-1	1134592	2315	0	0	2315
359658	-1	-1	0	0	0	0	0
368632	-1	-1	0	0	0	0	0
376642	3942648	-1	2817024	5716	0	0	5716
384630	-1	-1	0	0	0	0	0
388630	-1	-1	0	0	0	0	0
397648	-1	-1	0	0	0	0	0
403629	4098120	-1	991232	1935	0	0	1935
412651	3902048	-1	1040384	2133	0	0	2133
418660	-1	-1	0	0	0	0	0
424631	-1	-1	0	0	0	0	0
431630	4016864	-1	1715200	3416	0	0	3416
440629	-1	-1	0	0	0	0	0
449631	-1	-1	0	0	0	0	0
458631	-1	-1	0	0	0	0	0
465629	3968928	-1	2126848	4287	0	0	4287
474630	-1	-1	0	0	0	0	0
483629	4016896	-1	1871872	3728	0	0	3728
492630	-1	-1	0	0	0	0	0
502629	-1	-1	0	0	0	0	0
508630	-1	-1	0	0	0	0	0
517649	3973720	-1	2612224	5259	0	0	5259
526630	-1	-1	0	0	0	0	0
534631	-1	-1	0	0	0	0	0
543630	-1	-1	0	0	0	0	0
551630	3965888	-1	2403328	4848	0	0	4848
560631	-1	-1	0	0	0	0	0
570649	4011344	-1	1576960	3145	0	0	3145
578650	-1	-1	0	0	0	0	0
587649	-1	-1	0	0	0	0	0
595630	4282336	-1	647168	1209	0	0	1209
599631	3844912	-1	325856	678	0	0	678
607630	-1	-1	0	0	0	0	0
614629	3692136	-1	1778688	3854	0	0	3854
623630	-1	-1	0	0	0	0	0
632628	-1	-1	0	0	0	0	0
641629	-1	-1	106496	230	0	0	250
646650	3994856	-1	2244608	4495	0	0	4495
655652	-1	-1	0	0	0	0	0
664631	-1	-1	0	0	0	0	0
674650	-1	-1	0	0	0	0	0
683629	3987704	-1	2564096	5144	0	0	5144
691630	3871432	-1	626688	1295	0	0	1295
700630	-1	-1	0	0	0	0	0
709631	3978384	-1	3169280	6373	0	0	6373
716631	-1	-1	0	0	0	0	0
721631	-1	-1	0	0	0	0	0
730629	3941424	-1	2859008	5803	0	0	5803
739631	3946912	-1	1260544	2555	0	0	2555
747630	-1	-1	0	0	0	0	0
756630	-1	-1	0	0	0	0	0
765656	3975384	-1	2531328	5094	0	0	5094
774653	3905016	-1	889856	1823	0	0	1823
784631	-1	-1	0	0	0	0	0
793630	4030376	-1	974848	1935	0	0	1947
796630	3879696	-1	1157120	2386	0	0	2386
804629	-1	-1	0	0	0	0	0
813630	-1	-1	0	0	0	0	0
817629	-1	-1	0	0	0	0	0
823631	4064168	-1	1568768	3088	0	0	3088
827629	-1	-1	0	0	0	0	0
836631	-1	-1	0	0	0	0	0
845629	-1	-1	0	0	0	0	0
853630	4022752	-1	2024448	4026	0	0	4026
862631	-1	-1	0	0	0	0	0
871630	4039632	-1	1541120	3052	0	0	3052
880630	-1	-1	0	0	0	0	0
888629	-1	-1	0	0	0	0	0
891629	-1	-1	0	0	0	0	0
900637	4055520	-1	1743872	3440	0	0	3440
904630	-1	-1	0	0	0	0	0
913633	-1	-1	0	0	0	0	0
918633	-1	-1	0	0	0	0	0
927633	3999864	-1	2385920	4772	0	0	4772
935630	-1	-1	0	0	0	0	0
943630	-1	-1	0	0	0	0	0
949630	-1	-1	0	0	0	0	0
958648	3940168	-1	2498560	5073	0	0	5073
967629	-1	-1	77052	133	0	0	133
976651	2682336	-1	303104	904	0	0	991
985631	3999944	-1	1790976	3582	0	0	3582
994630	-1	-1	0	0	0	0	0
1002631	-1	-1	0	0	0	0	0
1010634	3889000	-1	2760704	5679	0	0	5679
1014631	4000912	-1	1141760	2283	0	0	2283
1022649	-1	-1	0	0	0	0	0
1032631	-1	-1	0	0	0	0	0
1040630	3963136	-1	2306048	4655	0	0	4655
1048631	-1	-1	0	0	0	0	0
1052650	-1	-1	0	0	0	0	0
1060655	-1	-1	0	0	0	0	0
1070630	4037976	-1	1389568	2753	0	0	2753
1079630	-1	-1	0	0	0	0	0
1087630	-1	-1	0	0	0	0	0
1096629	3813240	-1	483328	1014	0	0	1099
1100631	4011056	-1	991232	1977	0	0	1977
1108630	-1	-1	0	0	0	0	0
1117631	-1	-1	0	0	0	0	0
1124630	-1	-1	0	0	0	0	0
1133629	4078456	-1	1071104	2101	0	0	2101
1140640	-1	-1	0	0	0	0	0
1145645	-1	-1	0	0	0	0	0
1151652	-1	-1	0	0	0	0	0
1160629	3983480	-1	2120704	4259	0	0	4259
1169634	-1	-1	0	0	0	0	0
1178630	-1	-1	0	0	0	0	0
1186630	3984240	-1	1040384	2089	0	0	2089
1189630	3993680	-1	619520	1241	0	0	1241
1198630	-1	-1	0	0	0	0	0
1202634	-1	-1	0	0	0	0	0
1211630	-1	-1	0	0	0	0	0
1219629	3971824	-1	2161664	4354	0	0	4354
1228629	-1	-1	0	0	0	0	0
1229629	-1	-1	0	0	0	0	0
1238631	-1	-1	0	0	0	0	0
1247630	4021976	-1	1502208	2988	0	0	2988
1256629	-1	-1	0	0	0	0	0
1263630	-1	-1	0	0	0	0	0
1272642	-1	-1	0	0	0	0	0
1281634	3947608	-1	1852416	3754	0	0	3754
1290631	-1	-1	0	0	0	0	0
1299631	3941152	-1	1759232	3571	0	0	3571
1309629	-1	-1	0	0	0	0	0
1315630	-1	-1	0	0	0	0	0
1321629	-1	-1	0	0	0	0	0
1329631	3968152	-1	1223680	2467	0	0	-1
1338630	-1	-1	0	0	0	0	-1
1348630	3349888	-1	450560	1076	0	0	-1
1356632	3905192	-1	2022400	4143	0	0	-1
1363630	-1	-1	0	0	0	0	-1
1372631	4041096	-1	942080	1865	0	0	-1
1375630	3944296	-1	1277952	2592	0	0	-1
1385161	1376032	-1	614400	3572	0	0	7776
1392160	2246624	-1	1966080	7001	0	0	7001
1399162	-1	-1	65536	78	0	0	78
1404164	-1	-1	0	0	0	0	0
1413167	3967904	-1	2664448	5372	0	0	5372
1422163	-1	-1	0	0	0	0	0
1427160	-1	-1	0	0	0	0	0
1435159	-1	-1	0	0	0	0	0
1444163	4017544	-1	1389568	2767	0	0	2767
1453161	-1	-1	0	0	0	0	0
1462161	3980208	-1	2358272	4740	0	0	4740
1471161	-1	-1	0	0	0	0	0
1481161	-1	-1	0	0	0	0	0
1487160	-1	-1	0	0	0	0	0
1491161	-1	-1	0	0	0	0	0
1500160	4205176	-1	532480	1013	0	0	1074
1504162	3902264	-1	1615536	3312	0	0	3312
1512159	-1	-1	0	0	0	0	0
1520169	-1	-1	0	0	0	0	0
1528161	-1	-1	0	0	0	0	0
1538162	3815952	-1	1939456	4066	0	0	4066
1547161	-1	-1	0	0	0	0	0
1556163	-1	-1	0	0	0	0	0
1562161	-1	-1	0	0	0	0	0
1570160	3941920	-1	2514944	5104	0	0	5104
1579162	3933984	-1	795648	1618	0	0	1618
1585164	-1	-1	0	0	0	0	0
1594159	-1	-1	0	0	0	0	0
1602163	3958936	-1	2809856	5678	0	0	5678
1611160	3933192	-1	779264	1585	0	0	1585
1613160	-1	-1	0	0	0	0	0
1622161	-1	-1	0	0	0	0	0
1628174	3967256	-1	2129920	4295	0	0	4295
1635160	-1	-1	0	0	0	0	0
1644165	-1	-1	0	0	0	0	0
1653160	-1	-1	0	0	0	0	0
1661160	3952576	-1	1665024	3370	0	0	3370
1669160	-1	-1	0	0	0	0	0
1679160	4010944	-1	1545216	3082	0	0	3082
1688159	-1	-1	0	0	0	0	0
1697159	-1	-1	0	0	0	0	0
1706160	-1	-1	0	0	0	0	0
1713160	3956560	-1	2251776	4553	0	0	4553
1722160	-1	-1	0	0	0	0	0
1731160	-1	-1	0	0	0	0	0
1741160	-1	-1	0	0	0	0	0
1747161	3947056	-1	2442240	4950	0	0	4950
1752160	-1	-1	0	0	0	0	0
1761160	3961112	-1	2465792	4980	0	0	4980
1771161	3808448	-1	305152	641	0	0	641
1780160	-1	-1	0	0	0	0	0
1789160	-1	-1	0	0	0	0	0
1798161	3964760	-1	2644992	5337	0	0	5337
1807162	-1	-1	0	0	0	0	0
1816160	3981664	-1	2246656	4514	0	0	4514
1825160	-1	-1	0	0	0	0	0
1834159	-1	-1	0	0	0	0	0
1836161	-1	-1	0	0	0	0	0
1845161	3927624	-1	2340864	4768	0	0	4768
1854160	-1	-1	0	0	0	0	0
1860159	-1	-1	0	0	0	0	0
1868161	-1	-1	0	0	0	0	0
1877161	3954368	-1	2495700	5049	0	0	5049
1886161	-1	-1	0	0	0	0	0
1895161	-1	-1	0	0	0	0	0
1898161	-1	-1	0	0	0	0	0
1905161	3805880	-1	2498560	5252	0	0	5252
1913160	3875584	-1	648192	1338	0	0	1338
1920160	-1	-1	0	0	0	0	0
1928160	-1	-1	0	0	0	0	0
1937159	3973792	-1	2580480	5195	0	0	5195
1946160	3933288	-1	284672	579	0	0	579
1951161	-1	-1	0	0	0	0	0
1960160	-1	-1	0	0	0	0	0
1969159	3966152	-1	2580480	5205	0	0	5205
1976161	-1	-1	10240	19	0	0	19
1983161	4037960	-1	1674240	3317	0	0	3317
1992160	-1	-1	0	0	0	0	0
2002161	-1	-1	0	0	0	0	0
2011160	-1	-1	0	0	0	0	0
2020165	4052848	-1	1154048	2278	0	0	2278
2022167	-1	-1	0	0	0	0	0
2031160	-1	-1	0	0	0	0	0
2040160	-1	-1	122880	197	0	0	200
2045159	3940040	-1	2457600	4990	0	0	4990
2052160	-1	-1	64512	131	0	0	131
2061160	-1	-1	0	0	0	0	0
2065160	-1	-1	0	0	0	0	0
2074161	3943424	-1	2752512	5584	0	0	5584
2082161	-1	-1	64512	116	0	0	116
2091160	-1	-1	0	0	0	0	0
2100159	-1	-1	0	0	0	0	0
2110161	4002368	-1	1991680	3981	0	0	3981
2119160	-1	-1	0	0	0	0	0
2128160	-1	-1	0	0	0	0	0
2132159	-1	-1	0	0	0	0	0
2138169	3964984	-1	2711552	5471	0	0	5500
2148160	3891568	-1	1637376	3366	0	0	3366
2157161	-1	-1	0	0	0	0	0
2164160	-1	-1	0	0	0	0	0
2171160	3978928	-1	2662400	5353	0	0	5353
2180161	3894200	-1	1096704	2253	0	0	2253
2186160	3951312	-1	2670592	5407	0	0	5407
2194162	3882408	-1	1051648	2167	0	0	2167
2203160	-1	-1	0	0	0	0	0
2212161	-1	-1	0	0	0	0	0
2218160	3991344	-1	2245632	4501	0	0	4501
2225160	-1	-1	0	0	0	0	0
2231159	-1	-1	0	0	0	0	0
2240161	4114208	-1	925696	1800	0	0	1806
2244161	3797872	-1	1839120	3874	0	0	3874
2253161	3992512	-1	612352	1227	0	0	1227
2261160	-1	-1	0	0	0	0	0
2270160	-1	-1	0	0	0	0	0
2277161	-1	-1	0	0	0	0	0
2283207	-1	-1	0	0	0	0	0
2290160	3902576	-1	2231296	4574	0	0	4574
2299161	-1	-1	0	0	0	0	0
2308163	3971608	-1	2272256	4577	0	0	4577
2317161	-1	-1	0	0	0	0	0
2326162	-1	-1	0	0	0	0	0
2335161	-1	-1	0	0	0	0	0
2344160	3921064	-1	2547712	5198	0	0	5198
2353161	4092144	-1	543744	1063	0	0	1063
2363169	3941552	-1	2613248	5304	0	0	5304
2372162	4102328	-1	331776	647	0	0	647
2381160	-1	-1	0	0	0	0	0
2387161	-1	-1	0	0	0	0	0
2396161	3949952	-1	2727936	5525	0	0	5525
2405161	3913952	-1	572416	1170	0	0	1170
2412160	-1	-1	0	0	0	0	0
2421160	-1	-1	0	0	0	0	0
2430160	3946832	-1	2777088	5629	0	0	5629
2438160	-1	-1	52224	101	0	0	101
2447159	3965096	-1	2465792	4975	0	0	4975
2456162	-1	-1	55296	118	0	0	118
2464160	-1	-1	0	0	0	0	0
2467160	-1	-1	0	0	0	0	0
2476159	4000080	-1	2306048	4612	0	0	4612
2485159	-1	-1	0	0	0	0	0
2494160	-1	-1	0	0	0	0	0
2498161	-1	-1	0	0	0	0	0
2507163	3979744	-1	2120704	4263	0	0	4263
2509160	-1	-1	0	0	0	0	0
2518162	-1	-1	0	0	0	0	0
2527161	-1	-1	0	0	0	0	0
2536160	4052952	-1	1253376	2474	0	0	2474
2545165	-1	-1	0	0	0	0	0
2554160	-1	-1	0	0	0	0	0
2556168	-1	-1	0	0	0	0	0
2565160	4020640	-1	1092608	2174	0	0	2174
2574159	-1	-1	0	0	0	0	0
2583162	4110560	-1	867328	1688	0	0	1688
2592159	-1	-1	0	0	0	0	0
2601164	-1	-1	0	0	0	0	0
2610160	-1	-1	0	0	0	0	0
2619161	3872784	-1	2442756	5046	0	0	5046
2628160	-1	-1	0	0	0	0	0
2637160	-1	-1	0	0	0	0	0
2642160	-1	-1	0	0	0	0	0
2651160	3983352	-1	2498560	5018	0	0	5018
2659160	3933552	-1	347136	706	0	0	706
2668160	-1	-1	0	0	0	0	0
2671161	-1	-1	0	0	0	0	0
2680163	4086416	-1	1309696	2564	0	0	2564
2689159	-1	-1	0	0	0	0	0
2697160	-1	-1	0	0	0	0	0
2704160	3591016	-1	294912	657	0	0	681
2709160	4191592	-1	1189888	2271	0	0	2271
2718161	-1	-1	0	0	0	0	0
2727160	-1	-1	0	0	0	0	0
2734159	-1	-1	40960	211	0	0	221
2739160	4240392	-1	1187840	2241	0	0	2241
2748160	-1	-1	0	0	0	0	0
2757160	-1	-1	0	0	0	0	0
2766160	-1	-1	0	0	0	0	0
2775160	4012960	-1	1682432	3354	0	0	3354
2783160	-1	-1	0	0	0	0	0
2789161	4018464	-1	1857536	3698	0	0	3698
2798160	-1	-1	0	0	0	0	0
2807160	-1	-1	0	0	0	0	0
2816160	-1	-1	0	0	0	0	0
2823160	3995624	-1	2323456	4652	0	0	4652
2831160	-1	-1	0	0	0	0	0
2836159	-1	-1	0	0	0	0	0
2846160	-1	-1	0	0	0	0	0
2855160	4101592	-1	1126400	2197	0	0	2197
2864164	-1	-1	0	0	0	0	0
2868160	-1	-1	0	0	0	0	0
2877160	-1	-1	0	0	0	0	0
2886164	4028896	-1	1629184	3235	0	0	3235
2892160	-1	-1	0	0	0	0	0
2902159	-1	-1	0	0	0	0	0
2905160	-1	-1	0	0	0	0	0
2914160	4027480	-1	1775616	3527	0	0	3527
2923161	-1	-1	0	0	0	0	0
2932160	-1	-1	0	0	0	0	0
2941160	-1	-1	0	0	0	0	0
2950160	4190944	-1	949248	1812	0	0	1812
2955160	-1	-1	0	0	0	0	0
2964160	-1	-1	0	0	0	0	0
2970161	-1	-1	0	0	0	0	0
2979161	4130960	-1	1060108	2053	0	0	2053
2988160	-1	-1	0	0	0	0	0
2997163	3585920	-1	1551360	3461	0	0	3461
3006161	-1	-1	0	0	0	0	0
3014160	3939424	-1	2421760	4918	0	0	4918
3022161	-1	-1	0	0	0	0	0
3031159	-1	-1	0	0	0	0	0
3036160	-1	-1	0	0	0	0	0
3045160	3897880	-1	2719744	5582	0	0	5582
3052161	4001880	-1	1589248	3177	0	0	3177
3060159	-1	-1	0	0	0	0	0
3067161	-1	-1	0	0	0	0	0
3073186	3938704	-1	2243584	4557	0	0	4557
3082160	-1	-1	0	0	0	0	0
3090160	-1	-1	0	0	0	0	0
3098160	-1	-1	0	0	0	0	0
3107161	3950800	-1	2465792	4993	0	0	4993
3117160	3942960	-1	224256	455	0	0	455
3126160	-1	-1	0	0	0	0	0
3135161	-1	-1	0	0	0	0	0
3144160	3907360	-1	2736128	5602	0	0	5602
3153161	4402504	-1	161792	294	0	0	294
3162160	-1	-1	0	0	0	0	0
3166159	-1	-1	0	0	0	0	0
3175160	3909944	-1	2883584	5900	0	0	5900
3183160	3995952	-1	695296	1392	0	0	1392
3190160	-1	-1	0	0	0	0	0
3199166	-1	-1	0	0	0	0	0
3205159	3930552	-1	2505728	5100	0	0	5100
3213160	-1	-1	0	0	0	0	0
3222160	3931056	-1	2037760	4147	0	0	4147
3231160	-1	-1	0	0	0	0	0
3240159	-1	-1	0	0	0	0	0
3242166	-1	-1	0	0	0	0	0
3251160	3995928	-1	1165312	2333	0	0	2333
3257160	-1	-1	0	0	0	0	0
3266160	-1	-1	0	0	0	0	0
3275161	-1	-1	0	0	0	0	0
3282159	3953352	-1	1092608	2211	0	0	2211
3291160	-1	-1	0	0	0	0	0
3300160	-1	-1	0	0	0	0	0
3309160	-1	-1	0	0	0	0	0
3316160	3920504	-1	2424832	4948	0	0	4948
3325160	3936272	-1	1097728	2231	0	0	2231
3328160	-1	-1	0	0	0	0	0
3337161	3931704	-1	1409024	2867	0	0	2867
3339161	3977960	-1	955208	1921	0	0	1921
3348160	-1	-1	0	0	0	0	0
3357160	3654608	-1	2030592	4445	0	0	4445
3366160	-1	-1	0	0	0	0	0
3374160	-1	-1	0	0	0	0	0
3382160	-1	-1	0	0	0	0	0
3389160	3793112	-1	1667072	3516	0	0	3516
3398160	-1	-1	0	0	0	0	0
3404159	-1	-1	0	0	0	0	0
3411160	-1	-1	0	0	0	0	0
3419160	3906904	-1	1311744	2686	0	0	2686
3428160	-1	-1	0	0	0	0	0
3435161	-1	-1	0	0	0	0	0
3441159	-1	-1	0	0	0	0	0
3451160	3786768	-1	2194432	4636	0	0	4636
3459160	-1	-1	0	0	0	0	0
3465160	-1	-1	0	0	0	0	0
3474160	-1	-1	0	0	0	0	0
3483160	3937800	-1	2344960	4764	0	0	4764
3487160	-1	-1	0	0	0	0	0
3494159	-1	-1	0	0	0	0	0
3497160	-1	-1	0	0	0	0	0
3505160	3937144	-1	2004992	4074	0	0	4074
3514160	-1	-1	0	0	0	0	0
3523160	3972920	-1	2131968	4293	0	0	4293
3532160	-1	-1	0	0	0	0	0
3538160	-1	-1	0	0	0	0	0
3547160	-1	-1	0	0	0	0	0
3556166	3906936	-1	2867200	5871	0	0	5871
3564160	4134000	-1	278528	539	0	0	539
3570165	-1	-1	0	0	0	0	0
3575160	-1	-1	0	0	0	0	0
3583159	3924104	-1	2793472	5695	0	0	5695
3590161	4014080	-1	401408	800	0	0	800
3594159	-1	-1	0	0	0	0	0
3603160	-1	-1	0	0	0	0	0
3612160	3947440	-1	2095104	4246	0	0	4246
3620165	-1	-1	0	0	0	0	0
3626160	-1	-1	0	0	0	0	0
3636160	-1	-1	0	0	0	0	0
3642161	3949352	-1	2785280	5642	0	0	5642
3648160	3860936	-1	672768	1394	0	0	1394
3652160	-1	-1	0	0	0	0	0
3660159	-1	-1	0	0	0	0	0
3666159	3981160	-1	1544192	3103	0	0	3103
3674160	-1	-1	0	0	0	0	0
3683159	3915712	-1	2457600	5021	0	0	5021
3692160	3966800	-1	581632	1173	0	0	1173
3701160	-1	-1	0	0	0	0	0
3710160	-1	-1	0	0	0	0	0
3719159	3978768	-1	1164288	2341	0	0	-1
3726160	-1	-1	0	0	0	0	-1
3735164	3607608	-1	1936384	4294	0	0	-1
3743162	3892720	-1	1705984	3506	0	0	-1
3752160	-1	-1	0	0	0	0	-1
3761160	-1	-1	0	0	0	0	-1
3776249	1672280	-1	1576960	7544	0	0	21583
3785248	-1	-1	0	0	0	0	0
3794255	-1	-1	0	0	0	0	0
3803251	3995056	-1	1438720	2881	0	0	2881
3808251	-1	-1	0	0	0	0	0
3817247	-1	-1	0	0	0	0	0
3822247	-1	-1	0	0	0	0	0
3831254	4004704	-1	1684480	3365	0	0	3365
3840252	-1	-1	0	0	0	0	0
3849249	-1	-1	0	0	0	0	0
3857248	-1	-1	32768	135	0	0	159
3862248	4104248	-1	1528832	2980	0	0	2980
3871248	-1	-1	0	0	0	0	0
3880247	-1	-1	0	0	0	0	0
3889252	-1	-1	0	0	0	0	0
3898257	3974536	-1	1284768	2586	0	0	2586
3902254	-1	-1	0	0	0	0	0
3910264	-1	-1	0	0	0	0	0
3914257	-1	-1	0	0	0	0	0
3923247	3768848	-1	1451008	3080	0	0	3080
3932246	-1	-1	0	0	0	0	0
3941251	3936016	-1	1171456	2381	0	0	2381
3950250	-1	-1	0	0	0	0	0
3959248	-1	-1	0	0	0	0	0
3968263	-1	-1	0	0	0	0	0
3975255	3996984	-1	1570816	3144	0	0	3144
3984253	-1	-1	0	0	0	0	0
3993271	3944184	-1	1343488	2725	0	0	2725
4001249	-1	-1	0	0	0	0	0
4010250	-1	-1	0	0	0	0	0
4019253	-1	-1	0	0	0	0	0
4028250	3968904	-1	1822720	3674	0	0	3674
4032249	-1	-1	0	0	0	0	0
4040256	-1	-1	0	0	0	0	0
4048256	-1	-1	0	0	0	0	0
4057251	3942512	-1	2183168	4430	0	0	4430
4066289	-1	-1	0	0	0	0	0
4075253	-1	-1	0	0	0	0	0
4084247	-1	-1	0	0	0	0	0
4089247	-1	-1	0	0	0	0	0
4098247	4731208	-1	221184	374	0	0	791
4103257	3866472	-1	1673216	3462	0	0	3462
4112251	-1	-1	0	0	0	0	0
4114247	-1	-1	0	0	0	0	0
4123247	3924664	-1	1630208	3323	0	0	3323
4125252	4603768	-1	208896	363	0	0	363
4134246	-1	-1	0	0	0	0	0
4143251	-1	-1	0	0	0	0	0
4152246	-1	-1	0	0	0	0	0
4161247	3920576	-1	2162688	4413	0	0	4413
4170247	-1	-1	0	0	0	0	0
4177266	-1	-1	0	0	0	0	0
4186246	-1	-1	0	0	0	0	0
4195258	4023736	-1	1254400	2494	0	0	2494
4204249	-1	-1	0	0	0	0	0
4211247	4062304	-1	1296384	2553	0	0	2553
4217248	-1	-1	0	0	0	0	0
4226248	-1	-1	0	0	0	0	0
4228253	-1	-1	0	0	0	0	0
4237248	4005760	-1	1045504	2088	0	0	2088
4246246	-1	-1	0	0	0	0	0
4255247	-1	-1	0	0	0	0	0
4264250	-1	-1	0	0	0	0	0
4272251	3952208	-1	2432584	4924	0	0	5056
4281247	3539000	-1	2078720	4699	0	0	4699
4290246	-1	-1	0	0	0	0	0
4299248	-1	-1	0	0	0	0	0
4306264	3686800	-1	2375680	5155	0	0	5155
4311254	3985176	-1	939008	1885	0	0	1885
4320255	-1	-1	0	0	0	0	0
4328246	-1	-1	0	0	0	0	0
4336247	3967832	-1	2314240	4666	0	0	4666
4342256	-1	-1	0	0	0	0	0
4349250	-1	-1	0	0	0	0	0
4358248	3926048	-1	1998848	4073	0	0	4073
4359247	3866432	-1	491520	1017	0	0	1017
4368247	4096000	-1	355328	694	0	0	694
4377247	-1	-1	0	0	0	0	0
4382250	-1	-1	0	0	0	0	0
4387247	3955056	-1	2327552	4708	0	0	4708
4395251	-1	-1	0	0	0	0	0
4403248	-1	-1	0	0	0	0	0
4412265	-1	-1	0	0	0	0	0
4419247	3963320	-1	2370560	4785	0	0	4785
4423251	-1	-1	0	0	0	0	0
4432252	-1	-1	0	0	0	0	0
4438247	-1	-1	0	0	0	0	0
4447254	3945488	-1	2885632	5851	0	0	5851
4456254	-1	-1	0	0	0	0	0
4463246	-1	-1	0	0	0	0	0
4472251	-1	-1	0	0	0	0	0
4478246	3926800	-1	1829888	3728	0	0	3728
4482249	-1	-1	0	0	0	0	0
4491264	3951832	-1	2147328	4347	0	0	4347
4500247	-1	-1	0	0	0	0	0
4503250	-1	-1	0	0	0	0	0
4511247	-1	-1	0	0	0	0	0
4520267	3945576	-1	2457600	4983	0	0	4983
4523247	3928688	-1	324608	661	0	0	661
4532252	-1	-1	0	0	0	0	0
4539246	-1	-1	0	0	0	0	0
4548250	3948240	-1	2736128	5544	0	0	5544
4557248	3952192	-1	816128	1652	0	0	1652
4564246	3949488	-1	2539520	5144	0	0	5144
4573270	3993464	-1	378880	759	0	0	759
4582248	-1	-1	0	0	0	0	0
4591252	-1	-1	0	0	0	0	0
4600247	3770008	-1	2285568	4850	0	0	4850
4609248	3974672	-1	972800	1958	0	0	1958
4619247	3943464	-1	2686976	5451	0	0	5451
4625251	3973320	-1	496168	999	0	0	999
4634248	-1	-1	0	0	0	0	0
4643248	-1	-1	0	0	0	0	0
4652275	3786232	-1	2302976	4866	0	0	4866
4661252	-1	-1	0	0	0	0	0
4666247	-1	-1	0	0	0	0	0
4675247	-1	-1	0	0	0	0	0
4684246	3985800	-1	1963008	3940	0	0	3940
4693248	-1	-1	0	0	0	0	0
4702247	4020688	-1	1776640	3535	0	0	3535
4711252	-1	-1	0	0	0	0	0
4720251	-1	-1	0	0	0	0	0
4729251	3990872	-1	991232	1987	0	0	1987
4732249	3896928	-1	661504	1358	0	0	1358
4741249	-1	-1	0	0	0	0	0
4747247	-1	-1	0	0	0	0	0
4756250	3992760	-1	1762304	3531	0	0	3531
4757248	-1	-1	0	0	0	0	0
4766249	-1	-1	0	0	0	0	0
4775247	-1	-1	0	0	0	0	0
4785272	-1	-1	0	0	0	0	0
4791248	3976512	-1	2129920	4285	0	0	4285
4800256	-1	-1	0	0	0	0	0
4806246	-1	-1	0	0	0	0	0
4810257	-1	-1	0	0	0	0	0
4819251	3989792	-1	2384896	4782	0	0	4782
4828255	-1	-1	0	0	0	0	0
4837255	-1	-1	0	0	0	0	0
4840255	-1	-1	0	0	0	0	0
4848246	-1	-1	0	0	0	0	0
4858246	3990792	-1	1728512	3465	0	0	3465
4860248	4006536	-1	642048	1282	0	0	1282
4869249	-1	-1	0	0	0	0	0
4872250	-1	-1	0	0	0	0	0
4881250	-1	-1	0	0	0	0	0
4890246	3957968	-1	2613248	5282	0	0	5282
4897247	3933576	-1	681984	1387	0	0	1387
4904247	-1	-1	0	0	0	0	0
4913250	-1	-1	0	0	0	0	0
4922253	3948904	-1	2859008	5792	0	0	5792
4931247	2834016	-1	533504	1506	0	0	1506
4936250	3944984	-1	2380800	4828	0	0	4828
4945246	-1	-1	0	0	0	0	0
4954246	-1	-1	0	0	0	0	0
4963254	-1	-1	0	0	0	0	0
4971247	3877240	-1	2695168	5561	0	0	5561
4974247	4006568	-1	1146880	2290	0	0	2290
4982246	-1	-1	0	0	0	0	0
4991250	-1	-1	0	0	0	0	0
5000250	4017520	-1	1642664	3271	0	0	3271
5009247	-1	-1	0	0	0	0	0
5018248	3687600	-1	2353152	5105	0	0	5105
5027246	-1	-1	0	0	0	0	0
5036256	-1	-1	0	0	0	0	0
5042247	-1	-1	0	0	0	0	0
5051246	3834592	-1	2358272	4920	0	0	4920
5058247	-1	-1	0	0	0	0	0
5067247	-1	-1	0	0	0	0	0
5076248	-1	-1	0	0	0	0	0
5085247	3767736	-1	1574912	3344	0	0	3344
5095247	-1	-1	0	0	0	0	0
5103246	-1	-1	0	0	0	0	0
5111246	-1	-1	0	0	0	0	0
5117248	3847416	-1	1941504	4037	0	0	4037
5126247	-1	-1	0	0	0	0	0
5135248	-1	-1	0	0	0	0	0
5141249	4155944	-1	319488	615	0	0	689
5146253	3937344	-1	2147328	4363	0	0	4363
5155252	-1	-1	0	0	0	0	0
5163256	-1	-1	0	0	0	0	0
5170246	-1	-1	0	0	0	0	0
5179252	3908728	-1	2083840	4265	0	0	4265
5187248	-1	-1	0	0	0	0	0
5191250	-1	-1	0	0	0	0	0
5201249	-1	-1	0	0	0	0	0
5210249	3950920	-1	2216960	4489	0	0	4489
5218252	-1	-1	0	0	0	0	0
5227255	-1	-1	0	0	0	0	0
5232246	-1	-1	0	0	0	0	0
5241267	3964848	-1	2136064	4310	0	0	4310
5250252	-1	-1	0	0	0	0	0
5256248	-1	-1	0	0	0	0	0
5264248	3945776	-1	1613824	3272	0	0	3272
5266248	3863400	-1	892928	1849	0	0	1849
5275246	-1	-1	0	0	0	0	0
5284262	-1	-1	0	0	0	0	0
5293246	3705592	-1	286720	619	0	0	624
5298249	3922560	-1	1540096	3141	0	0	3141
5307253	-1	-1	0	0	0	0	0
5315251	-1	-1	0	0	0	0	0
5322252	-1	-1	0	0	0	0	0
5328261	3880544	-1	1669120	3441	0	0	3441
5334253	-1	-1	0	0	0	0	0
5341249	-1	-1	0	0	0	0	0
5347254	-1	-1	0	0	0	0	0
5355251	3908632	-1	1867348	3822	0	0	3822
5363250	-1	-1	0	0	0	0	0
5371250	-1	-1	0	0	0	0	0
5380256	-1	-1	0	0	0	0	0
5385248	3770328	-1	1849344	3924	0	0	3924
5394255	-1	-1	0	0	0	0	0
5402253	-1	-1	0	0	0	0	0
5407250	-1	-1	0	0	0	0	0
5416249	4003256	-1	1745920	3489	0	0	3489
5423246	-1	-1	0	0	0	0	0
5429246	-1	-1	0	0	0	0	0
5436246	-1	-1	0	0	0	0	0
5443253	3958424	-1	1944576	3930	0	0	3930
