428979	8625568	-1	9065472	8408	0	0	15398
473499	7427504	-1	7799808	8401	0	0	8401
478491	5901344	-1	311296	422	0	0	422
479487	11059200	-1	1078272	780	0	0	780
481497	8819736	-1	287744	261	0	0	261
483491	12283048	-1	1269760	827	0	0	957
487496	15364392	-1	894976	466	0	0	466
491494	16378584	-1	2129216	1040	0	0	1040
499489	-1	-1	0	0	0	0	0
508489	6095208	-1	1247232	1637	0	0	1741
517497	8695264	-1	955392	879	0	0	879
526487	6199184	-1	1035264	1336	0	0	1336
532506	9632808	-1	958464	796	0	0	796
541491	5155520	-1	1300480	2018	0	0	2018
549507	13143208	-1	598016	364	0	0	364
558505	-1	-1	0	0	0	0	0
565508	7223320	-1	1504256	1666	0	0	1666
574496	6117744	-1	1431552	1872	0	0	1872
584506	-1	-1	0	0	0	0	0
591491	4577080	-1	862208	1507	0	0	1507
600491	-1	-1	0	0	0	0	0
609505	5718944	-1	340992	477	0	0	477
618488	8309736	-1	1373184	1322	0	0	1452
622495	6977552	-1	970752	1113	0	0	1113
631490	-1	-1	0	0	0	0	0
640489	4217968	-1	1398784	2653	0	0	2653
648488	4406824	-1	326656	593	0	0	593
653503	-1	-1	0	0	0	0	0
662487	-1	-1	0	0	0	0	0
668506	4017440	-1	1152000	2294	0	0	2294
673502	-1	-1	0	0	0	0	0
682492	6599112	-1	1662976	2016	0	0	2016
691493	-1	-1	0	0	0	0	0
700490	6119768	-1	1874944	2451	0	0	2451
709493	-1	-1	0	0	0	0	0
716490	4267704	-1	1756160	3292	0	0	3292
724489	-1	-1	0	0	0	0	0
733490	4073720	-1	655360	1287	0	0	1376
742489	5779032	-1	782336	1083	0	0	1083
745494	-1	-1	0	0	0	0	0
752490	-1	-1	0	0	0	0	0
761487	2913856	-1	1797120	4934	0	0	4934
770494	-1	-1	0	0	0	0	0
779492	4650056	-1	1422336	2447	0	0	2447
788489	-1	-1	0	0	0	0	0
798492	4509240	-1	1396736	2478	0	0	2478
807488	-1	-1	0	0	0	0	0
816487	4052152	-1	899072	1775	0	0	1775
825493	-1	-1	0	0	0	0	0
834493	4605832	-1	679936	1181	0	0	1181
842489	4522264	-1	1195008	2114	0	0	2114
845495	-1	-1	0	0	0	0	0
854493	-1	-1	0	0	0	0	0
863534	4461632	-1	493568	885	0	0	885
873493	4630808	-1	376832	651	0	0	666
878489	-1	-1	74752	25	0	0	-1
887488	-1	-1	0	0	0	0	-1
896492	-1	-1	0	0	0	0	-1
905489	2287592	-1	2962432	10360	0	0	-1
906491	2173552	-1	270336	995	0	0	-1
915490	1456640	-1	925696	5084	0	0	-1
924489	-1	-1	0	0	0	0	-1
955847	443936	-1	1306624	23546	0	0	53555
964803	343848	-1	385024	8958	0	0	8958
972801	405536	-1	393216	7757	0	0	7757
981806	4416968	-1	2008064	3637	0	0	3637
985798	-1	-1	0	0	0	0	0
993832	-1	-1	0	0	0	0	0
1000811	5430728	-1	1695744	2498	0	0	2498
1006810	-1	-1	0	0	0	0	0
1015810	3884672	-1	640000	1318	0	0	1318
1024802	-1	-1	0	0	0	0	0
1033796	4668400	-1	964608	1653	0	0	1653
1042799	-1	-1	0	0	0	0	0
1051809	6398760	-1	990208	1238	0	0	1238
1059808	-1	-1	0	0	0	0	99
1064808	5891744	-1	705536	958	0	0	958
1073808	-1	-1	0	0	0	0	0
1081805	3573824	-1	1079296	2416	0	0	2416
1085808	-1	-1	0	0	0	0	0
1094801	1281768	-1	618772	3862	0	0	3862
1103804	-1	-1	0	0	0	0	0
1112803	1737856	-1	1005568	4629	0	0	4629
1121803	-1	-1	0	0	0	0	0
1129877	1635608	-1	959488	4693	0	0	4693
1133803	-1	-1	55296	626	0	0	626
1142804	1745880	-1	615424	2820	0	0	2820
1151799	-1	-1	0	0	0	0	0
1160803	2562648	-1	557056	1739	0	0	1739
1166800	-1	-1	0	0	0	0	94
1171843	2818472	-1	876544	2488	0	0	2488
1180804	-1	-1	0	0	0	0	0
1189807	1238344	-1	750592	4849	0	0	4849
1198806	565024	-1	328704	4654	0	0	4654
1207806	-1	-1	0	0	0	0	0
1211801	-1	-1	0	0	0	0	0
1220807	553760	-1	401408	5799	0	0	5813
1229798	383984	-1	416768	8683	0	0	8991
1232806	517008	-1	204800	3169	0	0	3169
1241805	251208	-1	286720	9131	0	0	9131
1249805	345184	-1	344064	7974	0	0	7999
1258806	1073688	-1	1175552	8759	0	0	9000
1261802	-1	-1	106496	2946	0	0	2996
1270806	216488	-1	237568	8779	0	0	9004
1272809	-1	-1	65536	2152	0	0	2152
1281798	201336	-1	229376	9114	0	0	9114
1289830	248760	-1	253952	8167	0	0	8167
1298805	216464	-1	237568	8780	0	0	8974
1307806	248488	-1	278528	8967	0	0	9000
1316799	272944	-1	311296	9124	0	0	9124
1325803	203152	-1	227328	8952	0	0	9003
1334805	225600	-1	245760	8715	0	0	9002
1343800	213152	-1	245760	9224	0	0	9224
1352804	230808	-1	262144	9086	0	0	9086
1358801	232440	-1	172032	5921	0	0	5997
1369800	259056	-1	360448	11131	0	0	11131
1382890	317328	-1	521216	13140	0	0	13140
1393804	253312	-1	344064	10866	0	0	10914
1408805	223280	-1	409600	14676	0	0	15000
1428796	236088	-1	598016	20264	0	0	20264
1443798	276744	-1	510976	14771	0	0	15001
1457797	348280	-1	622592	14301	0	0	14301
1470843	342856	-1	548864	12807	0	0	13045
1481798	439288	-1	614400	11189	0	0	11189
1490803	374568	-1	419840	8967	0	0	9005
1499807	814528	-1	892928	8770	0	0	9003
1510801	404872	-1	565248	11169	0	0	11169
1523797	341072	-1	548864	12874	0	0	12996
1541800	243008	-1	551936	18170	0	0	18170
1557800	274640	-1	524288	15272	0	0	15999
1568798	256736	-1	368640	11487	0	0	11487
1586802	359888	-1	811008	18028	0	0	18028
1596801	651848	-1	828416	10167	0	0	10167
1605802	598872	-1	669012	8937	0	0	9001
1614802	1531216	-1	1638400	8560	0	0	9000
1623802	1762792	-1	2031616	9220	0	0	9220
1632803	7881272	-1	3142656	3190	0	0	3190
1636802	-1	-1	0	0	0	0	0
1645801	-1	-1	0	0	0	0	0
1654802	8349536	-1	922624	884	0	0	884
1663801	-1	-1	0	0	0	0	0
1672802	5484040	-1	989184	1443	0	0	1443
1681797	-1	-1	0	0	0	0	0
1690797	2868568	-1	1072128	2990	0	0	2990
1699802	-1	-1	0	0	0	0	0
1708795	6696168	-1	1173504	1402	0	0	1402
1717889	-1	-1	0	0	0	0	0
1726833	6883464	-1	1034240	1202	0	0	1202
1735797	-1	-1	0	0	0	0	0
1742801	4019288	-1	1502208	2990	0	0	2990
1751822	-1	-1	0	0	0	0	0
1760798	-1	-1	0	0	0	0	0
1768800	5744744	-1	1536000	2139	0	0	2139
1771800	-1	-1	0	0	0	0	0
1780796	-1	-1	0	0	0	0	0
1789796	4086880	-1	1146880	2245	0	0	2245
1797800	-1	-1	0	0	0	0	0
1804801	-1	-1	0	0	0	0	0
1813801	4316880	-1	570368	1057	0	0	1214
1817798	5179728	-1	765952	1183	0	0	1183
1826829	-1	-1	0	0	0	0	0
1835913	4059752	-1	917504	1808	0	0	1808
1844800	-1	-1	0	0	0	0	0
1853799	3705136	-1	820224	1771	0	0	1771
1862800	-1	-1	0	0	0	0	0
1871800	-1	-1	0	0	0	0	0
1873797	-1	-1	0	0	0	0	0
1882799	4605376	-1	1573888	2734	0	0	2734
1891796	-1	-1	0	0	0	0	0
1899800	-1	-1	0	0	0	0	0
1908800	-1	-1	0	0	0	0	0
1916799	1278904	-1	794360	4969	0	0	5280
1924799	847512	-1	447488	4224	0	0	4224
1933799	612976	-1	385024	5025	0	0	5134
1937798	316528	-1	154624	3908	0	0	3908
1946799	363584	-1	408576	8990	0	0	8990
1955796	337976	-1	334848	7926	0	0	7926
1958799	407944	-1	163840	3213	0	0	3213
1967824	325944	-1	353280	8671	0	0	8671
1975858	301208	-1	311296	8268	0	0	8268
1985799	306664	-1	374784	9777	0	0	9777
1994798	326192	-1	376832	9242	0	0	9242
2003799	240784	-1	270336	8982	0	0	9001
2005798	-1	-1	45056	1910	0	0	1999
2014798	293392	-1	327680	8935	0	0	8999
2020797	340888	-1	262144	6152	0	0	6152
2029797	299648	-1	335872	8967	0	0	9000
2038798	300984	-1	338944	9009	0	0	9009
2042797	-1	-1	131072	4027	0	0	4027
2051798	292864	-1	327680	8951	0	0	9000
2060796	321400	-1	360448	8972	0	0	8998
2069797	340112	-1	368640	8671	0	0	9001
2078797	253808	-1	295936	9328	0	0	9328
2082874	336536	-1	155648	3700	0	0	4076
2091810	314800	-1	360448	9160	0	0	9160
2100806	317928	-1	360448	9070	0	0	9070
2109797	266552	-1	303104	9097	0	0	9097
2118796	371952	-1	417792	8986	0	0	8999
2124826	755848	-1	563200	5961	0	0	6029
2133796	446632	-1	491520	8804	0	0	8970
2143813	309880	-1	385024	9940	0	0	10017
2147796	332832	-1	172032	4135	0	0	4135
2156796	268088	-1	303104	9045	0	0	9045
2170796	224376	-1	393216	14020	0	0	14020
2179799	215776	-1	237568	8808	0	0	9002
2197806	235872	-1	524288	17782	0	0	18007
2213796	304032	-1	606208	15951	0	0	15989
